<number of nodes>
16

<ratio of available edges>
0.3

<max length of the drone flight>
100000 

<D 2/3>
1, 2, 3, 4, 5, 6, 7, 11, 12, 13, 15

<V>
2, 5, 6, 13, 15

<coordinates X,Y>
963.2878831375115, 123.30510433177311
316.74580761130306, 904.9569601210228
763.7891180833922, 953.9439272572314
358.12235190500115, 291.0392944213934
715.3983395111097, 894.7334826135781
684.9984983299522, 484.9667718916847
193.2004717104096, 118.92022561060749
570.3567024692529, 630.2291400849635
206.11088999361453, 113.44256585990418
216.569901615835, 807.9359696856172
415.2386492161584, 110.1521162319157
291.39646577433444, 696.0727819003923
249.95972564194, 30.146946922883746
463.55166396769783, 442.1917540706823
203.57319062620346, 594.1951767549499
160.54083418591793, 117.87477343051506

<adjacency matrix with truck distances>
1, 2, 1015.0,1429.0,-1
2, 1, 1015.0,1429.0,-1
1, 3, 855.0,1031.0,-1
3, 1, 855.0,1031.0,-1
1, 4, 628.0,773.0,-1
4, 1, 628.0,773.0,-1
1, 5, 811.0,1020.0,1
5, 1, 811.0,1020.0,1
1, 6, 457.0,640.0,-1
6, 1, 457.0,640.0,-1
1, 7, 771.0,775.0,-1
7, 1, 771.0,775.0,-1
1, 8, 642.0,900.0,-1
8, 1, 642.0,900.0,-1
1, 9, 758.0,768.0,-1
9, 1, 758.0,768.0,-1
1, 10, 1014.0,1432.0,1
10, 1, 1014.0,1432.0,1
1, 11, 549.0,562.0,-1
11, 1, 549.0,562.0,-1
1, 12, 883.0,1245.0,-1
12, 1, 883.0,1245.0,-1
1, 13, 720.0,807.0,-1
13, 1, 720.0,807.0,-1
1, 14, 593.0,819.0,-1
14, 1, 593.0,819.0,-1
1, 15, 894.0,1231.0,-1
15, 1, 894.0,1231.0,-1
1, 16, 803.0,809.0,-1
16, 1, 803.0,809.0,-1
1, 1, 0.0,0.0,1
2, 3, 450.0,497.0,-1
3, 2, 450.0,497.0,-1
2, 4, 616.0,656.0,-1
4, 2, 616.0,656.0,-1
2, 5, 399.0,409.0,1
5, 2, 399.0,409.0,1
2, 6, 559.0,789.0,-1
6, 2, 559.0,789.0,-1
2, 7, 796.0,910.0,1
7, 2, 796.0,910.0,1
2, 8, 374.0,529.0,1
8, 2, 374.0,529.0,1
2, 9, 800.0,903.0,1
9, 2, 800.0,903.0,1
2, 10, 140.0,198.0,1
10, 2, 140.0,198.0,1
2, 11, 801.0,894.0,-1
11, 2, 801.0,894.0,-1
2, 12, 211.0,235.0,-1
12, 2, 211.0,235.0,-1
2, 13, 878.0,942.0,-1
13, 2, 878.0,942.0,-1
2, 14, 486.0,610.0,-1
14, 2, 486.0,610.0,-1
2, 15, 331.0,424.0,-1
15, 2, 331.0,424.0,-1
2, 16, 803.0,944.0,-1
16, 2, 803.0,944.0,-1
2, 2, 0.0,0.0,1
3, 4, 778.0,1069.0,1
4, 3, 778.0,1069.0,1
3, 5, 77.0,108.0,-1
5, 3, 77.0,108.0,-1
3, 6, 476.0,548.0,-1
6, 3, 476.0,548.0,-1
3, 7, 1012.0,1406.0,1
7, 3, 1012.0,1406.0,1
3, 8, 378.0,518.0,-1
8, 3, 378.0,518.0,-1
3, 9, 1009.0,1399.0,-1
9, 3, 1009.0,1399.0,-1
3, 10, 567.0,694.0,-1
10, 3, 567.0,694.0,-1
3, 11, 913.0,1193.0,-1
11, 3, 913.0,1193.0,-1
3, 12, 539.0,731.0,1
12, 3, 539.0,731.0,1
3, 13, 1058.0,1438.0,-1
13, 3, 1058.0,1438.0,-1
3, 14, 594.0,812.0,1
14, 3, 594.0,812.0,1
3, 15, 666.0,920.0,1
15, 3, 666.0,920.0,1
3, 16, 1031.0,1440.0,-1
16, 3, 1031.0,1440.0,-1
3, 3, 0.0,0.0,1
4, 5, 702.0,961.0,1
5, 4, 702.0,961.0,1
4, 6, 381.0,521.0,-1
6, 4, 381.0,521.0,-1
4, 7, 239.0,338.0,-1
7, 4, 239.0,338.0,-1
4, 8, 401.0,552.0,-1
8, 4, 401.0,552.0,-1
4, 9, 234.0,330.0,-1
9, 4, 234.0,330.0,-1
4, 10, 536.0,659.0,-1
10, 4, 536.0,659.0,-1
4, 11, 190.0,239.0,-1
11, 4, 190.0,239.0,-1
4, 12, 411.0,472.0,1
12, 4, 411.0,472.0,1
4, 13, 283.0,370.0,-1
13, 4, 283.0,370.0,-1
4, 14, 185.0,257.0,-1
14, 4, 185.0,257.0,-1
4, 15, 341.0,458.0,-1
15, 4, 341.0,458.0,-1
4, 16, 263.0,371.0,-1
16, 4, 263.0,371.0,-1
4, 4, 0.0,0.0,1
5, 6, 411.0,441.0,-1
6, 5, 411.0,441.0,-1
5, 7, 936.0,1299.0,-1
7, 5, 936.0,1299.0,-1
5, 8, 302.0,410.0,-1
8, 5, 302.0,410.0,-1
5, 9, 933.0,1291.0,-1
9, 5, 933.0,1291.0,-1
5, 10, 507.0,586.0,-1
10, 5, 507.0,586.0,-1
5, 11, 841.0,1085.0,-1
11, 5, 841.0,1085.0,-1
5, 12, 469.0,623.0,-1
12, 5, 469.0,623.0,-1
5, 13, 982.0,1331.0,1
13, 5, 982.0,1331.0,1
5, 14, 518.0,705.0,-1
14, 5, 518.0,705.0,-1
5, 15, 594.0,813.0,-1
15, 5, 594.0,813.0,-1
5, 16, 955.0,1332.0,-1
16, 5, 955.0,1332.0,-1
5, 5, 0.0,0.0,1
6, 7, 614.0,858.0,1
7, 6, 614.0,858.0,1
6, 8, 186.0,260.0,-1
8, 6, 186.0,260.0,-1
6, 9, 607.0,851.0,-1
9, 6, 607.0,851.0,-1
6, 10, 569.0,792.0,1
10, 6, 569.0,792.0,1
6, 11, 462.0,645.0,1
11, 6, 462.0,645.0,1
6, 12, 447.0,605.0,-1
12, 6, 447.0,605.0,-1
6, 13, 630.0,890.0,1
13, 6, 630.0,890.0,1
6, 14, 226.0,265.0,1
14, 6, 226.0,265.0,1
6, 15, 494.0,591.0,1
15, 6, 494.0,591.0,1
6, 16, 641.0,892.0,-1
16, 6, 641.0,892.0,-1
6, 6, 0.0,0.0,1
7, 8, 636.0,889.0,-1
8, 7, 636.0,889.0,-1
7, 9, 15.0,19.0,-1
9, 7, 15.0,19.0,-1
7, 10, 690.0,713.0,-1
10, 7, 690.0,713.0,-1
7, 11, 223.0,231.0,-1
11, 7, 223.0,231.0,-1
7, 12, 586.0,676.0,-1
12, 7, 586.0,676.0,-1
7, 13, 106.0,146.0,-1
13, 7, 106.0,146.0,-1
7, 14, 422.0,594.0,-1
14, 7, 422.0,594.0,-1
7, 15, 476.0,486.0,-1
15, 7, 476.0,486.0,-1
7, 16, 33.0,34.0,1
16, 7, 33.0,34.0,1
7, 7, 0.0,0.0,1
8, 9, 633.0,882.0,1
9, 8, 633.0,882.0,1
8, 10, 396.0,532.0,-1
10, 8, 396.0,532.0,-1
8, 11, 543.0,676.0,1
11, 8, 543.0,676.0,1
8, 12, 287.0,345.0,-1
12, 8, 287.0,345.0,-1
8, 13, 681.0,921.0,-1
13, 8, 681.0,921.0,-1
8, 14, 217.0,295.0,-1
14, 8, 217.0,295.0,-1
8, 15, 369.0,403.0,1
15, 8, 369.0,403.0,1
8, 16, 657.0,923.0,-1
16, 8, 657.0,923.0,-1
8, 8, 0.0,0.0,1
9, 10, 695.0,705.0,-1
10, 9, 695.0,705.0,-1
9, 11, 210.0,213.0,-1
11, 9, 210.0,213.0,-1
9, 12, 589.0,668.0,-1
12, 9, 589.0,668.0,-1
9, 13, 95.0,128.0,1
13, 9, 95.0,128.0,1
9, 14, 418.0,587.0,-1
14, 9, 418.0,587.0,-1
9, 15, 481.0,484.0,1
15, 9, 481.0,484.0,1
9, 16, 46.0,51.0,1
16, 9, 46.0,51.0,1
9, 9, 0.0,0.0,1
10, 11, 726.0,897.0,1
11, 10, 726.0,897.0,1
10, 12, 135.0,187.0,-1
12, 10, 135.0,187.0,-1
10, 13, 779.0,812.0,1
13, 10, 779.0,812.0,1
10, 14, 442.0,613.0,-1
14, 10, 442.0,613.0,-1
10, 15, 215.0,227.0,-1
15, 10, 215.0,227.0,-1
10, 16, 693.0,747.0,-1
16, 10, 693.0,747.0,-1
10, 10, 0.0,0.0,1
11, 12, 599.0,710.0,1
12, 11, 599.0,710.0,1
11, 13, 184.0,246.0,-1
13, 11, 184.0,246.0,-1
11, 14, 336.0,381.0,-1
14, 11, 336.0,381.0,-1
11, 15, 529.0,696.0,1
15, 11, 529.0,696.0,1
11, 16, 255.0,263.0,1
16, 11, 255.0,263.0,1
11, 11, 0.0,0.0,1
12, 13, 668.0,708.0,1
13, 12, 668.0,708.0,1
12, 14, 307.0,427.0,-1
14, 12, 307.0,427.0,-1
12, 15, 135.0,190.0,-1
15, 12, 135.0,190.0,-1
12, 16, 593.0,710.0,-1
16, 12, 593.0,710.0,-1
12, 12, 0.0,0.0,1
13, 14, 465.0,626.0,1
14, 13, 465.0,626.0,1
13, 15, 566.0,611.0,1
15, 13, 566.0,611.0,1
13, 16, 126.0,178.0,-1
16, 13, 126.0,178.0,-1
13, 13, 0.0,0.0,1
14, 15, 302.0,412.0,-1
15, 14, 302.0,412.0,-1
14, 16, 444.0,628.0,-1
16, 14, 444.0,628.0,-1
14, 14, 0.0,0.0,1
15, 16, 479.0,520.0,-1
16, 15, 479.0,520.0,-1
15, 15, 0.0,0.0,1
16, 16, 0.0,0.0,1


<end>