<number of nodes>
16

<ratio of available edges>
0.3

<max length of the drone flight>
100000 

<D 2/3>
1, 2, 3, 4, 5, 6, 9, 11, 12, 13, 16

<V>
4, 5, 6, 9, 11

<coordinates X,Y>
194.9752783603244, 804.6261849899028
784.0937126398568, 205.2278415921735
728.1972754654636, 229.06646322294836
544.4670608501522, 821.7334319073904
460.7487564845034, 135.1842354575553
412.237547189039, 947.3453294642463
337.6070214030206, 155.26787272808244
209.5723318859059, 465.55060599383734
439.39812976933786, 522.1249748427742
582.4853136686805, 50.36903479924462
670.2087461400896, 156.94845219377933
230.451387291736, 941.9343053792343
79.70341011377985, 306.74265833495946
694.6896235728544, 574.3254788566377
91.58137293447348, 262.8341508239761
777.8527137823578, 272.0593089661178

<adjacency matrix with truck distances>
1, 2, 841.0,1189.0,1
2, 1, 841.0,1189.0,1
1, 3, 785.0,1109.0,-1
3, 1, 785.0,1109.0,-1
1, 4, 350.0,367.0,-1
4, 1, 350.0,367.0,-1
1, 5, 721.0,936.0,1
5, 1, 721.0,936.0,1
1, 6, 260.0,360.0,1
6, 1, 260.0,360.0,1
1, 7, 665.0,792.0,-1
7, 1, 665.0,792.0,-1
1, 8, 340.0,354.0,-1
8, 1, 340.0,354.0,-1
1, 9, 374.0,527.0,-1
9, 1, 374.0,527.0,-1
1, 10, 848.0,1142.0,1
10, 1, 848.0,1142.0,1
1, 11, 804.0,1123.0,-1
11, 1, 804.0,1123.0,-1
1, 12, 142.0,173.0,1
12, 1, 142.0,173.0,1
1, 13, 512.0,614.0,-1
13, 1, 512.0,614.0,-1
1, 14, 551.0,731.0,-1
14, 1, 551.0,731.0,-1
1, 15, 552.0,646.0,-1
15, 1, 552.0,646.0,-1
1, 16, 790.0,1116.0,-1
16, 1, 790.0,1116.0,-1
1, 1, 0.0,0.0,1
2, 3, 61.0,80.0,-1
3, 2, 61.0,80.0,-1
2, 4, 662.0,857.0,-1
4, 2, 662.0,857.0,-1
2, 5, 331.0,394.0,-1
5, 2, 331.0,394.0,-1
2, 6, 831.0,1114.0,-1
6, 2, 831.0,1114.0,-1
2, 7, 450.0,497.0,1
7, 2, 450.0,497.0,1
2, 8, 631.0,835.0,-1
8, 2, 631.0,835.0,-1
2, 9, 469.0,662.0,-1
9, 2, 469.0,662.0,-1
2, 10, 255.0,357.0,-1
10, 2, 255.0,357.0,-1
2, 11, 124.0,163.0,-1
11, 2, 124.0,163.0,-1
2, 12, 922.0,1291.0,-1
12, 2, 922.0,1291.0,-1
2, 13, 712.0,806.0,1
13, 2, 712.0,806.0,1
2, 14, 380.0,459.0,-1
14, 2, 380.0,459.0,-1
2, 15, 695.0,751.0,-1
15, 2, 695.0,751.0,-1
2, 16, 68.0,74.0,-1
16, 2, 68.0,74.0,-1
2, 2, 0.0,0.0,1
3, 4, 621.0,777.0,1
4, 3, 621.0,777.0,1
3, 5, 284.0,362.0,-1
5, 3, 284.0,362.0,-1
3, 6, 785.0,1035.0,1
6, 3, 785.0,1035.0,1
3, 7, 398.0,465.0,1
7, 3, 398.0,465.0,1
3, 8, 570.0,756.0,-1
8, 3, 570.0,756.0,-1
3, 9, 412.0,582.0,-1
9, 3, 412.0,582.0,-1
3, 10, 231.0,325.0,-1
10, 3, 231.0,325.0,-1
3, 11, 93.0,131.0,-1
11, 3, 93.0,131.0,-1
3, 12, 870.0,1211.0,-1
12, 3, 870.0,1211.0,-1
3, 13, 654.0,727.0,-1
13, 3, 654.0,727.0,-1
3, 14, 347.0,379.0,-1
14, 3, 347.0,379.0,-1
3, 15, 638.0,671.0,-1
15, 3, 638.0,671.0,-1
3, 16, 66.0,93.0,-1
16, 3, 66.0,93.0,-1
3, 3, 0.0,0.0,1
4, 5, 692.0,771.0,-1
5, 4, 692.0,771.0,-1
4, 6, 183.0,258.0,1
6, 4, 183.0,258.0,1
4, 7, 698.0,874.0,-1
7, 4, 698.0,874.0,-1
4, 8, 489.0,692.0,-1
8, 4, 489.0,692.0,-1
4, 9, 318.0,405.0,-1
9, 4, 318.0,405.0,-1
4, 10, 773.0,810.0,1
10, 4, 773.0,810.0,1
4, 11, 677.0,791.0,-1
11, 4, 677.0,791.0,-1
4, 12, 337.0,435.0,-1
12, 4, 337.0,435.0,-1
4, 13, 694.0,980.0,1
13, 4, 694.0,980.0,1
4, 14, 290.0,398.0,-1
14, 4, 290.0,398.0,-1
4, 15, 720.0,1012.0,-1
15, 4, 720.0,1012.0,-1
4, 16, 598.0,784.0,-1
16, 4, 598.0,784.0,-1
4, 4, 0.0,0.0,1
5, 6, 814.0,861.0,-1
6, 5, 814.0,861.0,-1
5, 7, 125.0,144.0,-1
7, 5, 125.0,144.0,-1
5, 8, 416.0,582.0,-1
8, 5, 416.0,582.0,-1
5, 9, 388.0,409.0,-1
9, 5, 388.0,409.0,-1
5, 10, 149.0,207.0,-1
10, 5, 149.0,207.0,-1
5, 11, 211.0,232.0,-1
11, 5, 211.0,232.0,-1
5, 12, 839.0,1038.0,1
12, 5, 839.0,1038.0,1
5, 13, 418.0,553.0,1
13, 5, 418.0,553.0,1
5, 14, 498.0,674.0,-1
14, 5, 498.0,674.0,-1
5, 15, 391.0,497.0,-1
15, 5, 391.0,497.0,-1
5, 16, 346.0,454.0,-1
16, 5, 346.0,454.0,-1
5, 5, 0.0,0.0,1
6, 7, 796.0,867.0,1
7, 6, 796.0,867.0,1
6, 8, 523.0,685.0,-1
8, 6, 523.0,685.0,-1
6, 9, 427.0,453.0,-1
9, 6, 427.0,453.0,-1
6, 10, 913.0,1068.0,-1
10, 6, 913.0,1068.0,-1
6, 11, 832.0,1049.0,-1
11, 6, 832.0,1049.0,-1
6, 12, 182.0,188.0,1
12, 6, 182.0,188.0,1
6, 13, 722.0,974.0,-1
13, 6, 722.0,974.0,-1
6, 14, 468.0,656.0,-1
14, 6, 468.0,656.0,-1
6, 15, 756.0,1006.0,1
15, 6, 756.0,1006.0,1
6, 16, 768.0,1041.0,-1
16, 6, 768.0,1041.0,-1
6, 6, 0.0,0.0,1
7, 8, 336.0,439.0,-1
8, 7, 336.0,439.0,-1
7, 9, 381.0,469.0,1
9, 7, 381.0,469.0,1
7, 10, 267.0,350.0,-1
10, 7, 267.0,350.0,-1
7, 11, 333.0,335.0,1
11, 7, 333.0,335.0,1
7, 12, 794.0,894.0,-1
12, 7, 794.0,894.0,-1
7, 13, 300.0,410.0,-1
13, 7, 300.0,410.0,-1
7, 14, 551.0,777.0,-1
14, 7, 551.0,777.0,-1
7, 15, 269.0,354.0,-1
15, 7, 269.0,354.0,-1
7, 16, 456.0,558.0,1
16, 7, 456.0,558.0,1
7, 7, 0.0,0.0,1
8, 9, 237.0,287.0,-1
9, 8, 237.0,287.0,-1
8, 10, 559.0,789.0,-1
10, 8, 559.0,789.0,-1
8, 11, 555.0,770.0,1
11, 8, 555.0,770.0,1
8, 12, 477.0,498.0,-1
12, 8, 477.0,498.0,-1
8, 13, 206.0,289.0,1
13, 8, 206.0,289.0,1
8, 14, 498.0,594.0,-1
14, 8, 498.0,594.0,-1
8, 15, 235.0,321.0,-1
15, 8, 235.0,321.0,-1
8, 16, 601.0,762.0,-1
16, 8, 601.0,762.0,-1
8, 8, 0.0,0.0,1
9, 10, 493.0,615.0,-1
10, 9, 493.0,615.0,-1
9, 11, 433.0,596.0,-1
11, 9, 433.0,596.0,-1
9, 12, 469.0,629.0,1
12, 9, 469.0,629.0,1
9, 13, 420.0,576.0,1
13, 9, 420.0,576.0,1
9, 14, 261.0,308.0,1
14, 9, 261.0,308.0,1
9, 15, 434.0,608.0,1
15, 9, 434.0,608.0,1
9, 16, 421.0,589.0,-1
16, 9, 421.0,589.0,-1
9, 9, 0.0,0.0,1
10, 11, 139.0,195.0,1
11, 10, 139.0,195.0,1
10, 12, 959.0,1244.0,-1
12, 10, 959.0,1244.0,-1
10, 13, 565.0,760.0,1
13, 10, 565.0,760.0,1
10, 14, 536.0,637.0,1
14, 10, 536.0,637.0,1
10, 15, 535.0,704.0,-1
15, 10, 535.0,704.0,-1
10, 16, 296.0,418.0,1
16, 10, 296.0,418.0,1
10, 10, 0.0,0.0,1
11, 12, 900.0,1225.0,1
12, 11, 900.0,1225.0,1
11, 13, 610.0,741.0,-1
13, 11, 610.0,741.0,-1
11, 14, 419.0,442.0,1
14, 11, 419.0,442.0,1
11, 15, 589.0,685.0,-1
15, 11, 589.0,685.0,-1
11, 16, 158.0,223.0,-1
16, 11, 158.0,223.0,-1
11, 11, 0.0,0.0,1
12, 13, 653.0,786.0,-1
13, 12, 653.0,786.0,-1
12, 14, 593.0,832.0,-1
14, 12, 593.0,832.0,-1
12, 15, 694.0,818.0,1
15, 12, 694.0,818.0,1
12, 16, 866.0,1218.0,-1
16, 12, 866.0,1218.0,-1
12, 12, 0.0,0.0,1
13, 14, 671.0,883.0,1
14, 13, 671.0,883.0,1
13, 15, 46.0,56.0,1
15, 13, 46.0,56.0,1
13, 16, 700.0,733.0,-1
16, 13, 700.0,733.0,-1
13, 13, 0.0,0.0,1
14, 15, 679.0,915.0,-1
15, 14, 679.0,915.0,-1
14, 16, 314.0,386.0,-1
16, 14, 314.0,386.0,-1
14, 14, 0.0,0.0,1
15, 16, 687.0,696.0,-1
16, 15, 687.0,696.0,-1
15, 15, 0.0,0.0,1
16, 16, 0.0,0.0,1


<end>