<number of nodes>
16

<ratio of available edges>
0.3

<max length of the drone flight>
100000 

<D 2/3>
1, 2, 4, 6, 7, 8, 10, 11, 12, 14, 15

<V>
4, 8, 11, 12, 15

<coordinates X,Y>
917.6598956591329, 168.4373582118169
155.55185039425214, 125.80923391502883
136.370331183907, 669.4940279635688
72.88959734471877, 505.9576916661129
208.82380224785936, 57.33457418955272
107.36149957183214, 67.25309804497134
391.44452030005925, 250.7121607257544
868.8959740001325, 317.1189651955613
901.1578206736972, 632.9202199750628
37.82958194652817, 964.3524054053092
221.88916025113625, 105.5425289238404
46.57931479697652, 375.6157787089262
389.9185142261245, 97.12651152966514
476.6338876318181, 763.9512687987007
376.7847242047233, 243.00799622601457
299.02324917681125, 418.40263433853346

<adjacency matrix with truck distances>
1, 2, 764.0,805.0,-1
2, 1, 764.0,805.0,-1
1, 3, 929.0,1283.0,-1
3, 1, 929.0,1283.0,-1
1, 4, 910.0,1183.0,-1
4, 1, 910.0,1183.0,-1
1, 5, 718.0,820.0,-1
5, 1, 718.0,820.0,-1
1, 6, 817.0,912.0,-1
6, 1, 817.0,912.0,-1
1, 7, 533.0,609.0,-1
7, 1, 533.0,609.0,-1
1, 8, 157.0,198.0,1
8, 1, 157.0,198.0,1
1, 9, 465.0,481.0,-1
9, 1, 465.0,481.0,-1
1, 10, 1187.0,1676.0,-1
10, 1, 1187.0,1676.0,-1
1, 11, 699.0,759.0,1
11, 1, 699.0,759.0,1
1, 12, 896.0,1079.0,-1
12, 1, 896.0,1079.0,-1
1, 13, 533.0,600.0,1
13, 1, 533.0,600.0,1
1, 14, 742.0,1037.0,1
14, 1, 742.0,1037.0,1
1, 15, 546.0,616.0,-1
15, 1, 546.0,616.0,-1
1, 16, 668.0,869.0,-1
16, 1, 668.0,869.0,-1
1, 1, 0.0,0.0,1
2, 3, 545.0,563.0,1
3, 2, 545.0,563.0,1
2, 4, 390.0,463.0,-1
4, 2, 390.0,463.0,-1
2, 5, 87.0,122.0,-1
5, 2, 87.0,122.0,-1
2, 6, 76.0,107.0,1
6, 2, 76.0,107.0,1
2, 7, 267.0,361.0,-1
7, 2, 267.0,361.0,-1
2, 8, 739.0,905.0,-1
8, 2, 739.0,905.0,-1
2, 9, 902.0,1253.0,1
9, 2, 902.0,1253.0,1
2, 10, 847.0,957.0,-1
10, 2, 847.0,957.0,-1
2, 11, 70.0,87.0,-1
11, 2, 70.0,87.0,-1
2, 12, 273.0,359.0,-1
12, 2, 273.0,359.0,-1
2, 13, 237.0,264.0,-1
13, 2, 237.0,264.0,-1
2, 14, 715.0,960.0,-1
14, 2, 715.0,960.0,-1
2, 15, 251.0,339.0,-1
15, 2, 251.0,339.0,-1
2, 16, 326.0,437.0,-1
16, 2, 326.0,437.0,-1
2, 2, 0.0,0.0,1
3, 4, 176.0,228.0,-1
4, 3, 176.0,228.0,-1
3, 5, 617.0,685.0,-1
5, 3, 617.0,685.0,-1
3, 6, 603.0,632.0,-1
6, 3, 603.0,632.0,-1
3, 7, 491.0,674.0,-1
7, 3, 491.0,674.0,-1
3, 8, 813.0,1085.0,-1
8, 3, 813.0,1085.0,-1
3, 9, 766.0,802.0,-1
9, 3, 766.0,802.0,-1
3, 10, 311.0,394.0,1
10, 3, 311.0,394.0,1
3, 11, 571.0,650.0,-1
11, 3, 571.0,650.0,-1
3, 12, 308.0,384.0,-1
12, 3, 308.0,384.0,-1
3, 13, 627.0,826.0,-1
13, 3, 627.0,826.0,-1
3, 14, 354.0,435.0,-1
14, 3, 354.0,435.0,-1
3, 15, 490.0,667.0,-1
15, 3, 490.0,667.0,-1
3, 16, 300.0,414.0,-1
16, 3, 300.0,414.0,-1
3, 3, 0.0,0.0,1
4, 5, 469.0,585.0,-1
5, 4, 469.0,585.0,-1
4, 6, 441.0,474.0,1
6, 4, 441.0,474.0,1
4, 7, 409.0,574.0,-1
7, 4, 409.0,574.0,-1
4, 8, 819.0,985.0,1
8, 4, 819.0,985.0,1
4, 9, 838.0,956.0,1
9, 4, 838.0,956.0,1
4, 10, 460.0,494.0,1
10, 4, 460.0,494.0,1
4, 11, 428.0,550.0,-1
11, 4, 428.0,550.0,-1
4, 12, 133.0,157.0,1
12, 4, 133.0,157.0,1
4, 13, 518.0,726.0,-1
13, 4, 518.0,726.0,-1
4, 14, 480.0,662.0,-1
14, 4, 480.0,662.0,-1
4, 15, 402.0,567.0,1
15, 4, 402.0,567.0,1
4, 16, 243.0,314.0,-1
16, 4, 243.0,314.0,-1
4, 4, 0.0,0.0,1
5, 6, 102.0,112.0,-1
6, 5, 102.0,112.0,-1
5, 7, 266.0,376.0,-1
7, 5, 266.0,376.0,-1
5, 8, 710.0,920.0,1
8, 5, 710.0,920.0,1
5, 9, 901.0,1268.0,-1
9, 5, 901.0,1268.0,-1
5, 10, 923.0,1079.0,-1
10, 5, 923.0,1079.0,-1
5, 11, 50.0,62.0,-1
11, 5, 50.0,62.0,-1
5, 12, 358.0,481.0,1
12, 5, 358.0,481.0,1
5, 13, 186.0,221.0,-1
13, 5, 186.0,221.0,-1
5, 14, 756.0,975.0,-1
14, 5, 756.0,975.0,-1
5, 15, 251.0,354.0,-1
15, 5, 251.0,354.0,-1
5, 16, 373.0,452.0,-1
16, 5, 373.0,452.0,-1
5, 5, 0.0,0.0,1
6, 7, 339.0,468.0,1
7, 6, 339.0,468.0,1
6, 8, 802.0,1012.0,-1
8, 6, 802.0,1012.0,-1
6, 9, 975.0,1360.0,-1
9, 6, 975.0,1360.0,-1
6, 10, 900.0,967.0,1
10, 6, 900.0,967.0,1
6, 11, 121.0,153.0,-1
11, 6, 121.0,153.0,-1
6, 12, 315.0,370.0,1
12, 6, 315.0,370.0,1
6, 13, 285.0,313.0,1
13, 6, 285.0,313.0,1
6, 14, 789.0,1066.0,-1
14, 6, 789.0,1066.0,-1
6, 15, 322.0,446.0,-1
15, 6, 322.0,446.0,-1
6, 16, 401.0,543.0,1
16, 6, 401.0,543.0,1
6, 6, 0.0,0.0,1
7, 8, 483.0,544.0,1
8, 7, 483.0,544.0,1
7, 9, 638.0,892.0,1
9, 7, 638.0,892.0,1
7, 10, 797.0,1068.0,-1
10, 7, 797.0,1068.0,-1
7, 11, 224.0,315.0,1
11, 7, 224.0,315.0,1
7, 12, 367.0,470.0,-1
12, 7, 367.0,470.0,-1
7, 13, 154.0,156.0,-1
13, 7, 154.0,156.0,-1
7, 14, 521.0,599.0,1
14, 7, 521.0,599.0,1
7, 15, 17.0,23.0,-1
15, 7, 17.0,23.0,-1
7, 16, 192.0,261.0,-1
16, 7, 192.0,261.0,-1
7, 7, 0.0,0.0,1
8, 9, 318.0,349.0,-1
9, 8, 318.0,349.0,-1
8, 10, 1054.0,1479.0,1
10, 8, 1054.0,1479.0,1
8, 11, 681.0,859.0,-1
11, 8, 681.0,859.0,-1
8, 12, 825.0,881.0,-1
12, 8, 825.0,881.0,-1
8, 13, 528.0,699.0,-1
13, 8, 528.0,699.0,-1
8, 14, 595.0,840.0,1
14, 8, 595.0,840.0,1
8, 15, 498.0,567.0,-1
15, 8, 498.0,567.0,-1
8, 16, 579.0,672.0,-1
16, 8, 579.0,672.0,-1
8, 8, 0.0,0.0,1
9, 10, 925.0,1195.0,-1
10, 9, 925.0,1195.0,-1
9, 11, 860.0,1207.0,-1
11, 9, 860.0,1207.0,-1
9, 12, 893.0,1112.0,1
12, 9, 893.0,1112.0,1
9, 13, 741.0,1048.0,1
13, 9, 741.0,1048.0,1
9, 14, 445.0,556.0,-1
14, 9, 445.0,556.0,-1
9, 15, 654.0,915.0,-1
15, 9, 654.0,915.0,-1
9, 16, 640.0,817.0,-1
16, 9, 640.0,817.0,-1
9, 9, 0.0,0.0,1
10, 11, 879.0,1043.0,1
11, 10, 879.0,1043.0,1
10, 12, 589.0,598.0,-1
12, 10, 589.0,598.0,-1
10, 13, 936.0,1220.0,-1
13, 10, 936.0,1220.0,-1
10, 14, 483.0,640.0,-1
14, 10, 483.0,640.0,-1
10, 15, 798.0,1061.0,-1
15, 10, 798.0,1061.0,-1
10, 16, 606.0,808.0,-1
16, 10, 606.0,808.0,-1
10, 10, 0.0,0.0,1
11, 12, 322.0,446.0,1
12, 11, 322.0,446.0,1
11, 13, 169.0,177.0,-1
13, 11, 169.0,177.0,-1
11, 14, 706.0,914.0,-1
14, 11, 706.0,914.0,-1
11, 15, 208.0,293.0,1
15, 11, 208.0,293.0,1
11, 16, 323.0,390.0,-1
16, 11, 323.0,390.0,-1
11, 11, 0.0,0.0,1
12, 13, 443.0,622.0,-1
13, 12, 443.0,622.0,-1
12, 14, 580.0,819.0,-1
14, 12, 580.0,819.0,-1
12, 15, 356.0,463.0,-1
15, 12, 356.0,463.0,-1
12, 16, 257.0,296.0,-1
16, 12, 257.0,296.0,-1
12, 12, 0.0,0.0,1
13, 14, 673.0,754.0,1
14, 13, 673.0,754.0,1
13, 15, 147.0,160.0,-1
15, 13, 147.0,160.0,-1
13, 16, 334.0,413.0,1
16, 13, 334.0,413.0,1
13, 13, 0.0,0.0,1
14, 15, 531.0,621.0,1
15, 14, 531.0,621.0,1
14, 16, 389.0,524.0,-1
16, 14, 389.0,524.0,-1
14, 14, 0.0,0.0,1
15, 16, 192.0,254.0,1
16, 15, 192.0,254.0,1
15, 15, 0.0,0.0,1
16, 16, 0.0,0.0,1


<end>