<number of nodes>
16

<ratio of available edges>
0.3

<max length of the drone flight>
100000 

<D 2/3>
1, 2, 4, 5, 7, 8, 11, 12, 13, 15, 16

<V>
2, 7, 8, 11, 15

<coordinates X,Y>
761.5244448431101, 614.8387906769672
950.6931873635276, 914.0955085504097
594.3655300888094, 584.1233874966084
771.1988170075799, 209.1783697505098
572.0727063630014, 485.606605999965
210.1356350724806, 273.0828135470317
477.34548940742536, 583.5514112850177
137.20578795777908, 742.9613264916328
571.2814849531904, 689.9137066422398
847.5906816365334, 461.4154178468088
507.75033166030425, 194.60881649217424
128.51438519577323, 931.3305689415072
169.78123036979946, 363.2389699714559
588.0108306020569, 75.4109620592096
977.4467380450689, 731.3898391989875
367.5533220172303, 517.5423614890124

<adjacency matrix with truck distances>
1, 2, 355.0,489.0,1
2, 1, 355.0,489.0,1
1, 3, 170.0,198.0,-1
3, 1, 170.0,198.0,-1
1, 4, 406.0,416.0,-1
4, 1, 406.0,416.0,-1
1, 5, 230.0,319.0,-1
5, 1, 230.0,319.0,-1
1, 6, 649.0,894.0,-1
6, 1, 649.0,894.0,-1
1, 7, 286.0,316.0,-1
7, 1, 286.0,316.0,-1
1, 8, 638.0,753.0,-1
8, 1, 638.0,753.0,-1
1, 9, 205.0,266.0,-1
9, 1, 205.0,266.0,-1
1, 10, 176.0,240.0,1
10, 1, 176.0,240.0,1
1, 11, 491.0,675.0,-1
11, 1, 491.0,675.0,-1
1, 12, 708.0,950.0,-1
12, 1, 708.0,950.0,-1
1, 13, 644.0,844.0,1
13, 1, 644.0,844.0,1
1, 14, 567.0,713.0,-1
14, 1, 567.0,713.0,-1
1, 15, 246.0,333.0,-1
15, 1, 246.0,333.0,-1
1, 16, 406.0,492.0,-1
16, 1, 406.0,492.0,-1
1, 1, 0.0,0.0,1
2, 3, 486.0,687.0,1
3, 2, 486.0,687.0,1
2, 4, 728.0,885.0,-1
4, 2, 728.0,885.0,-1
2, 5, 572.0,808.0,1
5, 2, 572.0,808.0,1
2, 6, 980.0,1382.0,-1
6, 2, 980.0,1382.0,-1
2, 7, 578.0,804.0,1
7, 2, 578.0,804.0,1
2, 8, 832.0,985.0,1
8, 2, 832.0,985.0,1
2, 9, 441.0,604.0,-1
9, 2, 441.0,604.0,-1
2, 10, 465.0,556.0,-1
10, 2, 465.0,556.0,-1
2, 11, 845.0,1163.0,-1
11, 2, 845.0,1163.0,-1
2, 12, 823.0,840.0,-1
12, 2, 823.0,840.0,-1
2, 13, 956.0,1332.0,-1
13, 2, 956.0,1332.0,-1
2, 14, 914.0,1202.0,1
14, 2, 914.0,1202.0,1
2, 15, 185.0,210.0,-1
15, 2, 185.0,210.0,-1
2, 16, 706.0,980.0,-1
16, 2, 706.0,980.0,-1
2, 2, 0.0,0.0,1
3, 4, 415.0,552.0,1
4, 3, 415.0,552.0,1
3, 5, 102.0,121.0,-1
5, 3, 102.0,121.0,-1
3, 6, 495.0,696.0,-1
6, 3, 495.0,696.0,-1
3, 7, 118.0,118.0,-1
7, 3, 118.0,118.0,-1
3, 8, 484.0,616.0,-1
8, 3, 484.0,616.0,-1
3, 9, 109.0,129.0,1
9, 3, 109.0,129.0,1
3, 10, 282.0,376.0,-1
10, 3, 282.0,376.0,-1
3, 11, 400.0,477.0,-1
11, 3, 400.0,477.0,-1
3, 12, 582.0,814.0,-1
12, 3, 582.0,814.0,-1
3, 13, 479.0,646.0,-1
13, 3, 479.0,646.0,-1
3, 14, 509.0,516.0,-1
14, 3, 509.0,516.0,-1
3, 15, 411.0,531.0,-1
15, 3, 411.0,531.0,-1
3, 16, 237.0,294.0,1
16, 3, 237.0,294.0,1
3, 3, 0.0,0.0,1
4, 5, 341.0,476.0,-1
5, 4, 341.0,476.0,-1
4, 6, 565.0,625.0,1
6, 4, 565.0,625.0,1
4, 7, 476.0,669.0,-1
7, 4, 476.0,669.0,-1
4, 8, 829.0,1168.0,-1
8, 4, 829.0,1168.0,-1
4, 9, 521.0,681.0,1
9, 4, 521.0,681.0,1
4, 10, 264.0,329.0,1
10, 4, 264.0,329.0,1
4, 11, 264.0,279.0,-1
11, 4, 264.0,279.0,-1
4, 12, 967.0,1365.0,-1
12, 4, 967.0,1365.0,-1
4, 13, 621.0,756.0,1
13, 4, 621.0,756.0,1
4, 14, 227.0,317.0,-1
14, 4, 227.0,317.0,-1
4, 15, 562.0,729.0,-1
15, 4, 562.0,729.0,-1
4, 16, 508.0,713.0,-1
16, 4, 508.0,713.0,-1
4, 4, 0.0,0.0,1
5, 6, 420.0,575.0,-1
6, 5, 420.0,575.0,-1
5, 7, 137.0,193.0,-1
7, 5, 137.0,193.0,-1
5, 8, 506.0,693.0,1
8, 5, 506.0,693.0,1
5, 9, 205.0,206.0,-1
9, 5, 205.0,206.0,-1
5, 10, 277.0,300.0,-1
10, 5, 277.0,300.0,-1
5, 11, 299.0,356.0,-1
11, 5, 299.0,356.0,-1
5, 12, 629.0,890.0,1
12, 5, 629.0,890.0,1
5, 13, 421.0,525.0,1
13, 5, 421.0,525.0,1
5, 14, 411.0,427.0,1
14, 5, 411.0,427.0,1
5, 15, 475.0,652.0,-1
15, 5, 475.0,652.0,-1
5, 16, 207.0,237.0,-1
16, 5, 207.0,237.0,-1
5, 5, 0.0,0.0,1
6, 7, 410.0,578.0,1
7, 6, 410.0,578.0,1
6, 8, 476.0,543.0,-1
8, 6, 476.0,543.0,-1
6, 9, 552.0,778.0,1
9, 6, 552.0,778.0,1
6, 10, 665.0,826.0,-1
10, 6, 665.0,826.0,-1
6, 11, 308.0,377.0,-1
11, 6, 308.0,377.0,-1
6, 12, 664.0,740.0,1
12, 6, 664.0,740.0,1
6, 13, 99.0,131.0,-1
13, 6, 99.0,131.0,-1
6, 14, 427.0,576.0,-1
14, 6, 427.0,576.0,-1
6, 15, 894.0,1226.0,-1
15, 6, 894.0,1226.0,-1
6, 16, 291.0,402.0,-1
16, 6, 291.0,402.0,-1
6, 6, 0.0,0.0,1
7, 8, 376.0,500.0,-1
8, 7, 376.0,500.0,-1
7, 9, 142.0,201.0,1
9, 7, 142.0,201.0,1
7, 10, 390.0,493.0,-1
10, 7, 390.0,493.0,-1
7, 11, 391.0,420.0,-1
11, 7, 391.0,420.0,-1
7, 12, 493.0,697.0,1
12, 7, 493.0,697.0,1
7, 13, 379.0,528.0,-1
13, 7, 379.0,528.0,-1
7, 14, 521.0,619.0,-1
14, 7, 521.0,619.0,-1
7, 15, 522.0,648.0,1
15, 7, 522.0,648.0,1
7, 16, 129.0,176.0,-1
16, 7, 129.0,176.0,-1
7, 7, 0.0,0.0,1
8, 9, 438.0,488.0,1
9, 8, 438.0,488.0,1
8, 10, 765.0,992.0,1
10, 8, 765.0,992.0,1
8, 11, 662.0,919.0,1
11, 8, 662.0,919.0,1
8, 12, 189.0,198.0,-1
12, 8, 189.0,198.0,-1
8, 13, 382.0,413.0,1
13, 8, 382.0,413.0,1
8, 14, 806.0,1119.0,1
14, 8, 806.0,1119.0,1
8, 15, 841.0,852.0,-1
15, 8, 841.0,852.0,-1
8, 16, 323.0,456.0,-1
16, 8, 323.0,456.0,-1
8, 8, 0.0,0.0,1
9, 10, 359.0,505.0,-1
10, 9, 359.0,505.0,-1
9, 11, 500.0,559.0,-1
11, 9, 500.0,559.0,-1
9, 12, 505.0,685.0,-1
12, 9, 505.0,685.0,-1
9, 13, 518.0,729.0,-1
13, 9, 518.0,729.0,-1
9, 14, 615.0,632.0,-1
14, 9, 615.0,632.0,-1
9, 15, 409.0,448.0,-1
15, 9, 409.0,448.0,-1
9, 16, 267.0,377.0,1
16, 9, 267.0,377.0,1
9, 9, 0.0,0.0,1
10, 11, 433.0,607.0,-1
11, 10, 433.0,607.0,-1
10, 12, 860.0,1189.0,-1
12, 10, 860.0,1189.0,-1
10, 13, 685.0,776.0,-1
13, 10, 685.0,776.0,-1
10, 14, 466.0,646.0,-1
14, 10, 466.0,646.0,-1
10, 15, 300.0,400.0,1
15, 10, 300.0,400.0,1
10, 16, 484.0,537.0,-1
16, 10, 484.0,537.0,-1
10, 10, 0.0,0.0,1
11, 12, 829.0,1116.0,-1
12, 11, 829.0,1116.0,-1
11, 13, 378.0,507.0,-1
13, 11, 378.0,507.0,-1
11, 14, 144.0,200.0,-1
14, 11, 144.0,200.0,-1
11, 15, 714.0,1007.0,-1
15, 11, 714.0,1007.0,-1
11, 16, 353.0,464.0,-1
16, 11, 353.0,464.0,-1
11, 11, 0.0,0.0,1
12, 13, 570.0,610.0,-1
13, 12, 570.0,610.0,-1
12, 14, 972.0,1316.0,-1
14, 12, 972.0,1316.0,-1
12, 15, 873.0,1049.0,1
15, 12, 873.0,1049.0,1
12, 16, 478.0,653.0,1
16, 12, 478.0,653.0,1
12, 12, 0.0,0.0,1
13, 14, 508.0,707.0,1
14, 13, 508.0,707.0,1
13, 15, 888.0,1176.0,-1
15, 13, 888.0,1176.0,-1
13, 16, 251.0,353.0,1
16, 13, 251.0,353.0,1
13, 13, 0.0,0.0,1
14, 15, 763.0,1046.0,-1
15, 14, 763.0,1046.0,-1
14, 16, 495.0,663.0,-1
16, 14, 495.0,663.0,-1
14, 14, 0.0,0.0,1
15, 16, 647.0,824.0,-1
16, 15, 647.0,824.0,-1
15, 15, 0.0,0.0,1
16, 16, 0.0,0.0,1


<end>