<number of nodes>
16

<ratio of available edges>
0.3

<max length of the drone flight>
100000 

<D 2/3>
1, 2, 3, 7, 8, 9, 11, 12, 13, 14, 15

<V>
2, 9, 12, 13, 14

<coordinates X,Y>
457.549172584157, 120.12003355304853
653.6112288095084, 861.7181972736818
886.9037767815877, 705.7474156442439
837.4159950487166, 318.36134934229847
396.41691490227043, 539.4526294842298
544.7522559012401, 934.7559405636531
218.3900348694774, 191.78486316153297
947.455138984537, 6.675218045897125
228.603612260153, 122.64685048818609
506.6222306602566, 784.2343317656993
310.57012932399783, 674.255493521771
614.2979534758422, 73.89607898153103
720.1658912521393, 441.1274395636971
566.1410259580063, 178.99179308215648
714.996350056202, 781.0847169495531
275.05453547721453, 799.2081557539894

<adjacency matrix with truck distances>
1, 2, 768.0,938.0,-1
2, 1, 768.0,938.0,-1
1, 3, 727.0,1015.0,1
3, 1, 727.0,1015.0,1
1, 4, 429.0,579.0,-1
4, 1, 429.0,579.0,-1
1, 5, 424.0,481.0,-1
5, 1, 424.0,481.0,-1
1, 6, 820.0,902.0,1
6, 1, 820.0,902.0,1
1, 7, 250.0,311.0,-1
7, 1, 250.0,311.0,-1
1, 8, 503.0,604.0,-1
8, 1, 503.0,604.0,-1
1, 9, 229.0,232.0,-1
9, 1, 229.0,232.0,-1
1, 10, 666.0,714.0,-1
10, 1, 666.0,714.0,-1
1, 11, 574.0,702.0,1
11, 1, 574.0,702.0,1
1, 12, 164.0,203.0,-1
12, 1, 164.0,203.0,-1
1, 13, 415.0,584.0,1
13, 1, 415.0,584.0,1
1, 14, 124.0,168.0,-1
14, 1, 124.0,168.0,-1
1, 15, 710.0,919.0,1
15, 1, 710.0,919.0,1
1, 16, 704.0,862.0,-1
16, 1, 704.0,862.0,-1
1, 1, 0.0,0.0,1
2, 3, 281.0,390.0,-1
3, 2, 281.0,390.0,-1
2, 4, 574.0,728.0,-1
4, 2, 574.0,728.0,-1
2, 5, 413.0,580.0,-1
5, 2, 413.0,580.0,-1
2, 6, 132.0,182.0,-1
6, 2, 132.0,182.0,-1
2, 7, 799.0,1106.0,1
7, 2, 799.0,1106.0,1
2, 8, 905.0,1149.0,-1
8, 2, 905.0,1149.0,-1
2, 9, 853.0,1165.0,-1
9, 2, 853.0,1165.0,-1
2, 10, 167.0,225.0,1
10, 2, 167.0,225.0,1
2, 11, 391.0,531.0,-1
11, 2, 391.0,531.0,-1
2, 12, 789.0,828.0,-1
12, 2, 789.0,828.0,-1
2, 13, 426.0,488.0,-1
13, 2, 426.0,488.0,-1
2, 14, 689.0,771.0,-1
14, 2, 689.0,771.0,-1
2, 15, 102.0,143.0,-1
15, 2, 102.0,143.0,-1
2, 16, 384.0,442.0,1
16, 2, 384.0,442.0,1
2, 2, 0.0,0.0,1
3, 4, 391.0,437.0,-1
4, 3, 391.0,437.0,-1
3, 5, 518.0,657.0,-1
5, 3, 518.0,657.0,-1
3, 6, 412.0,572.0,-1
6, 3, 412.0,572.0,-1
3, 7, 844.0,1183.0,-1
7, 3, 844.0,1183.0,-1
3, 8, 702.0,760.0,-1
8, 3, 702.0,760.0,-1
3, 9, 880.0,1242.0,1
9, 3, 880.0,1242.0,1
3, 10, 389.0,459.0,-1
10, 3, 389.0,459.0,-1
3, 11, 578.0,608.0,-1
11, 3, 578.0,608.0,-1
3, 12, 689.0,905.0,1
12, 3, 689.0,905.0,1
3, 13, 313.0,432.0,1
13, 3, 313.0,432.0,1
3, 14, 617.0,848.0,1
14, 3, 617.0,848.0,1
3, 15, 188.0,248.0,-1
15, 3, 188.0,248.0,-1
3, 16, 619.0,706.0,-1
16, 3, 619.0,706.0,-1
3, 3, 0.0,0.0,1
4, 5, 494.0,663.0,-1
5, 4, 494.0,663.0,-1
4, 6, 683.0,910.0,-1
6, 4, 683.0,910.0,-1
4, 7, 632.0,746.0,-1
7, 4, 632.0,746.0,-1
4, 8, 331.0,422.0,-1
8, 4, 331.0,422.0,-1
4, 9, 640.0,805.0,-1
9, 4, 640.0,805.0,-1
4, 10, 572.0,797.0,-1
10, 4, 572.0,797.0,-1
4, 11, 636.0,883.0,-1
11, 4, 636.0,883.0,-1
4, 12, 331.0,468.0,1
12, 4, 331.0,468.0,1
4, 13, 170.0,241.0,-1
13, 4, 170.0,241.0,-1
4, 14, 305.0,411.0,1
14, 4, 305.0,411.0,1
4, 15, 479.0,586.0,-1
15, 4, 479.0,586.0,-1
4, 16, 740.0,1044.0,1
16, 4, 740.0,1044.0,1
4, 4, 0.0,0.0,1
5, 6, 423.0,544.0,-1
6, 5, 423.0,544.0,-1
5, 7, 391.0,526.0,1
7, 5, 391.0,526.0,1
5, 8, 767.0,1084.0,1
8, 5, 767.0,1084.0,1
5, 9, 450.0,585.0,-1
9, 5, 450.0,585.0,-1
5, 10, 269.0,355.0,-1
10, 5, 269.0,355.0,-1
5, 11, 160.0,221.0,-1
11, 5, 160.0,221.0,-1
5, 12, 515.0,684.0,1
12, 5, 515.0,684.0,1
5, 13, 339.0,423.0,-1
13, 5, 339.0,423.0,-1
5, 14, 399.0,531.0,1
14, 5, 399.0,531.0,1
5, 15, 400.0,561.0,-1
15, 5, 400.0,561.0,-1
5, 16, 287.0,382.0,-1
16, 5, 287.0,382.0,-1
5, 5, 0.0,0.0,1
6, 7, 812.0,1070.0,-1
7, 6, 812.0,1070.0,-1
6, 8, 1012.0,1331.0,-1
8, 6, 1012.0,1331.0,-1
6, 9, 872.0,1129.0,1
9, 6, 872.0,1129.0,1
6, 10, 156.0,189.0,-1
10, 6, 156.0,189.0,-1
6, 11, 351.0,495.0,1
11, 6, 351.0,495.0,1
6, 12, 864.0,931.0,-1
12, 6, 864.0,931.0,-1
6, 13, 524.0,670.0,-1
13, 6, 524.0,670.0,-1
6, 14, 757.0,778.0,-1
14, 6, 757.0,778.0,-1
6, 15, 230.0,324.0,1
15, 6, 230.0,324.0,1
6, 16, 302.0,406.0,-1
16, 6, 302.0,406.0,-1
6, 6, 0.0,0.0,1
7, 8, 753.0,915.0,-1
8, 7, 753.0,915.0,-1
7, 9, 70.0,80.0,1
9, 7, 70.0,80.0,1
7, 10, 659.0,881.0,1
10, 7, 659.0,881.0,1
7, 11, 492.0,575.0,-1
11, 7, 492.0,575.0,-1
7, 12, 414.0,514.0,-1
12, 7, 414.0,514.0,-1
7, 13, 561.0,752.0,-1
13, 7, 561.0,752.0,-1
7, 14, 348.0,361.0,-1
14, 7, 348.0,361.0,-1
7, 15, 771.0,1086.0,1
15, 7, 771.0,1086.0,1
7, 16, 611.0,665.0,-1
16, 7, 611.0,665.0,-1
7, 7, 0.0,0.0,1
8, 9, 729.0,835.0,-1
9, 8, 729.0,835.0,-1
8, 10, 894.0,1219.0,1
10, 8, 894.0,1219.0,1
8, 11, 923.0,1305.0,-1
11, 8, 923.0,1305.0,-1
8, 12, 340.0,401.0,1
12, 8, 340.0,401.0,1
8, 13, 491.0,662.0,-1
13, 8, 491.0,662.0,-1
8, 14, 419.0,554.0,-1
14, 8, 419.0,554.0,-1
8, 15, 809.0,1007.0,-1
15, 8, 809.0,1007.0,-1
8, 16, 1040.0,1465.0,-1
16, 8, 1040.0,1465.0,-1
8, 8, 0.0,0.0,1
9, 10, 718.0,940.0,1
10, 9, 718.0,940.0,1
9, 11, 558.0,634.0,-1
11, 9, 558.0,634.0,-1
9, 12, 389.0,435.0,-1
12, 9, 389.0,435.0,-1
9, 13, 586.0,811.0,-1
13, 9, 586.0,811.0,-1
9, 14, 343.0,394.0,-1
14, 9, 343.0,394.0,-1
9, 15, 819.0,1145.0,-1
15, 9, 819.0,1145.0,-1
9, 16, 679.0,724.0,1
16, 9, 679.0,724.0,1
9, 9, 0.0,0.0,1
10, 11, 225.0,307.0,1
11, 10, 225.0,307.0,1
10, 12, 719.0,819.0,-1
12, 10, 719.0,819.0,-1
10, 13, 405.0,557.0,-1
13, 10, 405.0,557.0,-1
10, 14, 609.0,665.0,1
14, 10, 609.0,665.0,1
10, 15, 209.0,212.0,1
15, 10, 209.0,212.0,1
10, 16, 233.0,247.0,-1
16, 10, 233.0,247.0,-1
10, 10, 0.0,0.0,1
11, 12, 673.0,905.0,-1
12, 11, 673.0,905.0,-1
11, 13, 472.0,643.0,-1
13, 11, 472.0,643.0,-1
11, 14, 558.0,751.0,-1
14, 11, 558.0,751.0,-1
11, 15, 419.0,512.0,-1
15, 11, 419.0,512.0,-1
11, 16, 130.0,161.0,-1
16, 11, 130.0,161.0,-1
11, 11, 0.0,0.0,1
12, 13, 383.0,474.0,-1
13, 12, 383.0,474.0,-1
12, 14, 116.0,154.0,1
14, 12, 116.0,154.0,1
12, 15, 715.0,808.0,1
15, 12, 715.0,808.0,1
12, 16, 801.0,1065.0,-1
16, 12, 801.0,1065.0,-1
12, 12, 0.0,0.0,1
13, 14, 305.0,417.0,-1
14, 13, 305.0,417.0,-1
13, 15, 340.0,346.0,1
15, 13, 340.0,346.0,1
13, 16, 572.0,804.0,-1
16, 13, 572.0,804.0,-1
13, 13, 0.0,0.0,1
14, 15, 621.0,751.0,1
15, 14, 621.0,751.0,1
14, 16, 686.0,912.0,-1
16, 14, 686.0,912.0,-1
14, 14, 0.0,0.0,1
15, 16, 441.0,459.0,-1
16, 15, 441.0,459.0,-1
15, 15, 0.0,0.0,1
16, 16, 0.0,0.0,1


<end>