<number of nodes>
16

<ratio of available edges>
0.3

<max length of the drone flight>
100000 

<D 2/3>
1, 2, 3, 4, 5, 6, 8, 9, 11, 12, 16

<V>
2, 3, 6, 11, 12

<coordinates X,Y>
821.8156752129589, 467.529816569759
430.095002767563, 10.248634819399154
332.3927909665712, 994.8472979684636
376.7190074718192, 483.77465696031487
85.98190897953451, 888.97801240866
472.1445679871529, 946.3269356991436
249.98148951213335, 535.4631772704164
801.4604917362303, 444.6045019053637
132.4600746953894, 130.65956760817502
832.4477845905379, 257.26321183768863
200.82851814507862, 215.30698802753093
28.2900901344736, 634.9176658684001
441.7208677918497, 547.1598293467875
557.0391021541657, 391.76875535799036
895.8796759473511, 238.5064305282672
282.48788591481116, 698.8558493222018

<adjacency matrix with truck distances>
1, 2, 603.0,850.0,1
2, 1, 603.0,850.0,1
1, 3, 720.0,1017.0,-1
3, 1, 720.0,1017.0,-1
1, 4, 446.0,462.0,-1
4, 1, 446.0,462.0,-1
1, 5, 848.0,1158.0,1
5, 1, 848.0,1158.0,1
1, 6, 593.0,829.0,-1
6, 1, 593.0,829.0,-1
1, 7, 576.0,640.0,-1
7, 1, 576.0,640.0,-1
1, 8, 31.0,44.0,1
8, 1, 31.0,44.0,1
1, 9, 768.0,1027.0,-1
9, 1, 768.0,1027.0,-1
1, 10, 211.0,221.0,-1
10, 1, 211.0,221.0,-1
1, 11, 671.0,874.0,-1
11, 1, 671.0,874.0,-1
1, 12, 811.0,961.0,1
12, 1, 811.0,961.0,1
1, 13, 389.0,460.0,-1
13, 1, 389.0,460.0,-1
1, 14, 276.0,341.0,1
14, 1, 276.0,341.0,1
1, 15, 241.0,304.0,1
15, 1, 241.0,304.0,1
1, 16, 587.0,771.0,-1
16, 1, 587.0,771.0,-1
1, 1, 0.0,0.0,1
2, 3, 990.0,1083.0,1
3, 2, 990.0,1083.0,1
2, 4, 477.0,527.0,-1
4, 2, 477.0,527.0,-1
2, 5, 944.0,1223.0,-1
5, 2, 944.0,1223.0,-1
2, 6, 938.0,979.0,-1
6, 2, 938.0,979.0,-1
2, 7, 556.0,706.0,1
7, 2, 556.0,706.0,1
2, 8, 572.0,806.0,1
8, 2, 572.0,806.0,1
2, 9, 322.0,419.0,-1
9, 2, 322.0,419.0,-1
2, 10, 473.0,650.0,-1
10, 2, 473.0,650.0,-1
2, 11, 308.0,435.0,-1
11, 2, 308.0,435.0,-1
2, 12, 743.0,1027.0,-1
12, 2, 743.0,1027.0,-1
2, 13, 538.0,549.0,-1
13, 2, 538.0,549.0,-1
2, 14, 403.0,509.0,-1
14, 2, 403.0,509.0,-1
2, 15, 519.0,695.0,-1
15, 2, 519.0,695.0,-1
2, 16, 705.0,837.0,-1
16, 2, 705.0,837.0,-1
2, 2, 0.0,0.0,1
3, 4, 513.0,556.0,-1
4, 3, 513.0,556.0,-1
3, 5, 269.0,353.0,-1
5, 3, 269.0,353.0,-1
3, 6, 148.0,189.0,-1
6, 3, 148.0,189.0,-1
3, 7, 467.0,542.0,-1
7, 3, 467.0,542.0,-1
3, 8, 724.0,1020.0,-1
8, 3, 724.0,1020.0,-1
3, 9, 888.0,1065.0,-1
9, 3, 888.0,1065.0,-1
3, 10, 892.0,1238.0,-1
10, 3, 892.0,1238.0,-1
3, 11, 791.0,912.0,-1
11, 3, 791.0,912.0,-1
3, 12, 472.0,665.0,-1
12, 3, 472.0,665.0,-1
3, 13, 461.0,558.0,-1
13, 3, 461.0,558.0,-1
3, 14, 644.0,828.0,-1
14, 3, 644.0,828.0,-1
3, 15, 944.0,1320.0,1
15, 3, 944.0,1320.0,1
3, 16, 301.0,346.0,1
16, 3, 301.0,346.0,1
3, 3, 0.0,0.0,1
4, 5, 499.0,696.0,-1
5, 4, 499.0,696.0,-1
4, 6, 473.0,558.0,-1
6, 4, 473.0,558.0,-1
4, 7, 137.0,179.0,1
7, 4, 137.0,179.0,1
4, 8, 427.0,464.0,-1
8, 4, 427.0,464.0,-1
4, 9, 430.0,598.0,-1
9, 4, 430.0,598.0,-1
4, 10, 509.0,683.0,-1
10, 4, 509.0,683.0,-1
4, 11, 321.0,445.0,-1
11, 4, 321.0,445.0,-1
4, 12, 380.0,500.0,1
12, 4, 380.0,500.0,1
4, 13, 91.0,129.0,-1
13, 4, 91.0,129.0,-1
4, 14, 203.0,273.0,-1
14, 4, 203.0,273.0,-1
4, 15, 575.0,765.0,-1
15, 4, 575.0,765.0,-1
4, 16, 235.0,310.0,-1
16, 4, 235.0,310.0,-1
4, 4, 0.0,0.0,1
5, 6, 391.0,444.0,1
6, 5, 391.0,444.0,1
5, 7, 390.0,518.0,1
7, 5, 390.0,518.0,1
5, 8, 843.0,1160.0,-1
8, 5, 843.0,1160.0,-1
5, 9, 760.0,805.0,-1
9, 5, 760.0,805.0,-1
5, 10, 978.0,1379.0,-1
10, 5, 978.0,1379.0,-1
5, 11, 684.0,789.0,-1
11, 5, 684.0,789.0,-1
5, 12, 261.0,312.0,-1
12, 5, 261.0,312.0,-1
5, 13, 494.0,698.0,-1
13, 5, 494.0,698.0,-1
5, 14, 685.0,969.0,1
14, 5, 685.0,969.0,1
5, 15, 1039.0,1461.0,-1
15, 5, 1039.0,1461.0,-1
5, 16, 274.0,387.0,-1
16, 5, 274.0,387.0,-1
5, 5, 0.0,0.0,1
6, 7, 468.0,634.0,-1
7, 6, 468.0,634.0,-1
6, 8, 601.0,832.0,-1
8, 6, 601.0,832.0,-1
6, 9, 884.0,1156.0,1
9, 6, 884.0,1156.0,1
6, 10, 778.0,1050.0,-1
10, 6, 778.0,1050.0,-1
6, 11, 780.0,1003.0,-1
11, 6, 780.0,1003.0,-1
6, 12, 543.0,756.0,-1
12, 6, 543.0,756.0,-1
6, 13, 401.0,430.0,-1
13, 6, 401.0,430.0,-1
6, 14, 562.0,640.0,1
14, 6, 562.0,640.0,1
6, 15, 825.0,1132.0,1
15, 6, 825.0,1132.0,1
6, 16, 312.0,438.0,1
16, 6, 312.0,438.0,1
6, 6, 0.0,0.0,1
7, 8, 559.0,643.0,1
8, 7, 559.0,643.0,1
7, 9, 422.0,523.0,-1
9, 7, 422.0,523.0,-1
7, 10, 646.0,861.0,-1
10, 7, 646.0,861.0,-1
7, 11, 324.0,370.0,-1
11, 7, 324.0,370.0,-1
7, 12, 243.0,322.0,1
12, 7, 243.0,322.0,1
7, 13, 193.0,204.0,1
13, 7, 193.0,204.0,1
7, 14, 340.0,451.0,-1
14, 7, 340.0,451.0,-1
7, 15, 711.0,943.0,1
15, 7, 711.0,943.0,1
7, 16, 167.0,196.0,1
16, 7, 167.0,196.0,1
7, 7, 0.0,0.0,1
8, 9, 740.0,983.0,1
9, 8, 740.0,983.0,1
8, 10, 190.0,219.0,-1
10, 8, 190.0,219.0,-1
8, 11, 643.0,830.0,1
11, 8, 643.0,830.0,1
8, 12, 797.0,964.0,1
12, 8, 797.0,964.0,1
8, 13, 375.0,463.0,-1
13, 8, 375.0,463.0,-1
8, 14, 251.0,298.0,-1
14, 8, 251.0,298.0,-1
8, 15, 227.0,301.0,-1
15, 8, 227.0,301.0,-1
8, 16, 578.0,774.0,-1
16, 8, 578.0,774.0,-1
8, 8, 0.0,0.0,1
9, 10, 712.0,827.0,-1
10, 9, 712.0,827.0,-1
9, 11, 109.0,154.0,1
11, 9, 109.0,154.0,1
9, 12, 515.0,609.0,1
12, 9, 515.0,609.0,1
9, 13, 519.0,726.0,-1
13, 9, 519.0,726.0,-1
9, 14, 499.0,686.0,1
14, 9, 499.0,686.0,1
9, 15, 771.0,872.0,-1
15, 9, 771.0,872.0,-1
9, 16, 588.0,719.0,-1
16, 9, 588.0,719.0,-1
9, 9, 0.0,0.0,1
10, 11, 634.0,674.0,-1
11, 10, 634.0,674.0,-1
10, 12, 889.0,1182.0,1
12, 10, 889.0,1182.0,1
10, 13, 487.0,681.0,-1
13, 10, 487.0,681.0,-1
10, 14, 307.0,410.0,-1
14, 10, 307.0,410.0,-1
10, 15, 67.0,83.0,-1
15, 10, 67.0,83.0,-1
10, 16, 706.0,992.0,-1
16, 10, 706.0,992.0,-1
10, 10, 0.0,0.0,1
11, 12, 454.0,593.0,-1
12, 11, 454.0,593.0,-1
11, 13, 411.0,573.0,-1
13, 11, 411.0,573.0,-1
11, 14, 398.0,533.0,-1
14, 11, 398.0,533.0,-1
11, 15, 696.0,719.0,-1
15, 11, 696.0,719.0,-1
11, 16, 491.0,566.0,-1
16, 11, 491.0,566.0,-1
11, 11, 0.0,0.0,1
12, 13, 423.0,502.0,-1
13, 12, 423.0,502.0,-1
12, 14, 582.0,772.0,-1
14, 12, 582.0,772.0,-1
12, 15, 954.0,1265.0,-1
15, 12, 954.0,1265.0,-1
12, 16, 263.0,319.0,-1
16, 12, 263.0,319.0,-1
12, 12, 0.0,0.0,1
13, 14, 194.0,271.0,1
14, 13, 194.0,271.0,1
13, 15, 550.0,763.0,1
15, 13, 550.0,763.0,1
13, 16, 220.0,311.0,1
16, 13, 220.0,311.0,1
13, 13, 0.0,0.0,1
14, 15, 372.0,493.0,-1
15, 14, 372.0,493.0,-1
14, 16, 412.0,582.0,-1
16, 14, 412.0,582.0,-1
14, 14, 0.0,0.0,1
15, 16, 767.0,1074.0,1
16, 15, 767.0,1074.0,1
15, 15, 0.0,0.0,1
16, 16, 0.0,0.0,1


<end>