<number of nodes>
16

<ratio of available edges>
0.3

<max length of the drone flight>
100000 

<D 2/3>
1, 2, 3, 5, 6, 9, 10, 11, 12, 13, 14

<V>
2, 5, 6, 11, 14

<coordinates X,Y>
560.9630114846377, 570.2519055706937
819.9474543037352, 202.83777726971186
853.3422314027247, 218.59512165770403
501.7140421757716, 702.8772587963997
154.11334504222302, 676.118953838644
873.0733652654302, 778.4804045030547
818.29632309882, 809.1637699448358
615.0556918034214, 494.3120633560526
70.77426658939554, 520.7280393910752
351.9114079243432, 104.60645905060585
735.5002694214265, 994.898861808212
997.3474612699692, 93.52136377313371
653.9496117316974, 796.5314582518482
141.33070532864363, 898.4558571740811
647.0857313118825, 133.1822803377742
115.67036058294295, 851.4175273271741

<adjacency matrix with truck distances>
1, 2, 450.0,627.0,-1
2, 1, 450.0,627.0,-1
1, 3, 458.0,645.0,-1
3, 1, 458.0,645.0,-1
1, 4, 146.0,192.0,-1
4, 1, 146.0,192.0,-1
1, 5, 421.0,513.0,1
5, 1, 421.0,513.0,1
1, 6, 376.0,521.0,-1
6, 1, 376.0,521.0,-1
1, 7, 352.0,497.0,-1
7, 1, 352.0,497.0,-1
1, 8, 94.0,131.0,1
8, 1, 94.0,131.0,1
1, 9, 493.0,540.0,-1
9, 1, 493.0,540.0,-1
1, 10, 511.0,675.0,1
10, 1, 511.0,675.0,1
1, 11, 460.0,600.0,-1
11, 1, 460.0,600.0,-1
1, 12, 647.0,914.0,1
12, 1, 647.0,914.0,1
1, 13, 245.0,320.0,-1
13, 1, 245.0,320.0,-1
1, 14, 533.0,748.0,-1
14, 1, 533.0,748.0,-1
1, 15, 446.0,524.0,1
15, 1, 446.0,524.0,1
1, 16, 527.0,727.0,-1
16, 1, 527.0,727.0,-1
1, 1, 0.0,0.0,1
2, 3, 37.0,50.0,-1
3, 2, 37.0,50.0,-1
2, 4, 593.0,819.0,-1
4, 2, 593.0,819.0,-1
2, 5, 817.0,1140.0,1
5, 2, 817.0,1140.0,1
2, 6, 579.0,629.0,1
6, 2, 579.0,629.0,1
2, 7, 607.0,608.0,-1
7, 2, 607.0,608.0,-1
2, 8, 357.0,497.0,-1
8, 2, 357.0,497.0,-1
2, 9, 814.0,1068.0,-1
9, 2, 814.0,1068.0,-1
2, 10, 479.0,567.0,1
10, 2, 479.0,567.0,1
2, 11, 797.0,877.0,-1
11, 2, 797.0,877.0,-1
2, 12, 209.0,287.0,-1
12, 2, 209.0,287.0,-1
2, 13, 617.0,760.0,-1
13, 2, 617.0,760.0,-1
2, 14, 972.0,1375.0,-1
14, 2, 972.0,1375.0,-1
2, 15, 187.0,243.0,-1
15, 2, 187.0,243.0,-1
2, 16, 958.0,1353.0,-1
16, 2, 958.0,1353.0,-1
2, 2, 0.0,0.0,1
3, 4, 599.0,836.0,-1
4, 3, 599.0,836.0,-1
3, 5, 836.0,1157.0,1
5, 3, 836.0,1157.0,1
3, 6, 561.0,580.0,1
6, 3, 561.0,580.0,1
3, 7, 592.0,626.0,-1
7, 3, 592.0,626.0,-1
3, 8, 365.0,515.0,1
8, 3, 365.0,515.0,1
3, 9, 839.0,1085.0,1
9, 3, 839.0,1085.0,1
3, 10, 515.0,616.0,-1
10, 3, 515.0,616.0,-1
3, 11, 786.0,895.0,1
11, 3, 786.0,895.0,1
3, 12, 191.0,270.0,-1
12, 3, 191.0,270.0,-1
3, 13, 612.0,778.0,-1
13, 3, 612.0,778.0,-1
3, 14, 985.0,1392.0,-1
14, 3, 985.0,1392.0,-1
3, 15, 224.0,292.0,-1
15, 3, 224.0,292.0,-1
3, 16, 972.0,1371.0,1
16, 3, 972.0,1371.0,1
3, 3, 0.0,0.0,1
4, 5, 349.0,375.0,-1
5, 4, 349.0,375.0,-1
4, 6, 379.0,447.0,-1
6, 4, 379.0,447.0,-1
4, 7, 334.0,423.0,1
7, 4, 334.0,423.0,1
4, 8, 238.0,322.0,-1
8, 4, 238.0,322.0,-1
4, 9, 468.0,614.0,-1
9, 4, 468.0,614.0,-1
4, 10, 617.0,749.0,-1
10, 4, 617.0,749.0,-1
4, 11, 375.0,526.0,1
11, 4, 375.0,526.0,1
4, 12, 786.0,1105.0,-1
12, 4, 786.0,1105.0,-1
4, 13, 179.0,246.0,-1
13, 4, 179.0,246.0,-1
4, 14, 411.0,556.0,-1
14, 4, 411.0,556.0,-1
4, 15, 588.0,716.0,1
15, 4, 588.0,716.0,1
4, 16, 414.0,535.0,-1
16, 4, 414.0,535.0,-1
4, 4, 0.0,0.0,1
5, 6, 727.0,822.0,-1
6, 5, 727.0,822.0,-1
5, 7, 678.0,798.0,-1
7, 5, 678.0,798.0,-1
5, 8, 496.0,643.0,-1
8, 5, 496.0,643.0,-1
5, 9, 177.0,239.0,-1
9, 5, 177.0,239.0,-1
5, 10, 605.0,770.0,-1
10, 5, 605.0,770.0,-1
5, 11, 664.0,901.0,-1
11, 5, 664.0,901.0,-1
5, 12, 1025.0,1426.0,1
12, 5, 1025.0,1426.0,1
5, 13, 515.0,621.0,1
13, 5, 515.0,621.0,1
5, 14, 223.0,236.0,-1
14, 5, 223.0,236.0,-1
5, 15, 734.0,1036.0,-1
15, 5, 734.0,1036.0,-1
5, 16, 180.0,214.0,1
16, 5, 180.0,214.0,1
5, 5, 0.0,0.0,1
6, 7, 63.0,86.0,-1
7, 6, 63.0,86.0,-1
6, 8, 384.0,543.0,1
8, 6, 384.0,543.0,1
6, 9, 843.0,1061.0,-1
9, 6, 843.0,1061.0,-1
6, 10, 852.0,1196.0,-1
10, 6, 852.0,1196.0,-1
6, 11, 257.0,354.0,1
11, 6, 257.0,354.0,1
6, 12, 697.0,810.0,1
12, 6, 697.0,810.0,1
6, 13, 220.0,238.0,-1
13, 6, 220.0,238.0,-1
6, 14, 742.0,852.0,-1
14, 6, 742.0,852.0,-1
6, 15, 684.0,872.0,-1
15, 6, 684.0,872.0,-1
6, 16, 761.0,831.0,-1
16, 6, 761.0,831.0,-1
6, 6, 0.0,0.0,1
7, 8, 375.0,519.0,-1
8, 7, 375.0,519.0,-1
7, 9, 802.0,1036.0,-1
9, 7, 802.0,1036.0,-1
7, 10, 845.0,1171.0,1
10, 7, 845.0,1171.0,1
7, 11, 204.0,269.0,-1
11, 7, 204.0,269.0,-1
7, 12, 738.0,895.0,-1
12, 7, 738.0,895.0,-1
7, 13, 165.0,177.0,-1
13, 7, 165.0,177.0,-1
7, 14, 683.0,767.0,-1
14, 7, 683.0,767.0,-1
7, 15, 698.0,848.0,-1
15, 7, 698.0,848.0,-1
7, 16, 704.0,745.0,-1
16, 7, 704.0,745.0,-1
7, 7, 0.0,0.0,1
8, 9, 545.0,571.0,-1
9, 8, 545.0,571.0,-1
8, 10, 471.0,653.0,1
10, 8, 471.0,653.0,1
8, 11, 515.0,622.0,-1
11, 8, 515.0,622.0,-1
8, 12, 554.0,784.0,-1
12, 8, 554.0,784.0,-1
8, 13, 305.0,342.0,-1
13, 8, 305.0,342.0,-1
8, 14, 623.0,878.0,-1
14, 8, 623.0,878.0,-1
8, 15, 363.0,394.0,1
15, 8, 363.0,394.0,1
8, 16, 614.0,857.0,-1
16, 8, 614.0,857.0,-1
8, 8, 0.0,0.0,1
9, 10, 503.0,698.0,-1
10, 9, 503.0,698.0,-1
9, 11, 817.0,1139.0,-1
11, 9, 817.0,1139.0,-1
9, 12, 1021.0,1354.0,-1
12, 9, 1021.0,1354.0,-1
9, 13, 646.0,859.0,-1
13, 9, 646.0,859.0,-1
9, 14, 385.0,449.0,1
14, 9, 385.0,449.0,1
9, 15, 695.0,964.0,-1
15, 9, 695.0,964.0,-1
9, 16, 334.0,376.0,-1
16, 9, 334.0,376.0,-1
9, 9, 0.0,0.0,1
10, 11, 970.0,1274.0,1
11, 10, 970.0,1274.0,1
10, 12, 646.0,657.0,-1
12, 10, 646.0,657.0,-1
10, 13, 755.0,994.0,-1
13, 10, 755.0,994.0,-1
10, 14, 822.0,1005.0,1
14, 10, 822.0,1005.0,1
10, 15, 297.0,324.0,1
15, 10, 297.0,324.0,1
10, 16, 784.0,984.0,-1
16, 10, 784.0,984.0,-1
10, 10, 0.0,0.0,1
11, 12, 939.0,1164.0,-1
12, 11, 939.0,1164.0,-1
11, 13, 215.0,280.0,-1
13, 11, 215.0,280.0,-1
11, 14, 602.0,691.0,1
14, 11, 602.0,691.0,1
11, 15, 867.0,951.0,-1
15, 11, 867.0,951.0,-1
11, 16, 637.0,764.0,1
16, 11, 637.0,764.0,1
11, 11, 0.0,0.0,1
12, 13, 783.0,1047.0,1
13, 12, 783.0,1047.0,1
12, 14, 1176.0,1661.0,-1
14, 12, 1176.0,1661.0,-1
12, 15, 353.0,390.0,-1
15, 12, 353.0,390.0,-1
12, 16, 1163.0,1640.0,-1
16, 12, 1163.0,1640.0,-1
12, 12, 0.0,0.0,1
13, 14, 523.0,615.0,1
14, 13, 523.0,615.0,1
13, 15, 664.0,671.0,-1
15, 13, 664.0,671.0,-1
13, 16, 542.0,594.0,-1
16, 13, 542.0,594.0,-1
13, 13, 0.0,0.0,1
14, 15, 918.0,1272.0,1
15, 14, 918.0,1272.0,1
14, 16, 54.0,73.0,1
16, 14, 54.0,73.0,1
14, 14, 0.0,0.0,1
15, 16, 894.0,1250.0,-1
16, 15, 894.0,1250.0,-1
15, 15, 0.0,0.0,1
16, 16, 0.0,0.0,1


<end>