<number of nodes>
16

<ratio of available edges>
0.3

<max length of the drone flight>
100000 

<D 2/3>
1, 2, 3, 4, 5, 6, 7, 8, 9, 10, 16

<V>
3, 5, 7, 8, 10

<coordinates X,Y>
290.85778134105533, 423.8201459625439
563.3247320580169, 393.48068971507354
772.3111865573755, 527.2684607405705
281.2211362298149, 201.2372589766549
500.1427997790717, 144.61795588246736
465.23676111328723, 981.8455363378716
130.8505632269601, 411.8367920404813
255.2754854434918, 941.0449584030745
886.5202953173136, 736.9755429177025
92.08909918687365, 75.46464413969606
349.1469898475236, 386.3730636939775
328.6616733874292, 695.3391626293925
933.6972622883034, 472.87703953127516
588.6992081451881, 586.3572165349265
417.7032343210422, 766.9036290381893
183.64244572503884, 795.0499514265179

<adjacency matrix with truck distances>
1, 2, 275.0,303.0,1
2, 1, 275.0,303.0,1
1, 3, 493.0,585.0,-1
3, 1, 493.0,585.0,-1
1, 4, 223.0,233.0,-1
4, 1, 223.0,233.0,-1
1, 5, 349.0,489.0,-1
5, 1, 349.0,489.0,-1
1, 6, 585.0,733.0,-1
6, 1, 585.0,733.0,-1
1, 7, 161.0,172.0,-1
7, 1, 161.0,172.0,-1
1, 8, 519.0,553.0,-1
8, 1, 519.0,553.0,-1
1, 9, 673.0,909.0,-1
9, 1, 673.0,909.0,-1
1, 10, 402.0,548.0,-1
10, 1, 402.0,548.0,-1
1, 11, 70.0,96.0,-1
11, 1, 70.0,96.0,-1
1, 12, 275.0,310.0,1
12, 1, 275.0,310.0,1
1, 13, 645.0,692.0,-1
13, 1, 645.0,692.0,-1
1, 14, 340.0,461.0,-1
14, 1, 340.0,461.0,-1
1, 15, 366.0,470.0,-1
15, 1, 366.0,470.0,-1
1, 16, 387.0,479.0,-1
16, 1, 387.0,479.0,-1
1, 1, 0.0,0.0,1
2, 3, 249.0,343.0,-1
3, 2, 249.0,343.0,-1
2, 4, 342.0,475.0,-1
4, 2, 342.0,475.0,-1
2, 5, 257.0,313.0,-1
5, 2, 257.0,313.0,-1
2, 6, 597.0,687.0,1
6, 2, 597.0,687.0,1
2, 7, 433.0,451.0,-1
7, 2, 433.0,451.0,-1
2, 8, 629.0,856.0,-1
8, 2, 629.0,856.0,-1
2, 9, 472.0,667.0,-1
9, 2, 472.0,667.0,-1
2, 10, 569.0,790.0,-1
10, 2, 569.0,790.0,-1
2, 11, 215.0,222.0,1
11, 2, 215.0,222.0,1
2, 12, 383.0,537.0,-1
12, 2, 383.0,537.0,-1
2, 13, 379.0,450.0,1
13, 2, 379.0,450.0,1
2, 14, 195.0,219.0,-1
14, 2, 195.0,219.0,-1
2, 15, 401.0,520.0,-1
15, 2, 401.0,520.0,-1
2, 16, 553.0,782.0,-1
16, 2, 553.0,782.0,-1
2, 2, 0.0,0.0,1
3, 4, 590.0,818.0,-1
4, 3, 590.0,818.0,-1
3, 5, 470.0,655.0,-1
5, 3, 470.0,655.0,-1
3, 6, 549.0,762.0,1
6, 3, 549.0,762.0,1
3, 7, 652.0,757.0,1
7, 3, 652.0,757.0,1
3, 8, 663.0,931.0,1
8, 3, 663.0,931.0,1
3, 9, 239.0,324.0,-1
9, 3, 239.0,324.0,-1
3, 10, 817.0,1133.0,-1
10, 3, 817.0,1133.0,-1
3, 11, 447.0,565.0,-1
11, 3, 447.0,565.0,-1
3, 12, 475.0,612.0,1
12, 3, 475.0,612.0,1
3, 13, 171.0,216.0,-1
13, 3, 171.0,216.0,-1
3, 14, 193.0,243.0,-1
14, 3, 193.0,243.0,-1
3, 15, 428.0,595.0,-1
15, 3, 428.0,595.0,-1
3, 16, 647.0,857.0,1
16, 3, 647.0,857.0,1
3, 3, 0.0,0.0,1
4, 5, 227.0,276.0,-1
5, 4, 227.0,276.0,-1
4, 6, 803.0,965.0,-1
6, 4, 803.0,965.0,-1
4, 7, 259.0,361.0,1
7, 4, 259.0,361.0,1
4, 8, 741.0,766.0,-1
8, 4, 741.0,766.0,-1
4, 9, 809.0,1142.0,-1
9, 4, 809.0,1142.0,-1
4, 10, 228.0,315.0,-1
10, 4, 228.0,315.0,-1
4, 11, 198.0,254.0,-1
11, 4, 198.0,254.0,-1
4, 12, 497.0,542.0,-1
12, 4, 497.0,542.0,-1
4, 13, 707.0,925.0,1
13, 4, 707.0,925.0,1
4, 14, 493.0,693.0,1
14, 4, 493.0,693.0,1
4, 15, 582.0,703.0,-1
15, 4, 582.0,703.0,-1
4, 16, 602.0,692.0,-1
16, 4, 602.0,692.0,-1
4, 4, 0.0,0.0,1
5, 6, 838.0,873.0,-1
6, 5, 838.0,873.0,-1
5, 7, 456.0,637.0,-1
7, 5, 456.0,637.0,-1
5, 8, 834.0,1042.0,1
8, 5, 834.0,1042.0,1
5, 9, 708.0,979.0,-1
9, 5, 708.0,979.0,-1
5, 10, 414.0,478.0,-1
10, 5, 414.0,478.0,-1
5, 11, 286.0,393.0,-1
11, 5, 286.0,393.0,-1
5, 12, 577.0,723.0,-1
12, 5, 577.0,723.0,-1
5, 13, 544.0,762.0,1
13, 5, 544.0,762.0,1
5, 14, 451.0,531.0,-1
14, 5, 451.0,531.0,-1
5, 15, 628.0,705.0,1
15, 5, 628.0,705.0,1
5, 16, 724.0,967.0,1
16, 5, 724.0,967.0,1
5, 5, 0.0,0.0,1
6, 7, 661.0,905.0,-1
7, 6, 661.0,905.0,-1
6, 8, 214.0,251.0,1
8, 6, 214.0,251.0,1
6, 9, 488.0,667.0,-1
9, 6, 488.0,667.0,-1
6, 10, 981.0,1280.0,-1
10, 6, 981.0,1280.0,-1
6, 11, 607.0,712.0,-1
11, 6, 607.0,712.0,-1
6, 12, 318.0,424.0,-1
12, 6, 318.0,424.0,-1
6, 13, 692.0,978.0,-1
13, 6, 692.0,978.0,-1
6, 14, 415.0,519.0,-1
14, 6, 415.0,519.0,-1
6, 15, 221.0,263.0,-1
15, 6, 221.0,263.0,-1
6, 16, 338.0,469.0,-1
16, 6, 338.0,469.0,-1
6, 6, 0.0,0.0,1
7, 8, 544.0,654.0,-1
8, 7, 544.0,654.0,-1
7, 9, 823.0,1081.0,1
9, 7, 823.0,1081.0,1
7, 10, 339.0,376.0,-1
10, 7, 339.0,376.0,-1
7, 11, 220.0,244.0,-1
11, 7, 220.0,244.0,-1
7, 12, 346.0,482.0,1
12, 7, 346.0,482.0,1
7, 13, 806.0,864.0,-1
13, 7, 806.0,864.0,-1
7, 14, 490.0,633.0,1
14, 7, 490.0,633.0,1
7, 15, 457.0,642.0,-1
15, 7, 457.0,642.0,-1
7, 16, 387.0,437.0,1
16, 7, 387.0,437.0,1
7, 7, 0.0,0.0,1
8, 9, 664.0,836.0,-1
9, 8, 664.0,836.0,-1
8, 10, 881.0,1029.0,-1
10, 8, 881.0,1029.0,-1
8, 11, 563.0,649.0,-1
11, 8, 563.0,649.0,-1
8, 12, 257.0,320.0,-1
12, 8, 257.0,320.0,-1
8, 13, 825.0,1147.0,1
13, 8, 825.0,1147.0,1
8, 14, 487.0,689.0,-1
14, 8, 487.0,689.0,-1
8, 15, 239.0,337.0,-1
15, 8, 239.0,337.0,-1
8, 16, 163.0,218.0,-1
16, 8, 163.0,218.0,-1
8, 8, 0.0,0.0,1
9, 10, 1034.0,1456.0,1
10, 9, 1034.0,1456.0,1
9, 11, 642.0,888.0,-1
11, 9, 642.0,888.0,-1
9, 12, 560.0,600.0,1
12, 9, 560.0,600.0,1
9, 13, 269.0,312.0,-1
13, 9, 269.0,312.0,-1
9, 14, 334.0,449.0,-1
14, 9, 334.0,449.0,-1
9, 15, 470.0,499.0,1
15, 9, 470.0,499.0,1
9, 16, 706.0,761.0,1
16, 9, 706.0,761.0,1
9, 9, 0.0,0.0,1
10, 11, 404.0,568.0,-1
11, 10, 404.0,568.0,-1
10, 12, 664.0,857.0,1
12, 10, 664.0,857.0,1
10, 13, 931.0,1240.0,-1
13, 10, 931.0,1240.0,-1
10, 14, 713.0,1008.0,1
14, 10, 713.0,1008.0,1
10, 15, 765.0,1018.0,-1
15, 10, 765.0,1018.0,-1
10, 16, 726.0,812.0,1
16, 10, 726.0,812.0,1
10, 10, 0.0,0.0,1
11, 12, 310.0,330.0,-1
12, 11, 310.0,330.0,-1
11, 13, 591.0,672.0,-1
13, 11, 591.0,672.0,-1
11, 14, 313.0,440.0,1
14, 11, 313.0,440.0,1
11, 15, 387.0,450.0,-1
15, 11, 387.0,450.0,-1
11, 16, 441.0,575.0,1
16, 11, 441.0,575.0,1
11, 11, 0.0,0.0,1
12, 13, 645.0,828.0,-1
13, 12, 645.0,828.0,-1
12, 14, 282.0,370.0,1
14, 12, 282.0,370.0,1
12, 15, 115.0,161.0,1
15, 12, 115.0,161.0,1
12, 16, 176.0,245.0,-1
16, 12, 176.0,245.0,-1
12, 12, 0.0,0.0,1
13, 14, 364.0,459.0,-1
14, 13, 364.0,459.0,-1
13, 15, 594.0,811.0,-1
15, 13, 594.0,811.0,-1
13, 16, 817.0,1073.0,1
16, 13, 817.0,1073.0,1
13, 13, 0.0,0.0,1
14, 15, 249.0,352.0,1
15, 14, 249.0,352.0,1
14, 16, 456.0,614.0,-1
16, 14, 456.0,614.0,-1
14, 14, 0.0,0.0,1
15, 16, 236.0,263.0,-1
16, 15, 236.0,263.0,-1
15, 15, 0.0,0.0,1
16, 16, 0.0,0.0,1


<end>