<number of nodes>
16

<ratio of available edges>
0.3

<max length of the drone flight>
100000 

<D 2/3>
1, 2, 3, 4, 6, 7, 8, 9, 13, 14, 15

<V>
3, 4, 6, 13, 14

<coordinates X,Y>
70.42722232523353, 346.0723356317938
883.9567025624963, 531.9303362184655
524.5306186521074, 399.5790978380187
233.16920185269157, 101.78751490517806
32.20283091354922, 973.506882563835
757.9263250960817, 53.01586114500021
864.6161927693952, 427.46624857809235
797.2103656603463, 124.18977191182084
846.0146812787518, 531.290290874826
197.79486320937824, 961.8891262485491
187.8710576905497, 81.31895740422878
559.4570374468966, 822.5297503789603
102.54777622652851, 994.7462240566136
195.60142378492733, 270.7074062292603
970.0334588770139, 137.41295881118927
846.4582901985291, 327.29368313472975

<adjacency matrix with truck distances>
1, 2, 835.0,1000.0,1
2, 1, 835.0,1000.0,1
1, 3, 458.0,508.0,-1
3, 1, 458.0,508.0,-1
1, 4, 294.0,408.0,1
4, 1, 294.0,408.0,1
1, 5, 629.0,666.0,-1
5, 1, 629.0,666.0,-1
1, 6, 748.0,981.0,-1
6, 1, 748.0,981.0,-1
1, 7, 799.0,876.0,1
7, 1, 799.0,876.0,1
1, 8, 760.0,949.0,-1
8, 1, 760.0,949.0,-1
1, 9, 798.0,961.0,-1
9, 1, 798.0,961.0,-1
1, 10, 629.0,744.0,-1
10, 1, 629.0,744.0,-1
1, 11, 290.0,383.0,-1
11, 1, 290.0,383.0,-1
1, 12, 683.0,966.0,-1
12, 1, 683.0,966.0,-1
1, 13, 650.0,681.0,-1
13, 1, 650.0,681.0,-1
1, 14, 147.0,201.0,-1
14, 1, 147.0,201.0,-1
1, 15, 924.0,1109.0,1
15, 1, 924.0,1109.0,1
1, 16, 777.0,795.0,-1
16, 1, 777.0,795.0,-1
1, 1, 0.0,0.0,1
2, 3, 384.0,492.0,-1
3, 2, 384.0,492.0,-1
2, 4, 781.0,1081.0,-1
4, 2, 781.0,1081.0,-1
2, 5, 960.0,1294.0,-1
5, 2, 960.0,1294.0,-1
2, 6, 496.0,605.0,-1
6, 2, 496.0,605.0,-1
2, 7, 107.0,124.0,1
7, 2, 107.0,124.0,1
2, 8, 417.0,495.0,-1
8, 2, 417.0,495.0,-1
2, 9, 38.0,39.0,-1
9, 2, 38.0,39.0,-1
2, 10, 810.0,1117.0,-1
10, 2, 810.0,1117.0,-1
2, 11, 830.0,1147.0,1
11, 2, 830.0,1147.0,1
2, 12, 436.0,616.0,-1
12, 2, 436.0,616.0,-1
2, 13, 909.0,1245.0,-1
13, 2, 909.0,1245.0,-1
2, 14, 737.0,950.0,-1
14, 2, 737.0,950.0,-1
2, 15, 404.0,481.0,-1
15, 2, 404.0,481.0,-1
2, 16, 209.0,243.0,-1
16, 2, 209.0,243.0,-1
2, 2, 0.0,0.0,1
3, 4, 417.0,590.0,-1
4, 3, 417.0,590.0,-1
3, 5, 757.0,1067.0,1
5, 3, 757.0,1067.0,1
3, 6, 418.0,580.0,-1
6, 3, 418.0,580.0,-1
3, 7, 342.0,368.0,-1
7, 3, 342.0,368.0,-1
3, 8, 388.0,549.0,-1
8, 3, 388.0,549.0,-1
3, 9, 348.0,454.0,-1
9, 3, 348.0,454.0,-1
3, 10, 651.0,890.0,-1
10, 3, 651.0,890.0,-1
3, 11, 464.0,655.0,-1
11, 3, 464.0,655.0,-1
3, 12, 425.0,458.0,-1
12, 3, 425.0,458.0,-1
3, 13, 730.0,1018.0,-1
13, 3, 730.0,1018.0,-1
3, 14, 354.0,458.0,1
14, 3, 354.0,458.0,1
3, 15, 517.0,708.0,1
15, 3, 517.0,708.0,1
3, 16, 330.0,395.0,-1
16, 3, 330.0,395.0,-1
3, 3, 0.0,0.0,1
4, 5, 895.0,1073.0,1
5, 4, 895.0,1073.0,1
4, 6, 528.0,574.0,1
6, 4, 528.0,574.0,1
4, 7, 711.0,958.0,-1
7, 4, 711.0,958.0,-1
4, 8, 565.0,587.0,-1
8, 4, 565.0,587.0,-1
4, 9, 749.0,1043.0,1
9, 4, 749.0,1043.0,1
4, 10, 861.0,896.0,1
10, 4, 861.0,896.0,1
4, 11, 50.0,66.0,-1
11, 4, 50.0,66.0,-1
4, 12, 792.0,1048.0,1
12, 4, 792.0,1048.0,1
4, 13, 903.0,1024.0,-1
13, 4, 903.0,1024.0,-1
4, 14, 174.0,207.0,-1
14, 4, 174.0,207.0,-1
4, 15, 738.0,773.0,-1
15, 4, 738.0,773.0,-1
4, 16, 654.0,839.0,1
16, 4, 654.0,839.0,1
4, 4, 0.0,0.0,1
5, 6, 1173.0,1647.0,-1
6, 5, 1173.0,1647.0,-1
5, 7, 996.0,1379.0,-1
7, 5, 996.0,1379.0,-1
5, 8, 1144.0,1615.0,-1
8, 5, 1144.0,1615.0,-1
5, 9, 927.0,1257.0,1
9, 5, 927.0,1257.0,1
5, 10, 166.0,178.0,-1
10, 5, 166.0,178.0,-1
5, 11, 906.0,1048.0,-1
11, 5, 906.0,1048.0,-1
5, 12, 549.0,679.0,1
12, 5, 549.0,679.0,1
5, 13, 74.0,92.0,-1
13, 5, 74.0,92.0,-1
5, 14, 722.0,867.0,-1
14, 5, 722.0,867.0,-1
5, 15, 1257.0,1774.0,-1
15, 5, 1257.0,1774.0,-1
5, 16, 1040.0,1461.0,1
16, 5, 1040.0,1461.0,1
5, 5, 0.0,0.0,1
6, 7, 390.0,482.0,-1
7, 6, 390.0,482.0,-1
6, 8, 82.0,111.0,-1
8, 6, 82.0,111.0,-1
6, 9, 487.0,567.0,1
9, 6, 487.0,567.0,1
6, 10, 1068.0,1470.0,-1
10, 6, 1068.0,1470.0,-1
6, 11, 571.0,599.0,1
11, 6, 571.0,599.0,1
6, 12, 795.0,968.0,-1
12, 6, 795.0,968.0,-1
6, 13, 1148.0,1598.0,1
13, 6, 1148.0,1598.0,1
6, 14, 603.0,781.0,-1
14, 6, 603.0,781.0,-1
6, 15, 229.0,297.0,1
15, 6, 229.0,297.0,1
6, 16, 289.0,363.0,-1
16, 6, 289.0,363.0,-1
6, 6, 0.0,0.0,1
7, 8, 311.0,371.0,-1
8, 7, 311.0,371.0,-1
7, 9, 106.0,123.0,1
9, 7, 106.0,123.0,1
7, 10, 855.0,1202.0,1
10, 7, 855.0,1202.0,1
7, 11, 761.0,1023.0,-1
11, 7, 761.0,1023.0,-1
7, 12, 500.0,701.0,-1
12, 7, 500.0,701.0,-1
7, 13, 951.0,1330.0,1
13, 7, 951.0,1330.0,1
7, 14, 688.0,826.0,1
14, 7, 688.0,826.0,1
7, 15, 309.0,396.0,-1
15, 7, 309.0,396.0,-1
7, 16, 102.0,119.0,-1
16, 7, 102.0,119.0,-1
7, 7, 0.0,0.0,1
8, 9, 411.0,456.0,-1
9, 8, 411.0,456.0,-1
8, 10, 1031.0,1438.0,1
10, 8, 1031.0,1438.0,1
8, 11, 611.0,653.0,-1
11, 8, 611.0,653.0,-1
8, 12, 738.0,937.0,-1
12, 8, 738.0,937.0,-1
8, 13, 1114.0,1566.0,1
13, 8, 1114.0,1566.0,1
8, 14, 620.0,749.0,1
14, 8, 620.0,749.0,1
8, 15, 174.0,187.0,-1
15, 8, 174.0,187.0,-1
8, 16, 209.0,253.0,-1
16, 8, 209.0,253.0,-1
8, 8, 0.0,0.0,1
9, 10, 779.0,1079.0,-1
10, 9, 779.0,1079.0,-1
9, 11, 798.0,1109.0,1
11, 9, 798.0,1109.0,1
9, 12, 409.0,578.0,-1
12, 9, 409.0,578.0,-1
9, 13, 877.0,1207.0,-1
13, 9, 877.0,1207.0,-1
9, 14, 701.0,911.0,-1
14, 9, 701.0,911.0,-1
9, 15, 413.0,518.0,-1
15, 9, 413.0,518.0,-1
9, 16, 204.0,205.0,1
16, 9, 204.0,205.0,1
9, 9, 0.0,0.0,1
10, 11, 881.0,891.0,-1
11, 10, 881.0,891.0,-1
10, 12, 388.0,502.0,-1
12, 10, 388.0,502.0,-1
10, 13, 101.0,129.0,1
13, 10, 101.0,129.0,1
10, 14, 692.0,694.0,-1
14, 10, 692.0,694.0,-1
10, 15, 1130.0,1597.0,-1
15, 10, 1130.0,1597.0,-1
10, 16, 908.0,1284.0,1
16, 10, 908.0,1284.0,1
10, 10, 0.0,0.0,1
11, 12, 830.0,1113.0,-1
12, 11, 830.0,1113.0,-1
11, 13, 918.0,999.0,-1
13, 11, 918.0,999.0,-1
11, 14, 190.0,198.0,-1
14, 11, 190.0,198.0,-1
11, 15, 785.0,839.0,-1
15, 11, 785.0,839.0,-1
11, 16, 704.0,905.0,-1
16, 11, 704.0,905.0,-1
11, 11, 0.0,0.0,1
12, 13, 489.0,630.0,1
13, 12, 489.0,630.0,1
12, 14, 661.0,916.0,-1
14, 12, 661.0,916.0,-1
12, 15, 799.0,1096.0,-1
15, 12, 799.0,1096.0,-1
12, 16, 573.0,783.0,-1
16, 12, 573.0,783.0,-1
12, 12, 0.0,0.0,1
13, 14, 730.0,818.0,-1
14, 13, 730.0,818.0,-1
13, 15, 1220.0,1725.0,-1
15, 13, 1220.0,1725.0,-1
13, 16, 1000.0,1412.0,-1
16, 13, 1000.0,1412.0,-1
13, 13, 0.0,0.0,1
14, 15, 786.0,908.0,1
15, 14, 786.0,908.0,1
14, 16, 654.0,708.0,-1
16, 14, 654.0,708.0,-1
14, 14, 0.0,0.0,1
15, 16, 227.0,314.0,1
16, 15, 227.0,314.0,1
15, 15, 0.0,0.0,1
16, 16, 0.0,0.0,1


<end>