<number of nodes>
16

<ratio of available edges>
0.3

<max length of the drone flight>
100000 

<D 2/3>
1, 3, 4, 6, 8, 9, 10, 13, 14, 15, 16

<V>
3, 9, 13, 14, 15

<coordinates X,Y>
559.7003835739024, 580.3855676302184
950.8224578333849, 436.83725389635987
477.8769009835458, 914.617080267326
607.0177512036935, 931.6948974376356
780.3546727139766, 145.23594271827665
835.5218839004799, 660.9016135404299
172.76956242631945, 436.71769147524464
310.1055583243748, 407.0145393766218
286.14795411150783, 943.1418950540096
201.60225611298182, 980.1147168637913
249.64517771091377, 375.65899445590867
560.6601953341439, 184.23499724495343
152.03377577759332, 218.8806563588866
946.818956359274, 685.312023177633
584.4134593324826, 108.65989274922713
479.1562972850323, 17.7281602639665

<adjacency matrix with truck distances>
1, 2, 417.0,535.0,-1
2, 1, 417.0,535.0,-1
1, 3, 345.0,417.0,-1
3, 1, 345.0,417.0,-1
1, 4, 355.0,399.0,-1
4, 1, 355.0,399.0,-1
1, 5, 488.0,656.0,1
5, 1, 488.0,656.0,1
1, 6, 288.0,357.0,-1
6, 1, 288.0,357.0,-1
1, 7, 413.0,531.0,1
7, 1, 413.0,531.0,1
1, 8, 304.0,423.0,-1
8, 1, 304.0,423.0,-1
1, 9, 455.0,637.0,1
9, 1, 455.0,637.0,1
1, 10, 537.0,758.0,-1
10, 1, 537.0,758.0,-1
1, 11, 372.0,515.0,1
11, 1, 372.0,515.0,1
1, 12, 397.0,398.0,1
12, 1, 397.0,398.0,1
1, 13, 545.0,770.0,-1
13, 1, 545.0,770.0,-1
1, 14, 402.0,493.0,-1
14, 1, 402.0,493.0,-1
1, 15, 473.0,497.0,-1
15, 1, 473.0,497.0,-1
1, 16, 569.0,644.0,-1
16, 1, 569.0,644.0,-1
1, 1, 0.0,0.0,1
2, 3, 673.0,951.0,1
3, 2, 673.0,951.0,1
2, 4, 603.0,839.0,-1
4, 2, 603.0,839.0,-1
2, 5, 338.0,463.0,-1
5, 2, 338.0,463.0,-1
2, 6, 252.0,340.0,-1
6, 2, 252.0,340.0,-1
2, 7, 779.0,779.0,1
7, 2, 779.0,779.0,1
2, 8, 642.0,671.0,-1
8, 2, 642.0,671.0,-1
2, 9, 836.0,1171.0,-1
9, 2, 836.0,1171.0,-1
2, 10, 926.0,1293.0,-1
10, 2, 926.0,1293.0,-1
2, 11, 704.0,763.0,-1
11, 2, 704.0,763.0,-1
2, 12, 465.0,643.0,-1
12, 2, 465.0,643.0,-1
2, 13, 828.0,1017.0,-1
13, 2, 828.0,1017.0,-1
2, 14, 249.0,253.0,1
14, 2, 249.0,253.0,1
2, 15, 492.0,695.0,-1
15, 2, 492.0,695.0,-1
2, 16, 631.0,891.0,-1
16, 2, 631.0,891.0,-1
2, 2, 0.0,0.0,1
3, 4, 131.0,147.0,-1
4, 3, 131.0,147.0,-1
3, 5, 827.0,1072.0,-1
5, 3, 827.0,1072.0,-1
3, 6, 439.0,612.0,-1
6, 3, 439.0,612.0,-1
3, 7, 567.0,784.0,-1
7, 3, 567.0,784.0,-1
3, 8, 535.0,676.0,-1
8, 3, 535.0,676.0,-1
3, 9, 194.0,221.0,-1
9, 3, 194.0,221.0,-1
3, 10, 284.0,342.0,1
10, 3, 284.0,342.0,1
3, 11, 586.0,768.0,-1
11, 3, 586.0,768.0,-1
3, 12, 736.0,814.0,-1
12, 3, 736.0,814.0,-1
3, 13, 769.0,1022.0,1
13, 3, 769.0,1022.0,1
3, 14, 523.0,699.0,-1
14, 3, 523.0,699.0,-1
3, 15, 813.0,913.0,-1
15, 3, 813.0,913.0,-1
3, 16, 897.0,899.0,-1
16, 3, 897.0,899.0,-1
3, 3, 0.0,0.0,1
4, 5, 806.0,960.0,-1
5, 4, 806.0,960.0,-1
4, 6, 355.0,500.0,1
6, 4, 355.0,500.0,1
4, 7, 659.0,930.0,1
7, 4, 659.0,930.0,1
4, 8, 603.0,822.0,-1
8, 4, 603.0,822.0,-1
4, 9, 322.0,333.0,1
9, 4, 322.0,333.0,1
4, 10, 409.0,454.0,1
10, 4, 409.0,454.0,1
4, 11, 661.0,914.0,1
11, 4, 661.0,914.0,1
4, 12, 749.0,794.0,1
12, 4, 749.0,794.0,1
4, 13, 846.0,1168.0,-1
13, 4, 846.0,1168.0,-1
4, 14, 420.0,587.0,1
14, 4, 420.0,587.0,1
4, 15, 824.0,846.0,-1
15, 4, 824.0,846.0,-1
4, 16, 923.0,1042.0,-1
16, 4, 923.0,1042.0,-1
4, 4, 0.0,0.0,1
5, 6, 519.0,571.0,-1
6, 5, 519.0,571.0,-1
5, 7, 674.0,900.0,-1
7, 5, 674.0,900.0,-1
5, 8, 539.0,733.0,-1
8, 5, 539.0,733.0,-1
5, 9, 939.0,1293.0,-1
9, 5, 939.0,1293.0,-1
5, 10, 1016.0,1414.0,-1
10, 5, 1016.0,1414.0,-1
5, 11, 579.0,762.0,-1
11, 5, 579.0,762.0,-1
5, 12, 224.0,259.0,-1
12, 5, 224.0,259.0,-1
5, 13, 633.0,702.0,-1
13, 5, 633.0,702.0,-1
5, 14, 566.0,707.0,-1
14, 5, 566.0,707.0,-1
5, 15, 200.0,233.0,-1
15, 5, 200.0,233.0,-1
5, 16, 328.0,429.0,-1
16, 5, 328.0,429.0,-1
5, 5, 0.0,0.0,1
6, 7, 700.0,887.0,1
7, 6, 700.0,887.0,1
6, 8, 584.0,780.0,1
8, 6, 584.0,780.0,1
6, 9, 618.0,832.0,-1
9, 6, 618.0,832.0,-1
6, 10, 710.0,954.0,-1
10, 6, 710.0,954.0,-1
6, 11, 652.0,872.0,1
11, 6, 652.0,872.0,1
6, 12, 551.0,752.0,1
12, 6, 551.0,752.0,1
6, 13, 814.0,1126.0,-1
13, 6, 814.0,1126.0,-1
6, 14, 114.0,136.0,-1
14, 6, 114.0,136.0,-1
6, 15, 607.0,804.0,-1
15, 6, 607.0,804.0,-1
6, 16, 736.0,1000.0,-1
16, 6, 736.0,1000.0,-1
6, 6, 0.0,0.0,1
7, 8, 141.0,168.0,-1
8, 7, 141.0,168.0,-1
7, 9, 519.0,620.0,-1
9, 7, 519.0,620.0,-1
7, 10, 545.0,573.0,1
10, 7, 545.0,573.0,1
7, 11, 99.0,138.0,1
11, 7, 99.0,138.0,1
7, 12, 463.0,641.0,1
12, 7, 463.0,641.0,1
7, 13, 219.0,239.0,-1
13, 7, 219.0,239.0,-1
7, 14, 813.0,1023.0,-1
14, 7, 813.0,1023.0,-1
7, 15, 527.0,740.0,-1
15, 7, 527.0,740.0,-1
7, 16, 520.0,726.0,-1
16, 7, 520.0,726.0,-1
7, 7, 0.0,0.0,1
8, 9, 537.0,561.0,-1
9, 8, 537.0,561.0,-1
8, 10, 584.0,682.0,1
10, 8, 584.0,682.0,1
8, 11, 69.0,92.0,1
11, 8, 69.0,92.0,1
8, 12, 336.0,474.0,1
12, 8, 336.0,474.0,1
8, 13, 246.0,347.0,-1
13, 8, 246.0,347.0,-1
8, 14, 695.0,916.0,-1
14, 8, 695.0,916.0,-1
8, 15, 406.0,573.0,1
15, 8, 406.0,573.0,1
8, 16, 425.0,559.0,-1
16, 8, 425.0,559.0,-1
8, 8, 0.0,0.0,1
9, 10, 93.0,122.0,-1
10, 9, 93.0,122.0,-1
9, 11, 569.0,604.0,-1
11, 9, 569.0,604.0,-1
9, 12, 808.0,1034.0,-1
12, 9, 808.0,1034.0,-1
9, 13, 737.0,859.0,1
13, 9, 737.0,859.0,1
9, 14, 710.0,919.0,-1
14, 9, 710.0,919.0,-1
9, 15, 887.0,1133.0,-1
15, 9, 887.0,1133.0,-1
9, 16, 946.0,1119.0,-1
16, 9, 946.0,1119.0,-1
9, 9, 0.0,0.0,1
10, 11, 607.0,653.0,-1
11, 10, 607.0,653.0,-1
10, 12, 874.0,1155.0,-1
12, 10, 874.0,1155.0,-1
10, 13, 763.0,811.0,-1
13, 10, 763.0,811.0,-1
10, 14, 802.0,1041.0,-1
14, 10, 802.0,1041.0,-1
10, 15, 952.0,1255.0,1
15, 10, 952.0,1255.0,1
10, 16, 1002.0,1240.0,-1
16, 10, 1002.0,1240.0,-1
10, 10, 0.0,0.0,1
11, 12, 366.0,503.0,-1
12, 11, 366.0,503.0,-1
11, 13, 185.0,255.0,-1
13, 11, 185.0,255.0,-1
11, 14, 763.0,1007.0,-1
14, 11, 763.0,1007.0,-1
11, 15, 429.0,602.0,1
15, 11, 429.0,602.0,1
11, 16, 426.0,588.0,-1
16, 11, 426.0,588.0,-1
11, 11, 0.0,0.0,1
12, 13, 411.0,444.0,1
13, 12, 411.0,444.0,1
12, 14, 633.0,888.0,1
14, 12, 633.0,888.0,1
12, 15, 80.0,100.0,-1
15, 12, 80.0,100.0,-1
12, 16, 186.0,249.0,-1
16, 12, 186.0,249.0,-1
12, 12, 0.0,0.0,1
13, 14, 922.0,1262.0,1
14, 13, 922.0,1262.0,1
13, 15, 447.0,543.0,1
15, 13, 447.0,543.0,1
13, 16, 385.0,529.0,-1
16, 13, 385.0,529.0,-1
13, 13, 0.0,0.0,1
14, 15, 682.0,940.0,-1
15, 14, 682.0,940.0,-1
14, 16, 816.0,1136.0,1
16, 14, 816.0,1136.0,1
14, 14, 0.0,0.0,1
15, 16, 140.0,197.0,-1
16, 15, 140.0,197.0,-1
15, 15, 0.0,0.0,1
16, 16, 0.0,0.0,1


<end>