<number of nodes>
16

<ratio of available edges>
0.3

<max length of the drone flight>
100000 

<D 2/3>
1, 3, 4, 5, 6, 7, 8, 10, 11, 13, 15

<V>
3, 5, 6, 7, 15

<coordinates X,Y>
671.7114072506288, 684.6888120171677
613.017863063831, 549.7229472267396
713.3490715507653, 586.880822989701
553.3331995008751, 210.28924167540427
844.6004024027095, 965.463076034541
758.2272278804065, 86.11198127420234
678.2077591671491, 277.34471611953103
919.5101868896312, 330.48404460205074
107.11108344259867, 843.8274038764391
364.11242590373126, 393.76585138633567
735.5641298176838, 575.3776330146286
964.5644977038111, 272.2346464365544
476.1136972849309, 265.1981703676543
618.6334361508734, 274.51797862927003
206.36952974030933, 388.31643726605364
685.3876362111268, 734.4593294626983

<adjacency matrix with truck distances>
1, 2, 148.0,194.0,-1
2, 1, 148.0,194.0,-1
1, 3, 107.0,140.0,-1
3, 1, 107.0,140.0,-1
1, 4, 489.0,593.0,-1
4, 1, 489.0,593.0,-1
1, 5, 330.0,454.0,1
5, 1, 330.0,454.0,1
1, 6, 605.0,686.0,1
6, 1, 605.0,686.0,1
1, 7, 408.0,414.0,1
7, 1, 408.0,414.0,1
1, 8, 433.0,603.0,-1
8, 1, 433.0,603.0,-1
1, 9, 587.0,724.0,-1
9, 1, 587.0,724.0,-1
1, 10, 424.0,599.0,1
10, 1, 424.0,599.0,1
1, 11, 127.0,174.0,-1
11, 1, 127.0,174.0,-1
1, 12, 506.0,706.0,-1
12, 1, 506.0,706.0,-1
1, 13, 463.0,616.0,1
13, 1, 463.0,616.0,1
1, 14, 414.0,464.0,1
14, 1, 414.0,464.0,1
1, 15, 552.0,762.0,-1
15, 1, 552.0,762.0,-1
1, 16, 52.0,64.0,-1
16, 1, 52.0,64.0,-1
1, 1, 0.0,0.0,1
2, 3, 107.0,138.0,1
3, 2, 107.0,138.0,1
2, 4, 345.0,400.0,-1
4, 2, 345.0,400.0,-1
2, 5, 476.0,648.0,-1
5, 2, 476.0,648.0,-1
2, 6, 486.0,609.0,1
6, 2, 486.0,609.0,1
2, 7, 281.0,338.0,-1
7, 2, 281.0,338.0,-1
2, 8, 377.0,526.0,-1
8, 2, 377.0,526.0,-1
2, 9, 586.0,801.0,-1
9, 2, 586.0,801.0,-1
2, 10, 294.0,405.0,-1
10, 2, 294.0,405.0,-1
2, 11, 126.0,149.0,1
11, 2, 126.0,149.0,1
2, 12, 448.0,630.0,-1
12, 2, 448.0,630.0,-1
2, 13, 316.0,422.0,-1
13, 2, 316.0,422.0,-1
2, 14, 276.0,281.0,-1
14, 2, 276.0,281.0,-1
2, 15, 438.0,569.0,-1
15, 2, 438.0,569.0,-1
2, 16, 199.0,258.0,-1
16, 2, 199.0,258.0,-1
2, 2, 0.0,0.0,1
3, 4, 410.0,537.0,-1
4, 3, 410.0,537.0,-1
3, 5, 401.0,510.0,-1
5, 3, 401.0,510.0,-1
3, 6, 503.0,546.0,-1
6, 3, 503.0,546.0,-1
3, 7, 312.0,345.0,-1
7, 3, 312.0,345.0,-1
3, 8, 330.0,463.0,-1
8, 3, 330.0,463.0,-1
3, 9, 659.0,864.0,-1
9, 3, 659.0,864.0,-1
3, 10, 400.0,543.0,1
10, 3, 400.0,543.0,1
3, 11, 26.0,34.0,-1
11, 3, 26.0,34.0,-1
3, 12, 403.0,566.0,-1
12, 3, 403.0,566.0,-1
3, 13, 400.0,559.0,1
13, 3, 400.0,559.0,1
3, 14, 327.0,408.0,-1
14, 3, 327.0,408.0,-1
3, 15, 545.0,706.0,1
15, 3, 545.0,706.0,1
3, 16, 151.0,176.0,-1
16, 3, 151.0,176.0,-1
3, 3, 0.0,0.0,1
4, 5, 810.0,1047.0,-1
5, 4, 810.0,1047.0,-1
4, 6, 240.0,330.0,1
6, 4, 240.0,330.0,1
4, 7, 142.0,192.0,-1
7, 4, 142.0,192.0,-1
4, 8, 386.0,487.0,1
8, 4, 386.0,487.0,1
4, 9, 775.0,1080.0,1
9, 4, 775.0,1080.0,1
4, 10, 264.0,373.0,-1
10, 4, 264.0,373.0,-1
4, 11, 409.0,548.0,-1
11, 4, 409.0,548.0,-1
4, 12, 416.0,474.0,-1
12, 4, 416.0,474.0,-1
4, 13, 95.0,133.0,-1
13, 4, 95.0,133.0,-1
4, 14, 92.0,130.0,-1
14, 4, 92.0,130.0,-1
4, 15, 390.0,525.0,-1
15, 4, 390.0,525.0,-1
4, 16, 541.0,657.0,-1
16, 4, 541.0,657.0,-1
4, 4, 0.0,0.0,1
5, 6, 884.0,966.0,-1
6, 5, 884.0,966.0,-1
5, 7, 708.0,855.0,1
7, 5, 708.0,855.0,1
5, 8, 640.0,710.0,-1
8, 5, 640.0,710.0,-1
5, 9, 748.0,860.0,1
9, 5, 748.0,860.0,1
5, 10, 747.0,1053.0,-1
10, 5, 747.0,1053.0,-1
5, 11, 406.0,500.0,-1
11, 5, 406.0,500.0,-1
5, 12, 704.0,814.0,-1
12, 5, 704.0,814.0,-1
5, 13, 792.0,1069.0,-1
13, 5, 792.0,1069.0,-1
5, 14, 727.0,917.0,-1
14, 5, 727.0,917.0,-1
5, 15, 861.0,1216.0,-1
15, 5, 861.0,1216.0,-1
5, 16, 281.0,391.0,-1
16, 5, 281.0,391.0,-1
5, 5, 0.0,0.0,1
6, 7, 208.0,272.0,1
7, 6, 208.0,272.0,1
6, 8, 293.0,406.0,1
8, 6, 293.0,406.0,1
6, 9, 1000.0,1409.0,-1
9, 6, 1000.0,1409.0,-1
6, 10, 500.0,702.0,-1
10, 6, 500.0,702.0,-1
6, 11, 490.0,512.0,1
11, 6, 490.0,512.0,1
6, 12, 278.0,393.0,1
12, 6, 278.0,393.0,1
6, 13, 335.0,462.0,-1
13, 6, 335.0,462.0,-1
6, 14, 235.0,328.0,1
14, 6, 235.0,328.0,1
6, 15, 630.0,855.0,1
15, 6, 630.0,855.0,1
6, 16, 653.0,722.0,-1
16, 6, 653.0,722.0,-1
6, 6, 0.0,0.0,1
7, 8, 248.0,295.0,1
8, 7, 248.0,295.0,1
7, 9, 805.0,1138.0,-1
9, 7, 805.0,1138.0,-1
7, 10, 335.0,431.0,-1
10, 7, 335.0,431.0,-1
7, 11, 304.0,356.0,-1
11, 7, 304.0,356.0,-1
7, 12, 287.0,292.0,-1
12, 7, 287.0,292.0,-1
7, 13, 203.0,215.0,-1
13, 7, 203.0,215.0,-1
7, 14, 60.0,63.0,-1
14, 7, 60.0,63.0,-1
7, 15, 485.0,583.0,-1
15, 7, 485.0,583.0,-1
7, 16, 458.0,465.0,-1
16, 7, 458.0,465.0,-1
7, 7, 0.0,0.0,1
8, 9, 961.0,1326.0,1
9, 8, 961.0,1326.0,1
8, 10, 559.0,619.0,-1
10, 8, 559.0,619.0,-1
8, 11, 307.0,429.0,-1
11, 8, 307.0,429.0,-1
8, 12, 74.0,104.0,1
12, 8, 74.0,104.0,1
8, 13, 449.0,509.0,1
13, 8, 449.0,509.0,1
8, 14, 307.0,357.0,-1
14, 8, 307.0,357.0,-1
8, 15, 716.0,771.0,-1
15, 8, 716.0,771.0,-1
8, 16, 467.0,639.0,-1
16, 8, 467.0,639.0,-1
8, 8, 0.0,0.0,1
9, 10, 519.0,708.0,-1
10, 9, 519.0,708.0,-1
9, 11, 684.0,897.0,1
11, 9, 684.0,897.0,1
9, 12, 1031.0,1430.0,1
12, 9, 1031.0,1430.0,1
9, 13, 687.0,948.0,-1
13, 9, 687.0,948.0,-1
9, 14, 766.0,1081.0,-1
14, 9, 766.0,1081.0,-1
9, 15, 467.0,555.0,-1
15, 9, 467.0,555.0,-1
9, 16, 589.0,688.0,-1
16, 9, 589.0,688.0,-1
9, 9, 0.0,0.0,1
10, 11, 414.0,554.0,1
11, 10, 414.0,554.0,1
10, 12, 613.0,722.0,1
12, 10, 613.0,722.0,1
10, 13, 171.0,241.0,1
13, 10, 171.0,241.0,1
10, 14, 282.0,374.0,1
14, 10, 282.0,374.0,1
10, 15, 158.0,164.0,-1
15, 10, 158.0,164.0,-1
10, 16, 469.0,662.0,1
16, 10, 469.0,662.0,1
10, 10, 0.0,0.0,1
11, 12, 380.0,533.0,-1
12, 11, 380.0,533.0,-1
11, 13, 405.0,570.0,-1
13, 11, 405.0,570.0,-1
11, 14, 323.0,418.0,-1
14, 11, 323.0,418.0,-1
11, 15, 562.0,717.0,-1
15, 11, 562.0,717.0,-1
11, 16, 167.0,210.0,-1
16, 11, 167.0,210.0,-1
11, 11, 0.0,0.0,1
12, 13, 489.0,496.0,-1
13, 12, 489.0,496.0,-1
12, 14, 346.0,349.0,-1
14, 12, 346.0,349.0,-1
12, 15, 768.0,875.0,-1
15, 12, 768.0,875.0,-1
12, 16, 540.0,742.0,-1
16, 12, 540.0,742.0,-1
12, 12, 0.0,0.0,1
13, 14, 143.0,152.0,-1
14, 13, 143.0,152.0,-1
13, 15, 297.0,393.0,1
15, 13, 297.0,393.0,1
13, 16, 514.0,679.0,-1
16, 13, 514.0,679.0,-1
13, 13, 0.0,0.0,1
14, 15, 428.0,527.0,-1
15, 14, 428.0,527.0,-1
14, 16, 465.0,527.0,1
16, 14, 465.0,527.0,1
14, 14, 0.0,0.0,1
15, 16, 591.0,826.0,-1
16, 15, 591.0,826.0,-1
15, 15, 0.0,0.0,1
16, 16, 0.0,0.0,1


<end>