<number of nodes>
16

<ratio of available edges>
0.3

<max length of the drone flight>
100000 

<D 2/3>
1, 2, 3, 4, 7, 8, 9, 13, 14, 15, 16

<V>
4, 9, 13, 14, 16

<coordinates X,Y>
840.2694968816874, 944.6358481315656
676.5178632246949, 552.2263558523691
594.9258957887849, 862.2089656254828
335.0981564195723, 275.113413842567
389.9281521115707, 440.050121357766
38.05608519137821, 883.8592096937357
390.68251503242516, 471.1931756192602
979.9423543979075, 996.5018811982322
688.2920819475503, 420.05799654121137
6.995080068464605, 582.2510997884573
367.34038870129456, 495.78593603343023
629.0192326723115, 756.8013476882394
687.127511197165, 183.21822497200927
150.37218973890631, 486.2253816700133
817.3053812289126, 785.3891398969963
124.72612876520073, 844.2505743497371

<adjacency matrix with truck distances>
1, 2, 426.0,557.0,-1
2, 1, 426.0,557.0,-1
1, 3, 259.0,328.0,-1
3, 1, 259.0,328.0,-1
1, 4, 839.0,1175.0,-1
4, 1, 839.0,1175.0,-1
1, 5, 677.0,955.0,1
5, 1, 677.0,955.0,1
1, 6, 805.0,863.0,1
6, 1, 805.0,863.0,1
1, 7, 653.0,924.0,-1
7, 1, 653.0,924.0,-1
1, 8, 149.0,192.0,-1
8, 1, 149.0,192.0,-1
1, 9, 547.0,677.0,-1
9, 1, 547.0,677.0,-1
1, 10, 909.0,1196.0,-1
10, 1, 909.0,1196.0,-1
1, 11, 653.0,922.0,-1
11, 1, 653.0,922.0,-1
1, 12, 283.0,400.0,-1
12, 1, 283.0,400.0,-1
1, 13, 777.0,915.0,-1
13, 1, 777.0,915.0,-1
1, 14, 829.0,1149.0,1
14, 1, 829.0,1149.0,1
1, 15, 161.0,183.0,1
15, 1, 161.0,183.0,1
1, 16, 723.0,816.0,1
16, 1, 723.0,816.0,1
1, 1, 0.0,0.0,1
2, 3, 321.0,392.0,1
3, 2, 321.0,392.0,1
2, 4, 440.0,619.0,-1
4, 2, 440.0,619.0,-1
2, 5, 308.0,399.0,-1
5, 2, 308.0,399.0,-1
2, 6, 720.0,971.0,-1
6, 2, 720.0,971.0,-1
2, 7, 298.0,367.0,1
7, 2, 298.0,367.0,1
2, 8, 539.0,748.0,-1
8, 2, 539.0,748.0,-1
2, 9, 133.0,144.0,-1
9, 2, 133.0,144.0,-1
2, 10, 671.0,700.0,-1
10, 2, 671.0,700.0,-1
2, 11, 315.0,366.0,-1
11, 2, 315.0,366.0,-1
2, 12, 211.0,253.0,-1
12, 2, 211.0,253.0,-1
2, 13, 370.0,380.0,-1
13, 2, 370.0,380.0,-1
2, 14, 531.0,593.0,1
14, 2, 531.0,593.0,1
2, 15, 273.0,374.0,-1
15, 2, 273.0,374.0,-1
2, 16, 625.0,844.0,-1
16, 2, 625.0,844.0,-1
2, 2, 0.0,0.0,1
3, 4, 643.0,847.0,-1
4, 3, 643.0,847.0,-1
3, 5, 470.0,628.0,-1
5, 3, 470.0,628.0,-1
3, 6, 558.0,579.0,1
6, 3, 558.0,579.0,1
3, 7, 442.0,596.0,-1
7, 3, 442.0,596.0,-1
3, 8, 408.0,520.0,1
8, 3, 408.0,520.0,1
3, 9, 452.0,536.0,-1
9, 3, 452.0,536.0,-1
3, 10, 652.0,868.0,1
10, 3, 652.0,868.0,1
3, 11, 432.0,595.0,-1
11, 3, 432.0,595.0,-1
3, 12, 111.0,140.0,-1
12, 3, 111.0,140.0,-1
3, 13, 686.0,772.0,-1
13, 3, 686.0,772.0,-1
3, 14, 583.0,821.0,-1
14, 3, 583.0,821.0,-1
3, 15, 236.0,300.0,1
15, 3, 236.0,300.0,1
3, 16, 471.0,489.0,1
16, 3, 471.0,489.0,1
3, 3, 0.0,0.0,1
4, 5, 174.0,220.0,1
5, 4, 174.0,220.0,1
4, 6, 678.0,906.0,-1
6, 4, 678.0,906.0,-1
4, 7, 204.0,252.0,1
7, 4, 204.0,252.0,1
4, 8, 968.0,1367.0,1
8, 4, 968.0,1367.0,1
4, 9, 382.0,499.0,-1
9, 4, 382.0,499.0,-1
4, 10, 450.0,636.0,-1
10, 4, 450.0,636.0,-1
4, 11, 224.0,253.0,1
11, 4, 224.0,253.0,1
4, 12, 565.0,776.0,1
12, 4, 565.0,776.0,1
4, 13, 364.0,444.0,-1
13, 4, 364.0,444.0,-1
4, 14, 281.0,396.0,-1
14, 4, 281.0,396.0,-1
4, 15, 703.0,993.0,-1
15, 4, 703.0,993.0,-1
4, 16, 607.0,780.0,-1
16, 4, 607.0,780.0,-1
4, 4, 0.0,0.0,1
5, 6, 567.0,796.0,1
6, 5, 567.0,796.0,1
5, 7, 32.0,32.0,1
7, 5, 32.0,32.0,1
5, 8, 812.0,1147.0,-1
8, 5, 812.0,1147.0,-1
5, 9, 300.0,319.0,-1
9, 5, 300.0,319.0,-1
5, 10, 409.0,526.0,-1
10, 5, 409.0,526.0,-1
5, 11, 61.0,79.0,-1
11, 5, 61.0,79.0,-1
5, 12, 397.0,556.0,-1
12, 5, 397.0,556.0,-1
5, 13, 393.0,555.0,1
13, 5, 393.0,555.0,1
5, 14, 244.0,286.0,-1
14, 5, 244.0,286.0,-1
5, 15, 550.0,773.0,-1
15, 5, 550.0,773.0,-1
5, 16, 484.0,670.0,-1
16, 5, 484.0,670.0,-1
5, 5, 0.0,0.0,1
6, 7, 543.0,766.0,-1
7, 6, 543.0,766.0,-1
6, 8, 949.0,1055.0,-1
8, 6, 949.0,1055.0,-1
6, 9, 799.0,1115.0,1
9, 6, 799.0,1115.0,1
6, 10, 304.0,333.0,-1
10, 6, 304.0,333.0,-1
6, 11, 509.0,718.0,1
11, 6, 509.0,718.0,1
6, 12, 605.0,719.0,-1
12, 6, 605.0,719.0,-1
6, 13, 956.0,1350.0,1
13, 6, 956.0,1350.0,1
6, 14, 414.0,510.0,-1
14, 6, 414.0,510.0,-1
6, 15, 786.0,878.0,1
15, 6, 786.0,878.0,1
6, 16, 96.0,127.0,-1
16, 6, 96.0,127.0,-1
6, 6, 0.0,0.0,1
7, 8, 790.0,1115.0,-1
8, 7, 790.0,1115.0,-1
7, 9, 302.0,349.0,1
9, 7, 302.0,349.0,1
7, 10, 400.0,495.0,-1
10, 7, 400.0,495.0,-1
7, 11, 34.0,48.0,-1
11, 7, 34.0,48.0,-1
7, 12, 372.0,524.0,-1
12, 7, 372.0,524.0,-1
7, 13, 414.0,585.0,-1
13, 7, 414.0,585.0,-1
7, 14, 241.0,256.0,-1
14, 7, 241.0,256.0,-1
7, 15, 530.0,741.0,-1
15, 7, 530.0,741.0,-1
7, 16, 459.0,640.0,-1
16, 7, 459.0,640.0,-1
7, 7, 0.0,0.0,1
8, 9, 647.0,869.0,-1
9, 8, 647.0,869.0,-1
8, 10, 1058.0,1388.0,1
10, 8, 1058.0,1388.0,1
8, 11, 792.0,1114.0,-1
11, 8, 792.0,1114.0,-1
8, 12, 425.0,591.0,-1
12, 8, 425.0,591.0,-1
8, 13, 865.0,1107.0,-1
13, 8, 865.0,1107.0,-1
8, 14, 974.0,1340.0,-1
14, 8, 974.0,1340.0,-1
8, 15, 267.0,374.0,1
15, 8, 267.0,374.0,1
8, 16, 869.0,1008.0,-1
16, 8, 869.0,1008.0,-1
8, 8, 0.0,0.0,1
9, 10, 701.0,844.0,-1
10, 9, 701.0,844.0,-1
9, 11, 330.0,397.0,-1
11, 9, 330.0,397.0,-1
9, 12, 342.0,397.0,-1
12, 9, 342.0,397.0,-1
9, 13, 237.0,239.0,-1
13, 9, 237.0,239.0,-1
9, 14, 542.0,605.0,-1
14, 9, 542.0,605.0,-1
9, 15, 388.0,495.0,-1
15, 9, 388.0,495.0,-1
9, 16, 706.0,988.0,-1
16, 9, 706.0,988.0,-1
9, 9, 0.0,0.0,1
10, 11, 371.0,447.0,-1
11, 10, 371.0,447.0,-1
10, 12, 647.0,797.0,1
12, 10, 647.0,797.0,1
10, 13, 789.0,1080.0,-1
13, 10, 789.0,1080.0,-1
10, 14, 173.0,240.0,-1
14, 10, 173.0,240.0,-1
10, 15, 836.0,1014.0,1
15, 10, 836.0,1014.0,1
10, 16, 288.0,380.0,-1
16, 10, 288.0,380.0,-1
10, 10, 0.0,0.0,1
11, 12, 370.0,523.0,-1
12, 11, 370.0,523.0,-1
11, 13, 448.0,633.0,1
13, 11, 448.0,633.0,1
11, 14, 218.0,227.0,1
14, 11, 218.0,227.0,1
11, 15, 536.0,740.0,-1
15, 11, 536.0,740.0,-1
11, 16, 425.0,592.0,1
16, 11, 425.0,592.0,1
11, 11, 0.0,0.0,1
12, 13, 577.0,632.0,-1
13, 12, 577.0,632.0,-1
12, 14, 550.0,750.0,-1
14, 12, 550.0,750.0,-1
12, 15, 191.0,217.0,-1
15, 12, 191.0,217.0,-1
12, 16, 512.0,592.0,-1
16, 12, 512.0,592.0,-1
12, 12, 0.0,0.0,1
13, 14, 617.0,840.0,-1
14, 13, 617.0,840.0,-1
13, 15, 617.0,733.0,-1
15, 13, 617.0,733.0,-1
13, 16, 868.0,1224.0,1
16, 13, 868.0,1224.0,1
13, 13, 0.0,0.0,1
14, 15, 731.0,967.0,1
15, 14, 731.0,967.0,1
14, 16, 359.0,384.0,-1
16, 14, 359.0,384.0,-1
14, 14, 0.0,0.0,1
15, 16, 696.0,752.0,1
16, 15, 696.0,752.0,1
15, 15, 0.0,0.0,1
16, 16, 0.0,0.0,1


<end>