<number of nodes>
16

<ratio of available edges>
0.3

<max length of the drone flight>
100000 

<D 2/3>
1, 3, 4, 5, 6, 8, 9, 11, 13, 14, 16

<V>
6, 8, 13, 14, 16

<coordinates X,Y>
581.883767063379, 162.70200590053207
570.9290355258297, 989.1793189593036
505.8354843226876, 641.7962231303404
454.57569632043794, 948.4820837911977
907.8319947578362, 322.5561833187739
924.9098280582359, 208.89325714460867
868.8777209762748, 726.0527457846059
107.893014720909, 831.8298182527047
213.69303508001556, 758.9084243239514
103.2721459430532, 94.44972538981385
777.9608379563896, 50.08621149731516
952.8558370378544, 725.4335505885053
793.7925674626836, 452.22775062418134
196.93276648269617, 876.4537173268262
313.33039728335626, 47.21684224007432
507.6120756662446, 837.7768543899306

<adjacency matrix with truck distances>
1, 2, 827.0,838.0,-1
2, 1, 827.0,838.0,-1
1, 3, 486.0,556.0,1
3, 1, 486.0,556.0,1
1, 4, 797.0,914.0,1
4, 1, 797.0,914.0,1
1, 5, 364.0,486.0,-1
5, 1, 364.0,486.0,-1
1, 6, 347.0,390.0,-1
6, 1, 347.0,390.0,-1
1, 7, 633.0,851.0,-1
7, 1, 633.0,851.0,-1
1, 8, 820.0,1144.0,1
8, 1, 820.0,1144.0,1
1, 9, 701.0,965.0,-1
9, 1, 701.0,965.0,-1
1, 10, 484.0,547.0,-1
10, 1, 484.0,547.0,-1
1, 11, 227.0,309.0,-1
11, 1, 227.0,309.0,-1
1, 12, 675.0,934.0,-1
12, 1, 675.0,934.0,-1
1, 13, 359.0,502.0,1
13, 1, 359.0,502.0,1
1, 14, 811.0,1099.0,1
14, 1, 811.0,1099.0,1
1, 15, 293.0,385.0,-1
15, 1, 293.0,385.0,-1
1, 16, 680.0,750.0,-1
16, 1, 680.0,750.0,-1
1, 1, 0.0,0.0,1
2, 3, 354.0,413.0,-1
3, 2, 354.0,413.0,-1
2, 4, 124.0,158.0,-1
4, 2, 124.0,158.0,-1
2, 5, 747.0,1004.0,-1
5, 2, 747.0,1004.0,-1
2, 6, 857.0,1135.0,-1
6, 2, 857.0,1135.0,-1
2, 7, 398.0,562.0,1
7, 2, 398.0,562.0,1
2, 8, 490.0,621.0,1
8, 2, 490.0,621.0,1
2, 9, 426.0,588.0,-1
9, 2, 426.0,588.0,-1
2, 10, 1010.0,1363.0,-1
10, 2, 1010.0,1363.0,-1
2, 11, 962.0,1147.0,-1
11, 2, 962.0,1147.0,-1
2, 12, 465.0,646.0,-1
12, 2, 465.0,646.0,-1
2, 13, 582.0,760.0,-1
13, 2, 582.0,760.0,-1
2, 14, 391.0,487.0,1
14, 2, 391.0,487.0,1
2, 15, 977.0,1200.0,-1
15, 2, 977.0,1200.0,-1
2, 16, 165.0,215.0,1
16, 2, 165.0,215.0,1
2, 2, 0.0,0.0,1
3, 4, 311.0,358.0,-1
4, 3, 311.0,358.0,-1
3, 5, 514.0,722.0,1
5, 3, 514.0,722.0,1
3, 6, 603.0,852.0,-1
6, 3, 603.0,852.0,-1
3, 7, 373.0,448.0,-1
7, 3, 373.0,448.0,-1
3, 8, 441.0,588.0,-1
8, 3, 441.0,588.0,-1
3, 9, 315.0,410.0,-1
9, 3, 315.0,410.0,-1
3, 10, 680.0,950.0,-1
10, 3, 680.0,950.0,-1
3, 11, 652.0,864.0,-1
11, 3, 652.0,864.0,-1
3, 12, 455.0,531.0,-1
12, 3, 455.0,531.0,-1
3, 13, 345.0,478.0,1
13, 3, 345.0,478.0,1
3, 14, 388.0,544.0,1
14, 3, 388.0,544.0,1
3, 15, 625.0,788.0,1
15, 3, 625.0,788.0,1
3, 16, 196.0,198.0,-1
16, 3, 196.0,198.0,-1
3, 3, 0.0,0.0,1
4, 5, 773.0,1080.0,-1
5, 4, 773.0,1080.0,-1
4, 6, 877.0,1210.0,1
6, 4, 877.0,1210.0,1
4, 7, 471.0,637.0,1
7, 4, 471.0,637.0,1
4, 8, 366.0,464.0,1
8, 4, 366.0,464.0,1
4, 9, 307.0,431.0,-1
9, 4, 307.0,431.0,-1
4, 10, 924.0,1206.0,-1
10, 4, 924.0,1206.0,-1
4, 11, 955.0,1222.0,1
11, 4, 955.0,1222.0,1
4, 12, 546.0,722.0,-1
12, 4, 546.0,722.0,-1
4, 13, 602.0,836.0,-1
13, 4, 602.0,836.0,-1
4, 14, 268.0,330.0,-1
14, 4, 268.0,330.0,-1
4, 15, 913.0,1043.0,-1
15, 4, 913.0,1043.0,-1
4, 16, 123.0,164.0,-1
16, 4, 123.0,164.0,-1
4, 4, 0.0,0.0,1
5, 6, 115.0,131.0,1
6, 5, 115.0,131.0,1
5, 7, 406.0,443.0,-1
7, 5, 406.0,443.0,-1
5, 8, 949.0,1310.0,-1
8, 5, 949.0,1310.0,-1
5, 9, 820.0,1131.0,-1
9, 5, 820.0,1131.0,-1
5, 10, 837.0,1033.0,1
10, 5, 837.0,1033.0,1
5, 11, 302.0,403.0,1
11, 5, 302.0,403.0,1
5, 12, 406.0,448.0,-1
12, 5, 406.0,448.0,-1
5, 13, 173.0,244.0,-1
13, 5, 173.0,244.0,-1
5, 14, 902.0,1265.0,-1
14, 5, 902.0,1265.0,-1
5, 15, 656.0,870.0,-1
15, 5, 656.0,870.0,-1
5, 16, 653.0,916.0,-1
16, 5, 653.0,916.0,-1
5, 5, 0.0,0.0,1
6, 7, 521.0,574.0,-1
7, 6, 521.0,574.0,-1
6, 8, 1028.0,1440.0,-1
8, 6, 1028.0,1440.0,-1
6, 9, 900.0,1262.0,-1
9, 6, 900.0,1262.0,-1
6, 10, 830.0,937.0,-1
10, 6, 830.0,937.0,-1
6, 11, 217.0,306.0,-1
11, 6, 217.0,306.0,-1
6, 12, 518.0,545.0,1
12, 6, 518.0,545.0,1
6, 13, 277.0,375.0,-1
13, 6, 277.0,375.0,-1
6, 14, 988.0,1396.0,1
14, 6, 988.0,1396.0,1
6, 15, 633.0,774.0,1
15, 6, 633.0,774.0,1
6, 16, 755.0,1047.0,1
16, 6, 755.0,1047.0,1
6, 6, 0.0,0.0,1
7, 8, 769.0,867.0,-1
8, 7, 769.0,867.0,-1
7, 9, 657.0,689.0,1
9, 7, 657.0,689.0,1
7, 10, 993.0,1398.0,-1
10, 7, 993.0,1398.0,-1
7, 11, 683.0,767.0,-1
11, 7, 683.0,767.0,-1
7, 12, 84.0,85.0,-1
12, 7, 84.0,85.0,-1
7, 13, 284.0,349.0,-1
13, 7, 284.0,349.0,-1
7, 14, 689.0,823.0,-1
14, 7, 689.0,823.0,-1
7, 15, 878.0,1235.0,-1
15, 7, 878.0,1235.0,-1
7, 16, 379.0,473.0,-1
16, 7, 379.0,473.0,-1
7, 7, 0.0,0.0,1
8, 9, 129.0,179.0,-1
9, 8, 129.0,179.0,-1
8, 10, 738.0,743.0,-1
10, 8, 738.0,743.0,-1
8, 11, 1030.0,1452.0,1
11, 8, 1030.0,1452.0,1
8, 12, 852.0,952.0,-1
12, 8, 852.0,952.0,-1
8, 13, 784.0,1066.0,-1
13, 8, 784.0,1066.0,-1
8, 14, 100.0,134.0,-1
14, 8, 100.0,134.0,-1
8, 15, 812.0,991.0,-1
15, 8, 812.0,991.0,-1
8, 16, 400.0,406.0,-1
16, 8, 400.0,406.0,-1
8, 8, 0.0,0.0,1
9, 10, 674.0,775.0,-1
10, 9, 674.0,775.0,-1
9, 11, 906.0,1274.0,-1
11, 9, 906.0,1274.0,-1
9, 12, 740.0,773.0,-1
12, 9, 740.0,773.0,-1
9, 13, 657.0,887.0,-1
13, 9, 657.0,887.0,-1
9, 14, 119.0,135.0,-1
14, 9, 119.0,135.0,-1
9, 15, 719.0,812.0,-1
15, 9, 719.0,812.0,-1
9, 16, 305.0,373.0,-1
16, 9, 305.0,373.0,-1
9, 9, 0.0,0.0,1
10, 11, 677.0,720.0,1
11, 10, 677.0,720.0,1
10, 12, 1059.0,1481.0,-1
12, 10, 1059.0,1481.0,-1
10, 13, 778.0,1049.0,-1
13, 10, 778.0,1049.0,-1
10, 14, 788.0,876.0,1
14, 10, 788.0,876.0,1
10, 15, 216.0,258.0,1
15, 10, 216.0,258.0,1
10, 16, 847.0,1148.0,-1
16, 10, 847.0,1148.0,-1
10, 10, 0.0,0.0,1
11, 12, 698.0,851.0,-1
12, 11, 698.0,851.0,-1
11, 13, 403.0,418.0,1
13, 11, 403.0,418.0,1
11, 14, 1011.0,1408.0,-1
14, 11, 1011.0,1408.0,-1
11, 15, 465.0,468.0,1
15, 11, 465.0,468.0,1
11, 16, 833.0,1059.0,1
16, 11, 833.0,1059.0,1
11, 11, 0.0,0.0,1
12, 13, 317.0,433.0,-1
13, 12, 317.0,433.0,-1
12, 14, 771.0,907.0,1
14, 12, 771.0,907.0,1
12, 15, 933.0,1318.0,1
15, 12, 933.0,1318.0,1
12, 16, 460.0,558.0,-1
16, 12, 460.0,558.0,-1
12, 12, 0.0,0.0,1
13, 14, 733.0,1022.0,-1
14, 13, 733.0,1022.0,-1
13, 15, 629.0,886.0,-1
15, 13, 629.0,886.0,-1
13, 16, 481.0,672.0,1
16, 13, 481.0,672.0,1
13, 13, 0.0,0.0,1
14, 15, 838.0,946.0,1
15, 14, 838.0,946.0,1
14, 16, 314.0,350.0,-1
16, 14, 314.0,350.0,-1
14, 14, 0.0,0.0,1
15, 16, 815.0,985.0,-1
16, 15, 815.0,985.0,-1
15, 15, 0.0,0.0,1
16, 16, 0.0,0.0,1


<end>