<number of nodes>
16

<ratio of available edges>
0.3

<max length of the drone flight>
100000 

<D 2/3>
1, 2, 3, 4, 5, 9, 10, 11, 13, 15, 16

<V>
5, 9, 11, 13, 15

<coordinates X,Y>
745.4810342007022, 44.878174721199784
298.4291173674972, 315.2352318832464
874.3974635240875, 691.0421963442275
800.5473576257248, 946.0188898491065
910.738558621208, 293.1169590641883
374.4622299441116, 569.149028737243
333.75583202839516, 622.9485925455167
187.26873612794373, 898.6510490058486
990.6379884902849, 757.1536530610961
918.7207687909512, 93.00414312317864
724.9179547996184, 963.7372824999246
707.6090748683689, 349.68582068772275
66.7058593518733, 723.7499656360179
394.1801208965031, 276.3313704007762
188.30863403433713, 533.1752535896131
621.7562722533067, 65.84510751849967

<adjacency matrix with truck distances>
1, 2, 523.0,718.0,-1
2, 1, 523.0,718.0,-1
1, 3, 659.0,776.0,-1
3, 1, 659.0,776.0,-1
1, 4, 903.0,957.0,-1
4, 1, 903.0,957.0,-1
1, 5, 299.0,414.0,-1
5, 1, 299.0,414.0,-1
1, 6, 643.0,896.0,-1
6, 1, 643.0,896.0,-1
1, 7, 710.0,990.0,-1
7, 1, 710.0,990.0,-1
1, 8, 1021.0,1412.0,-1
8, 1, 1021.0,1412.0,-1
1, 9, 754.0,958.0,-1
9, 1, 754.0,958.0,-1
1, 10, 180.0,222.0,1
10, 1, 180.0,222.0,1
1, 11, 920.0,940.0,-1
11, 1, 920.0,940.0,-1
1, 12, 308.0,343.0,1
12, 1, 308.0,343.0,1
1, 13, 961.0,1358.0,-1
13, 1, 961.0,1358.0,-1
1, 14, 421.0,583.0,1
14, 1, 421.0,583.0,1
1, 15, 741.0,1046.0,-1
15, 1, 741.0,1046.0,-1
1, 16, 126.0,145.0,-1
16, 1, 126.0,145.0,-1
1, 1, 0.0,0.0,1
2, 3, 688.0,952.0,-1
3, 2, 688.0,952.0,-1
2, 4, 807.0,1133.0,1
4, 2, 807.0,1133.0,1
2, 5, 613.0,635.0,1
5, 2, 613.0,635.0,1
2, 6, 266.0,330.0,-1
6, 2, 266.0,330.0,-1
2, 7, 310.0,344.0,1
7, 2, 310.0,344.0,1
2, 8, 594.0,695.0,-1
8, 2, 594.0,695.0,-1
2, 9, 822.0,1135.0,-1
9, 2, 822.0,1135.0,-1
2, 10, 659.0,843.0,1
10, 2, 659.0,843.0,1
2, 11, 777.0,1075.0,-1
11, 2, 777.0,1075.0,-1
2, 12, 411.0,444.0,-1
12, 2, 411.0,444.0,-1
2, 13, 470.0,641.0,-1
13, 2, 470.0,641.0,-1
2, 14, 104.0,135.0,-1
14, 2, 104.0,135.0,-1
2, 15, 245.0,329.0,-1
15, 2, 245.0,329.0,-1
2, 16, 409.0,573.0,-1
16, 2, 409.0,573.0,-1
2, 2, 0.0,0.0,1
3, 4, 266.0,329.0,1
4, 3, 266.0,329.0,1
3, 5, 400.0,435.0,-1
5, 3, 400.0,435.0,-1
3, 6, 515.0,622.0,-1
6, 3, 515.0,622.0,-1
3, 7, 545.0,609.0,-1
7, 3, 545.0,609.0,-1
3, 8, 718.0,895.0,-1
8, 3, 718.0,895.0,-1
3, 9, 134.0,183.0,-1
9, 3, 134.0,183.0,-1
3, 10, 600.0,643.0,1
10, 3, 600.0,643.0,1
3, 11, 311.0,423.0,-1
11, 3, 311.0,423.0,-1
3, 12, 380.0,509.0,1
12, 3, 380.0,509.0,1
3, 13, 809.0,841.0,-1
13, 3, 809.0,841.0,-1
3, 14, 635.0,895.0,-1
14, 3, 635.0,895.0,-1
3, 15, 705.0,844.0,-1
15, 3, 705.0,844.0,-1
3, 16, 675.0,878.0,-1
16, 3, 675.0,878.0,-1
3, 3, 0.0,0.0,1
4, 5, 663.0,764.0,-1
5, 4, 663.0,764.0,-1
4, 6, 569.0,803.0,-1
6, 4, 569.0,803.0,-1
4, 7, 568.0,790.0,-1
7, 4, 568.0,790.0,-1
4, 8, 616.0,661.0,-1
8, 4, 616.0,661.0,-1
4, 9, 268.0,379.0,-1
9, 4, 268.0,379.0,-1
4, 10, 862.0,972.0,-1
10, 4, 862.0,972.0,-1
4, 11, 78.0,94.0,-1
11, 4, 78.0,94.0,-1
4, 12, 604.0,690.0,-1
12, 4, 604.0,690.0,-1
4, 13, 767.0,957.0,1
13, 4, 767.0,957.0,1
4, 14, 784.0,1077.0,1
14, 4, 784.0,1077.0,1
4, 15, 739.0,1026.0,-1
15, 4, 739.0,1026.0,-1
4, 16, 899.0,1059.0,-1
16, 4, 899.0,1059.0,-1
4, 4, 0.0,0.0,1
5, 6, 604.0,813.0,1
6, 5, 604.0,813.0,1
5, 7, 665.0,907.0,-1
7, 5, 665.0,907.0,-1
5, 8, 944.0,1330.0,-1
8, 5, 944.0,1330.0,-1
5, 9, 471.0,544.0,1
9, 5, 471.0,544.0,1
5, 10, 201.0,209.0,-1
10, 5, 201.0,209.0,-1
5, 11, 696.0,857.0,-1
11, 5, 696.0,857.0,-1
5, 12, 211.0,260.0,-1
12, 5, 211.0,260.0,-1
5, 13, 948.0,1275.0,-1
13, 5, 948.0,1275.0,-1
5, 14, 517.0,534.0,-1
14, 5, 517.0,534.0,-1
5, 15, 762.0,963.0,-1
15, 5, 762.0,963.0,-1
5, 16, 368.0,517.0,1
16, 5, 368.0,517.0,1
5, 5, 0.0,0.0,1
6, 7, 68.0,95.0,1
7, 6, 68.0,95.0,1
6, 8, 379.0,517.0,1
8, 6, 379.0,517.0,1
6, 9, 645.0,805.0,1
9, 6, 645.0,805.0,1
6, 10, 724.0,1021.0,1
10, 6, 724.0,1021.0,1
6, 11, 528.0,746.0,-1
11, 6, 528.0,746.0,-1
6, 12, 399.0,553.0,-1
12, 6, 399.0,553.0,-1
6, 13, 345.0,463.0,-1
13, 6, 345.0,463.0,-1
6, 14, 294.0,313.0,-1
14, 6, 294.0,313.0,-1
6, 15, 190.0,223.0,-1
15, 6, 190.0,223.0,-1
6, 16, 561.0,751.0,-1
16, 6, 561.0,751.0,-1
6, 6, 0.0,0.0,1
7, 8, 313.0,423.0,-1
8, 7, 313.0,423.0,-1
7, 9, 671.0,792.0,-1
9, 7, 671.0,792.0,-1
7, 10, 790.0,1115.0,-1
10, 7, 790.0,1115.0,-1
7, 11, 519.0,732.0,1
11, 7, 519.0,732.0,1
7, 12, 464.0,648.0,-1
12, 7, 464.0,648.0,-1
7, 13, 286.0,368.0,-1
13, 7, 286.0,368.0,-1
7, 14, 352.0,408.0,1
14, 7, 352.0,408.0,1
7, 15, 171.0,236.0,1
15, 7, 171.0,236.0,1
7, 16, 628.0,846.0,-1
16, 7, 628.0,846.0,-1
7, 7, 0.0,0.0,1
8, 9, 816.0,945.0,-1
9, 8, 816.0,945.0,-1
8, 10, 1089.0,1538.0,1
10, 8, 1089.0,1538.0,1
8, 11, 542.0,603.0,-1
11, 8, 542.0,603.0,-1
8, 12, 757.0,1070.0,1
12, 8, 757.0,1070.0,1
8, 13, 213.0,296.0,-1
13, 8, 213.0,296.0,-1
8, 14, 656.0,830.0,1
14, 8, 656.0,830.0,1
8, 15, 366.0,367.0,1
15, 8, 366.0,367.0,1
8, 16, 940.0,1268.0,-1
16, 8, 940.0,1268.0,-1
8, 8, 0.0,0.0,1
9, 10, 669.0,737.0,-1
10, 9, 669.0,737.0,-1
9, 11, 337.0,473.0,1
11, 9, 337.0,473.0,1
9, 12, 497.0,691.0,-1
12, 9, 497.0,691.0,-1
9, 13, 925.0,958.0,1
13, 9, 925.0,958.0,1
9, 14, 767.0,1078.0,-1
14, 9, 767.0,1078.0,-1
9, 15, 834.0,1027.0,-1
15, 9, 834.0,1027.0,-1
9, 16, 784.0,1061.0,1
16, 9, 784.0,1061.0,1
9, 9, 0.0,0.0,1
10, 11, 893.0,1065.0,1
11, 10, 893.0,1065.0,1
10, 12, 333.0,468.0,-1
12, 10, 333.0,468.0,-1
10, 13, 1061.0,1483.0,-1
13, 10, 1061.0,1483.0,-1
10, 14, 556.0,708.0,1
14, 10, 556.0,708.0,1
10, 15, 853.0,1171.0,-1
15, 10, 853.0,1171.0,-1
10, 16, 299.0,325.0,-1
16, 10, 299.0,325.0,-1
10, 10, 0.0,0.0,1
11, 12, 615.0,632.0,-1
12, 11, 615.0,632.0,-1
11, 13, 701.0,899.0,-1
13, 11, 701.0,899.0,-1
11, 14, 763.0,1019.0,-1
14, 11, 763.0,1019.0,-1
11, 15, 688.0,968.0,1
15, 11, 688.0,968.0,1
11, 16, 904.0,1002.0,-1
16, 11, 904.0,1002.0,-1
11, 11, 0.0,0.0,1
12, 13, 743.0,1015.0,-1
13, 12, 743.0,1015.0,-1
12, 14, 322.0,387.0,-1
14, 12, 322.0,387.0,-1
12, 15, 551.0,703.0,-1
15, 12, 551.0,703.0,-1
12, 16, 297.0,370.0,-1
16, 12, 297.0,370.0,-1
12, 12, 0.0,0.0,1
13, 14, 555.0,775.0,-1
14, 13, 555.0,775.0,-1
13, 15, 227.0,313.0,1
15, 13, 227.0,313.0,1
13, 16, 861.0,1213.0,-1
16, 13, 861.0,1213.0,-1
13, 13, 0.0,0.0,1
14, 15, 330.0,463.0,1
15, 14, 330.0,463.0,1
14, 16, 310.0,439.0,1
16, 14, 310.0,439.0,1
14, 14, 0.0,0.0,1
15, 16, 638.0,901.0,1
16, 15, 638.0,901.0,1
15, 15, 0.0,0.0,1
16, 16, 0.0,0.0,1


<end>