<number of nodes>
16

<ratio of available edges>
0.3

<max length of the drone flight>
100000 

<D 2/3>
1, 2, 4, 5, 7, 10, 11, 13, 14, 15, 16

<V>
4, 10, 14, 15, 16

<coordinates X,Y>
844.8070218481969, 241.0149664429133
988.9440718934911, 13.977461984194841
902.7172050039911, 680.7540922347893
842.3315371970965, 545.8828191437041
823.9719368984802, 156.43400459059168
970.2819490848202, 871.1901301619241
314.5390716947547, 243.88074799420437
937.9299510770476, 70.5813594104309
792.1134743096159, 674.2791172018092
743.5659933276595, 488.42152842778336
291.8259544063102, 952.8472458720248
80.42940303098257, 234.68600158941678
664.1917503323752, 859.5999662124667
631.6006788229749, 599.8645763720918
758.419637356811, 17.15945394885975
446.8630580148133, 674.1647952965089

<adjacency matrix with truck distances>
1, 2, 269.0,372.0,1
2, 1, 269.0,372.0,1
1, 3, 444.0,498.0,-1
3, 1, 444.0,498.0,-1
1, 4, 305.0,308.0,-1
4, 1, 305.0,308.0,-1
1, 5, 88.0,106.0,1
5, 1, 88.0,106.0,1
1, 6, 643.0,756.0,1
6, 1, 643.0,756.0,1
1, 7, 531.0,534.0,-1
7, 1, 531.0,534.0,-1
1, 8, 195.0,264.0,-1
8, 1, 195.0,264.0,-1
1, 9, 437.0,486.0,1
9, 1, 437.0,486.0,1
1, 10, 268.0,349.0,1
10, 1, 268.0,349.0,1
1, 11, 902.0,1265.0,1
11, 1, 902.0,1265.0,1
1, 12, 765.0,771.0,-1
12, 1, 765.0,771.0,-1
1, 13, 645.0,800.0,-1
13, 1, 645.0,800.0,-1
1, 14, 418.0,573.0,-1
14, 1, 418.0,573.0,-1
1, 15, 240.0,311.0,1
15, 1, 240.0,311.0,1
1, 16, 589.0,832.0,-1
16, 1, 589.0,832.0,-1
1, 1, 0.0,0.0,1
2, 3, 673.0,754.0,1
3, 2, 673.0,754.0,1
2, 4, 552.0,679.0,1
4, 2, 552.0,679.0,1
2, 5, 218.0,308.0,-1
5, 2, 218.0,308.0,-1
2, 6, 858.0,876.0,-1
6, 2, 858.0,876.0,-1
2, 7, 713.0,905.0,-1
7, 2, 713.0,905.0,-1
2, 8, 77.0,108.0,-1
8, 2, 77.0,108.0,-1
2, 9, 690.0,858.0,1
9, 2, 690.0,858.0,1
2, 10, 535.0,720.0,-1
10, 2, 535.0,720.0,-1
2, 11, 1170.0,1636.0,-1
11, 2, 1170.0,1636.0,-1
2, 12, 935.0,1130.0,-1
12, 2, 935.0,1130.0,-1
2, 13, 906.0,1171.0,-1
13, 2, 906.0,1171.0,-1
2, 14, 687.0,944.0,-1
14, 2, 687.0,944.0,-1
2, 15, 231.0,234.0,-1
15, 2, 231.0,234.0,-1
2, 16, 855.0,1203.0,-1
16, 2, 855.0,1203.0,-1
2, 2, 0.0,0.0,1
3, 4, 148.0,196.0,1
4, 3, 148.0,196.0,1
3, 5, 531.0,604.0,-1
5, 3, 531.0,604.0,-1
3, 6, 203.0,259.0,-1
6, 3, 203.0,259.0,-1
3, 7, 733.0,1026.0,-1
7, 3, 733.0,1026.0,-1
3, 8, 612.0,646.0,-1
8, 3, 612.0,646.0,-1
3, 9, 111.0,118.0,-1
9, 3, 111.0,118.0,-1
3, 10, 250.0,352.0,-1
10, 3, 250.0,352.0,-1
3, 11, 669.0,883.0,-1
11, 3, 669.0,883.0,-1
3, 12, 936.0,1269.0,-1
12, 3, 936.0,1269.0,-1
3, 13, 299.0,418.0,-1
13, 3, 299.0,418.0,-1
3, 14, 283.0,353.0,1
14, 3, 283.0,353.0,1
3, 15, 680.0,808.0,-1
15, 3, 680.0,808.0,-1
3, 16, 456.0,463.0,-1
16, 3, 456.0,463.0,-1
3, 3, 0.0,0.0,1
4, 5, 390.0,408.0,-1
5, 4, 390.0,408.0,-1
4, 6, 350.0,454.0,1
6, 4, 350.0,454.0,1
4, 7, 609.0,830.0,1
7, 4, 609.0,830.0,1
4, 8, 485.0,571.0,-1
8, 4, 485.0,571.0,-1
4, 9, 138.0,179.0,-1
9, 4, 138.0,179.0,-1
4, 10, 115.0,157.0,-1
10, 4, 115.0,157.0,-1
4, 11, 685.0,958.0,1
11, 4, 685.0,958.0,1
4, 12, 824.0,1074.0,1
12, 4, 824.0,1074.0,1
4, 13, 361.0,492.0,-1
13, 4, 361.0,492.0,-1
4, 14, 218.0,265.0,-1
14, 4, 218.0,265.0,-1
4, 15, 536.0,613.0,-1
15, 4, 536.0,613.0,-1
4, 16, 416.0,524.0,1
16, 4, 416.0,524.0,1
4, 4, 0.0,0.0,1
5, 6, 730.0,862.0,-1
6, 5, 730.0,862.0,-1
5, 7, 517.0,597.0,1
7, 5, 517.0,597.0,1
5, 8, 143.0,200.0,1
8, 5, 143.0,200.0,1
5, 9, 519.0,550.0,-1
9, 5, 519.0,550.0,-1
5, 10, 342.0,413.0,1
10, 5, 342.0,413.0,1
5, 11, 958.0,1329.0,-1
11, 5, 958.0,1329.0,-1
5, 12, 748.0,822.0,-1
12, 5, 748.0,822.0,-1
5, 13, 722.0,863.0,1
13, 5, 722.0,863.0,1
5, 14, 484.0,636.0,1
14, 5, 484.0,636.0,1
5, 15, 154.0,205.0,1
15, 5, 154.0,205.0,1
5, 16, 641.0,895.0,-1
16, 5, 641.0,895.0,-1
5, 5, 0.0,0.0,1
6, 7, 908.0,1284.0,-1
7, 6, 908.0,1284.0,-1
6, 8, 802.0,833.0,-1
8, 6, 802.0,833.0,-1
6, 9, 266.0,376.0,-1
9, 6, 266.0,376.0,-1
6, 10, 445.0,610.0,-1
10, 6, 445.0,610.0,-1
6, 11, 684.0,761.0,-1
11, 6, 684.0,761.0,-1
6, 12, 1095.0,1527.0,-1
12, 6, 1095.0,1527.0,-1
6, 13, 307.0,318.0,-1
13, 6, 307.0,318.0,-1
6, 14, 434.0,611.0,1
14, 6, 434.0,611.0,1
6, 15, 880.0,1066.0,-1
15, 6, 880.0,1066.0,-1
6, 16, 560.0,721.0,-1
16, 6, 560.0,721.0,-1
6, 6, 0.0,0.0,1
7, 8, 648.0,797.0,-1
8, 7, 648.0,797.0,-1
7, 9, 643.0,908.0,-1
9, 7, 643.0,908.0,-1
7, 10, 494.0,674.0,-1
10, 7, 494.0,674.0,-1
7, 11, 710.0,732.0,-1
11, 7, 710.0,732.0,-1
7, 12, 235.0,244.0,-1
12, 7, 235.0,244.0,-1
7, 13, 709.0,966.0,-1
13, 7, 709.0,966.0,-1
7, 14, 477.0,674.0,-1
14, 7, 477.0,674.0,-1
7, 15, 499.0,671.0,-1
15, 7, 499.0,671.0,-1
7, 16, 451.0,563.0,1
16, 7, 451.0,563.0,1
7, 7, 0.0,0.0,1
8, 9, 622.0,750.0,1
9, 8, 622.0,750.0,1
8, 10, 461.0,613.0,-1
10, 8, 461.0,613.0,-1
8, 11, 1094.0,1529.0,-1
11, 8, 1094.0,1529.0,-1
8, 12, 874.0,1022.0,-1
12, 8, 874.0,1022.0,-1
8, 13, 836.0,1063.0,-1
13, 8, 836.0,1063.0,-1
8, 14, 612.0,836.0,1
14, 8, 612.0,836.0,1
8, 15, 188.0,233.0,-1
15, 8, 188.0,233.0,-1
8, 16, 779.0,1095.0,1
16, 8, 779.0,1095.0,1
8, 8, 0.0,0.0,1
9, 10, 193.0,235.0,-1
10, 9, 193.0,235.0,-1
9, 11, 573.0,779.0,-1
11, 9, 573.0,779.0,-1
9, 12, 837.0,1152.0,1
12, 9, 837.0,1152.0,1
9, 13, 226.0,314.0,-1
13, 9, 226.0,314.0,-1
9, 14, 177.0,235.0,1
14, 9, 177.0,235.0,1
9, 15, 658.0,691.0,-1
15, 9, 658.0,691.0,-1
9, 16, 346.0,346.0,1
16, 9, 346.0,346.0,1
9, 9, 0.0,0.0,1
10, 11, 648.0,917.0,-1
11, 10, 648.0,917.0,-1
10, 12, 711.0,917.0,1
12, 10, 711.0,917.0,1
10, 13, 380.0,451.0,-1
13, 10, 380.0,451.0,-1
10, 14, 158.0,224.0,1
14, 10, 158.0,224.0,1
10, 15, 472.0,487.0,1
15, 10, 472.0,487.0,1
10, 16, 351.0,483.0,-1
16, 10, 351.0,483.0,-1
10, 10, 0.0,0.0,1
11, 12, 749.0,930.0,-1
12, 11, 749.0,930.0,-1
11, 13, 384.0,466.0,-1
13, 11, 384.0,466.0,-1
11, 14, 490.0,693.0,-1
14, 11, 490.0,693.0,-1
11, 15, 1046.0,1403.0,-1
15, 11, 1046.0,1403.0,-1
11, 16, 319.0,434.0,-1
16, 11, 319.0,434.0,-1
11, 11, 0.0,0.0,1
12, 13, 856.0,1209.0,-1
13, 12, 856.0,1209.0,-1
12, 14, 662.0,917.0,-1
14, 12, 662.0,917.0,-1
12, 15, 713.0,896.0,1
15, 12, 713.0,896.0,1
12, 16, 573.0,806.0,-1
16, 12, 573.0,806.0,-1
12, 12, 0.0,0.0,1
13, 14, 262.0,293.0,-1
14, 13, 262.0,293.0,-1
13, 15, 848.0,937.0,-1
15, 13, 848.0,937.0,-1
13, 16, 286.0,403.0,-1
16, 13, 286.0,403.0,-1
13, 13, 0.0,0.0,1
14, 15, 597.0,710.0,-1
15, 14, 597.0,710.0,-1
14, 16, 200.0,260.0,-1
16, 14, 200.0,260.0,-1
14, 14, 0.0,0.0,1
15, 16, 728.0,969.0,1
16, 15, 728.0,969.0,1
15, 15, 0.0,0.0,1
16, 16, 0.0,0.0,1


<end>