<number of nodes>
16

<ratio of available edges>
0.3

<max length of the drone flight>
100000 

<D 2/3>
1, 2, 4, 5, 7, 8, 10, 11, 12, 13, 16

<V>
7, 8, 10, 12, 16

<coordinates X,Y>
613.2917247799882, 594.643239490233
483.19514497600846, 941.9443903948219
482.63671528402114, 645.975176288651
494.0593699720381, 37.27988916427769
600.1583395965616, 880.1261908918037
559.8354090477011, 417.19661681110153
899.2115496202899, 492.09858622041077
708.2710026946764, 891.193385297138
983.5164948473769, 40.90975034399287
692.6010943375197, 916.8530113288201
183.62832773309393, 384.6981009998067
665.0176140677637, 338.98295000206434
857.9425326710867, 603.314963667995
29.631445032808312, 724.8048237474496
70.87747309856212, 319.50690429719504
397.62256505217914, 906.245218094699

<adjacency matrix with truck distances>
1, 2, 371.0,478.0,-1
2, 1, 371.0,478.0,-1
1, 3, 141.0,182.0,-1
3, 1, 141.0,182.0,-1
1, 4, 570.0,677.0,-1
4, 1, 570.0,677.0,-1
1, 5, 286.0,299.0,-1
5, 1, 286.0,299.0,-1
1, 6, 186.0,231.0,-1
6, 1, 186.0,231.0,-1
1, 7, 304.0,389.0,-1
7, 1, 304.0,389.0,-1
1, 8, 312.0,392.0,-1
8, 1, 312.0,392.0,-1
1, 9, 667.0,924.0,-1
9, 1, 667.0,924.0,-1
1, 10, 332.0,402.0,1
10, 1, 332.0,402.0,1
1, 11, 479.0,640.0,1
11, 1, 479.0,640.0,1
1, 12, 261.0,308.0,-1
12, 1, 261.0,308.0,-1
1, 13, 245.0,254.0,-1
13, 1, 245.0,254.0,-1
1, 14, 598.0,714.0,-1
14, 1, 598.0,714.0,-1
1, 15, 609.0,818.0,-1
15, 1, 609.0,818.0,-1
1, 16, 379.0,528.0,-1
16, 1, 379.0,528.0,-1
1, 1, 0.0,0.0,1
2, 3, 296.0,297.0,-1
3, 2, 296.0,297.0,-1
2, 4, 905.0,916.0,-1
4, 2, 905.0,916.0,-1
2, 5, 133.0,179.0,1
5, 2, 133.0,179.0,1
2, 6, 531.0,602.0,-1
6, 2, 531.0,602.0,-1
2, 7, 613.0,866.0,-1
7, 2, 613.0,866.0,-1
2, 8, 231.0,276.0,-1
8, 2, 231.0,276.0,-1
2, 9, 1031.0,1402.0,-1
9, 2, 1031.0,1402.0,-1
2, 10, 211.0,235.0,1
10, 2, 211.0,235.0,1
2, 11, 633.0,857.0,-1
11, 2, 633.0,857.0,-1
2, 12, 630.0,785.0,-1
12, 2, 630.0,785.0,-1
2, 13, 506.0,714.0,-1
13, 2, 506.0,714.0,-1
2, 14, 503.0,671.0,-1
14, 2, 503.0,671.0,-1
2, 15, 747.0,1035.0,1
15, 2, 747.0,1035.0,1
2, 16, 93.0,122.0,1
16, 2, 93.0,122.0,1
2, 2, 0.0,0.0,1
3, 4, 609.0,621.0,-1
4, 3, 609.0,621.0,-1
3, 5, 262.0,352.0,-1
5, 3, 262.0,352.0,-1
3, 6, 242.0,306.0,-1
6, 3, 242.0,306.0,-1
3, 7, 445.0,571.0,1
7, 3, 445.0,571.0,1
3, 8, 334.0,471.0,-1
8, 3, 334.0,471.0,-1
3, 9, 786.0,1106.0,1
9, 3, 786.0,1106.0,1
3, 10, 343.0,481.0,-1
10, 3, 343.0,481.0,-1
3, 11, 398.0,561.0,-1
11, 3, 398.0,561.0,-1
3, 12, 358.0,490.0,-1
12, 3, 358.0,490.0,-1
3, 13, 378.0,418.0,1
13, 3, 378.0,418.0,1
3, 14, 460.0,532.0,-1
14, 3, 460.0,532.0,-1
3, 15, 526.0,739.0,-1
15, 3, 526.0,739.0,-1
3, 16, 274.0,346.0,-1
16, 3, 274.0,346.0,-1
3, 3, 0.0,0.0,1
4, 5, 850.0,949.0,1
5, 4, 850.0,949.0,1
4, 6, 386.0,446.0,-1
6, 4, 386.0,446.0,-1
4, 7, 610.0,860.0,-1
7, 4, 610.0,860.0,-1
4, 8, 881.0,1069.0,-1
8, 4, 881.0,1069.0,-1
4, 9, 490.0,494.0,-1
9, 4, 490.0,494.0,-1
4, 10, 902.0,1079.0,1
10, 4, 902.0,1079.0,1
4, 11, 466.0,658.0,-1
11, 4, 466.0,658.0,-1
4, 12, 347.0,473.0,1
12, 4, 347.0,473.0,1
4, 13, 673.0,930.0,-1
13, 4, 673.0,930.0,-1
4, 14, 830.0,1152.0,-1
14, 4, 830.0,1152.0,-1
4, 15, 509.0,706.0,1
15, 4, 509.0,706.0,1
4, 16, 875.0,966.0,-1
16, 4, 875.0,966.0,-1
4, 4, 0.0,0.0,1
5, 6, 465.0,504.0,1
6, 5, 465.0,504.0,1
5, 7, 490.0,688.0,-1
7, 5, 490.0,688.0,-1
5, 8, 109.0,120.0,-1
8, 5, 109.0,120.0,-1
5, 9, 923.0,1223.0,-1
9, 5, 923.0,1223.0,-1
5, 10, 100.0,130.0,-1
10, 5, 100.0,130.0,-1
5, 11, 648.0,912.0,1
11, 5, 648.0,912.0,1
5, 12, 546.0,607.0,-1
12, 5, 546.0,607.0,-1
5, 13, 379.0,535.0,-1
13, 5, 379.0,535.0,-1
5, 14, 592.0,726.0,-1
14, 5, 592.0,726.0,-1
5, 15, 771.0,1090.0,1
15, 5, 771.0,1090.0,1
5, 16, 205.0,229.0,-1
16, 5, 205.0,229.0,-1
5, 5, 0.0,0.0,1
6, 7, 348.0,415.0,1
7, 6, 348.0,415.0,1
6, 8, 497.0,623.0,1
8, 6, 497.0,623.0,1
6, 9, 567.0,800.0,-1
9, 6, 567.0,800.0,-1
6, 10, 517.0,633.0,-1
10, 6, 517.0,633.0,-1
6, 11, 378.0,409.0,-1
11, 6, 378.0,409.0,-1
6, 12, 132.0,184.0,-1
12, 6, 132.0,184.0,-1
6, 13, 352.0,485.0,-1
13, 6, 352.0,485.0,-1
6, 14, 613.0,838.0,1
14, 6, 613.0,838.0,1
6, 15, 499.0,587.0,-1
15, 6, 499.0,587.0,-1
6, 16, 516.0,652.0,-1
16, 6, 516.0,652.0,-1
6, 6, 0.0,0.0,1
7, 8, 443.0,591.0,1
8, 7, 443.0,591.0,1
7, 9, 459.0,536.0,-1
9, 7, 459.0,536.0,-1
7, 10, 473.0,632.0,-1
10, 7, 473.0,632.0,-1
7, 11, 724.0,823.0,-1
11, 7, 724.0,823.0,-1
7, 12, 280.0,388.0,1
12, 7, 280.0,388.0,1
7, 13, 119.0,153.0,-1
13, 7, 119.0,153.0,-1
7, 14, 901.0,1103.0,-1
14, 7, 901.0,1103.0,-1
7, 15, 847.0,1001.0,-1
15, 7, 847.0,1001.0,-1
7, 16, 651.0,916.0,-1
16, 7, 651.0,916.0,-1
7, 7, 0.0,0.0,1
8, 9, 894.0,1126.0,1
9, 8, 894.0,1126.0,1
8, 10, 31.0,42.0,-1
10, 8, 31.0,42.0,-1
8, 11, 730.0,1032.0,-1
11, 8, 730.0,1032.0,-1
8, 12, 554.0,596.0,1
12, 8, 554.0,596.0,1
8, 13, 325.0,438.0,1
13, 8, 325.0,438.0,1
8, 14, 699.0,846.0,-1
14, 8, 699.0,846.0,-1
8, 15, 857.0,1210.0,-1
15, 8, 857.0,1210.0,-1
8, 16, 312.0,326.0,-1
16, 8, 312.0,326.0,-1
8, 8, 0.0,0.0,1
9, 10, 923.0,1167.0,1
10, 9, 923.0,1167.0,1
9, 11, 871.0,1144.0,-1
11, 9, 871.0,1144.0,-1
9, 12, 437.0,617.0,-1
12, 9, 437.0,617.0,-1
9, 13, 577.0,688.0,-1
13, 9, 577.0,688.0,-1
9, 14, 1174.0,1638.0,-1
14, 9, 1174.0,1638.0,-1
9, 15, 955.0,1192.0,1
15, 9, 955.0,1192.0,1
9, 16, 1046.0,1452.0,-1
16, 9, 1046.0,1452.0,-1
9, 9, 0.0,0.0,1
10, 11, 737.0,1042.0,1
11, 10, 737.0,1042.0,1
10, 12, 579.0,606.0,1
12, 10, 579.0,606.0,1
10, 13, 355.0,479.0,1
13, 10, 355.0,479.0,1
10, 14, 691.0,856.0,-1
14, 10, 691.0,856.0,-1
10, 15, 863.0,1220.0,-1
15, 10, 863.0,1220.0,-1
10, 16, 296.0,306.0,1
16, 10, 296.0,306.0,1
10, 10, 0.0,0.0,1
11, 12, 484.0,528.0,1
12, 11, 484.0,528.0,1
11, 13, 709.0,893.0,-1
13, 11, 709.0,893.0,-1
11, 14, 374.0,495.0,-1
14, 11, 374.0,495.0,-1
11, 15, 131.0,178.0,-1
15, 11, 131.0,178.0,-1
11, 16, 564.0,736.0,-1
16, 11, 564.0,736.0,-1
11, 11, 0.0,0.0,1
12, 13, 328.0,458.0,-1
13, 12, 328.0,458.0,-1
12, 14, 744.0,1022.0,1
14, 12, 744.0,1022.0,1
12, 15, 595.0,614.0,1
15, 12, 595.0,614.0,1
12, 16, 628.0,835.0,-1
16, 12, 628.0,835.0,-1
12, 12, 0.0,0.0,1
13, 14, 838.0,950.0,-1
14, 13, 838.0,950.0,-1
13, 15, 837.0,1071.0,1
15, 13, 837.0,1071.0,1
13, 16, 552.0,764.0,1
16, 13, 552.0,764.0,1
13, 13, 0.0,0.0,1
14, 15, 408.0,447.0,1
15, 14, 408.0,447.0,1
14, 16, 411.0,550.0,-1
16, 14, 411.0,550.0,-1
14, 14, 0.0,0.0,1
15, 16, 672.0,914.0,-1
16, 15, 672.0,914.0,-1
15, 15, 0.0,0.0,1
16, 16, 0.0,0.0,1


<end>