<number of nodes>
16

<ratio of available edges>
0.3

<max length of the drone flight>
100000 

<D 2/3>
1, 3, 4, 5, 6, 7, 8, 10, 11, 12, 13

<V>
4, 5, 6, 8, 10

<coordinates X,Y>
980.6741449965546, 502.67347948933235
24.99195429067439, 10.141400298251147
949.8815472569378, 424.39499181728723
876.8016958783764, 971.8704406788197
993.6817353949888, 436.5542108244224
877.4393530519651, 989.6648430482495
12.888821161965087, 793.3578562667356
560.2377776001108, 120.88738337867419
697.2580844357941, 455.36924373410085
635.9560124236383, 159.90279863223245
260.1068827631685, 657.0060611799645
918.5837553924508, 339.41936083854387
545.818346597746, 805.7809109599265
196.30515400316713, 634.3602715113957
491.18726175460046, 699.2812644824024
123.44263945962302, 57.048369702565694

<adjacency matrix with truck distances>
1, 2, 1076.0,1449.0,-1
2, 1, 1076.0,1449.0,-1
1, 3, 85.0,110.0,1
3, 1, 85.0,110.0,1
1, 4, 481.0,574.0,-1
4, 1, 481.0,574.0,-1
1, 5, 68.0,80.0,1
5, 1, 68.0,80.0,1
1, 6, 498.0,591.0,1
6, 1, 498.0,591.0,1
1, 7, 1011.0,1259.0,-1
7, 1, 1011.0,1259.0,-1
1, 8, 568.0,803.0,-1
8, 1, 568.0,803.0,-1
1, 9, 288.0,331.0,-1
9, 1, 288.0,331.0,-1
1, 10, 487.0,688.0,-1
10, 1, 487.0,688.0,-1
1, 11, 737.0,875.0,1
11, 1, 737.0,875.0,1
1, 12, 175.0,226.0,-1
12, 1, 175.0,226.0,-1
1, 13, 531.0,738.0,1
13, 1, 531.0,738.0,1
1, 14, 796.0,917.0,1
14, 1, 796.0,917.0,1
1, 15, 528.0,687.0,-1
15, 1, 528.0,687.0,-1
1, 16, 967.0,1303.0,1
16, 1, 967.0,1303.0,1
1, 1, 0.0,0.0,1
2, 3, 1014.0,1340.0,-1
3, 2, 1014.0,1340.0,-1
2, 4, 1285.0,1814.0,-1
4, 2, 1285.0,1814.0,-1
2, 5, 1059.0,1396.0,1
5, 2, 1059.0,1396.0,1
2, 6, 1299.0,1832.0,-1
6, 2, 1299.0,1832.0,-1
2, 7, 784.0,796.0,-1
7, 2, 784.0,796.0,-1
2, 8, 547.0,646.0,-1
8, 2, 547.0,646.0,-1
2, 9, 807.0,1118.0,-1
9, 2, 807.0,1118.0,-1
2, 10, 630.0,761.0,-1
10, 2, 630.0,761.0,-1
2, 11, 689.0,882.0,1
11, 2, 689.0,882.0,1
2, 12, 953.0,1223.0,-1
12, 2, 953.0,1223.0,-1
2, 13, 951.0,1317.0,-1
13, 2, 951.0,1317.0,-1
2, 14, 648.0,796.0,-1
14, 2, 648.0,796.0,-1
2, 15, 833.0,1156.0,-1
15, 2, 833.0,1156.0,-1
2, 16, 110.0,146.0,-1
16, 2, 110.0,146.0,-1
2, 2, 0.0,0.0,1
3, 4, 553.0,621.0,-1
4, 3, 553.0,621.0,-1
3, 5, 46.0,56.0,-1
5, 3, 46.0,56.0,-1
3, 6, 570.0,638.0,-1
6, 3, 570.0,638.0,-1
3, 7, 1008.0,1306.0,-1
7, 3, 1008.0,1306.0,-1
3, 8, 494.0,694.0,-1
8, 3, 494.0,694.0,-1
3, 9, 255.0,284.0,-1
9, 3, 255.0,284.0,-1
3, 10, 411.0,579.0,-1
10, 3, 411.0,579.0,-1
3, 11, 728.0,923.0,-1
11, 3, 728.0,923.0,-1
3, 12, 91.0,117.0,-1
12, 3, 91.0,117.0,-1
3, 13, 556.0,786.0,-1
13, 3, 556.0,786.0,-1
3, 14, 783.0,964.0,-1
14, 3, 783.0,964.0,-1
3, 15, 535.0,734.0,-1
15, 3, 535.0,734.0,-1
3, 16, 905.0,1194.0,-1
16, 3, 905.0,1194.0,-1
3, 3, 0.0,0.0,1
4, 5, 548.0,653.0,-1
5, 4, 548.0,653.0,-1
4, 6, 18.0,19.0,1
6, 4, 18.0,19.0,1
4, 7, 883.0,1043.0,-1
7, 4, 883.0,1043.0,-1
4, 8, 908.0,1168.0,-1
8, 4, 908.0,1168.0,-1
4, 9, 547.0,697.0,1
9, 4, 547.0,697.0,1
4, 10, 847.0,1053.0,1
10, 4, 847.0,1053.0,1
4, 11, 693.0,932.0,-1
11, 4, 693.0,932.0,-1
4, 12, 634.0,675.0,-1
12, 4, 634.0,675.0,-1
4, 13, 371.0,498.0,-1
13, 4, 371.0,498.0,-1
4, 14, 760.0,1019.0,-1
14, 4, 760.0,1019.0,-1
4, 15, 473.0,659.0,-1
15, 4, 473.0,659.0,-1
4, 16, 1186.0,1669.0,-1
16, 4, 1186.0,1669.0,-1
4, 4, 0.0,0.0,1
5, 6, 566.0,670.0,-1
6, 5, 566.0,670.0,-1
5, 7, 1044.0,1338.0,-1
7, 5, 1044.0,1338.0,-1
5, 8, 537.0,750.0,-1
8, 5, 537.0,750.0,-1
5, 9, 298.0,316.0,-1
9, 5, 298.0,316.0,-1
5, 10, 453.0,635.0,1
10, 5, 453.0,635.0,1
5, 11, 766.0,955.0,1
11, 5, 766.0,955.0,1
5, 12, 123.0,173.0,1
12, 5, 123.0,173.0,1
5, 13, 581.0,818.0,-1
13, 5, 581.0,818.0,-1
5, 14, 822.0,996.0,1
14, 5, 822.0,996.0,1
5, 15, 568.0,766.0,-1
15, 5, 568.0,766.0,-1
5, 16, 950.0,1250.0,-1
16, 5, 950.0,1250.0,-1
5, 5, 0.0,0.0,1
6, 7, 887.0,1061.0,1
7, 6, 887.0,1061.0,1
6, 8, 925.0,1186.0,-1
8, 6, 925.0,1186.0,-1
6, 9, 564.0,715.0,1
9, 6, 564.0,715.0,1
6, 10, 865.0,1072.0,-1
10, 6, 865.0,1072.0,-1
6, 11, 702.0,950.0,-1
11, 6, 702.0,950.0,-1
6, 12, 652.0,692.0,1
12, 6, 652.0,692.0,1
6, 13, 380.0,516.0,-1
13, 6, 380.0,516.0,-1
6, 14, 769.0,1037.0,-1
14, 6, 769.0,1037.0,-1
6, 15, 484.0,677.0,-1
15, 6, 484.0,677.0,-1
6, 16, 1200.0,1687.0,-1
16, 6, 1200.0,1687.0,-1
6, 6, 0.0,0.0,1
7, 8, 868.0,1220.0,1
8, 7, 868.0,1220.0,1
7, 9, 764.0,1023.0,-1
9, 7, 764.0,1023.0,-1
7, 10, 889.0,1257.0,-1
10, 7, 889.0,1257.0,-1
7, 11, 283.0,384.0,1
11, 7, 283.0,384.0,1
7, 12, 1014.0,1360.0,1
12, 7, 1014.0,1360.0,1
7, 13, 534.0,546.0,-1
13, 7, 534.0,546.0,-1
7, 14, 243.0,343.0,-1
14, 7, 243.0,343.0,-1
7, 15, 488.0,573.0,1
15, 7, 488.0,573.0,1
7, 16, 745.0,847.0,-1
16, 7, 745.0,847.0,-1
7, 7, 0.0,0.0,1
8, 9, 362.0,472.0,1
9, 8, 362.0,472.0,1
8, 10, 86.0,115.0,-1
10, 8, 86.0,115.0,-1
8, 11, 615.0,837.0,-1
11, 8, 615.0,837.0,-1
8, 12, 420.0,577.0,-1
12, 8, 420.0,577.0,-1
8, 13, 686.0,700.0,-1
13, 8, 686.0,700.0,-1
8, 14, 630.0,878.0,1
14, 8, 630.0,878.0,1
8, 15, 583.0,648.0,1
15, 8, 583.0,648.0,1
8, 16, 442.0,501.0,-1
16, 8, 442.0,501.0,-1
8, 8, 0.0,0.0,1
9, 10, 302.0,357.0,1
10, 9, 302.0,357.0,1
9, 11, 482.0,639.0,1
11, 9, 482.0,639.0,1
9, 12, 250.0,338.0,-1
12, 9, 250.0,338.0,-1
9, 13, 382.0,502.0,-1
13, 9, 382.0,502.0,-1
9, 14, 532.0,680.0,-1
14, 9, 532.0,680.0,-1
9, 15, 320.0,450.0,-1
15, 9, 320.0,450.0,-1
9, 16, 699.0,973.0,-1
16, 9, 699.0,973.0,-1
9, 9, 0.0,0.0,1
10, 11, 624.0,873.0,1
11, 10, 624.0,873.0,1
10, 12, 335.0,463.0,1
12, 10, 335.0,463.0,1
10, 13, 653.0,737.0,-1
13, 10, 653.0,737.0,-1
10, 14, 647.0,915.0,-1
14, 10, 647.0,915.0,-1
10, 15, 559.0,685.0,1
15, 10, 559.0,685.0,1
10, 16, 523.0,616.0,-1
16, 10, 523.0,616.0,-1
10, 10, 0.0,0.0,1
11, 12, 732.0,977.0,-1
12, 11, 732.0,977.0,-1
11, 13, 323.0,435.0,-1
13, 11, 323.0,435.0,-1
11, 14, 68.0,87.0,-1
14, 11, 68.0,87.0,-1
11, 15, 235.0,274.0,1
15, 11, 235.0,274.0,1
11, 16, 616.0,737.0,1
16, 11, 616.0,737.0,1
11, 11, 0.0,0.0,1
12, 13, 598.0,840.0,-1
13, 12, 598.0,840.0,-1
12, 14, 781.0,1018.0,-1
14, 12, 781.0,1018.0,-1
12, 15, 559.0,788.0,1
15, 12, 559.0,788.0,1
12, 16, 844.0,1078.0,-1
16, 12, 844.0,1078.0,-1
12, 12, 0.0,0.0,1
13, 14, 390.0,521.0,-1
14, 13, 390.0,521.0,-1
13, 15, 120.0,162.0,-1
15, 13, 120.0,162.0,-1
13, 16, 860.0,1172.0,1
16, 13, 860.0,1172.0,1
13, 13, 0.0,0.0,1
14, 15, 302.0,360.0,-1
15, 14, 302.0,360.0,-1
14, 16, 582.0,651.0,-1
16, 14, 582.0,651.0,-1
14, 14, 0.0,0.0,1
15, 16, 741.0,1010.0,1
16, 15, 741.0,1010.0,1
15, 15, 0.0,0.0,1
16, 16, 0.0,0.0,1


<end>