<number of nodes>
16

<ratio of available edges>
0.3

<max length of the drone flight>
100000 

<D 2/3>
1, 2, 3, 4, 5, 7, 8, 9, 12, 13, 14

<V>
2, 3, 5, 8, 14

<coordinates X,Y>
516.1753514867991, 149.40748454798086
440.42703722444065, 619.9767080952747
949.9162844700217, 754.1538554291453
463.9298575361482, 873.7728506038794
943.3148996201861, 67.52616387330738
255.38269262436978, 952.3781036436661
302.8528249799075, 668.3175649363387
500.5859234715064, 690.6969476406197
395.7351108904988, 510.4318630502671
914.9540258613465, 78.85120971600239
6.885803626236649, 97.2467414434128
705.4992160563945, 170.0642652898197
76.41521087418296, 778.3790375843699
899.9318412405179, 967.6695837605284
278.4985369542794, 731.0557567557925
451.26557372406234, 45.61025065386935

<adjacency matrix with truck distances>
1, 2, 477.0,547.0,-1
2, 1, 477.0,547.0,-1
1, 3, 745.0,1039.0,-1
3, 1, 745.0,1039.0,-1
1, 4, 727.0,777.0,-1
4, 1, 727.0,777.0,-1
1, 5, 435.0,510.0,-1
5, 1, 435.0,510.0,-1
1, 6, 845.0,1064.0,1
6, 1, 845.0,1064.0,1
1, 7, 562.0,733.0,1
7, 1, 562.0,733.0,1
1, 8, 542.0,557.0,-1
8, 1, 542.0,557.0,-1
1, 9, 381.0,482.0,1
9, 1, 381.0,482.0,1
1, 10, 405.0,470.0,-1
10, 1, 405.0,470.0,-1
1, 11, 512.0,562.0,1
11, 1, 512.0,562.0,1
1, 12, 191.0,210.0,-1
12, 1, 191.0,210.0,-1
1, 13, 768.0,1069.0,-1
13, 1, 768.0,1069.0,-1
1, 14, 904.0,1203.0,-1
14, 1, 904.0,1203.0,-1
1, 15, 629.0,820.0,1
15, 1, 629.0,820.0,1
1, 16, 123.0,169.0,1
16, 1, 123.0,169.0,1
1, 1, 0.0,0.0,1
2, 3, 527.0,644.0,-1
3, 2, 527.0,644.0,-1
2, 4, 255.0,278.0,1
4, 2, 255.0,278.0,1
2, 5, 748.0,1056.0,1
5, 2, 748.0,1056.0,1
2, 6, 381.0,518.0,-1
6, 2, 381.0,518.0,-1
2, 7, 146.0,186.0,-1
7, 2, 146.0,186.0,-1
2, 8, 93.0,131.0,1
8, 2, 93.0,131.0,1
2, 9, 119.0,155.0,-1
9, 2, 119.0,155.0,-1
2, 10, 720.0,1016.0,-1
10, 2, 720.0,1016.0,-1
2, 11, 680.0,957.0,1
11, 2, 680.0,957.0,1
2, 12, 523.0,715.0,1
12, 2, 523.0,715.0,1
2, 13, 397.0,523.0,-1
13, 2, 397.0,523.0,-1
2, 14, 577.0,808.0,-1
14, 2, 577.0,808.0,-1
2, 15, 197.0,274.0,1
15, 2, 197.0,274.0,1
2, 16, 575.0,586.0,1
16, 2, 575.0,586.0,1
2, 2, 0.0,0.0,1
3, 4, 501.0,606.0,-1
4, 3, 501.0,606.0,-1
3, 5, 687.0,694.0,-1
5, 3, 687.0,694.0,-1
3, 6, 723.0,893.0,-1
6, 3, 723.0,893.0,-1
3, 7, 653.0,733.0,1
7, 3, 653.0,733.0,1
3, 8, 454.0,513.0,-1
8, 3, 454.0,513.0,-1
3, 9, 606.0,798.0,-1
9, 3, 606.0,798.0,-1
3, 10, 677.0,711.0,-1
10, 3, 677.0,711.0,-1
3, 11, 1150.0,1600.0,-1
11, 3, 1150.0,1600.0,-1
3, 12, 634.0,829.0,-1
12, 3, 634.0,829.0,-1
3, 13, 874.0,898.0,1
13, 3, 874.0,898.0,1
3, 14, 220.0,264.0,-1
14, 3, 220.0,264.0,-1
3, 15, 672.0,695.0,-1
15, 3, 672.0,695.0,-1
3, 16, 867.0,1208.0,-1
16, 3, 867.0,1208.0,-1
3, 3, 0.0,0.0,1
4, 5, 938.0,1286.0,-1
5, 4, 938.0,1286.0,-1
4, 6, 223.0,288.0,-1
6, 4, 223.0,288.0,-1
4, 7, 262.0,367.0,-1
7, 4, 262.0,367.0,-1
4, 8, 187.0,220.0,-1
8, 4, 187.0,220.0,-1
4, 9, 370.0,432.0,-1
9, 4, 370.0,432.0,-1
4, 10, 914.0,1246.0,-1
10, 4, 914.0,1246.0,-1
4, 11, 902.0,1234.0,-1
11, 4, 902.0,1234.0,-1
4, 12, 745.0,946.0,1
12, 4, 745.0,946.0,1
4, 13, 400.0,483.0,-1
13, 4, 400.0,483.0,-1
4, 14, 446.0,530.0,-1
14, 4, 446.0,530.0,-1
4, 15, 234.0,329.0,-1
15, 4, 234.0,329.0,-1
4, 16, 829.0,841.0,-1
16, 4, 829.0,841.0,-1
4, 4, 0.0,0.0,1
5, 6, 1121.0,1573.0,-1
6, 5, 1121.0,1573.0,-1
5, 7, 879.0,1242.0,-1
7, 5, 879.0,1242.0,-1
5, 8, 765.0,1066.0,-1
8, 5, 765.0,1066.0,-1
5, 9, 705.0,991.0,-1
9, 5, 705.0,991.0,-1
5, 10, 31.0,40.0,1
10, 5, 31.0,40.0,1
5, 11, 937.0,967.0,1
11, 5, 937.0,967.0,1
5, 12, 259.0,341.0,-1
12, 5, 259.0,341.0,-1
5, 13, 1122.0,1578.0,-1
13, 5, 1122.0,1578.0,-1
5, 14, 902.0,944.0,1
14, 5, 902.0,944.0,1
5, 15, 940.0,1329.0,1
15, 5, 940.0,1329.0,1
5, 16, 493.0,514.0,-1
16, 5, 493.0,514.0,-1
5, 5, 0.0,0.0,1
6, 7, 288.0,332.0,-1
7, 6, 288.0,332.0,-1
6, 8, 359.0,507.0,-1
8, 6, 359.0,507.0,-1
6, 9, 464.0,583.0,-1
9, 6, 464.0,583.0,-1
6, 10, 1095.0,1534.0,1
10, 6, 1095.0,1534.0,1
6, 11, 891.0,1104.0,1
11, 6, 891.0,1104.0,1
6, 12, 903.0,1233.0,-1
12, 6, 903.0,1233.0,-1
6, 13, 250.0,353.0,-1
13, 6, 250.0,353.0,-1
6, 14, 645.0,660.0,-1
14, 6, 645.0,660.0,-1
6, 15, 223.0,245.0,-1
15, 6, 223.0,245.0,-1
6, 16, 928.0,1103.0,1
16, 6, 928.0,1103.0,1
6, 6, 0.0,0.0,1
7, 8, 199.0,221.0,1
8, 7, 199.0,221.0,1
7, 9, 184.0,251.0,1
9, 7, 184.0,251.0,1
7, 10, 850.0,1202.0,-1
10, 7, 850.0,1202.0,-1
7, 11, 644.0,868.0,1
11, 7, 644.0,868.0,1
7, 12, 641.0,901.0,-1
12, 7, 641.0,901.0,-1
7, 13, 252.0,337.0,1
13, 7, 252.0,337.0,1
7, 14, 668.0,897.0,-1
14, 7, 668.0,897.0,-1
7, 15, 68.0,88.0,-1
15, 7, 68.0,88.0,-1
7, 16, 641.0,772.0,1
16, 7, 641.0,772.0,1
7, 7, 0.0,0.0,1
8, 9, 209.0,286.0,-1
9, 8, 209.0,286.0,-1
8, 10, 739.0,1027.0,1
10, 8, 739.0,1027.0,1
8, 11, 772.0,1088.0,-1
11, 8, 772.0,1088.0,-1
8, 12, 560.0,726.0,-1
12, 8, 560.0,726.0,-1
8, 13, 434.0,512.0,-1
13, 8, 434.0,512.0,-1
8, 14, 486.0,677.0,-1
14, 8, 486.0,677.0,-1
8, 15, 226.0,263.0,-1
15, 8, 226.0,263.0,-1
8, 16, 647.0,695.0,-1
16, 8, 647.0,695.0,-1
8, 8, 0.0,0.0,1
9, 10, 676.0,951.0,-1
10, 9, 676.0,951.0,-1
9, 11, 568.0,803.0,-1
11, 9, 568.0,803.0,-1
9, 12, 461.0,651.0,-1
12, 9, 461.0,651.0,-1
9, 13, 417.0,588.0,-1
13, 9, 417.0,588.0,-1
9, 14, 681.0,962.0,-1
14, 9, 681.0,962.0,-1
9, 15, 250.0,338.0,-1
15, 9, 250.0,338.0,-1
9, 16, 469.0,521.0,-1
16, 9, 469.0,521.0,-1
9, 9, 0.0,0.0,1
10, 11, 909.0,927.0,-1
11, 10, 909.0,927.0,-1
10, 12, 229.0,301.0,-1
12, 10, 229.0,301.0,-1
10, 13, 1093.0,1539.0,-1
13, 10, 1093.0,1539.0,-1
10, 14, 889.0,904.0,-1
14, 10, 889.0,904.0,-1
10, 15, 912.0,1289.0,1
15, 10, 912.0,1289.0,1
10, 16, 465.0,497.0,1
16, 10, 465.0,497.0,1
10, 10, 0.0,0.0,1
11, 12, 703.0,772.0,1
12, 11, 703.0,772.0,1
11, 13, 685.0,751.0,1
13, 11, 685.0,751.0,1
11, 14, 1248.0,1764.0,-1
14, 11, 1248.0,1764.0,-1
11, 15, 690.0,906.0,-1
15, 11, 690.0,906.0,-1
11, 16, 448.0,497.0,1
16, 11, 448.0,497.0,1
11, 11, 0.0,0.0,1
12, 13, 876.0,1238.0,-1
13, 12, 876.0,1238.0,-1
12, 14, 821.0,993.0,-1
14, 12, 821.0,993.0,-1
12, 15, 706.0,988.0,1
15, 12, 706.0,988.0,1
12, 16, 284.0,379.0,1
16, 12, 284.0,379.0,1
12, 12, 0.0,0.0,1
13, 14, 845.0,1013.0,-1
14, 13, 845.0,1013.0,-1
13, 15, 208.0,250.0,-1
15, 13, 208.0,250.0,-1
13, 16, 824.0,1108.0,-1
16, 13, 824.0,1108.0,-1
13, 13, 0.0,0.0,1
14, 15, 665.0,859.0,-1
15, 14, 665.0,859.0,-1
14, 16, 1026.0,1371.0,-1
16, 14, 1026.0,1371.0,-1
14, 14, 0.0,0.0,1
15, 16, 707.0,859.0,-1
16, 15, 707.0,859.0,-1
15, 15, 0.0,0.0,1
16, 16, 0.0,0.0,1


<end>