<number of nodes>
16

<ratio of available edges>
0.3

<max length of the drone flight>
100000 

<D 2/3>
1, 2, 3, 4, 5, 6, 8, 9, 10, 11, 15

<V>
3, 4, 5, 8, 10

<coordinates X,Y>
349.1622729404341, 801.3208395582055
694.2929013620262, 59.04301418892822
698.3215433933474, 779.5616565990489
285.34978366847906, 658.2805737976367
410.3102747193151, 935.9943272576297
554.1458515825519, 456.8502419703108
314.4830771860371, 192.12744168500413
576.4970864983942, 768.4564374846988
107.3203736263276, 423.81331761877806
979.6466580872972, 262.6574769376033
42.065398578617845, 97.65896712552426
970.0217678304069, 642.6254751909674
178.45343456314262, 311.19877884585355
945.7261978893279, 231.23173486577545
89.44412117495797, 833.9121730959844
117.26290814361697, 482.7577570309233

<adjacency matrix with truck distances>
1, 2, 819.0,1088.0,-1
2, 1, 819.0,1088.0,-1
1, 3, 350.0,371.0,-1
3, 1, 350.0,371.0,-1
1, 4, 157.0,207.0,1
4, 1, 157.0,207.0,1
1, 5, 148.0,196.0,-1
5, 1, 148.0,196.0,-1
1, 6, 401.0,550.0,-1
6, 1, 401.0,550.0,-1
1, 7, 611.0,644.0,-1
7, 1, 611.0,644.0,-1
1, 8, 230.0,261.0,1
8, 1, 230.0,261.0,1
1, 9, 449.0,620.0,-1
9, 1, 449.0,620.0,-1
1, 10, 830.0,1170.0,-1
10, 1, 830.0,1170.0,-1
1, 11, 768.0,1011.0,-1
11, 1, 768.0,1011.0,-1
1, 12, 641.0,780.0,-1
12, 1, 641.0,780.0,-1
1, 13, 520.0,661.0,1
13, 1, 520.0,661.0,1
1, 14, 826.0,1167.0,-1
14, 1, 826.0,1167.0,-1
1, 15, 262.0,293.0,-1
15, 1, 262.0,293.0,-1
1, 16, 395.0,551.0,-1
16, 1, 395.0,551.0,-1
1, 1, 0.0,0.0,1
2, 3, 721.0,725.0,1
3, 2, 721.0,725.0,1
2, 4, 726.0,1009.0,1
4, 2, 726.0,1009.0,1
2, 5, 922.0,1161.0,-1
5, 2, 922.0,1161.0,-1
2, 6, 422.0,538.0,-1
6, 2, 422.0,538.0,-1
2, 7, 403.0,513.0,1
7, 2, 403.0,513.0,1
2, 8, 720.0,828.0,-1
8, 2, 720.0,828.0,-1
2, 9, 692.0,952.0,1
9, 2, 692.0,952.0,1
2, 10, 351.0,489.0,1
10, 2, 351.0,489.0,1
2, 11, 654.0,691.0,1
11, 2, 654.0,691.0,1
2, 12, 646.0,860.0,-1
12, 2, 646.0,860.0,-1
2, 13, 575.0,768.0,-1
13, 2, 575.0,768.0,-1
2, 14, 305.0,424.0,1
14, 2, 305.0,424.0,1
2, 15, 983.0,1380.0,1
15, 2, 983.0,1380.0,1
2, 16, 716.0,1001.0,-1
16, 2, 716.0,1001.0,-1
2, 2, 0.0,0.0,1
3, 4, 431.0,535.0,-1
4, 3, 431.0,535.0,-1
3, 5, 328.0,445.0,-1
5, 3, 328.0,445.0,-1
3, 6, 354.0,467.0,1
6, 3, 354.0,467.0,1
3, 7, 702.0,972.0,-1
7, 3, 702.0,972.0,-1
3, 8, 123.0,133.0,-1
8, 3, 123.0,133.0,-1
3, 9, 690.0,947.0,-1
9, 3, 690.0,947.0,-1
3, 10, 589.0,799.0,1
10, 3, 589.0,799.0,1
3, 11, 947.0,1339.0,1
11, 3, 947.0,1339.0,1
3, 12, 305.0,409.0,-1
12, 3, 305.0,409.0,-1
3, 13, 700.0,989.0,-1
13, 3, 700.0,989.0,-1
3, 14, 602.0,796.0,1
14, 3, 602.0,796.0,1
3, 15, 612.0,664.0,-1
15, 3, 612.0,664.0,-1
3, 16, 653.0,878.0,-1
16, 3, 653.0,878.0,-1
3, 3, 0.0,0.0,1
4, 5, 305.0,403.0,1
5, 4, 305.0,403.0,1
4, 6, 336.0,471.0,-1
6, 4, 336.0,471.0,-1
4, 7, 468.0,496.0,1
7, 4, 468.0,496.0,1
4, 8, 312.0,402.0,-1
8, 4, 312.0,402.0,-1
4, 9, 295.0,413.0,-1
9, 4, 295.0,413.0,-1
4, 10, 800.0,1090.0,-1
10, 4, 800.0,1090.0,-1
4, 11, 612.0,804.0,-1
11, 4, 612.0,804.0,-1
4, 12, 685.0,701.0,1
12, 4, 685.0,701.0,1
4, 13, 364.0,454.0,1
13, 4, 364.0,454.0,1
4, 14, 787.0,1088.0,-1
14, 4, 787.0,1088.0,-1
4, 15, 264.0,372.0,1
15, 4, 264.0,372.0,1
4, 16, 244.0,344.0,1
16, 4, 244.0,344.0,1
4, 4, 0.0,0.0,1
5, 6, 501.0,623.0,-1
6, 5, 501.0,623.0,-1
5, 7, 751.0,840.0,-1
7, 5, 751.0,840.0,-1
5, 8, 236.0,334.0,-1
8, 5, 236.0,334.0,-1
5, 9, 596.0,816.0,-1
9, 5, 596.0,816.0,-1
5, 10, 882.0,1243.0,-1
10, 5, 882.0,1243.0,-1
5, 11, 916.0,1207.0,1
11, 5, 916.0,1207.0,1
5, 12, 632.0,854.0,-1
12, 5, 632.0,854.0,-1
5, 13, 667.0,857.0,-1
13, 5, 667.0,857.0,-1
5, 14, 886.0,1241.0,-1
14, 5, 886.0,1241.0,-1
5, 15, 337.0,423.0,-1
15, 5, 337.0,423.0,-1
5, 16, 540.0,747.0,-1
16, 5, 540.0,747.0,-1
5, 5, 0.0,0.0,1
6, 7, 358.0,505.0,-1
7, 6, 358.0,505.0,-1
6, 8, 313.0,334.0,1
8, 6, 313.0,334.0,1
6, 9, 449.0,480.0,-1
9, 6, 449.0,480.0,-1
6, 10, 468.0,620.0,1
10, 6, 468.0,620.0,1
6, 11, 626.0,872.0,-1
11, 6, 626.0,872.0,-1
6, 12, 456.0,602.0,1
12, 6, 456.0,602.0,1
6, 13, 403.0,522.0,-1
13, 6, 403.0,522.0,-1
6, 14, 452.0,618.0,-1
14, 6, 452.0,618.0,-1
6, 15, 599.0,842.0,-1
15, 6, 599.0,842.0,-1
6, 16, 438.0,463.0,-1
16, 6, 438.0,463.0,-1
6, 6, 0.0,0.0,1
7, 8, 634.0,839.0,1
8, 7, 634.0,839.0,1
7, 9, 311.0,439.0,-1
9, 7, 311.0,439.0,-1
7, 10, 669.0,736.0,-1
10, 7, 669.0,736.0,-1
7, 11, 289.0,367.0,1
11, 7, 289.0,367.0,1
7, 12, 796.0,1107.0,-1
12, 7, 796.0,1107.0,-1
7, 13, 181.0,256.0,-1
13, 7, 181.0,256.0,-1
7, 14, 633.0,671.0,-1
14, 7, 633.0,671.0,-1
7, 15, 681.0,867.0,-1
15, 7, 681.0,867.0,-1
7, 16, 352.0,488.0,-1
16, 7, 352.0,488.0,-1
7, 7, 0.0,0.0,1
8, 9, 583.0,814.0,-1
9, 8, 583.0,814.0,-1
8, 10, 647.0,909.0,-1
10, 8, 647.0,909.0,-1
8, 11, 858.0,1206.0,-1
11, 8, 858.0,1206.0,-1
8, 12, 414.0,520.0,-1
12, 8, 414.0,520.0,-1
8, 13, 607.0,856.0,-1
13, 8, 607.0,856.0,-1
8, 14, 652.0,907.0,-1
14, 8, 652.0,907.0,-1
8, 15, 492.0,553.0,-1
15, 8, 492.0,553.0,-1
8, 16, 541.0,745.0,-1
16, 8, 541.0,745.0,-1
8, 8, 0.0,0.0,1
9, 10, 888.0,1034.0,-1
10, 9, 888.0,1034.0,-1
9, 11, 333.0,392.0,-1
11, 9, 333.0,392.0,-1
9, 12, 891.0,1082.0,-1
12, 9, 891.0,1082.0,-1
9, 13, 134.0,184.0,1
13, 9, 134.0,184.0,1
9, 14, 861.0,1031.0,-1
14, 9, 861.0,1031.0,-1
9, 15, 411.0,428.0,-1
15, 9, 411.0,428.0,-1
9, 16, 60.0,69.0,1
16, 9, 60.0,69.0,1
9, 9, 0.0,0.0,1
10, 11, 952.0,1103.0,-1
11, 10, 952.0,1103.0,-1
10, 12, 381.0,390.0,-1
12, 10, 381.0,390.0,-1
10, 13, 803.0,850.0,-1
13, 10, 803.0,850.0,-1
10, 14, 47.0,66.0,-1
14, 10, 47.0,66.0,-1
10, 15, 1058.0,1462.0,-1
15, 10, 1058.0,1462.0,-1
10, 16, 891.0,1083.0,1
16, 10, 891.0,1083.0,1
10, 10, 0.0,0.0,1
11, 12, 1077.0,1473.0,-1
12, 11, 1077.0,1473.0,-1
11, 13, 254.0,350.0,1
13, 11, 254.0,350.0,1
11, 14, 914.0,1038.0,1
14, 11, 914.0,1038.0,1
11, 15, 738.0,784.0,1
15, 11, 738.0,784.0,1
11, 16, 393.0,461.0,-1
16, 11, 393.0,461.0,-1
11, 11, 0.0,0.0,1
12, 13, 859.0,1123.0,1
13, 12, 859.0,1123.0,1
12, 14, 413.0,436.0,-1
14, 12, 413.0,436.0,-1
12, 15, 902.0,1072.0,-1
15, 12, 902.0,1072.0,-1
12, 16, 868.0,1013.0,-1
16, 12, 868.0,1013.0,-1
12, 12, 0.0,0.0,1
13, 14, 772.0,848.0,1
14, 13, 772.0,848.0,1
13, 15, 531.0,612.0,-1
15, 13, 531.0,612.0,-1
13, 16, 183.0,233.0,-1
16, 13, 183.0,233.0,-1
13, 13, 0.0,0.0,1
14, 15, 1048.0,1459.0,-1
15, 14, 1048.0,1459.0,-1
14, 16, 866.0,1080.0,-1
16, 14, 866.0,1080.0,-1
14, 14, 0.0,0.0,1
15, 16, 353.0,379.0,1
16, 15, 353.0,379.0,1
15, 15, 0.0,0.0,1
16, 16, 0.0,0.0,1


<end>