<number of nodes>
16

<ratio of available edges>
0.3

<max length of the drone flight>
100000 

<D 2/3>
1, 2, 3, 5, 7, 8, 10, 12, 13, 14, 15

<V>
2, 5, 13, 14, 15

<coordinates X,Y>
716.598566182621, 125.6247743746332
604.8178415078843, 939.3070502331251
629.0056871293864, 378.5897730095764
69.54164540094607, 696.6730438137114
631.3931741253535, 851.685601115173
963.4061382666018, 257.0534153812328
601.7496136434363, 358.9858804423044
806.7402237356067, 535.8686296498367
543.1885971925109, 222.08567953044007
596.2723390112941, 137.64825548545596
0.8036063311259454, 175.2371306108055
860.7513405420923, 853.5641792900642
205.92706597727386, 417.55258436302677
315.30711050357326, 964.2115375253544
888.8429072947625, 888.2303836779213
651.0460123477153, 263.03042825959074

<adjacency matrix with truck distances>
1, 2, 822.0,926.0,1
2, 1, 822.0,926.0,1
1, 3, 268.0,341.0,1
3, 1, 268.0,341.0,1
1, 4, 864.0,1219.0,-1
4, 1, 864.0,1219.0,-1
1, 5, 732.0,812.0,-1
5, 1, 732.0,812.0,-1
1, 6, 280.0,379.0,1
6, 1, 280.0,379.0,1
1, 7, 261.0,349.0,1
7, 1, 261.0,349.0,1
1, 8, 421.0,501.0,-1
8, 1, 421.0,501.0,-1
1, 9, 199.0,270.0,1
9, 1, 199.0,270.0,1
1, 10, 121.0,133.0,-1
10, 1, 121.0,133.0,-1
1, 11, 718.0,766.0,1
11, 1, 718.0,766.0,1
1, 12, 743.0,873.0,-1
12, 1, 743.0,873.0,-1
1, 13, 589.0,803.0,1
13, 1, 589.0,803.0,1
1, 14, 930.0,1240.0,1
14, 1, 930.0,1240.0,1
1, 15, 782.0,935.0,1
15, 1, 782.0,935.0,1
1, 16, 153.0,203.0,-1
16, 1, 153.0,203.0,-1
1, 1, 0.0,0.0,1
2, 3, 562.0,585.0,-1
3, 2, 562.0,585.0,-1
2, 4, 588.0,778.0,-1
4, 2, 588.0,778.0,-1
2, 5, 92.0,115.0,-1
5, 2, 92.0,115.0,-1
2, 6, 771.0,1041.0,-1
6, 2, 771.0,1041.0,-1
2, 7, 581.0,584.0,-1
7, 2, 581.0,584.0,-1
2, 8, 452.0,606.0,-1
8, 2, 452.0,606.0,-1
2, 9, 720.0,779.0,-1
9, 2, 720.0,779.0,-1
2, 10, 802.0,811.0,-1
10, 2, 802.0,811.0,-1
2, 11, 974.0,1369.0,1
11, 2, 974.0,1369.0,1
2, 12, 270.0,342.0,-1
12, 2, 270.0,342.0,-1
2, 13, 657.0,921.0,1
13, 2, 657.0,921.0,1
2, 14, 291.0,315.0,-1
14, 2, 291.0,315.0,-1
2, 15, 289.0,336.0,-1
15, 2, 289.0,336.0,-1
2, 16, 678.0,723.0,-1
16, 2, 678.0,723.0,-1
2, 2, 0.0,0.0,1
3, 4, 644.0,878.0,-1
4, 3, 644.0,878.0,-1
3, 5, 474.0,476.0,-1
5, 3, 474.0,476.0,-1
3, 6, 356.0,456.0,-1
6, 3, 356.0,456.0,-1
3, 7, 34.0,47.0,-1
7, 3, 34.0,47.0,-1
3, 8, 238.0,336.0,-1
8, 3, 238.0,336.0,-1
3, 9, 179.0,243.0,-1
9, 3, 179.0,243.0,-1
3, 10, 244.0,274.0,-1
10, 3, 244.0,274.0,-1
3, 11, 661.0,832.0,1
11, 3, 661.0,832.0,1
3, 12, 529.0,707.0,-1
12, 3, 529.0,707.0,-1
3, 13, 425.0,463.0,1
13, 3, 425.0,463.0,1
3, 14, 665.0,900.0,-1
14, 3, 665.0,900.0,-1
3, 15, 573.0,770.0,1
15, 3, 573.0,770.0,1
3, 16, 118.0,138.0,-1
16, 3, 118.0,138.0,-1
3, 3, 0.0,0.0,1
4, 5, 583.0,717.0,-1
5, 4, 583.0,717.0,-1
4, 6, 997.0,1334.0,-1
6, 4, 997.0,1334.0,-1
4, 7, 631.0,870.0,1
7, 4, 631.0,870.0,1
4, 8, 755.0,899.0,-1
8, 4, 755.0,899.0,-1
4, 9, 671.0,949.0,-1
9, 4, 671.0,949.0,-1
4, 10, 769.0,1086.0,1
10, 4, 769.0,1086.0,1
4, 11, 526.0,591.0,1
11, 4, 526.0,591.0,1
4, 12, 807.0,949.0,-1
12, 4, 807.0,949.0,-1
4, 13, 311.0,416.0,-1
13, 4, 311.0,416.0,-1
4, 14, 364.0,514.0,-1
14, 4, 364.0,514.0,-1
4, 15, 842.0,1011.0,-1
15, 4, 842.0,1011.0,-1
4, 16, 726.0,1016.0,-1
16, 4, 726.0,1016.0,-1
4, 4, 0.0,0.0,1
5, 6, 682.0,927.0,1
6, 5, 682.0,927.0,1
5, 7, 494.0,523.0,1
7, 5, 494.0,523.0,1
5, 8, 362.0,492.0,1
8, 5, 362.0,492.0,1
5, 9, 636.0,718.0,-1
9, 5, 636.0,718.0,-1
5, 10, 715.0,750.0,-1
10, 5, 715.0,750.0,-1
5, 11, 925.0,1308.0,-1
11, 5, 925.0,1308.0,-1
5, 12, 230.0,232.0,-1
12, 5, 230.0,232.0,-1
5, 13, 608.0,860.0,-1
13, 5, 608.0,860.0,-1
5, 14, 336.0,429.0,1
14, 5, 336.0,429.0,1
5, 15, 261.0,294.0,1
15, 5, 261.0,294.0,1
5, 16, 589.0,609.0,-1
16, 5, 589.0,609.0,-1
5, 5, 0.0,0.0,1
6, 7, 376.0,464.0,1
7, 6, 376.0,464.0,1
6, 8, 320.0,436.0,-1
8, 6, 320.0,436.0,-1
6, 9, 422.0,456.0,1
9, 6, 422.0,456.0,1
6, 10, 387.0,487.0,1
10, 6, 387.0,487.0,1
6, 11, 967.0,1045.0,-1
11, 6, 967.0,1045.0,-1
6, 12, 606.0,700.0,1
12, 6, 606.0,700.0,1
6, 13, 775.0,918.0,-1
13, 6, 775.0,918.0,-1
6, 14, 960.0,1356.0,-1
14, 6, 960.0,1356.0,-1
6, 15, 636.0,706.0,-1
15, 6, 636.0,706.0,-1
6, 16, 313.0,319.0,-1
16, 6, 313.0,319.0,-1
6, 6, 0.0,0.0,1
7, 8, 271.0,382.0,-1
8, 7, 271.0,382.0,-1
7, 9, 149.0,196.0,1
9, 7, 149.0,196.0,1
7, 10, 222.0,227.0,-1
10, 7, 222.0,227.0,-1
7, 11, 629.0,785.0,-1
11, 7, 629.0,785.0,-1
7, 12, 559.0,754.0,1
12, 7, 559.0,754.0,1
7, 13, 401.0,455.0,1
13, 7, 401.0,455.0,1
7, 14, 670.0,892.0,-1
14, 7, 670.0,892.0,-1
7, 15, 603.0,817.0,-1
15, 7, 603.0,817.0,-1
7, 16, 108.0,146.0,-1
16, 7, 108.0,146.0,-1
7, 7, 0.0,0.0,1
8, 9, 410.0,578.0,-1
9, 8, 410.0,578.0,-1
8, 10, 451.0,609.0,-1
10, 8, 451.0,609.0,-1
8, 11, 883.0,1167.0,-1
11, 8, 883.0,1167.0,-1
8, 12, 323.0,372.0,-1
12, 8, 323.0,372.0,-1
8, 13, 613.0,720.0,-1
13, 8, 613.0,720.0,-1
8, 14, 652.0,920.0,1
14, 8, 652.0,920.0,1
8, 15, 362.0,435.0,-1
15, 8, 362.0,435.0,-1
8, 16, 315.0,429.0,1
16, 8, 315.0,429.0,1
8, 8, 0.0,0.0,1
9, 10, 100.0,138.0,-1
10, 9, 100.0,138.0,-1
9, 11, 545.0,590.0,-1
11, 9, 545.0,590.0,-1
9, 12, 707.0,950.0,-1
12, 9, 707.0,950.0,-1
9, 13, 390.0,533.0,-1
13, 9, 390.0,533.0,-1
9, 14, 777.0,971.0,-1
14, 9, 777.0,971.0,-1
9, 15, 751.0,1012.0,-1
15, 9, 751.0,1012.0,-1
9, 16, 116.0,149.0,-1
16, 9, 116.0,149.0,-1
9, 9, 0.0,0.0,1
10, 11, 597.0,634.0,1
11, 10, 597.0,634.0,1
10, 12, 764.0,981.0,-1
12, 10, 764.0,981.0,-1
10, 13, 481.0,671.0,-1
13, 10, 481.0,671.0,-1
10, 14, 874.0,1108.0,-1
14, 10, 874.0,1108.0,-1
10, 15, 806.0,1044.0,1
15, 10, 806.0,1044.0,1
10, 16, 137.0,181.0,-1
16, 10, 137.0,181.0,-1
10, 10, 0.0,0.0,1
11, 12, 1096.0,1539.0,-1
12, 11, 1096.0,1539.0,-1
11, 13, 318.0,448.0,1
13, 11, 318.0,448.0,1
11, 14, 850.0,1104.0,-1
14, 11, 850.0,1104.0,-1
11, 15, 1139.0,1602.0,-1
15, 11, 1139.0,1602.0,-1
11, 16, 657.0,739.0,-1
16, 11, 657.0,739.0,-1
11, 11, 0.0,0.0,1
12, 13, 787.0,1091.0,-1
13, 12, 787.0,1091.0,-1
12, 14, 557.0,657.0,-1
14, 12, 557.0,657.0,-1
12, 15, 45.0,63.0,-1
15, 12, 45.0,63.0,-1
12, 16, 627.0,801.0,-1
16, 12, 627.0,801.0,-1
12, 12, 0.0,0.0,1
13, 14, 558.0,657.0,1
14, 13, 558.0,657.0,1
13, 15, 830.0,1154.0,-1
15, 13, 830.0,1154.0,-1
13, 16, 472.0,600.0,-1
16, 13, 472.0,600.0,-1
13, 13, 0.0,0.0,1
14, 15, 579.0,650.0,1
15, 14, 579.0,650.0,1
14, 16, 778.0,1037.0,-1
16, 14, 778.0,1037.0,-1
14, 14, 0.0,0.0,1
15, 16, 669.0,863.0,-1
16, 15, 669.0,863.0,-1
15, 15, 0.0,0.0,1
16, 16, 0.0,0.0,1


<end>