<number of nodes>
16

<ratio of available edges>
0.3

<max length of the drone flight>
100000 

<D 2/3>
1, 2, 4, 5, 6, 7, 11, 12, 14, 15, 16

<V>
5, 11, 14, 15, 16

<coordinates X,Y>
547.8087546777352, 349.23649406148047
799.4128311982208, 130.93984488776167
419.1604291439125, 829.4474237473736
36.316219739902266, 652.3006469431808
868.3913662540872, 762.7010270639848
222.57413701543584, 837.813854780059
899.5460935020695, 570.1691357267732
840.5437688676417, 750.2060591456445
787.2224613288442, 332.11521384238426
677.2828035815745, 445.0195044857597
97.92875790509432, 846.4524842837686
657.1994106513956, 561.5182616485695
994.2014268599868, 382.6429434575935
839.480260740699, 896.9578299409707
674.7331246509459, 400.24999794898633
232.50014543484855, 671.5544893389495

<adjacency matrix with truck distances>
1, 2, 334.0,470.0,1
2, 1, 334.0,470.0,1
1, 3, 498.0,609.0,-1
3, 1, 498.0,609.0,-1
1, 4, 595.0,815.0,-1
4, 1, 595.0,815.0,-1
1, 5, 524.0,735.0,1
5, 1, 524.0,735.0,1
1, 6, 587.0,814.0,-1
6, 1, 587.0,814.0,-1
1, 7, 416.0,573.0,-1
7, 1, 416.0,573.0,-1
1, 8, 497.0,694.0,-1
8, 1, 497.0,694.0,-1
1, 9, 241.0,257.0,-1
9, 1, 241.0,257.0,-1
1, 10, 162.0,226.0,-1
10, 1, 162.0,226.0,-1
1, 11, 671.0,948.0,-1
11, 1, 671.0,948.0,-1
1, 12, 239.0,322.0,1
12, 1, 239.0,322.0,1
1, 13, 448.0,480.0,-1
13, 1, 448.0,480.0,-1
1, 14, 621.0,840.0,-1
14, 1, 621.0,840.0,-1
1, 15, 137.0,178.0,-1
15, 1, 137.0,178.0,-1
1, 16, 451.0,638.0,-1
16, 1, 451.0,638.0,-1
1, 1, 0.0,0.0,1
2, 3, 796.0,1079.0,-1
3, 2, 796.0,1079.0,-1
2, 4, 925.0,1285.0,-1
4, 2, 925.0,1285.0,-1
2, 5, 636.0,701.0,-1
5, 2, 636.0,701.0,-1
2, 6, 913.0,1284.0,-1
6, 2, 913.0,1284.0,-1
2, 7, 451.0,540.0,-1
7, 2, 451.0,540.0,-1
2, 8, 621.0,661.0,-1
8, 2, 621.0,661.0,-1
2, 9, 202.0,214.0,-1
9, 2, 202.0,214.0,-1
2, 10, 337.0,437.0,-1
10, 2, 337.0,437.0,-1
2, 11, 1003.0,1417.0,-1
11, 2, 1003.0,1417.0,-1
2, 12, 454.0,573.0,1
12, 2, 454.0,573.0,1
2, 13, 319.0,447.0,-1
13, 2, 319.0,447.0,-1
2, 14, 768.0,807.0,-1
14, 2, 768.0,807.0,-1
2, 15, 297.0,394.0,-1
15, 2, 297.0,394.0,-1
2, 16, 784.0,1108.0,-1
16, 2, 784.0,1108.0,-1
2, 2, 0.0,0.0,1
3, 4, 422.0,560.0,-1
4, 3, 422.0,560.0,-1
3, 5, 455.0,516.0,-1
5, 3, 455.0,516.0,-1
3, 6, 197.0,205.0,-1
6, 3, 197.0,205.0,-1
3, 7, 546.0,740.0,-1
7, 3, 546.0,740.0,-1
3, 8, 429.0,501.0,-1
8, 3, 429.0,501.0,-1
3, 9, 619.0,866.0,-1
9, 3, 619.0,866.0,-1
3, 10, 464.0,643.0,-1
10, 3, 464.0,643.0,-1
3, 11, 322.0,339.0,-1
11, 3, 322.0,339.0,-1
3, 12, 359.0,506.0,1
12, 3, 359.0,506.0,1
3, 13, 729.0,1022.0,1
13, 3, 729.0,1022.0,1
3, 14, 426.0,488.0,1
14, 3, 426.0,488.0,1
3, 15, 500.0,685.0,1
15, 3, 500.0,685.0,1
3, 16, 245.0,345.0,-1
16, 3, 245.0,345.0,-1
3, 3, 0.0,0.0,1
4, 5, 840.0,943.0,-1
5, 4, 840.0,943.0,-1
4, 6, 263.0,372.0,-1
6, 4, 263.0,372.0,-1
4, 7, 868.0,946.0,1
7, 4, 868.0,946.0,1
4, 8, 811.0,903.0,1
8, 4, 811.0,903.0,1
4, 9, 817.0,1072.0,-1
9, 4, 817.0,1072.0,-1
4, 10, 674.0,849.0,-1
10, 4, 674.0,849.0,-1
4, 11, 204.0,256.0,-1
11, 4, 204.0,256.0,-1
4, 12, 628.0,712.0,-1
12, 4, 628.0,712.0,-1
4, 13, 996.0,1228.0,-1
13, 4, 996.0,1228.0,-1
4, 14, 840.0,1048.0,1
14, 4, 840.0,1048.0,1
4, 15, 687.0,891.0,1
15, 4, 687.0,891.0,1
4, 16, 198.0,216.0,-1
16, 4, 198.0,216.0,-1
4, 4, 0.0,0.0,1
5, 6, 651.0,721.0,-1
6, 5, 651.0,721.0,-1
5, 7, 196.0,224.0,1
7, 5, 196.0,224.0,1
5, 8, 31.0,41.0,-1
8, 5, 31.0,41.0,-1
5, 9, 439.0,512.0,-1
9, 5, 439.0,512.0,-1
5, 10, 371.0,509.0,1
10, 5, 371.0,509.0,1
5, 11, 776.0,855.0,-1
11, 5, 776.0,855.0,-1
5, 12, 292.0,413.0,-1
12, 5, 292.0,413.0,-1
5, 13, 401.0,506.0,1
13, 5, 401.0,506.0,1
5, 14, 138.0,164.0,-1
14, 5, 138.0,164.0,-1
5, 15, 411.0,557.0,-1
15, 5, 411.0,557.0,-1
5, 16, 643.0,728.0,1
16, 5, 643.0,728.0,1
5, 5, 0.0,0.0,1
6, 7, 728.0,945.0,1
7, 6, 728.0,945.0,1
6, 8, 625.0,706.0,-1
8, 6, 625.0,706.0,-1
6, 9, 758.0,1071.0,1
9, 6, 758.0,1071.0,1
6, 10, 601.0,848.0,1
10, 6, 601.0,848.0,1
6, 11, 125.0,134.0,1
11, 6, 125.0,134.0,1
6, 12, 516.0,711.0,1
12, 6, 516.0,711.0,1
6, 13, 896.0,1227.0,-1
13, 6, 896.0,1227.0,-1
6, 14, 620.0,677.0,-1
14, 6, 620.0,677.0,-1
6, 15, 630.0,890.0,1
15, 6, 630.0,890.0,1
6, 16, 167.0,177.0,-1
16, 6, 167.0,177.0,-1
6, 6, 0.0,0.0,1
7, 8, 190.0,240.0,-1
8, 7, 190.0,240.0,-1
7, 9, 264.0,351.0,1
9, 7, 264.0,351.0,1
7, 10, 256.0,348.0,-1
10, 7, 256.0,348.0,-1
7, 11, 848.0,1078.0,-1
11, 7, 848.0,1078.0,-1
7, 12, 243.0,251.0,1
12, 7, 243.0,251.0,1
7, 13, 211.0,283.0,-1
13, 7, 211.0,283.0,-1
7, 14, 333.0,387.0,-1
14, 7, 333.0,387.0,-1
7, 15, 282.0,395.0,-1
15, 7, 282.0,395.0,-1
7, 16, 675.0,769.0,-1
16, 7, 675.0,769.0,-1
7, 7, 0.0,0.0,1
8, 9, 422.0,472.0,-1
9, 8, 422.0,472.0,-1
8, 10, 347.0,469.0,1
10, 8, 347.0,469.0,1
8, 11, 749.0,839.0,1
11, 8, 749.0,839.0,1
8, 12, 264.0,373.0,1
12, 8, 264.0,373.0,1
8, 13, 399.0,522.0,1
13, 8, 399.0,522.0,1
8, 14, 147.0,148.0,1
14, 8, 147.0,148.0,1
8, 15, 388.0,516.0,-1
15, 8, 388.0,516.0,-1
8, 16, 614.0,687.0,1
16, 8, 614.0,687.0,1
8, 8, 0.0,0.0,1
9, 10, 158.0,223.0,1
10, 9, 158.0,223.0,1
9, 11, 861.0,1204.0,1
11, 9, 861.0,1204.0,1
9, 12, 264.0,360.0,-1
12, 9, 264.0,360.0,-1
9, 13, 214.0,258.0,-1
13, 9, 214.0,258.0,-1
9, 14, 568.0,618.0,-1
14, 9, 568.0,618.0,-1
9, 15, 132.0,181.0,-1
15, 9, 132.0,181.0,-1
9, 16, 651.0,895.0,1
16, 9, 651.0,895.0,1
9, 9, 0.0,0.0,1
10, 11, 705.0,981.0,-1
11, 10, 705.0,981.0,-1
10, 12, 119.0,137.0,-1
12, 10, 119.0,137.0,-1
10, 13, 323.0,380.0,-1
13, 10, 323.0,380.0,-1
10, 14, 481.0,615.0,-1
14, 10, 481.0,615.0,-1
10, 15, 45.0,48.0,-1
15, 10, 45.0,48.0,-1
10, 16, 500.0,672.0,-1
16, 10, 500.0,672.0,-1
10, 10, 0.0,0.0,1
11, 12, 628.0,845.0,-1
12, 11, 628.0,845.0,-1
11, 13, 1010.0,1361.0,-1
13, 11, 1010.0,1361.0,-1
11, 14, 744.0,793.0,1
14, 11, 744.0,793.0,1
11, 15, 730.0,1024.0,1
15, 11, 730.0,1024.0,1
11, 16, 221.0,310.0,-1
16, 11, 221.0,310.0,-1
11, 11, 0.0,0.0,1
12, 13, 382.0,516.0,1
13, 12, 382.0,516.0,1
12, 14, 382.0,518.0,-1
14, 12, 382.0,518.0,-1
12, 15, 163.0,179.0,-1
15, 12, 163.0,179.0,-1
12, 16, 439.0,535.0,-1
16, 12, 439.0,535.0,-1
12, 12, 0.0,0.0,1
13, 14, 538.0,670.0,-1
14, 13, 538.0,670.0,-1
13, 15, 320.0,338.0,-1
15, 13, 320.0,338.0,-1
13, 16, 815.0,1051.0,-1
16, 13, 815.0,1051.0,-1
13, 13, 0.0,0.0,1
14, 15, 524.0,662.0,-1
15, 14, 524.0,662.0,-1
14, 16, 648.0,833.0,-1
16, 14, 648.0,833.0,-1
14, 14, 0.0,0.0,1
15, 16, 519.0,714.0,-1
16, 15, 519.0,714.0,-1
15, 15, 0.0,0.0,1
16, 16, 0.0,0.0,1


<end>