<number of nodes>
16

<ratio of available edges>
0.3

<max length of the drone flight>
100000 

<D 2/3>
1, 2, 4, 6, 7, 8, 9, 11, 12, 14, 15

<V>
2, 7, 12, 14, 15

<coordinates X,Y>
132.9948097811566, 781.2420377607674
351.1133999112148, 364.3380066102079
770.6105340520648, 832.7688264683975
378.7555075164537, 195.19559824985808
259.16876225647394, 55.15818595590698
778.3861604367398, 848.8940689530134
180.98476443498672, 480.6938818847006
798.0513939232648, 322.87391394190075
741.6633382383915, 50.227481599339505
557.796568077289, 364.557462226525
419.87391469503734, -0.7869518234623482
713.7339232066098, 985.9117732854357
725.4032059456462, 236.77971878853617
221.66128578601595, 303.13391121458665
817.4688874105547, 244.42180302783922
848.7931099720927, 280.782801561274

<adjacency matrix with truck distances>
1, 2, 471.0,636.0,-1
2, 1, 471.0,636.0,-1
1, 3, 640.0,690.0,-1
3, 1, 640.0,690.0,-1
1, 4, 636.0,832.0,-1
4, 1, 636.0,832.0,-1
1, 5, 737.0,853.0,-1
5, 1, 737.0,853.0,-1
1, 6, 649.0,714.0,1
6, 1, 649.0,714.0,1
1, 7, 305.0,349.0,1
7, 1, 305.0,349.0,1
1, 8, 808.0,1124.0,-1
8, 1, 808.0,1124.0,-1
1, 9, 952.0,1340.0,1
9, 1, 952.0,1340.0,1
1, 10, 596.0,842.0,-1
10, 1, 596.0,842.0,-1
1, 11, 833.0,1069.0,-1
11, 1, 833.0,1069.0,-1
1, 12, 616.0,786.0,1
12, 1, 616.0,786.0,1
1, 13, 805.0,1137.0,1
13, 1, 805.0,1137.0,1
1, 14, 487.0,567.0,-1
14, 1, 487.0,567.0,-1
1, 15, 870.0,1222.0,1
15, 1, 870.0,1222.0,1
1, 16, 874.0,1217.0,-1
16, 1, 874.0,1217.0,-1
1, 1, 0.0,0.0,1
2, 3, 629.0,888.0,-1
3, 2, 629.0,888.0,-1
2, 4, 172.0,197.0,-1
4, 2, 172.0,197.0,-1
2, 5, 323.0,402.0,-1
5, 2, 323.0,402.0,-1
2, 6, 647.0,912.0,-1
6, 2, 647.0,912.0,-1
2, 7, 207.0,287.0,-1
7, 2, 207.0,287.0,-1
2, 8, 449.0,489.0,-1
8, 2, 449.0,489.0,-1
2, 9, 502.0,705.0,-1
9, 2, 502.0,705.0,-1
2, 10, 207.0,207.0,1
10, 2, 207.0,207.0,1
2, 11, 372.0,434.0,1
11, 2, 372.0,434.0,1
2, 12, 720.0,985.0,-1
12, 2, 720.0,985.0,-1
2, 13, 396.0,502.0,-1
13, 2, 396.0,502.0,-1
2, 14, 144.0,191.0,1
14, 2, 144.0,191.0,1
2, 15, 482.0,587.0,1
15, 2, 482.0,587.0,1
2, 16, 505.0,582.0,-1
16, 2, 505.0,582.0,-1
2, 2, 0.0,0.0,1
3, 4, 749.0,1030.0,-1
4, 3, 749.0,1030.0,-1
3, 5, 931.0,1290.0,-1
5, 3, 931.0,1290.0,-1
3, 6, 18.0,24.0,1
6, 3, 18.0,24.0,1
3, 7, 687.0,942.0,-1
7, 3, 687.0,942.0,-1
3, 8, 511.0,538.0,-1
8, 3, 511.0,538.0,-1
3, 9, 784.0,812.0,-1
9, 3, 784.0,812.0,-1
3, 10, 515.0,682.0,-1
10, 3, 515.0,682.0,-1
3, 11, 905.0,1185.0,-1
11, 3, 905.0,1185.0,-1
3, 12, 164.0,211.0,-1
12, 3, 164.0,211.0,-1
3, 13, 598.0,642.0,-1
13, 3, 598.0,642.0,-1
3, 14, 763.0,1079.0,-1
14, 3, 763.0,1079.0,-1
3, 15, 591.0,636.0,-1
15, 3, 591.0,636.0,-1
3, 16, 558.0,631.0,1
16, 3, 558.0,631.0,1
3, 3, 0.0,0.0,1
4, 5, 185.0,260.0,-1
5, 4, 185.0,260.0,-1
4, 6, 767.0,1054.0,-1
6, 4, 767.0,1054.0,-1
4, 7, 348.0,484.0,-1
7, 4, 348.0,484.0,-1
4, 8, 439.0,547.0,-1
8, 4, 439.0,547.0,-1
4, 9, 391.0,508.0,1
9, 4, 391.0,508.0,1
4, 10, 247.0,349.0,-1
10, 4, 247.0,349.0,-1
4, 11, 201.0,238.0,-1
11, 4, 201.0,238.0,-1
4, 12, 859.0,1126.0,-1
12, 4, 859.0,1126.0,-1
4, 13, 350.0,389.0,1
13, 4, 350.0,389.0,1
4, 14, 191.0,266.0,1
14, 4, 191.0,266.0,1
4, 15, 442.0,488.0,-1
15, 4, 442.0,488.0,-1
4, 16, 478.0,556.0,-1
16, 4, 478.0,556.0,-1
4, 4, 0.0,0.0,1
5, 6, 949.0,1313.0,-1
6, 5, 949.0,1313.0,-1
5, 7, 433.0,504.0,1
7, 5, 433.0,504.0,1
5, 8, 602.0,807.0,-1
8, 5, 602.0,807.0,-1
5, 9, 483.0,488.0,-1
9, 5, 483.0,488.0,-1
5, 10, 431.0,609.0,-1
10, 5, 431.0,609.0,-1
5, 11, 171.0,217.0,1
11, 5, 171.0,217.0,1
5, 12, 1036.0,1386.0,-1
12, 5, 1036.0,1386.0,-1
5, 13, 501.0,648.0,-1
13, 5, 501.0,648.0,-1
5, 14, 251.0,286.0,1
14, 5, 251.0,286.0,1
5, 15, 590.0,748.0,-1
15, 5, 590.0,748.0,-1
5, 16, 632.0,816.0,1
16, 5, 632.0,816.0,1
5, 5, 0.0,0.0,1
6, 7, 702.0,966.0,1
7, 6, 702.0,966.0,1
6, 8, 527.0,546.0,-1
8, 6, 527.0,546.0,-1
6, 9, 800.0,836.0,-1
9, 6, 800.0,836.0,-1
6, 10, 533.0,705.0,1
10, 6, 533.0,705.0,1
6, 11, 923.0,1209.0,-1
11, 6, 923.0,1209.0,-1
6, 12, 152.0,202.0,-1
12, 6, 152.0,202.0,-1
6, 13, 615.0,666.0,-1
13, 6, 615.0,666.0,-1
6, 14, 780.0,1103.0,1
14, 6, 780.0,1103.0,1
6, 15, 606.0,644.0,1
15, 6, 606.0,644.0,1
6, 16, 573.0,639.0,1
16, 6, 573.0,639.0,1
6, 6, 0.0,0.0,1
7, 8, 637.0,775.0,1
8, 7, 637.0,775.0,1
7, 9, 707.0,992.0,-1
9, 7, 707.0,992.0,-1
7, 10, 395.0,493.0,-1
10, 7, 395.0,493.0,-1
7, 11, 538.0,721.0,-1
11, 7, 538.0,721.0,-1
7, 12, 735.0,1038.0,-1
12, 7, 735.0,1038.0,-1
7, 13, 597.0,789.0,-1
13, 7, 597.0,789.0,-1
7, 14, 183.0,219.0,-1
14, 7, 183.0,219.0,-1
7, 15, 679.0,873.0,-1
15, 7, 679.0,873.0,-1
7, 16, 698.0,868.0,1
16, 7, 698.0,868.0,1
7, 7, 0.0,0.0,1
8, 9, 279.0,330.0,1
9, 8, 279.0,330.0,1
8, 10, 244.0,282.0,1
10, 8, 244.0,282.0,1
8, 11, 498.0,702.0,-1
11, 8, 498.0,702.0,-1
8, 12, 669.0,748.0,1
12, 8, 669.0,748.0,1
8, 13, 113.0,159.0,-1
13, 8, 113.0,159.0,-1
8, 14, 577.0,597.0,-1
14, 8, 577.0,597.0,-1
8, 15, 81.0,98.0,-1
15, 8, 81.0,98.0,-1
8, 16, 66.0,93.0,-1
16, 8, 66.0,93.0,-1
8, 8, 0.0,0.0,1
9, 10, 365.0,499.0,-1
10, 9, 365.0,499.0,-1
9, 11, 326.0,373.0,-1
11, 9, 326.0,373.0,-1
9, 12, 937.0,964.0,-1
12, 9, 937.0,964.0,-1
9, 13, 188.0,203.0,-1
13, 9, 188.0,203.0,-1
9, 14, 579.0,773.0,-1
14, 9, 579.0,773.0,-1
9, 15, 209.0,270.0,-1
15, 9, 209.0,270.0,-1
9, 16, 255.0,338.0,-1
16, 9, 255.0,338.0,-1
9, 9, 0.0,0.0,1
10, 11, 391.0,504.0,-1
11, 10, 391.0,504.0,-1
10, 12, 641.0,778.0,-1
12, 10, 641.0,778.0,-1
10, 13, 211.0,296.0,-1
13, 10, 211.0,296.0,-1
10, 14, 342.0,398.0,-1
14, 10, 342.0,398.0,-1
10, 15, 287.0,380.0,1
15, 10, 287.0,380.0,1
10, 16, 303.0,375.0,-1
16, 10, 303.0,375.0,-1
10, 10, 0.0,0.0,1
11, 12, 1030.0,1281.0,-1
12, 11, 1030.0,1281.0,-1
11, 13, 388.0,544.0,-1
13, 11, 388.0,544.0,-1
11, 14, 363.0,503.0,-1
14, 11, 363.0,503.0,-1
11, 15, 468.0,643.0,1
15, 11, 468.0,643.0,1
11, 16, 514.0,711.0,1
16, 11, 514.0,711.0,1
11, 11, 0.0,0.0,1
12, 13, 750.0,761.0,-1
13, 12, 750.0,761.0,-1
12, 14, 842.0,1175.0,-1
14, 12, 842.0,1175.0,-1
12, 15, 749.0,846.0,-1
15, 12, 749.0,846.0,-1
12, 16, 718.0,841.0,-1
16, 12, 718.0,841.0,-1
12, 12, 0.0,0.0,1
13, 14, 509.0,571.0,-1
14, 13, 509.0,571.0,-1
13, 15, 93.0,100.0,1
15, 13, 93.0,100.0,1
13, 16, 132.0,168.0,1
16, 13, 132.0,168.0,1
13, 13, 0.0,0.0,1
14, 15, 599.0,655.0,1
15, 14, 599.0,655.0,1
14, 16, 628.0,650.0,1
16, 14, 628.0,650.0,1
14, 14, 0.0,0.0,1
15, 16, 48.0,68.0,-1
16, 15, 48.0,68.0,-1
15, 15, 0.0,0.0,1
16, 16, 0.0,0.0,1


<end>