<number of nodes>
16

<ratio of available edges>
0.3

<max length of the drone flight>
100000 

<D 2/3>
1, 3, 5, 7, 8, 10, 11, 12, 13, 14, 16

<V>
5, 7, 8, 13, 16

<coordinates X,Y>
893.6310464132465, 600.2617873373774
279.63463151098995, 841.2932097378493
855.0509314391421, 543.8691387445863
802.3629248002392, 324.12870724651555
831.3224532853368, 655.9467581257944
90.83062634294461, 219.36873641761758
594.1642737015158, 843.4607486892187
569.4225917218585, 566.4327185029437
293.6892248947292, 404.9405112949135
209.85501831302605, 959.6768757131567
2.3276210629077974, 4.421699201133251
472.7730611903763, 97.01527061555717
672.0185718554748, 838.9634955889272
605.7451436692286, 846.9277648031064
955.3362523307876, 538.4498119285331
391.86208829173904, 805.3730280891946

<adjacency matrix with truck distances>
1, 2, 660.0,856.0,-1
2, 1, 660.0,856.0,-1
1, 3, 69.0,95.0,-1
3, 1, 69.0,95.0,-1
1, 4, 291.0,368.0,1
4, 1, 291.0,368.0,1
1, 5, 84.0,118.0,1
5, 1, 84.0,118.0,1
1, 6, 889.0,1184.0,-1
6, 1, 889.0,1184.0,-1
1, 7, 386.0,543.0,-1
7, 1, 386.0,543.0,-1
1, 8, 326.0,359.0,-1
8, 1, 326.0,359.0,-1
1, 9, 631.0,796.0,-1
9, 1, 631.0,796.0,-1
1, 10, 773.0,1044.0,1
10, 1, 773.0,1044.0,1
1, 11, 1073.0,1488.0,-1
11, 1, 1073.0,1488.0,-1
1, 12, 657.0,925.0,-1
12, 1, 657.0,925.0,-1
1, 13, 326.0,461.0,-1
13, 1, 326.0,461.0,-1
1, 14, 380.0,535.0,1
14, 1, 380.0,535.0,1
1, 15, 88.0,124.0,-1
15, 1, 88.0,124.0,-1
1, 16, 543.0,707.0,-1
16, 1, 543.0,707.0,-1
1, 1, 0.0,0.0,1
2, 3, 648.0,873.0,-1
3, 2, 648.0,873.0,-1
2, 4, 736.0,1040.0,-1
4, 2, 736.0,1040.0,-1
2, 5, 582.0,738.0,-1
5, 2, 582.0,738.0,-1
2, 6, 650.0,811.0,1
6, 2, 650.0,811.0,1
2, 7, 315.0,317.0,1
7, 2, 315.0,317.0,1
2, 8, 400.0,565.0,-1
8, 2, 400.0,565.0,-1
2, 9, 437.0,451.0,-1
9, 2, 437.0,451.0,-1
2, 10, 138.0,189.0,-1
10, 2, 138.0,189.0,-1
2, 11, 882.0,1115.0,1
11, 2, 882.0,1115.0,1
2, 12, 769.0,938.0,-1
12, 2, 769.0,938.0,-1
2, 13, 393.0,395.0,-1
13, 2, 393.0,395.0,-1
2, 14, 327.0,332.0,1
14, 2, 327.0,332.0,1
2, 15, 741.0,979.0,-1
15, 2, 741.0,979.0,-1
2, 16, 118.0,149.0,1
16, 2, 118.0,149.0,1
2, 2, 0.0,0.0,1
3, 4, 226.0,273.0,-1
4, 3, 226.0,273.0,-1
3, 5, 115.0,136.0,-1
5, 3, 115.0,136.0,-1
3, 6, 831.0,1089.0,-1
6, 3, 831.0,1089.0,-1
3, 7, 398.0,561.0,1
7, 3, 398.0,561.0,1
3, 8, 287.0,309.0,-1
8, 3, 287.0,309.0,-1
3, 9, 579.0,701.0,1
9, 3, 579.0,701.0,1
3, 10, 768.0,1062.0,-1
10, 3, 768.0,1062.0,-1
3, 11, 1010.0,1393.0,-1
11, 3, 1010.0,1393.0,-1
3, 12, 589.0,830.0,-1
12, 3, 589.0,830.0,-1
3, 13, 348.0,479.0,-1
13, 3, 348.0,479.0,-1
3, 14, 393.0,553.0,1
14, 3, 393.0,553.0,1
3, 15, 101.0,106.0,-1
15, 3, 101.0,106.0,-1
3, 16, 532.0,725.0,-1
16, 3, 532.0,725.0,-1
3, 3, 0.0,0.0,1
4, 5, 334.0,361.0,1
5, 4, 334.0,361.0,1
4, 6, 720.0,817.0,-1
6, 4, 720.0,817.0,-1
4, 7, 560.0,728.0,1
7, 4, 560.0,728.0,1
4, 8, 337.0,476.0,-1
8, 4, 337.0,476.0,-1
4, 9, 516.0,590.0,-1
9, 4, 516.0,590.0,-1
4, 10, 869.0,1229.0,-1
10, 4, 869.0,1229.0,-1
4, 11, 862.0,1120.0,-1
11, 4, 862.0,1120.0,-1
4, 12, 401.0,557.0,1
12, 4, 401.0,557.0,1
4, 13, 532.0,646.0,-1
13, 4, 532.0,646.0,-1
4, 14, 559.0,720.0,-1
14, 4, 559.0,720.0,-1
4, 15, 264.0,368.0,-1
15, 4, 264.0,368.0,-1
4, 16, 633.0,892.0,1
16, 4, 633.0,892.0,1
4, 4, 0.0,0.0,1
5, 6, 860.0,1178.0,1
6, 5, 860.0,1178.0,1
5, 7, 303.0,425.0,-1
7, 5, 303.0,425.0,-1
5, 8, 277.0,352.0,-1
8, 5, 277.0,352.0,-1
5, 9, 594.0,789.0,-1
9, 5, 594.0,789.0,-1
5, 10, 692.0,926.0,1
10, 5, 692.0,926.0,1
5, 11, 1055.0,1481.0,-1
11, 5, 1055.0,1481.0,-1
5, 12, 665.0,918.0,1
12, 5, 665.0,918.0,1
5, 13, 243.0,343.0,-1
13, 5, 243.0,343.0,-1
5, 14, 296.0,417.0,-1
14, 5, 296.0,417.0,-1
5, 15, 171.0,242.0,-1
15, 5, 171.0,242.0,-1
5, 16, 465.0,589.0,-1
16, 5, 465.0,589.0,-1
5, 5, 0.0,0.0,1
6, 7, 802.0,1128.0,-1
7, 6, 802.0,1128.0,-1
6, 8, 592.0,826.0,1
8, 6, 592.0,826.0,1
6, 9, 275.0,389.0,-1
9, 6, 275.0,389.0,-1
6, 10, 750.0,860.0,-1
10, 6, 750.0,860.0,-1
6, 11, 233.0,304.0,-1
11, 6, 233.0,304.0,-1
6, 12, 402.0,505.0,-1
12, 6, 402.0,505.0,-1
6, 13, 850.0,1201.0,-1
13, 6, 850.0,1201.0,-1
6, 14, 812.0,1143.0,1
14, 6, 812.0,1143.0,1
6, 15, 922.0,1184.0,1
15, 6, 922.0,1184.0,1
6, 16, 659.0,888.0,-1
16, 6, 659.0,888.0,-1
6, 6, 0.0,0.0,1
7, 8, 279.0,302.0,-1
8, 7, 279.0,302.0,-1
7, 9, 532.0,739.0,-1
9, 7, 532.0,739.0,-1
7, 10, 402.0,501.0,1
10, 7, 402.0,501.0,1
7, 11, 1027.0,1431.0,-1
11, 7, 1027.0,1431.0,-1
7, 12, 757.0,868.0,-1
12, 7, 757.0,868.0,-1
7, 13, 78.0,83.0,1
13, 7, 78.0,83.0,1
7, 14, 13.0,16.0,1
14, 7, 13.0,16.0,1
7, 15, 473.0,667.0,-1
15, 7, 473.0,667.0,-1
7, 16, 206.0,241.0,-1
16, 7, 206.0,241.0,-1
7, 7, 0.0,0.0,1
8, 9, 320.0,438.0,1
9, 8, 320.0,438.0,1
8, 10, 533.0,753.0,-1
10, 8, 533.0,753.0,-1
8, 11, 799.0,1130.0,-1
11, 8, 799.0,1130.0,-1
8, 12, 480.0,567.0,-1
12, 8, 480.0,567.0,-1
8, 13, 292.0,376.0,-1
13, 8, 292.0,376.0,-1
8, 14, 283.0,317.0,-1
14, 8, 283.0,317.0,-1
8, 15, 387.0,414.0,-1
15, 8, 387.0,414.0,-1
8, 16, 298.0,417.0,-1
16, 8, 298.0,417.0,-1
8, 8, 0.0,0.0,1
9, 10, 562.0,639.0,1
10, 9, 562.0,639.0,1
9, 11, 496.0,692.0,-1
11, 9, 496.0,692.0,-1
9, 12, 357.0,488.0,1
12, 9, 357.0,488.0,1
9, 13, 576.0,813.0,-1
13, 9, 576.0,813.0,-1
9, 14, 542.0,755.0,1
14, 9, 542.0,755.0,1
9, 15, 675.0,796.0,-1
15, 9, 675.0,796.0,-1
9, 16, 413.0,499.0,-1
16, 9, 413.0,499.0,-1
9, 9, 0.0,0.0,1
10, 11, 978.0,1163.0,1
11, 10, 978.0,1163.0,1
10, 12, 902.0,1126.0,1
12, 10, 902.0,1126.0,1
10, 13, 478.0,583.0,-1
13, 10, 478.0,583.0,-1
10, 14, 412.0,509.0,1
14, 10, 412.0,509.0,1
10, 15, 857.0,1167.0,-1
15, 10, 857.0,1167.0,-1
10, 16, 239.0,337.0,-1
16, 10, 239.0,337.0,-1
10, 10, 0.0,0.0,1
11, 12, 480.0,564.0,-1
12, 11, 480.0,564.0,-1
11, 13, 1071.0,1505.0,-1
13, 11, 1071.0,1505.0,-1
11, 14, 1037.0,1446.0,-1
14, 11, 1037.0,1446.0,-1
11, 15, 1093.0,1488.0,1
15, 11, 1093.0,1488.0,1
11, 16, 891.0,1191.0,-1
16, 11, 891.0,1191.0,-1
11, 11, 0.0,0.0,1
12, 13, 769.0,942.0,1
13, 12, 769.0,942.0,1
12, 14, 762.0,883.0,-1
14, 12, 762.0,883.0,-1
12, 15, 655.0,924.0,1
15, 12, 655.0,924.0,1
12, 16, 713.0,790.0,-1
16, 12, 713.0,790.0,-1
12, 12, 0.0,0.0,1
13, 14, 67.0,75.0,-1
14, 13, 67.0,75.0,-1
13, 15, 414.0,584.0,-1
15, 13, 414.0,584.0,-1
13, 16, 283.0,314.0,-1
16, 13, 283.0,314.0,-1
13, 13, 0.0,0.0,1
14, 15, 467.0,659.0,1
15, 14, 467.0,659.0,1
14, 16, 218.0,256.0,-1
16, 14, 218.0,256.0,-1
14, 14, 0.0,0.0,1
15, 16, 624.0,831.0,-1
16, 15, 624.0,831.0,-1
15, 15, 0.0,0.0,1
16, 16, 0.0,0.0,1


<end>