<number of nodes>
16

<ratio of available edges>
0.3

<max length of the drone flight>
100000 

<D 2/3>
1, 2, 4, 6, 7, 9, 10, 11, 12, 14, 16

<V>
4, 7, 10, 12, 14

<coordinates X,Y>
248.34171319076438, 294.91721322456
307.0301305774622, 54.85687441483702
925.6214820714328, 918.4712678388117
162.33372952283523, 142.37614467019753
799.0693260780273, 254.67146044286415
761.1859180058441, 417.56549525137183
222.59626074279123, 987.0745673717196
97.9739115403085, 919.1342430409583
270.45718258543565, 931.0828530326879
0.1419970653179895, 560.4060474771778
458.10530316767665, 732.1952655946812
280.90142545172273, 140.23099435300668
81.9414484639602, 417.9303492162099
923.2445220979685, 31.472720464346818
615.2321828978886, 81.53392504653908
721.8400072453259, 28.513864255076523

<adjacency matrix with truck distances>
1, 2, 248.0,299.0,-1
2, 1, 248.0,299.0,-1
1, 3, 921.0,1301.0,1
3, 1, 921.0,1301.0,1
1, 4, 176.0,239.0,-1
4, 1, 176.0,239.0,-1
1, 5, 553.0,591.0,1
5, 1, 553.0,591.0,1
1, 6, 528.0,636.0,-1
6, 1, 528.0,636.0,-1
1, 7, 693.0,718.0,-1
7, 1, 693.0,718.0,-1
1, 8, 643.0,775.0,1
8, 1, 643.0,775.0,1
1, 9, 637.0,659.0,-1
9, 1, 637.0,659.0,-1
1, 10, 364.0,514.0,-1
10, 1, 364.0,514.0,-1
1, 11, 485.0,648.0,-1
11, 1, 485.0,648.0,-1
1, 12, 159.0,188.0,-1
12, 1, 159.0,188.0,-1
1, 13, 207.0,290.0,1
13, 1, 207.0,290.0,1
1, 14, 725.0,939.0,1
14, 1, 725.0,939.0,1
1, 15, 425.0,581.0,-1
15, 1, 425.0,581.0,-1
1, 16, 544.0,740.0,-1
16, 1, 544.0,740.0,-1
1, 1, 0.0,0.0,1
2, 3, 1063.0,1483.0,-1
3, 2, 1063.0,1483.0,-1
2, 4, 170.0,233.0,1
4, 2, 170.0,233.0,1
2, 5, 532.0,692.0,-1
5, 2, 532.0,692.0,-1
2, 6, 582.0,817.0,-1
6, 2, 582.0,817.0,-1
2, 7, 937.0,1017.0,-1
7, 2, 937.0,1017.0,-1
2, 8, 890.0,1074.0,-1
8, 2, 890.0,1074.0,-1
2, 9, 877.0,913.0,1
9, 2, 877.0,913.0,1
2, 10, 592.0,813.0,-1
10, 2, 592.0,813.0,-1
2, 11, 694.0,829.0,-1
11, 2, 694.0,829.0,-1
2, 12, 90.0,112.0,-1
12, 2, 90.0,112.0,-1
2, 13, 428.0,589.0,-1
13, 2, 428.0,589.0,-1
2, 14, 617.0,640.0,-1
14, 2, 617.0,640.0,-1
2, 15, 310.0,335.0,1
15, 2, 310.0,335.0,1
2, 16, 416.0,442.0,-1
16, 2, 416.0,442.0,-1
2, 2, 0.0,0.0,1
3, 4, 1089.0,1540.0,-1
4, 3, 1089.0,1540.0,-1
3, 5, 676.0,791.0,-1
5, 3, 676.0,791.0,-1
3, 6, 528.0,666.0,1
6, 3, 528.0,666.0,1
3, 7, 707.0,772.0,1
7, 3, 707.0,772.0,1
3, 8, 828.0,829.0,-1
8, 3, 828.0,829.0,-1
3, 9, 656.0,668.0,1
9, 3, 656.0,668.0,1
3, 10, 993.0,1284.0,1
10, 3, 993.0,1284.0,1
3, 11, 504.0,654.0,-1
11, 3, 504.0,654.0,-1
3, 12, 1011.0,1423.0,1
12, 3, 1011.0,1423.0,1
3, 13, 981.0,1345.0,-1
13, 3, 981.0,1345.0,-1
3, 14, 888.0,890.0,-1
14, 3, 888.0,890.0,-1
3, 15, 893.0,1148.0,-1
15, 3, 893.0,1148.0,-1
3, 16, 913.0,1094.0,-1
16, 3, 913.0,1094.0,-1
3, 3, 0.0,0.0,1
4, 5, 647.0,750.0,-1
5, 4, 647.0,750.0,-1
4, 6, 660.0,875.0,-1
6, 4, 660.0,875.0,-1
4, 7, 847.0,905.0,1
7, 4, 847.0,905.0,1
4, 8, 780.0,842.0,-1
8, 4, 780.0,842.0,-1
4, 9, 797.0,897.0,-1
9, 4, 797.0,897.0,-1
4, 10, 449.0,581.0,-1
10, 4, 449.0,581.0,-1
4, 11, 660.0,886.0,1
11, 4, 660.0,886.0,1
4, 12, 119.0,121.0,1
12, 4, 119.0,121.0,1
4, 13, 288.0,356.0,-1
13, 4, 288.0,356.0,-1
4, 14, 769.0,872.0,-1
14, 4, 769.0,872.0,-1
4, 15, 457.0,514.0,1
15, 4, 457.0,514.0,1
4, 16, 571.0,674.0,-1
16, 4, 571.0,674.0,-1
4, 4, 0.0,0.0,1
5, 6, 168.0,201.0,-1
6, 5, 168.0,201.0,-1
5, 7, 933.0,1309.0,-1
7, 5, 933.0,1309.0,-1
5, 8, 966.0,1366.0,-1
8, 5, 966.0,1366.0,-1
5, 9, 859.0,1206.0,-1
9, 5, 859.0,1206.0,-1
5, 10, 856.0,1105.0,-1
10, 5, 856.0,1105.0,-1
5, 11, 587.0,819.0,1
11, 5, 587.0,819.0,1
5, 12, 531.0,633.0,-1
12, 5, 531.0,633.0,-1
5, 13, 736.0,881.0,-1
13, 5, 736.0,881.0,-1
5, 14, 256.0,348.0,-1
14, 5, 256.0,348.0,-1
5, 15, 253.0,357.0,-1
15, 5, 253.0,357.0,-1
5, 16, 239.0,304.0,-1
16, 5, 239.0,304.0,-1
5, 5, 0.0,0.0,1
6, 7, 784.0,1109.0,-1
7, 6, 784.0,1109.0,-1
6, 8, 832.0,1165.0,-1
8, 6, 832.0,1165.0,-1
6, 9, 711.0,1005.0,1
9, 6, 711.0,1005.0,1
6, 10, 775.0,904.0,-1
10, 6, 775.0,904.0,-1
6, 11, 437.0,618.0,1
11, 6, 437.0,618.0,1
6, 12, 555.0,758.0,1
12, 6, 555.0,758.0,1
6, 13, 680.0,680.0,-1
13, 6, 680.0,680.0,-1
6, 14, 419.0,549.0,1
14, 6, 419.0,549.0,1
6, 15, 367.0,482.0,1
15, 6, 367.0,482.0,1
6, 16, 392.0,429.0,-1
16, 6, 392.0,429.0,-1
6, 6, 0.0,0.0,1
7, 8, 142.0,193.0,-1
8, 7, 142.0,193.0,-1
7, 9, 74.0,104.0,-1
9, 7, 74.0,104.0,-1
7, 10, 482.0,650.0,-1
10, 7, 482.0,650.0,-1
7, 11, 348.0,491.0,-1
11, 7, 348.0,491.0,-1
7, 12, 849.0,906.0,1
12, 7, 849.0,906.0,1
7, 13, 587.0,710.0,-1
13, 7, 587.0,710.0,-1
7, 14, 1185.0,1657.0,-1
14, 7, 1185.0,1657.0,-1
7, 15, 987.0,1299.0,-1
15, 7, 987.0,1299.0,-1
7, 16, 1081.0,1458.0,1
16, 7, 1081.0,1458.0,1
7, 7, 0.0,0.0,1
8, 9, 173.0,185.0,-1
9, 8, 173.0,185.0,-1
8, 10, 372.0,457.0,1
10, 8, 372.0,457.0,1
8, 11, 406.0,548.0,-1
11, 8, 406.0,548.0,-1
8, 12, 801.0,962.0,-1
12, 8, 801.0,962.0,-1
8, 13, 502.0,518.0,1
13, 8, 502.0,518.0,1
8, 14, 1213.0,1713.0,-1
14, 8, 1213.0,1713.0,-1
8, 15, 985.0,1355.0,1
15, 8, 985.0,1355.0,1
8, 16, 1088.0,1515.0,-1
16, 8, 1088.0,1515.0,-1
8, 8, 0.0,0.0,1
9, 10, 459.0,641.0,-1
10, 9, 459.0,641.0,-1
9, 11, 274.0,387.0,-1
11, 9, 274.0,387.0,-1
9, 12, 791.0,802.0,1
12, 9, 791.0,802.0,1
9, 13, 547.0,702.0,1
13, 9, 547.0,702.0,1
9, 14, 1112.0,1553.0,1
14, 9, 1112.0,1553.0,1
9, 15, 917.0,1195.0,-1
15, 9, 917.0,1195.0,-1
9, 16, 1010.0,1354.0,1
16, 9, 1010.0,1354.0,1
9, 9, 0.0,0.0,1
10, 11, 490.0,630.0,-1
11, 10, 490.0,630.0,-1
10, 12, 506.0,701.0,-1
12, 10, 506.0,701.0,-1
10, 13, 165.0,225.0,1
13, 10, 165.0,225.0,1
10, 14, 1064.0,1453.0,-1
14, 10, 1064.0,1453.0,-1
10, 15, 780.0,1094.0,-1
15, 10, 780.0,1094.0,-1
10, 16, 897.0,1254.0,-1
16, 10, 897.0,1254.0,-1
10, 10, 0.0,0.0,1
11, 12, 618.0,770.0,-1
12, 11, 618.0,770.0,-1
11, 13, 491.0,691.0,-1
13, 11, 491.0,691.0,-1
11, 14, 842.0,1166.0,-1
14, 11, 842.0,1166.0,-1
11, 15, 670.0,808.0,1
15, 11, 670.0,808.0,1
11, 16, 752.0,968.0,-1
16, 11, 752.0,968.0,-1
11, 11, 0.0,0.0,1
12, 13, 342.0,477.0,-1
13, 12, 342.0,477.0,-1
12, 14, 652.0,752.0,1
14, 12, 652.0,752.0,1
12, 15, 340.0,394.0,-1
15, 12, 340.0,394.0,-1
12, 16, 455.0,553.0,-1
16, 12, 455.0,553.0,-1
12, 12, 0.0,0.0,1
13, 14, 926.0,1228.0,-1
14, 13, 926.0,1228.0,-1
13, 15, 631.0,870.0,-1
15, 13, 631.0,870.0,-1
13, 16, 750.0,1030.0,-1
16, 13, 750.0,1030.0,-1
13, 13, 0.0,0.0,1
14, 15, 313.0,359.0,-1
15, 14, 313.0,359.0,-1
14, 16, 202.0,205.0,1
16, 14, 202.0,205.0,1
14, 14, 0.0,0.0,1
15, 16, 120.0,160.0,-1
16, 15, 120.0,160.0,-1
15, 15, 0.0,0.0,1
16, 16, 0.0,0.0,1


<end>