<number of nodes>
16

<ratio of available edges>
0.3

<max length of the drone flight>
100000 

<D 2/3>
1, 2, 3, 4, 5, 6, 8, 12, 13, 14, 16

<V>
3, 4, 8, 13, 16

<coordinates X,Y>
59.34166556638256, 17.611541969987965
399.52284614761174, 238.77137928419748
158.49266050509334, 764.8830036172676
707.0200198877122, 807.049284599885
261.68500174436514, 885.0312745942999
255.32140725385767, 787.4711768886468
589.2114382570676, 598.0394754874287
666.9514589467534, 598.0698638951276
98.2004421183534, 100.42292281627907
109.4168169739137, 10.317354761860967
820.2977809637066, 209.08969054475264
589.3408766589981, 242.9204600518995
9.157795133130447, 75.74952278649828
387.6482672891506, 589.6998438443986
796.9441775312665, 384.27932685635886
245.97221476041034, 281.0543394119538

<adjacency matrix with truck distances>
1, 2, 406.0,562.0,1
2, 1, 406.0,562.0,1
1, 3, 754.0,847.0,-1
3, 1, 754.0,847.0,-1
1, 4, 1022.0,1438.0,-1
4, 1, 1022.0,1438.0,-1
1, 5, 891.0,1070.0,-1
5, 1, 891.0,1070.0,-1
1, 6, 795.0,966.0,-1
6, 1, 795.0,966.0,-1
1, 7, 786.0,1111.0,1
7, 1, 786.0,1111.0,1
1, 8, 841.0,1189.0,-1
8, 1, 841.0,1189.0,-1
1, 9, 92.0,122.0,-1
9, 1, 92.0,122.0,-1
1, 10, 51.0,58.0,1
10, 1, 51.0,58.0,1
1, 11, 785.0,953.0,-1
11, 1, 785.0,953.0,-1
1, 12, 576.0,756.0,-1
12, 1, 576.0,756.0,-1
1, 13, 77.0,109.0,-1
13, 1, 77.0,109.0,-1
1, 14, 660.0,901.0,-1
14, 1, 660.0,901.0,-1
1, 15, 824.0,1105.0,-1
15, 1, 824.0,1105.0,-1
1, 16, 323.0,451.0,1
16, 1, 323.0,451.0,1
1, 1, 0.0,0.0,1
2, 3, 579.0,768.0,-1
3, 2, 579.0,768.0,-1
2, 4, 647.0,876.0,-1
4, 2, 647.0,876.0,-1
2, 5, 661.0,785.0,1
5, 2, 661.0,785.0,1
2, 6, 568.0,693.0,1
6, 2, 568.0,693.0,1
2, 7, 407.0,549.0,-1
7, 2, 407.0,549.0,-1
2, 8, 448.0,627.0,-1
8, 2, 448.0,627.0,-1
2, 9, 332.0,440.0,1
9, 2, 332.0,440.0,1
2, 10, 370.0,519.0,-1
10, 2, 370.0,519.0,-1
2, 11, 422.0,451.0,1
11, 2, 422.0,451.0,1
2, 12, 190.0,194.0,1
12, 2, 190.0,194.0,1
2, 13, 424.0,554.0,1
13, 2, 424.0,554.0,1
2, 14, 352.0,363.0,-1
14, 2, 352.0,363.0,-1
2, 15, 424.0,543.0,1
15, 2, 424.0,543.0,1
2, 16, 160.0,196.0,-1
16, 2, 160.0,196.0,-1
2, 2, 0.0,0.0,1
3, 4, 551.0,591.0,1
4, 3, 551.0,591.0,1
3, 5, 159.0,224.0,1
5, 3, 159.0,224.0,1
3, 6, 100.0,120.0,-1
6, 3, 100.0,120.0,-1
3, 7, 462.0,598.0,1
7, 3, 462.0,598.0,1
3, 8, 536.0,676.0,-1
8, 3, 536.0,676.0,-1
3, 9, 668.0,725.0,-1
9, 3, 668.0,725.0,-1
3, 10, 757.0,804.0,-1
10, 3, 757.0,804.0,-1
3, 11, 865.0,1218.0,-1
11, 3, 865.0,1218.0,-1
3, 12, 677.0,953.0,-1
12, 3, 677.0,953.0,-1
3, 13, 706.0,839.0,-1
13, 3, 706.0,839.0,-1
3, 14, 289.0,405.0,-1
14, 3, 289.0,405.0,-1
3, 15, 744.0,1020.0,1
15, 3, 744.0,1020.0,1
3, 16, 492.0,572.0,1
16, 3, 492.0,572.0,1
3, 3, 0.0,0.0,1
4, 5, 453.0,524.0,-1
5, 4, 453.0,524.0,-1
4, 6, 453.0,472.0,-1
6, 4, 453.0,472.0,-1
4, 7, 240.0,327.0,-1
7, 4, 240.0,327.0,-1
4, 8, 213.0,250.0,-1
8, 4, 213.0,250.0,-1
4, 9, 933.0,1316.0,1
9, 4, 933.0,1316.0,1
4, 10, 996.0,1395.0,-1
10, 4, 996.0,1395.0,-1
4, 11, 609.0,712.0,-1
11, 4, 609.0,712.0,-1
4, 12, 577.0,682.0,-1
12, 4, 577.0,682.0,-1
4, 13, 1011.0,1430.0,1
13, 4, 1011.0,1430.0,1
4, 14, 387.0,537.0,-1
14, 4, 387.0,537.0,-1
4, 15, 433.0,513.0,-1
15, 4, 433.0,513.0,-1
4, 16, 700.0,988.0,-1
16, 4, 700.0,988.0,-1
4, 4, 0.0,0.0,1
5, 6, 98.0,104.0,-1
6, 5, 98.0,104.0,-1
5, 7, 436.0,615.0,1
7, 5, 436.0,615.0,1
5, 8, 497.0,693.0,1
8, 5, 497.0,693.0,1
5, 9, 802.0,949.0,-1
9, 5, 802.0,949.0,-1
5, 10, 888.0,1027.0,-1
10, 5, 888.0,1027.0,-1
5, 11, 877.0,1235.0,1
11, 5, 877.0,1235.0,1
5, 12, 721.0,970.0,1
12, 5, 721.0,970.0,1
5, 13, 848.0,1062.0,-1
13, 5, 848.0,1062.0,-1
5, 14, 322.0,422.0,-1
14, 5, 322.0,422.0,-1
5, 15, 733.0,1037.0,1
15, 5, 733.0,1037.0,1
5, 16, 605.0,620.0,-1
16, 5, 605.0,620.0,-1
5, 5, 0.0,0.0,1
6, 7, 384.0,524.0,1
7, 6, 384.0,524.0,1
6, 8, 454.0,602.0,-1
8, 6, 454.0,602.0,-1
6, 9, 705.0,845.0,-1
9, 6, 705.0,845.0,-1
6, 10, 791.0,924.0,-1
10, 6, 791.0,924.0,-1
6, 11, 809.0,1144.0,-1
11, 6, 809.0,1144.0,-1
6, 12, 639.0,879.0,1
12, 6, 639.0,879.0,1
6, 13, 754.0,958.0,-1
13, 6, 754.0,958.0,-1
6, 14, 238.0,331.0,-1
14, 6, 238.0,331.0,-1
6, 15, 676.0,945.0,-1
15, 6, 676.0,945.0,-1
6, 16, 507.0,516.0,-1
16, 6, 507.0,516.0,-1
6, 6, 0.0,0.0,1
7, 8, 78.0,78.0,-1
8, 7, 78.0,78.0,-1
7, 9, 700.0,989.0,-1
9, 7, 700.0,989.0,-1
7, 10, 759.0,1068.0,-1
10, 7, 759.0,1068.0,-1
7, 11, 453.0,621.0,-1
11, 7, 453.0,621.0,-1
7, 12, 356.0,356.0,1
12, 7, 356.0,356.0,1
7, 13, 781.0,1103.0,-1
13, 7, 781.0,1103.0,-1
7, 14, 202.0,210.0,-1
14, 7, 202.0,210.0,-1
7, 15, 299.0,422.0,-1
15, 7, 299.0,422.0,-1
7, 16, 468.0,661.0,-1
16, 7, 468.0,661.0,-1
7, 7, 0.0,0.0,1
8, 9, 756.0,1067.0,-1
9, 8, 756.0,1067.0,-1
8, 10, 811.0,1146.0,1
10, 8, 811.0,1146.0,1
8, 11, 419.0,543.0,-1
11, 8, 419.0,543.0,-1
8, 12, 364.0,433.0,1
12, 8, 364.0,433.0,1
8, 13, 840.0,1181.0,-1
13, 8, 840.0,1181.0,-1
8, 14, 280.0,288.0,1
14, 8, 280.0,288.0,1
8, 15, 251.0,344.0,-1
15, 8, 251.0,344.0,-1
8, 16, 527.0,738.0,-1
16, 8, 527.0,738.0,-1
8, 8, 0.0,0.0,1
9, 10, 91.0,102.0,-1
10, 9, 91.0,102.0,-1
9, 11, 731.0,831.0,-1
11, 9, 731.0,831.0,-1
9, 12, 512.0,634.0,-1
12, 9, 512.0,634.0,-1
9, 13, 93.0,114.0,-1
13, 9, 93.0,114.0,-1
9, 14, 569.0,779.0,1
14, 9, 569.0,779.0,1
9, 15, 755.0,983.0,1
15, 9, 755.0,983.0,1
9, 16, 234.0,329.0,-1
16, 9, 234.0,329.0,-1
9, 9, 0.0,0.0,1
10, 11, 739.0,910.0,-1
11, 10, 739.0,910.0,-1
10, 12, 534.0,713.0,-1
12, 10, 534.0,713.0,-1
10, 13, 120.0,166.0,1
13, 10, 120.0,166.0,1
10, 14, 643.0,858.0,1
14, 10, 643.0,858.0,1
10, 15, 783.0,1062.0,1
15, 10, 783.0,1062.0,1
10, 16, 304.0,408.0,-1
16, 10, 304.0,408.0,-1
10, 10, 0.0,0.0,1
11, 12, 234.0,265.0,-1
12, 11, 234.0,265.0,-1
11, 13, 823.0,945.0,1
13, 11, 823.0,945.0,1
11, 14, 577.0,814.0,-1
14, 11, 577.0,814.0,-1
11, 15, 177.0,199.0,-1
15, 11, 177.0,199.0,-1
11, 16, 579.0,647.0,-1
16, 11, 579.0,647.0,-1
11, 11, 0.0,0.0,1
12, 13, 604.0,748.0,-1
13, 12, 604.0,748.0,-1
12, 14, 402.0,549.0,-1
14, 12, 402.0,549.0,-1
12, 15, 252.0,349.0,-1
15, 12, 252.0,349.0,-1
12, 16, 346.0,382.0,-1
16, 12, 346.0,382.0,-1
12, 12, 0.0,0.0,1
13, 14, 639.0,893.0,-1
14, 13, 639.0,893.0,-1
13, 15, 847.0,1097.0,-1
15, 13, 847.0,1097.0,-1
13, 16, 314.0,443.0,-1
16, 13, 314.0,443.0,-1
13, 13, 0.0,0.0,1
14, 15, 458.0,615.0,1
15, 14, 458.0,615.0,1
14, 16, 340.0,451.0,-1
16, 14, 340.0,451.0,-1
14, 14, 0.0,0.0,1
15, 16, 561.0,655.0,-1
16, 15, 561.0,655.0,-1
15, 15, 0.0,0.0,1
16, 16, 0.0,0.0,1


<end>