<number of nodes>
16

<ratio of available edges>
0.3

<max length of the drone flight>
100000 

<D 2/3>
1, 3, 4, 5, 10, 11, 12, 13, 14, 15, 16

<V>
3, 4, 10, 11, 14

<coordinates X,Y>
48.50912459110855, 280.7808698429804
581.865686835674, 665.9985472387696
908.491064050014, 540.0890023582324
356.5326941908985, 29.595978775367623
435.313970277897, 264.6759331071595
131.28625778062425, 556.0099610002725
286.4497675876224, 652.6794258369107
273.47537279169137, 596.5296131255667
986.2214326538849, 803.7953901144259
904.4868434330145, 41.383629230089724
97.01881713407718, 787.1574415111802
558.6446475598499, 530.5196901044368
620.4546184607146, 674.569710637637
515.882669761143, 562.8775559583389
819.8198364808411, 721.460236148482
23.57096262703609, 795.4474298638239

<adjacency matrix with truck distances>
1, 2, 658.0,919.0,-1
2, 1, 658.0,919.0,-1
1, 3, 899.0,1120.0,-1
3, 1, 899.0,1120.0,-1
1, 4, 398.0,560.0,-1
4, 1, 398.0,560.0,-1
1, 5, 388.0,403.0,-1
5, 1, 388.0,403.0,-1
1, 6, 288.0,359.0,-1
6, 1, 288.0,359.0,-1
1, 7, 442.0,610.0,1
7, 1, 442.0,610.0,1
1, 8, 388.0,541.0,-1
8, 1, 388.0,541.0,-1
1, 9, 1074.0,1461.0,-1
9, 1, 1074.0,1461.0,-1
1, 10, 889.0,1096.0,-1
10, 1, 889.0,1096.0,-1
1, 11, 509.0,555.0,1
11, 1, 509.0,555.0,1
1, 12, 568.0,760.0,1
12, 1, 568.0,760.0,1
1, 13, 695.0,966.0,1
13, 1, 695.0,966.0,1
1, 14, 546.0,750.0,-1
14, 1, 546.0,750.0,-1
1, 15, 889.0,1212.0,-1
15, 1, 889.0,1212.0,-1
1, 16, 516.0,540.0,1
16, 1, 516.0,540.0,1
1, 1, 0.0,0.0,1
2, 3, 351.0,453.0,1
3, 2, 351.0,453.0,1
2, 4, 676.0,862.0,-1
4, 2, 676.0,862.0,-1
2, 5, 428.0,548.0,-1
5, 2, 428.0,548.0,-1
2, 6, 464.0,561.0,1
6, 2, 464.0,561.0,1
2, 7, 296.0,309.0,-1
7, 2, 296.0,309.0,-1
2, 8, 317.0,378.0,-1
8, 2, 317.0,378.0,-1
2, 9, 428.0,543.0,-1
9, 2, 428.0,543.0,-1
2, 10, 704.0,948.0,1
10, 2, 704.0,948.0,1
2, 11, 500.0,607.0,-1
11, 2, 500.0,607.0,-1
2, 12, 138.0,159.0,-1
12, 2, 138.0,159.0,-1
2, 13, 40.0,48.0,1
13, 2, 40.0,48.0,1
2, 14, 123.0,170.0,1
14, 2, 123.0,170.0,1
2, 15, 245.0,294.0,1
15, 2, 245.0,294.0,1
2, 16, 574.0,688.0,-1
16, 2, 574.0,688.0,-1
2, 2, 0.0,0.0,1
3, 4, 752.0,1063.0,-1
4, 3, 752.0,1063.0,-1
3, 5, 548.0,749.0,-1
5, 3, 548.0,749.0,-1
3, 6, 778.0,794.0,-1
6, 3, 778.0,794.0,-1
3, 7, 633.0,735.0,-1
7, 3, 633.0,735.0,-1
3, 8, 638.0,692.0,-1
8, 3, 638.0,692.0,-1
3, 9, 275.0,342.0,-1
9, 3, 275.0,342.0,-1
3, 10, 499.0,503.0,-1
10, 3, 499.0,503.0,-1
3, 11, 849.0,1059.0,-1
11, 3, 849.0,1059.0,-1
3, 12, 350.0,360.0,-1
12, 3, 350.0,360.0,-1
3, 13, 318.0,423.0,-1
13, 3, 318.0,423.0,-1
3, 14, 394.0,416.0,-1
14, 3, 394.0,416.0,-1
3, 15, 202.0,271.0,-1
15, 3, 202.0,271.0,-1
3, 16, 922.0,1141.0,-1
16, 3, 922.0,1141.0,-1
3, 3, 0.0,0.0,1
4, 5, 248.0,314.0,-1
5, 4, 248.0,314.0,-1
4, 6, 573.0,752.0,1
6, 4, 573.0,752.0,1
4, 7, 628.0,694.0,-1
7, 4, 628.0,694.0,-1
4, 8, 573.0,650.0,-1
8, 4, 573.0,650.0,-1
4, 9, 998.0,1404.0,-1
9, 4, 998.0,1404.0,-1
4, 10, 549.0,560.0,-1
10, 4, 549.0,560.0,-1
4, 11, 801.0,1018.0,-1
11, 4, 801.0,1018.0,-1
4, 12, 541.0,704.0,-1
12, 4, 541.0,704.0,-1
4, 13, 697.0,909.0,-1
13, 4, 697.0,909.0,-1
4, 14, 557.0,693.0,-1
14, 4, 557.0,693.0,-1
4, 15, 833.0,1156.0,-1
15, 4, 833.0,1156.0,-1
4, 16, 836.0,1099.0,-1
16, 4, 836.0,1099.0,-1
4, 4, 0.0,0.0,1
5, 6, 422.0,596.0,-1
6, 5, 422.0,596.0,-1
5, 7, 416.0,537.0,1
7, 5, 416.0,537.0,1
5, 8, 370.0,494.0,1
8, 5, 370.0,494.0,1
5, 9, 771.0,1091.0,1
9, 5, 771.0,1091.0,1
5, 10, 520.0,693.0,1
10, 5, 520.0,693.0,1
5, 11, 623.0,861.0,-1
11, 5, 623.0,861.0,-1
5, 12, 294.0,390.0,-1
12, 5, 294.0,390.0,-1
5, 13, 450.0,596.0,-1
13, 5, 450.0,596.0,-1
5, 14, 309.0,379.0,-1
14, 5, 309.0,379.0,-1
5, 15, 598.0,842.0,-1
15, 5, 598.0,842.0,-1
5, 16, 672.0,943.0,-1
16, 5, 672.0,943.0,-1
5, 5, 0.0,0.0,1
6, 7, 183.0,252.0,1
7, 6, 183.0,252.0,1
6, 8, 148.0,183.0,1
8, 6, 148.0,183.0,1
6, 9, 891.0,1103.0,1
9, 6, 891.0,1103.0,1
6, 10, 929.0,1288.0,-1
10, 6, 929.0,1288.0,-1
6, 11, 234.0,266.0,-1
11, 6, 234.0,266.0,-1
6, 12, 429.0,453.0,1
12, 6, 429.0,453.0,1
6, 13, 504.0,608.0,-1
13, 6, 504.0,608.0,-1
6, 14, 385.0,392.0,-1
14, 6, 385.0,392.0,-1
6, 15, 709.0,854.0,-1
15, 6, 709.0,854.0,-1
6, 16, 263.0,348.0,-1
16, 6, 263.0,348.0,-1
6, 6, 0.0,0.0,1
7, 8, 58.0,70.0,-1
8, 7, 58.0,70.0,-1
7, 9, 716.0,851.0,1
9, 7, 716.0,851.0,1
7, 10, 870.0,1230.0,-1
10, 7, 870.0,1230.0,-1
7, 11, 233.0,324.0,1
11, 7, 233.0,324.0,1
7, 12, 299.0,395.0,-1
12, 7, 299.0,395.0,-1
7, 13, 335.0,356.0,-1
13, 7, 335.0,356.0,-1
7, 14, 247.0,320.0,1
14, 7, 247.0,320.0,1
7, 15, 538.0,603.0,-1
15, 7, 538.0,603.0,-1
7, 16, 300.0,406.0,-1
16, 7, 300.0,406.0,-1
7, 7, 0.0,0.0,1
8, 9, 743.0,921.0,-1
9, 8, 743.0,921.0,-1
8, 10, 841.0,1187.0,-1
10, 8, 841.0,1187.0,-1
8, 11, 260.0,368.0,-1
11, 8, 260.0,368.0,-1
8, 12, 293.0,352.0,-1
12, 8, 293.0,352.0,-1
8, 13, 356.0,426.0,1
13, 8, 356.0,426.0,1
8, 14, 245.0,277.0,-1
14, 8, 245.0,277.0,-1
8, 15, 561.0,672.0,1
15, 8, 561.0,672.0,1
8, 16, 320.0,449.0,-1
16, 8, 320.0,449.0,-1
8, 8, 0.0,0.0,1
9, 10, 767.0,845.0,-1
10, 9, 767.0,845.0,-1
9, 11, 890.0,906.0,-1
11, 9, 890.0,906.0,-1
9, 12, 508.0,701.0,1
12, 9, 508.0,701.0,1
9, 13, 388.0,495.0,-1
13, 9, 388.0,495.0,-1
9, 14, 529.0,712.0,-1
14, 9, 529.0,712.0,-1
9, 15, 186.0,249.0,-1
15, 9, 186.0,249.0,-1
9, 16, 963.0,971.0,-1
16, 9, 963.0,971.0,-1
9, 9, 0.0,0.0,1
10, 11, 1100.0,1554.0,1
11, 10, 1100.0,1554.0,1
10, 12, 600.0,835.0,-1
12, 10, 600.0,835.0,-1
10, 13, 694.0,918.0,-1
13, 10, 694.0,918.0,-1
10, 14, 651.0,911.0,1
14, 10, 651.0,911.0,1
10, 15, 686.0,765.0,1
15, 10, 686.0,765.0,1
10, 16, 1160.0,1635.0,1
16, 10, 1160.0,1635.0,1
10, 10, 0.0,0.0,1
11, 12, 529.0,719.0,-1
12, 11, 529.0,719.0,-1
11, 13, 536.0,637.0,-1
13, 11, 536.0,637.0,-1
11, 14, 476.0,644.0,-1
14, 11, 476.0,644.0,-1
11, 15, 726.0,789.0,1
15, 11, 726.0,789.0,1
11, 16, 74.0,82.0,-1
16, 11, 74.0,82.0,-1
11, 11, 0.0,0.0,1
12, 13, 157.0,206.0,1
13, 12, 157.0,206.0,1
12, 14, 54.0,76.0,-1
14, 12, 54.0,76.0,-1
12, 15, 324.0,453.0,-1
15, 12, 324.0,453.0,-1
12, 16, 598.0,801.0,1
16, 12, 598.0,801.0,1
12, 12, 0.0,0.0,1
13, 14, 154.0,217.0,-1
14, 13, 154.0,217.0,-1
13, 15, 205.0,247.0,1
15, 13, 205.0,247.0,1
13, 16, 610.0,718.0,1
16, 13, 610.0,718.0,1
13, 13, 0.0,0.0,1
14, 15, 343.0,463.0,1
15, 14, 343.0,463.0,1
14, 16, 545.0,725.0,-1
16, 14, 545.0,725.0,-1
14, 14, 0.0,0.0,1
15, 16, 800.0,871.0,-1
16, 15, 800.0,871.0,-1
15, 15, 0.0,0.0,1
16, 16, 0.0,0.0,1


<end>