<number of nodes>
16

<ratio of available edges>
0.3

<max length of the drone flight>
100000 

<D 2/3>
1, 4, 5, 6, 7, 9, 10, 11, 12, 13, 16

<V>
4, 5, 7, 9, 12

<coordinates X,Y>
347.6003646589646, 444.3276066041237
327.41760966121194, 529.7699560432546
986.7237445511902, 444.10573184675434
180.49861896316665, 46.76665232003134
393.58944322988475, 11.637861483399453
686.8797253097936, 862.5369941119304
140.4634819482907, 787.710985825978
490.96205529085177, 634.144066477528
223.71128304168826, 635.1943335821678
632.7456660851453, 66.96695789827905
822.737991168777, 706.5928805063306
745.166909412282, 446.1823797233836
817.0167694452191, 406.08502754772684
742.1380987317234, 960.9271296572841
580.4801735369709, 892.7370395106827
446.60455126955947, 590.7476808652513

<adjacency matrix with truck distances>
1, 2, 88.0,106.0,-1
2, 1, 88.0,106.0,-1
1, 3, 640.0,640.0,-1
3, 1, 640.0,640.0,-1
1, 4, 432.0,565.0,1
4, 1, 432.0,565.0,1
1, 5, 436.0,479.0,-1
5, 1, 436.0,479.0,-1
1, 6, 539.0,758.0,-1
6, 1, 539.0,758.0,-1
1, 7, 402.0,551.0,-1
7, 1, 402.0,551.0,-1
1, 8, 238.0,334.0,-1
8, 1, 238.0,334.0,-1
1, 9, 228.0,315.0,1
9, 1, 228.0,315.0,1
1, 10, 473.0,663.0,-1
10, 1, 473.0,663.0,-1
1, 11, 543.0,738.0,1
11, 1, 543.0,738.0,1
1, 12, 398.0,400.0,-1
12, 1, 398.0,400.0,-1
1, 13, 471.0,508.0,-1
13, 1, 471.0,508.0,-1
1, 14, 651.0,912.0,-1
14, 1, 651.0,912.0,-1
1, 15, 506.0,682.0,1
15, 1, 506.0,682.0,1
1, 16, 177.0,246.0,-1
16, 1, 177.0,246.0,-1
1, 1, 0.0,0.0,1
2, 3, 665.0,745.0,-1
3, 2, 665.0,745.0,-1
2, 4, 505.0,630.0,1
4, 2, 505.0,630.0,1
2, 5, 523.0,585.0,-1
5, 2, 523.0,585.0,-1
2, 6, 490.0,693.0,-1
6, 2, 490.0,693.0,-1
2, 7, 319.0,445.0,-1
7, 2, 319.0,445.0,-1
2, 8, 195.0,268.0,-1
8, 2, 195.0,268.0,-1
2, 9, 148.0,210.0,1
9, 2, 148.0,210.0,1
2, 10, 555.0,769.0,-1
10, 2, 555.0,769.0,-1
2, 11, 526.0,673.0,-1
11, 2, 526.0,673.0,-1
2, 12, 427.0,502.0,-1
12, 2, 427.0,502.0,-1
2, 13, 505.0,614.0,1
13, 2, 505.0,614.0,1
2, 14, 599.0,846.0,-1
14, 2, 599.0,846.0,-1
2, 15, 443.0,617.0,1
15, 2, 443.0,617.0,1
2, 16, 134.0,181.0,-1
16, 2, 134.0,181.0,-1
2, 2, 0.0,0.0,1
3, 4, 899.0,1204.0,-1
4, 3, 899.0,1204.0,-1
3, 5, 735.0,1026.0,1
5, 3, 735.0,1026.0,1
3, 6, 515.0,719.0,-1
6, 3, 515.0,719.0,-1
3, 7, 914.0,1190.0,-1
7, 3, 914.0,1190.0,-1
3, 8, 531.0,686.0,-1
8, 3, 531.0,686.0,-1
3, 9, 787.0,955.0,-1
9, 3, 787.0,955.0,-1
3, 10, 518.0,732.0,1
10, 3, 518.0,732.0,1
3, 11, 310.0,427.0,-1
11, 3, 310.0,427.0,-1
3, 12, 242.0,244.0,-1
12, 3, 242.0,244.0,-1
3, 13, 174.0,208.0,-1
13, 3, 174.0,208.0,-1
3, 14, 572.0,762.0,-1
14, 3, 572.0,762.0,-1
3, 15, 606.0,855.0,-1
15, 3, 606.0,855.0,-1
3, 16, 560.0,687.0,1
16, 3, 560.0,687.0,1
3, 3, 0.0,0.0,1
4, 5, 216.0,249.0,-1
5, 4, 216.0,249.0,-1
4, 6, 961.0,1323.0,-1
6, 4, 961.0,1323.0,-1
4, 7, 743.0,781.0,-1
7, 4, 743.0,781.0,-1
4, 8, 665.0,898.0,1
8, 4, 665.0,898.0,1
4, 9, 591.0,632.0,-1
9, 4, 591.0,632.0,-1
4, 10, 453.0,473.0,1
10, 4, 453.0,473.0,1
4, 11, 921.0,1303.0,1
11, 4, 921.0,1303.0,1
4, 12, 692.0,965.0,1
12, 4, 692.0,965.0,1
4, 13, 731.0,996.0,-1
13, 4, 731.0,996.0,-1
4, 14, 1073.0,1476.0,-1
14, 4, 1073.0,1476.0,-1
4, 15, 936.0,1246.0,-1
15, 4, 936.0,1246.0,-1
4, 16, 606.0,811.0,-1
16, 4, 606.0,811.0,-1
4, 4, 0.0,0.0,1
5, 6, 901.0,1145.0,-1
6, 5, 901.0,1145.0,-1
5, 7, 817.0,1030.0,1
7, 5, 817.0,1030.0,1
5, 8, 631.0,720.0,-1
8, 5, 631.0,720.0,-1
5, 9, 647.0,794.0,-1
9, 5, 647.0,794.0,-1
5, 10, 246.0,295.0,1
10, 5, 246.0,295.0,1
5, 11, 817.0,1125.0,-1
11, 5, 817.0,1125.0,-1
5, 12, 559.0,787.0,-1
12, 5, 559.0,787.0,-1
5, 13, 579.0,818.0,-1
13, 5, 579.0,818.0,-1
5, 14, 1012.0,1298.0,-1
14, 5, 1012.0,1298.0,-1
5, 15, 901.0,1068.0,-1
15, 5, 901.0,1068.0,-1
5, 16, 582.0,633.0,-1
16, 5, 582.0,633.0,-1
5, 5, 0.0,0.0,1
6, 7, 552.0,622.0,-1
7, 6, 552.0,622.0,-1
6, 8, 301.0,425.0,-1
8, 6, 301.0,425.0,-1
6, 9, 516.0,691.0,1
9, 6, 516.0,691.0,1
6, 10, 798.0,850.0,1
10, 6, 798.0,850.0,1
6, 11, 207.0,292.0,1
11, 6, 207.0,292.0,1
6, 12, 421.0,475.0,-1
12, 6, 421.0,475.0,-1
6, 13, 475.0,587.0,-1
13, 6, 475.0,587.0,-1
6, 14, 113.0,154.0,1
14, 6, 113.0,154.0,1
6, 15, 111.0,137.0,-1
15, 6, 111.0,137.0,-1
6, 16, 363.0,513.0,1
16, 6, 363.0,513.0,1
6, 6, 0.0,0.0,1
7, 8, 383.0,505.0,1
8, 7, 383.0,505.0,1
7, 9, 174.0,236.0,-1
9, 7, 174.0,236.0,-1
7, 10, 873.0,1214.0,1
10, 7, 873.0,1214.0,1
7, 11, 688.0,764.0,1
11, 7, 688.0,764.0,1
7, 12, 695.0,947.0,1
12, 7, 695.0,947.0,1
7, 13, 777.0,1059.0,-1
13, 7, 777.0,1059.0,-1
7, 14, 627.0,775.0,-1
14, 7, 627.0,775.0,-1
7, 15, 453.0,546.0,-1
15, 7, 453.0,546.0,-1
7, 16, 365.0,504.0,-1
16, 7, 365.0,504.0,-1
7, 7, 0.0,0.0,1
8, 9, 268.0,269.0,-1
9, 8, 268.0,269.0,-1
8, 10, 585.0,709.0,-1
10, 8, 585.0,709.0,-1
8, 11, 340.0,405.0,1
11, 8, 340.0,405.0,1
8, 12, 317.0,443.0,-1
12, 8, 317.0,443.0,-1
8, 13, 398.0,555.0,1
13, 8, 398.0,555.0,1
8, 14, 413.0,578.0,-1
14, 8, 413.0,578.0,-1
8, 15, 274.0,349.0,-1
15, 8, 274.0,349.0,-1
8, 16, 63.0,88.0,1
16, 8, 63.0,88.0,1
8, 8, 0.0,0.0,1
9, 10, 701.0,978.0,-1
10, 9, 701.0,978.0,-1
9, 11, 604.0,671.0,1
11, 9, 604.0,671.0,1
9, 12, 555.0,711.0,-1
12, 9, 555.0,711.0,-1
9, 13, 637.0,823.0,1
13, 9, 637.0,823.0,1
9, 14, 613.0,845.0,1
14, 9, 613.0,845.0,1
9, 15, 441.0,615.0,-1
15, 9, 441.0,615.0,-1
9, 16, 228.0,268.0,-1
16, 9, 228.0,268.0,-1
9, 9, 0.0,0.0,1
10, 11, 668.0,830.0,-1
11, 10, 668.0,830.0,-1
10, 12, 396.0,492.0,-1
12, 10, 396.0,492.0,-1
10, 13, 386.0,524.0,-1
13, 10, 386.0,524.0,-1
10, 14, 901.0,1004.0,1
14, 10, 901.0,1004.0,1
10, 15, 828.0,879.0,-1
15, 10, 828.0,879.0,-1
10, 16, 556.0,710.0,1
16, 10, 556.0,710.0,1
10, 10, 0.0,0.0,1
11, 12, 272.0,338.0,1
12, 11, 272.0,338.0,1
11, 13, 301.0,307.0,-1
13, 11, 301.0,307.0,-1
11, 14, 267.0,335.0,-1
14, 11, 267.0,335.0,-1
11, 15, 306.0,429.0,-1
15, 11, 306.0,429.0,-1
11, 16, 394.0,492.0,-1
16, 11, 394.0,492.0,-1
11, 11, 0.0,0.0,1
12, 13, 83.0,112.0,-1
13, 12, 83.0,112.0,-1
12, 14, 515.0,518.0,-1
14, 12, 515.0,518.0,-1
12, 15, 476.0,612.0,-1
15, 12, 476.0,612.0,-1
12, 16, 332.0,444.0,-1
16, 12, 332.0,444.0,-1
12, 12, 0.0,0.0,1
13, 14, 560.0,630.0,-1
14, 13, 560.0,630.0,-1
13, 15, 542.0,724.0,-1
15, 13, 542.0,724.0,-1
13, 16, 414.0,556.0,1
16, 13, 414.0,556.0,1
13, 13, 0.0,0.0,1
14, 15, 176.0,230.0,-1
15, 14, 176.0,230.0,-1
14, 16, 474.0,666.0,-1
16, 14, 474.0,666.0,-1
14, 14, 0.0,0.0,1
15, 16, 331.0,436.0,-1
16, 15, 331.0,436.0,-1
15, 15, 0.0,0.0,1
16, 16, 0.0,0.0,1


<end>