<number of nodes>
16

<ratio of available edges>
0.3

<max length of the drone flight>
100000 

<D 2/3>
1, 2, 3, 5, 6, 7, 8, 9, 10, 12, 14

<V>
3, 5, 6, 9, 14

<coordinates X,Y>
8.882495485184645, 912.816548563647
333.21162464208624, 389.40315465502306
439.99528876362996, 785.2008222462904
681.6402077762117, 892.3045113964564
203.25627166903666, 747.6314076242203
328.56412613315666, 491.3164675186863
325.6640028954721, 256.55858866044224
687.1400193909615, 858.9778565982672
216.566708623805, 464.3042678558645
780.4675018839336, 684.8121886918126
587.7064417978168, 901.7586801450316
735.3099666788065, 158.2375121467975
896.3437385695877, 584.3027014204685
677.5689641750644, 423.48016613561845
809.8669960292791, 484.7594959876605
806.1628177689009, 190.23584600908242

<adjacency matrix with truck distances>
1, 2, 616.0,848.0,-1
2, 1, 616.0,848.0,-1
1, 3, 450.0,559.0,1
3, 1, 450.0,559.0,1
1, 4, 674.0,694.0,1
4, 1, 674.0,694.0,1
1, 5, 256.0,360.0,-1
5, 1, 256.0,360.0,-1
1, 6, 530.0,742.0,-1
6, 1, 530.0,742.0,-1
1, 7, 729.0,974.0,-1
7, 1, 729.0,974.0,-1
1, 8, 681.0,733.0,-1
8, 1, 681.0,733.0,-1
1, 9, 495.0,657.0,-1
9, 1, 495.0,657.0,-1
1, 10, 805.0,1000.0,-1
10, 1, 805.0,1000.0,-1
1, 11, 579.0,590.0,-1
11, 1, 579.0,590.0,-1
1, 12, 1048.0,1482.0,-1
12, 1, 1048.0,1482.0,-1
1, 13, 947.0,1216.0,-1
13, 1, 947.0,1216.0,-1
1, 14, 829.0,1159.0,-1
14, 1, 829.0,1159.0,-1
1, 15, 909.0,1230.0,-1
15, 1, 909.0,1230.0,-1
1, 16, 1077.0,1520.0,-1
16, 1, 1077.0,1520.0,-1
1, 1, 0.0,0.0,1
2, 3, 410.0,503.0,1
3, 2, 410.0,503.0,1
2, 4, 612.0,852.0,-1
4, 2, 612.0,852.0,-1
2, 5, 382.0,489.0,-1
5, 2, 382.0,489.0,-1
2, 6, 103.0,107.0,-1
6, 2, 103.0,107.0,-1
2, 7, 134.0,141.0,-1
7, 2, 134.0,141.0,-1
2, 8, 589.0,824.0,-1
8, 2, 589.0,824.0,-1
2, 9, 139.0,192.0,-1
9, 2, 139.0,192.0,-1
2, 10, 537.0,743.0,-1
10, 2, 537.0,743.0,-1
2, 11, 573.0,767.0,1
11, 2, 573.0,767.0,1
2, 12, 464.0,634.0,1
12, 2, 464.0,634.0,1
2, 13, 596.0,759.0,-1
13, 2, 596.0,759.0,-1
2, 14, 347.0,379.0,-1
14, 2, 347.0,379.0,-1
2, 15, 487.0,573.0,1
15, 2, 487.0,573.0,1
2, 16, 514.0,673.0,-1
16, 2, 514.0,673.0,-1
2, 2, 0.0,0.0,1
3, 4, 265.0,349.0,1
4, 3, 265.0,349.0,1
3, 5, 240.0,275.0,1
5, 3, 240.0,275.0,1
3, 6, 315.0,406.0,-1
6, 3, 315.0,406.0,-1
3, 7, 541.0,643.0,-1
7, 3, 541.0,643.0,-1
3, 8, 258.0,321.0,-1
8, 3, 258.0,321.0,-1
3, 9, 392.0,545.0,1
9, 3, 392.0,545.0,1
3, 10, 355.0,441.0,1
10, 3, 355.0,441.0,1
3, 11, 189.0,265.0,1
11, 3, 189.0,265.0,1
3, 12, 694.0,923.0,-1
12, 3, 694.0,923.0,-1
3, 13, 499.0,658.0,1
13, 3, 499.0,658.0,1
3, 14, 433.0,600.0,1
14, 3, 433.0,600.0,1
3, 15, 477.0,671.0,-1
15, 3, 477.0,671.0,-1
3, 16, 699.0,962.0,-1
16, 3, 699.0,962.0,-1
3, 3, 0.0,0.0,1
4, 5, 500.0,624.0,-1
5, 4, 500.0,624.0,-1
4, 6, 535.0,755.0,-1
6, 4, 535.0,755.0,-1
4, 7, 729.0,992.0,1
7, 4, 729.0,992.0,1
4, 8, 34.0,39.0,-1
8, 4, 34.0,39.0,-1
4, 9, 633.0,894.0,-1
9, 4, 633.0,894.0,-1
4, 10, 230.0,307.0,1
10, 4, 230.0,307.0,1
4, 11, 95.0,104.0,-1
11, 4, 95.0,104.0,-1
4, 12, 737.0,788.0,1
12, 4, 737.0,788.0,1
4, 13, 376.0,523.0,-1
13, 4, 376.0,523.0,-1
4, 14, 469.0,473.0,-1
14, 4, 469.0,473.0,-1
4, 15, 428.0,536.0,1
15, 4, 428.0,536.0,1
4, 16, 714.0,827.0,-1
16, 4, 714.0,827.0,-1
4, 4, 0.0,0.0,1
5, 6, 286.0,382.0,-1
6, 5, 286.0,382.0,-1
5, 7, 507.0,614.0,-1
7, 5, 507.0,614.0,-1
5, 8, 497.0,596.0,1
8, 5, 497.0,596.0,1
5, 9, 284.0,297.0,-1
9, 5, 284.0,297.0,-1
5, 10, 581.0,641.0,-1
10, 5, 581.0,641.0,-1
5, 11, 415.0,539.0,1
11, 5, 415.0,539.0,1
5, 12, 795.0,1122.0,-1
12, 5, 795.0,1122.0,-1
5, 13, 713.0,857.0,-1
13, 5, 713.0,857.0,-1
5, 14, 575.0,799.0,-1
14, 5, 575.0,799.0,-1
5, 15, 662.0,870.0,-1
15, 5, 662.0,870.0,-1
5, 16, 822.0,1161.0,1
16, 5, 822.0,1161.0,1
5, 5, 0.0,0.0,1
6, 7, 235.0,238.0,1
7, 6, 235.0,238.0,1
6, 8, 514.0,727.0,1
8, 6, 514.0,727.0,1
6, 9, 116.0,140.0,-1
9, 6, 116.0,140.0,-1
6, 10, 492.0,646.0,-1
10, 6, 492.0,646.0,-1
6, 11, 486.0,670.0,-1
11, 6, 486.0,670.0,-1
6, 12, 526.0,740.0,-1
12, 6, 526.0,740.0,-1
6, 13, 576.0,661.0,-1
13, 6, 576.0,661.0,-1
6, 14, 356.0,417.0,-1
14, 6, 356.0,417.0,-1
6, 15, 482.0,488.0,-1
15, 6, 482.0,488.0,-1
6, 16, 565.0,779.0,-1
16, 6, 565.0,779.0,-1
6, 6, 0.0,0.0,1
7, 8, 703.0,964.0,-1
8, 7, 703.0,964.0,-1
7, 9, 235.0,317.0,-1
9, 7, 235.0,317.0,-1
7, 10, 625.0,884.0,-1
10, 7, 625.0,884.0,-1
7, 11, 697.0,908.0,-1
11, 7, 697.0,908.0,-1
7, 12, 422.0,508.0,1
12, 7, 422.0,508.0,1
7, 13, 659.0,899.0,1
13, 7, 659.0,899.0,1
7, 14, 390.0,519.0,-1
14, 7, 390.0,519.0,-1
7, 15, 536.0,713.0,-1
15, 7, 536.0,713.0,-1
7, 16, 486.0,547.0,-1
16, 7, 486.0,547.0,-1
7, 7, 0.0,0.0,1
8, 9, 615.0,866.0,-1
9, 8, 615.0,866.0,-1
8, 10, 198.0,268.0,-1
10, 8, 198.0,268.0,-1
8, 11, 109.0,143.0,1
11, 8, 109.0,143.0,1
8, 12, 703.0,749.0,-1
12, 8, 703.0,749.0,-1
8, 13, 346.0,484.0,-1
13, 8, 346.0,484.0,-1
8, 14, 436.0,446.0,1
14, 8, 436.0,446.0,1
8, 15, 394.0,497.0,-1
15, 8, 394.0,497.0,-1
8, 16, 680.0,788.0,-1
16, 8, 680.0,788.0,-1
8, 8, 0.0,0.0,1
9, 10, 606.0,785.0,-1
10, 9, 606.0,785.0,-1
9, 11, 574.0,809.0,-1
11, 9, 574.0,809.0,-1
9, 12, 603.0,825.0,-1
12, 9, 603.0,825.0,-1
9, 13, 691.0,800.0,-1
13, 9, 691.0,800.0,-1
9, 14, 463.0,502.0,-1
14, 9, 463.0,502.0,-1
9, 15, 594.0,614.0,-1
15, 9, 594.0,614.0,-1
9, 16, 651.0,864.0,-1
16, 9, 651.0,864.0,-1
9, 9, 0.0,0.0,1
10, 11, 291.0,410.0,1
11, 10, 291.0,410.0,1
10, 12, 529.0,572.0,1
12, 10, 529.0,572.0,1
10, 13, 154.0,217.0,-1
13, 10, 154.0,217.0,-1
10, 14, 281.0,365.0,-1
14, 10, 281.0,365.0,-1
10, 15, 203.0,230.0,-1
15, 10, 203.0,230.0,-1
10, 16, 496.0,521.0,1
16, 10, 496.0,521.0,1
10, 10, 0.0,0.0,1
11, 12, 759.0,892.0,-1
12, 11, 759.0,892.0,-1
11, 13, 443.0,627.0,1
13, 11, 443.0,627.0,1
11, 14, 487.0,569.0,-1
14, 11, 487.0,569.0,-1
11, 15, 473.0,640.0,1
15, 11, 473.0,640.0,1
11, 16, 745.0,930.0,1
16, 11, 745.0,930.0,1
11, 11, 0.0,0.0,1
12, 13, 456.0,588.0,1
13, 12, 456.0,588.0,1
12, 14, 272.0,323.0,-1
14, 12, 272.0,323.0,-1
12, 15, 335.0,402.0,1
15, 12, 335.0,402.0,1
12, 16, 78.0,103.0,-1
16, 12, 78.0,103.0,-1
12, 12, 0.0,0.0,1
13, 14, 272.0,380.0,-1
14, 13, 272.0,380.0,-1
13, 15, 132.0,187.0,-1
15, 13, 132.0,187.0,-1
13, 16, 405.0,485.0,-1
16, 13, 405.0,485.0,-1
13, 13, 0.0,0.0,1
14, 15, 146.0,194.0,1
15, 14, 146.0,194.0,1
14, 16, 267.0,362.0,1
16, 14, 267.0,362.0,1
14, 14, 0.0,0.0,1
15, 16, 295.0,299.0,-1
16, 15, 295.0,299.0,-1
15, 15, 0.0,0.0,1
16, 16, 0.0,0.0,1


<end>