<number of nodes>
16

<ratio of available edges>
0.3

<max length of the drone flight>
100000 

<D 2/3>
1, 2, 4, 5, 6, 7, 9, 10, 12, 14, 16

<V>
4, 6, 9, 12, 16

<coordinates X,Y>
974.2824376697582, 593.7931464881115
292.9280445084227, 846.9967545659275
723.3319641321708, 33.207257539791655
430.9177095461553, 751.5318683001816
764.6105864468201, 877.6958996427603
82.99479604604784, 546.9858305879767
648.8522274669069, 448.83482581407793
606.8550735416485, 387.5311947834841
826.8161651042475, 838.3243505784241
692.7248252853146, 634.9090100271519
365.4540408091701, 203.6134604929642
313.07325706900235, 696.5811243018012
672.4200691046198, 986.8497112471231
377.7060488097134, 459.4806119822079
273.67600870223237, 773.4731514772673
600.6418173658267, 631.9848945976751

<adjacency matrix with truck distances>
1, 2, 727.0,935.0,-1
2, 1, 727.0,935.0,-1
1, 3, 615.0,812.0,-1
3, 1, 615.0,812.0,-1
1, 4, 566.0,702.0,1
4, 1, 566.0,702.0,1
1, 5, 353.0,494.0,1
5, 1, 353.0,494.0,1
1, 6, 893.0,939.0,-1
6, 1, 893.0,939.0,-1
1, 7, 357.0,471.0,1
7, 1, 357.0,471.0,1
1, 8, 422.0,574.0,-1
8, 1, 422.0,574.0,-1
1, 9, 286.0,392.0,-1
9, 1, 286.0,392.0,-1
1, 10, 285.0,323.0,-1
10, 1, 285.0,323.0,-1
1, 11, 724.0,1000.0,-1
11, 1, 724.0,1000.0,-1
1, 12, 670.0,764.0,-1
12, 1, 670.0,764.0,-1
1, 13, 496.0,695.0,-1
13, 1, 496.0,695.0,-1
1, 14, 612.0,731.0,-1
14, 1, 612.0,731.0,-1
1, 15, 724.0,881.0,-1
15, 1, 724.0,881.0,-1
1, 16, 376.0,412.0,-1
16, 1, 376.0,412.0,-1
1, 1, 0.0,0.0,1
2, 3, 921.0,1245.0,-1
3, 2, 921.0,1245.0,-1
2, 4, 168.0,234.0,1
4, 2, 168.0,234.0,1
2, 5, 473.0,503.0,-1
5, 2, 473.0,503.0,-1
2, 6, 367.0,510.0,1
6, 2, 367.0,510.0,1
2, 7, 535.0,755.0,1
7, 2, 535.0,755.0,1
2, 8, 557.0,774.0,-1
8, 2, 557.0,774.0,-1
2, 9, 534.0,543.0,-1
9, 2, 534.0,543.0,-1
2, 10, 453.0,612.0,-1
10, 2, 453.0,612.0,-1
2, 11, 648.0,716.0,1
11, 2, 648.0,716.0,1
2, 12, 152.0,171.0,-1
12, 2, 152.0,171.0,-1
2, 13, 405.0,520.0,1
13, 2, 405.0,520.0,1
2, 14, 397.0,473.0,-1
14, 2, 397.0,473.0,-1
2, 15, 77.0,93.0,-1
15, 2, 77.0,93.0,-1
2, 16, 376.0,523.0,1
16, 2, 376.0,523.0,1
2, 2, 0.0,0.0,1
3, 4, 776.0,1011.0,-1
4, 3, 776.0,1011.0,-1
3, 5, 846.0,886.0,-1
5, 3, 846.0,886.0,-1
3, 6, 821.0,1155.0,-1
6, 3, 821.0,1155.0,-1
3, 7, 423.0,491.0,-1
7, 3, 423.0,491.0,-1
3, 8, 373.0,471.0,-1
8, 3, 373.0,471.0,-1
3, 9, 812.0,909.0,1
9, 3, 812.0,909.0,1
3, 10, 603.0,633.0,-1
10, 3, 603.0,633.0,-1
3, 11, 397.0,529.0,-1
11, 3, 397.0,529.0,-1
3, 12, 780.0,1074.0,1
12, 3, 780.0,1074.0,1
3, 13, 956.0,1005.0,1
13, 3, 956.0,1005.0,1
3, 14, 549.0,772.0,1
14, 3, 549.0,772.0,1
3, 15, 867.0,1190.0,-1
15, 3, 867.0,1190.0,-1
3, 16, 612.0,722.0,1
16, 3, 612.0,722.0,1
3, 3, 0.0,0.0,1
4, 5, 357.0,460.0,1
5, 4, 357.0,460.0,1
4, 6, 404.0,553.0,-1
6, 4, 404.0,553.0,-1
4, 7, 373.0,521.0,1
7, 4, 373.0,521.0,1
4, 8, 405.0,540.0,-1
8, 4, 405.0,540.0,-1
4, 9, 406.0,483.0,-1
9, 4, 406.0,483.0,-1
4, 10, 287.0,379.0,-1
10, 4, 287.0,379.0,-1
4, 11, 552.0,614.0,-1
11, 4, 552.0,614.0,-1
4, 12, 131.0,173.0,-1
12, 4, 131.0,173.0,-1
4, 13, 338.0,477.0,-1
13, 4, 338.0,477.0,-1
4, 14, 297.0,346.0,-1
14, 4, 297.0,346.0,-1
4, 15, 159.0,180.0,-1
15, 4, 159.0,180.0,-1
4, 16, 208.0,290.0,-1
16, 4, 208.0,290.0,-1
4, 4, 0.0,0.0,1
5, 6, 758.0,1013.0,-1
6, 5, 758.0,1013.0,-1
5, 7, 445.0,545.0,1
7, 5, 445.0,545.0,1
5, 8, 515.0,648.0,-1
8, 5, 515.0,648.0,-1
5, 9, 74.0,102.0,1
9, 5, 74.0,102.0,1
5, 10, 254.0,315.0,-1
10, 5, 254.0,315.0,-1
5, 11, 784.0,1074.0,-1
11, 5, 784.0,1074.0,-1
5, 12, 487.0,633.0,1
12, 5, 487.0,633.0,1
5, 13, 143.0,202.0,1
13, 5, 143.0,202.0,1
5, 14, 570.0,806.0,-1
14, 5, 570.0,806.0,-1
5, 15, 502.0,596.0,-1
15, 5, 502.0,596.0,-1
5, 16, 296.0,410.0,-1
16, 5, 296.0,410.0,-1
5, 5, 0.0,0.0,1
6, 7, 575.0,665.0,-1
7, 6, 575.0,665.0,-1
6, 8, 548.0,684.0,-1
8, 6, 548.0,684.0,-1
6, 9, 799.0,1036.0,-1
9, 6, 799.0,1036.0,-1
6, 10, 617.0,698.0,-1
10, 6, 617.0,698.0,-1
6, 11, 445.0,626.0,-1
11, 6, 445.0,626.0,-1
6, 12, 275.0,380.0,-1
12, 6, 275.0,380.0,-1
6, 13, 736.0,1030.0,-1
13, 6, 736.0,1030.0,-1
6, 14, 308.0,383.0,-1
14, 6, 308.0,383.0,-1
6, 15, 297.0,418.0,-1
15, 6, 297.0,418.0,-1
6, 16, 525.0,603.0,-1
16, 6, 525.0,603.0,-1
6, 6, 0.0,0.0,1
7, 8, 75.0,104.0,-1
8, 7, 75.0,104.0,-1
7, 9, 429.0,568.0,-1
9, 7, 429.0,568.0,-1
7, 10, 192.0,230.0,1
10, 7, 192.0,230.0,1
7, 11, 375.0,529.0,-1
11, 7, 375.0,529.0,-1
7, 12, 418.0,584.0,-1
12, 7, 418.0,584.0,-1
7, 13, 539.0,562.0,-1
13, 7, 539.0,562.0,-1
7, 14, 272.0,282.0,-1
14, 7, 272.0,282.0,-1
7, 15, 497.0,700.0,1
15, 7, 497.0,700.0,1
7, 16, 190.0,232.0,-1
16, 7, 190.0,232.0,-1
7, 7, 0.0,0.0,1
8, 9, 502.0,671.0,1
9, 8, 502.0,671.0,1
8, 10, 262.0,334.0,-1
10, 8, 262.0,334.0,-1
8, 11, 304.0,426.0,-1
11, 8, 304.0,426.0,-1
8, 12, 427.0,603.0,1
12, 8, 427.0,603.0,1
8, 13, 603.0,665.0,-1
13, 8, 603.0,665.0,-1
8, 14, 241.0,302.0,1
14, 8, 241.0,302.0,1
8, 15, 510.0,720.0,1
15, 8, 510.0,720.0,1
8, 16, 245.0,251.0,-1
16, 8, 245.0,251.0,-1
8, 8, 0.0,0.0,1
9, 10, 244.0,338.0,-1
10, 9, 244.0,338.0,-1
9, 11, 785.0,1097.0,-1
11, 9, 785.0,1097.0,-1
9, 12, 533.0,656.0,1
12, 9, 533.0,656.0,1
9, 13, 215.0,303.0,-1
13, 9, 215.0,303.0,-1
9, 14, 588.0,828.0,1
14, 9, 588.0,828.0,1
9, 15, 557.0,618.0,-1
15, 9, 557.0,618.0,-1
9, 16, 307.0,433.0,-1
16, 9, 307.0,433.0,-1
9, 9, 0.0,0.0,1
10, 11, 542.0,759.0,-1
11, 10, 542.0,759.0,-1
10, 12, 385.0,442.0,1
12, 10, 385.0,442.0,1
10, 13, 353.0,373.0,-1
13, 10, 353.0,373.0,-1
10, 14, 361.0,491.0,1
14, 10, 361.0,491.0,1
10, 15, 442.0,558.0,-1
15, 10, 442.0,558.0,-1
10, 16, 93.0,96.0,1
16, 10, 93.0,96.0,1
10, 10, 0.0,0.0,1
11, 12, 496.0,546.0,-1
12, 11, 496.0,546.0,-1
11, 13, 842.0,1091.0,1
13, 11, 842.0,1091.0,1
11, 14, 257.0,269.0,1
14, 11, 257.0,269.0,1
11, 15, 578.0,662.0,-1
15, 11, 578.0,662.0,-1
11, 16, 489.0,664.0,1
16, 11, 489.0,664.0,1
11, 11, 0.0,0.0,1
12, 13, 462.0,650.0,-1
13, 12, 462.0,650.0,-1
12, 14, 246.0,302.0,-1
14, 12, 246.0,302.0,-1
12, 15, 87.0,117.0,-1
15, 12, 87.0,117.0,-1
12, 16, 295.0,353.0,1
16, 12, 295.0,353.0,1
12, 12, 0.0,0.0,1
13, 14, 605.0,823.0,-1
14, 13, 605.0,823.0,-1
13, 15, 453.0,613.0,-1
15, 13, 453.0,613.0,-1
13, 16, 363.0,427.0,-1
16, 13, 363.0,427.0,-1
13, 13, 0.0,0.0,1
14, 15, 331.0,419.0,1
15, 14, 331.0,419.0,1
14, 16, 282.0,396.0,-1
16, 14, 282.0,396.0,-1
14, 14, 0.0,0.0,1
15, 16, 357.0,469.0,-1
16, 15, 357.0,469.0,-1
15, 15, 0.0,0.0,1
16, 16, 0.0,0.0,1


<end>