<number of nodes>
16

<ratio of available edges>
0.3

<max length of the drone flight>
100000 

<D 2/3>
1, 2, 4, 5, 6, 7, 8, 10, 14, 15, 16

<V>
5, 10, 14, 15, 16

<coordinates X,Y>
142.29726861579334, 385.10092728284116
230.30030174360905, 512.690642827413
906.6370595689464, 126.99687692607878
462.08489776727714, 648.4373450353525
335.4351710054276, 275.24722563539603
467.12775915061195, 470.7615312813018
588.8710103713515, 747.4584586507025
561.2947834797094, 272.3816445856084
934.4861746688644, 175.78719986540577
622.3739303017826, 428.99692312834054
206.87334367477962, 848.2769514918404
144.8133026023102, 702.3313155701566
473.71672356271233, 14.881454199387527
231.5263067311831, 159.1791165791228
198.3507758171144, 122.38681567158426
921.1764487284637, 908.7507703907073

<adjacency matrix with truck distances>
1, 2, 155.0,216.0,1
2, 1, 155.0,216.0,1
1, 3, 807.0,1023.0,1
3, 1, 807.0,1023.0,1
1, 4, 415.0,584.0,1
4, 1, 415.0,584.0,1
1, 5, 223.0,303.0,1
5, 1, 223.0,303.0,1
1, 6, 336.0,411.0,-1
6, 1, 336.0,411.0,-1
1, 7, 576.0,809.0,-1
7, 1, 576.0,809.0,-1
1, 8, 434.0,532.0,-1
8, 1, 434.0,532.0,-1
1, 9, 820.0,1002.0,1
9, 1, 820.0,1002.0,1
1, 10, 483.0,524.0,1
10, 1, 483.0,524.0,1
1, 11, 468.0,528.0,-1
11, 1, 468.0,528.0,-1
1, 12, 318.0,320.0,1
12, 1, 318.0,320.0,1
1, 13, 497.0,702.0,-1
13, 1, 497.0,702.0,-1
1, 14, 243.0,316.0,1
14, 1, 243.0,316.0,1
1, 15, 269.0,319.0,-1
15, 1, 269.0,319.0,-1
1, 16, 939.0,1303.0,1
16, 1, 939.0,1303.0,1
1, 1, 0.0,0.0,1
2, 3, 779.0,1063.0,-1
3, 2, 779.0,1063.0,-1
2, 4, 269.0,368.0,-1
4, 2, 269.0,368.0,-1
2, 5, 260.0,343.0,1
5, 2, 260.0,343.0,1
2, 6, 241.0,279.0,-1
6, 2, 241.0,279.0,-1
2, 7, 429.0,594.0,1
7, 2, 429.0,594.0,1
2, 8, 410.0,572.0,-1
8, 2, 410.0,572.0,-1
2, 9, 781.0,1042.0,-1
9, 2, 781.0,1042.0,-1
2, 10, 401.0,476.0,-1
10, 2, 401.0,476.0,-1
2, 11, 337.0,360.0,-1
11, 2, 337.0,360.0,-1
2, 12, 209.0,276.0,1
12, 2, 209.0,276.0,1
2, 13, 555.0,742.0,1
13, 2, 555.0,742.0,1
2, 14, 354.0,355.0,1
14, 2, 354.0,355.0,1
2, 15, 392.0,423.0,-1
15, 2, 392.0,423.0,-1
2, 16, 797.0,1087.0,-1
16, 2, 797.0,1087.0,-1
2, 2, 0.0,0.0,1
3, 4, 686.0,966.0,-1
4, 3, 686.0,966.0,-1
3, 5, 591.0,720.0,-1
5, 3, 591.0,720.0,-1
3, 6, 558.0,784.0,-1
6, 3, 558.0,784.0,-1
3, 7, 698.0,939.0,1
7, 3, 698.0,939.0,1
3, 8, 375.0,491.0,1
8, 3, 375.0,491.0,1
3, 9, 57.0,77.0,-1
9, 3, 57.0,77.0,-1
3, 10, 415.0,587.0,-1
10, 3, 415.0,587.0,-1
3, 11, 1005.0,1422.0,1
11, 3, 1005.0,1422.0,1
3, 12, 955.0,1338.0,1
12, 3, 955.0,1338.0,1
3, 13, 448.0,546.0,-1
13, 3, 448.0,546.0,-1
3, 14, 676.0,708.0,-1
14, 3, 676.0,708.0,-1
3, 15, 709.0,713.0,-1
15, 3, 709.0,713.0,-1
3, 16, 782.0,797.0,-1
16, 3, 782.0,797.0,-1
3, 3, 0.0,0.0,1
4, 5, 395.0,500.0,-1
5, 4, 395.0,500.0,-1
4, 6, 178.0,183.0,-1
6, 4, 178.0,183.0,-1
4, 7, 161.0,226.0,-1
7, 4, 161.0,226.0,-1
4, 8, 389.0,476.0,-1
8, 4, 389.0,476.0,-1
4, 9, 669.0,946.0,1
9, 4, 669.0,946.0,1
4, 10, 272.0,380.0,-1
10, 4, 272.0,380.0,-1
4, 11, 325.0,456.0,-1
11, 4, 325.0,456.0,-1
4, 12, 322.0,372.0,-1
12, 4, 322.0,372.0,-1
4, 13, 634.0,646.0,-1
13, 4, 634.0,646.0,-1
4, 14, 541.0,720.0,-1
14, 4, 541.0,720.0,-1
4, 15, 589.0,790.0,-1
15, 4, 589.0,790.0,-1
4, 16, 528.0,720.0,-1
16, 4, 528.0,720.0,-1
4, 4, 0.0,0.0,1
5, 6, 236.0,328.0,-1
6, 5, 236.0,328.0,-1
5, 7, 536.0,726.0,1
7, 5, 536.0,726.0,1
5, 8, 226.0,229.0,-1
8, 5, 226.0,229.0,-1
5, 9, 608.0,699.0,-1
9, 5, 608.0,699.0,-1
5, 10, 326.0,441.0,-1
10, 5, 326.0,441.0,-1
5, 11, 588.0,702.0,-1
11, 5, 588.0,702.0,-1
5, 12, 468.0,618.0,-1
12, 5, 468.0,618.0,-1
5, 13, 295.0,399.0,-1
13, 5, 295.0,399.0,-1
5, 14, 156.0,220.0,-1
14, 5, 156.0,220.0,-1
5, 15, 206.0,290.0,1
15, 5, 206.0,290.0,1
5, 16, 863.0,1220.0,-1
16, 5, 863.0,1220.0,-1
5, 5, 0.0,0.0,1
6, 7, 303.0,399.0,1
7, 6, 303.0,399.0,1
6, 8, 220.0,293.0,1
8, 6, 220.0,293.0,1
6, 9, 553.0,763.0,-1
9, 6, 553.0,763.0,-1
6, 10, 161.0,198.0,-1
10, 6, 161.0,198.0,-1
6, 11, 459.0,638.0,-1
11, 6, 459.0,638.0,-1
6, 12, 397.0,554.0,-1
12, 6, 397.0,554.0,-1
6, 13, 456.0,463.0,-1
13, 6, 456.0,463.0,-1
6, 14, 391.0,548.0,-1
14, 6, 391.0,548.0,-1
6, 15, 441.0,618.0,1
15, 6, 441.0,618.0,1
6, 16, 631.0,893.0,-1
16, 6, 631.0,893.0,-1
6, 6, 0.0,0.0,1
7, 8, 476.0,503.0,1
8, 7, 476.0,503.0,1
7, 9, 669.0,918.0,-1
9, 7, 669.0,918.0,-1
7, 10, 321.0,352.0,-1
10, 7, 321.0,352.0,-1
7, 11, 396.0,483.0,-1
11, 7, 396.0,483.0,-1
7, 12, 447.0,490.0,-1
12, 7, 447.0,490.0,-1
7, 13, 742.0,848.0,1
13, 7, 742.0,848.0,1
7, 14, 689.0,946.0,-1
14, 7, 689.0,946.0,-1
7, 15, 738.0,1016.0,-1
15, 7, 738.0,1016.0,-1
7, 16, 370.0,494.0,1
16, 7, 370.0,494.0,1
7, 7, 0.0,0.0,1
8, 9, 386.0,470.0,1
9, 8, 386.0,470.0,1
8, 10, 169.0,218.0,-1
10, 8, 169.0,218.0,-1
8, 11, 677.0,931.0,-1
11, 8, 677.0,931.0,-1
8, 12, 599.0,847.0,-1
12, 8, 599.0,847.0,-1
8, 13, 272.0,346.0,-1
13, 8, 272.0,346.0,-1
8, 14, 349.0,443.0,-1
14, 8, 349.0,443.0,-1
8, 15, 393.0,513.0,-1
15, 8, 393.0,513.0,-1
8, 16, 732.0,997.0,1
16, 8, 732.0,997.0,1
8, 8, 0.0,0.0,1
9, 10, 402.0,566.0,-1
10, 9, 402.0,566.0,-1
9, 11, 991.0,1401.0,-1
11, 9, 991.0,1401.0,-1
9, 12, 950.0,1317.0,1
12, 9, 950.0,1317.0,1
9, 13, 489.0,622.0,-1
13, 9, 489.0,622.0,-1
9, 14, 704.0,720.0,1
14, 9, 704.0,720.0,1
9, 15, 739.0,790.0,1
15, 9, 739.0,790.0,1
9, 16, 734.0,747.0,-1
16, 9, 734.0,747.0,-1
9, 9, 0.0,0.0,1
10, 11, 591.0,835.0,-1
11, 10, 591.0,835.0,-1
10, 12, 551.0,751.0,-1
12, 10, 551.0,751.0,-1
10, 13, 440.0,563.0,-1
13, 10, 440.0,563.0,-1
10, 14, 475.0,661.0,1
14, 10, 475.0,661.0,1
10, 15, 524.0,731.0,-1
15, 10, 524.0,731.0,-1
10, 16, 566.0,779.0,-1
16, 10, 566.0,779.0,-1
10, 10, 0.0,0.0,1
11, 12, 159.0,209.0,-1
12, 11, 159.0,209.0,-1
11, 13, 876.0,1101.0,-1
13, 11, 876.0,1101.0,-1
11, 14, 690.0,714.0,-1
14, 11, 690.0,714.0,-1
11, 15, 726.0,735.0,-1
15, 11, 726.0,735.0,-1
11, 16, 717.0,775.0,-1
16, 11, 717.0,775.0,-1
11, 11, 0.0,0.0,1
12, 13, 763.0,1017.0,-1
13, 12, 763.0,1017.0,-1
12, 14, 551.0,630.0,-1
14, 12, 551.0,630.0,-1
12, 15, 583.0,634.0,1
15, 12, 583.0,634.0,1
12, 16, 804.0,983.0,1
16, 12, 804.0,983.0,1
12, 12, 0.0,0.0,1
13, 14, 282.0,387.0,-1
14, 13, 282.0,387.0,-1
13, 15, 296.0,383.0,1
15, 13, 296.0,383.0,1
13, 16, 1000.0,1342.0,-1
16, 13, 1000.0,1342.0,-1
13, 13, 0.0,0.0,1
14, 15, 50.0,70.0,-1
15, 14, 50.0,70.0,-1
14, 16, 1019.0,1440.0,-1
16, 14, 1019.0,1440.0,-1
14, 14, 0.0,0.0,1
15, 16, 1069.0,1510.0,-1
16, 15, 1069.0,1510.0,-1
15, 15, 0.0,0.0,1
16, 16, 0.0,0.0,1


<end>