<number of nodes>
16

<ratio of available edges>
0.3

<max length of the drone flight>
100000 

<D 2/3>
1, 2, 3, 4, 6, 7, 9, 10, 11, 14, 16

<V>
2, 7, 10, 11, 14

<coordinates X,Y>
352.90627476731726, 46.80654506307738
194.11428829769952, 425.7040079048199
44.68334206628582, 345.5861607675105
378.9801137242423, 10.461751980157917
149.1040490623044, 272.46700966298715
373.9217978736758, 587.2995842108385
821.6318789964641, 49.968660226968396
397.7690201105135, 365.7679106093245
706.1312367926316, 551.4322106821926
492.67865041782227, 689.25568271843
42.8148770988067, 732.1292036839648
766.8119002495862, 12.976252714913077
202.03263929751338, 293.27528406077636
788.9171468441373, 512.0860122467694
858.4899701882885, 34.9732102252445
524.5830683236845, 814.7127775041837

<adjacency matrix with truck distances>
1, 2, 411.0,538.0,-1
2, 1, 411.0,538.0,-1
1, 3, 430.0,608.0,-1
3, 1, 430.0,608.0,-1
1, 4, 45.0,63.0,-1
4, 1, 45.0,63.0,-1
1, 5, 305.0,430.0,1
5, 1, 305.0,430.0,1
1, 6, 541.0,562.0,1
6, 1, 541.0,562.0,1
1, 7, 469.0,472.0,-1
7, 1, 469.0,472.0,-1
1, 8, 323.0,364.0,1
8, 1, 323.0,364.0,1
1, 9, 616.0,858.0,1
9, 1, 616.0,858.0,1
1, 10, 658.0,783.0,-1
10, 1, 658.0,783.0,-1
1, 11, 753.0,996.0,1
11, 1, 753.0,996.0,1
1, 12, 416.0,448.0,1
12, 1, 416.0,448.0,1
1, 13, 289.0,398.0,-1
13, 1, 289.0,398.0,-1
1, 14, 638.0,902.0,1
14, 1, 638.0,902.0,1
1, 15, 506.0,518.0,1
15, 1, 506.0,518.0,1
1, 16, 787.0,940.0,1
16, 1, 787.0,940.0,1
1, 1, 0.0,0.0,1
2, 3, 170.0,230.0,-1
3, 2, 170.0,230.0,-1
2, 4, 455.0,601.0,-1
4, 2, 455.0,601.0,-1
2, 5, 160.0,199.0,-1
5, 2, 160.0,199.0,-1
2, 6, 242.0,342.0,1
6, 2, 242.0,342.0,1
2, 7, 732.0,1004.0,-1
7, 2, 732.0,1004.0,-1
2, 8, 213.0,264.0,1
8, 2, 213.0,264.0,1
2, 9, 528.0,638.0,-1
9, 2, 528.0,638.0,-1
2, 10, 399.0,563.0,-1
10, 2, 399.0,563.0,-1
2, 11, 342.0,458.0,-1
11, 2, 342.0,458.0,-1
2, 12, 706.0,986.0,1
12, 2, 706.0,986.0,1
2, 13, 133.0,141.0,1
13, 2, 133.0,141.0,1
2, 14, 602.0,682.0,-1
14, 2, 602.0,682.0,-1
2, 15, 771.0,1056.0,-1
15, 2, 771.0,1056.0,-1
2, 16, 511.0,720.0,1
16, 2, 511.0,720.0,1
2, 2, 0.0,0.0,1
3, 4, 474.0,670.0,-1
4, 3, 474.0,670.0,-1
3, 5, 128.0,178.0,1
5, 3, 128.0,178.0,1
3, 6, 409.0,571.0,-1
6, 3, 409.0,571.0,-1
3, 7, 832.0,1073.0,-1
7, 3, 832.0,1073.0,-1
3, 8, 354.0,374.0,-1
8, 3, 354.0,374.0,-1
3, 9, 693.0,868.0,-1
9, 3, 693.0,868.0,-1
3, 10, 565.0,792.0,1
10, 3, 565.0,792.0,1
3, 11, 387.0,389.0,-1
11, 3, 387.0,389.0,-1
3, 12, 796.0,1055.0,-1
12, 3, 796.0,1055.0,-1
3, 13, 166.0,210.0,1
13, 3, 166.0,210.0,1
3, 14, 763.0,911.0,-1
14, 3, 763.0,911.0,-1
3, 15, 872.0,1125.0,-1
15, 3, 872.0,1125.0,-1
3, 16, 672.0,950.0,-1
16, 3, 672.0,950.0,-1
3, 3, 0.0,0.0,1
4, 5, 349.0,492.0,-1
5, 4, 349.0,492.0,-1
4, 6, 577.0,582.0,1
6, 4, 577.0,582.0,1
4, 7, 445.0,483.0,-1
7, 4, 445.0,483.0,-1
4, 8, 356.0,375.0,1
8, 4, 356.0,375.0,1
4, 9, 633.0,869.0,1
9, 4, 633.0,869.0,1
4, 10, 689.0,793.0,-1
10, 4, 689.0,793.0,-1
4, 11, 797.0,1058.0,-1
11, 4, 797.0,1058.0,-1
4, 12, 388.0,391.0,-1
12, 4, 388.0,391.0,-1
4, 13, 334.0,460.0,1
13, 4, 334.0,460.0,1
4, 14, 648.0,912.0,-1
14, 4, 648.0,912.0,-1
4, 15, 481.0,505.0,1
15, 4, 481.0,505.0,1
4, 16, 818.0,950.0,-1
16, 4, 818.0,950.0,-1
4, 4, 0.0,0.0,1
5, 6, 387.0,540.0,1
6, 5, 387.0,540.0,1
5, 7, 709.0,896.0,-1
7, 5, 709.0,896.0,-1
5, 8, 266.0,342.0,-1
8, 5, 266.0,342.0,-1
5, 9, 623.0,836.0,1
9, 5, 623.0,836.0,1
5, 10, 541.0,761.0,-1
10, 5, 541.0,761.0,-1
5, 11, 472.0,566.0,-1
11, 5, 472.0,566.0,-1
5, 12, 670.0,878.0,1
12, 5, 670.0,878.0,1
5, 13, 57.0,74.0,-1
13, 5, 57.0,74.0,-1
5, 14, 684.0,880.0,-1
14, 5, 684.0,880.0,-1
5, 15, 749.0,947.0,-1
15, 5, 749.0,947.0,-1
5, 16, 660.0,918.0,-1
16, 5, 660.0,918.0,-1
5, 5, 0.0,0.0,1
6, 7, 700.0,986.0,-1
7, 6, 700.0,986.0,-1
6, 8, 223.0,246.0,-1
8, 6, 223.0,246.0,-1
6, 9, 335.0,369.0,-1
9, 6, 335.0,369.0,-1
6, 10, 157.0,221.0,-1
10, 6, 157.0,221.0,-1
6, 11, 362.0,476.0,1
11, 6, 362.0,476.0,1
6, 12, 696.0,968.0,1
12, 6, 696.0,968.0,1
6, 13, 341.0,466.0,-1
13, 6, 341.0,466.0,-1
6, 14, 422.0,491.0,-1
14, 6, 422.0,491.0,-1
6, 15, 735.0,1037.0,1
15, 6, 735.0,1037.0,1
6, 16, 273.0,379.0,-1
16, 6, 273.0,379.0,-1
6, 6, 0.0,0.0,1
7, 8, 529.0,740.0,1
8, 7, 529.0,740.0,1
7, 9, 515.0,617.0,-1
9, 7, 515.0,617.0,-1
7, 10, 719.0,969.0,-1
10, 7, 719.0,969.0,-1
7, 11, 1036.0,1461.0,-1
11, 7, 1036.0,1461.0,-1
7, 12, 67.0,92.0,-1
12, 7, 67.0,92.0,-1
7, 13, 666.0,863.0,-1
13, 7, 666.0,863.0,-1
7, 14, 464.0,495.0,1
14, 7, 464.0,495.0,1
7, 15, 40.0,52.0,-1
15, 7, 40.0,52.0,-1
7, 16, 821.0,1062.0,-1
16, 7, 821.0,1062.0,-1
7, 7, 0.0,0.0,1
8, 9, 360.0,495.0,1
9, 8, 360.0,495.0,1
8, 10, 338.0,419.0,-1
10, 8, 338.0,419.0,-1
8, 11, 511.0,722.0,-1
11, 8, 511.0,722.0,-1
8, 12, 511.0,722.0,1
12, 8, 511.0,722.0,1
8, 13, 209.0,269.0,-1
13, 8, 209.0,269.0,-1
8, 14, 418.0,538.0,-1
14, 8, 418.0,538.0,-1
8, 15, 568.0,792.0,1
15, 8, 568.0,792.0,1
8, 16, 467.0,576.0,-1
16, 8, 467.0,576.0,-1
8, 8, 0.0,0.0,1
9, 10, 255.0,352.0,-1
10, 9, 255.0,352.0,-1
9, 11, 688.0,845.0,-1
11, 9, 688.0,845.0,-1
9, 12, 542.0,600.0,-1
12, 9, 542.0,600.0,-1
9, 13, 567.0,763.0,-1
13, 9, 567.0,763.0,-1
9, 14, 92.0,123.0,-1
14, 9, 92.0,123.0,-1
9, 15, 539.0,669.0,-1
15, 9, 539.0,669.0,-1
9, 16, 320.0,445.0,-1
16, 9, 320.0,445.0,-1
9, 9, 0.0,0.0,1
10, 11, 452.0,493.0,-1
11, 10, 452.0,493.0,-1
10, 12, 730.0,951.0,-1
12, 10, 730.0,951.0,-1
10, 13, 492.0,687.0,-1
13, 10, 492.0,687.0,-1
10, 14, 346.0,474.0,1
14, 10, 346.0,474.0,1
10, 15, 750.0,1021.0,-1
15, 10, 750.0,1021.0,-1
10, 16, 130.0,158.0,-1
16, 10, 130.0,158.0,-1
10, 10, 0.0,0.0,1
11, 12, 1021.0,1444.0,-1
12, 11, 1021.0,1444.0,-1
11, 13, 467.0,599.0,-1
13, 11, 467.0,599.0,-1
11, 14, 778.0,967.0,-1
14, 11, 778.0,967.0,-1
11, 15, 1074.0,1513.0,-1
15, 11, 1074.0,1513.0,-1
11, 16, 489.0,565.0,-1
16, 11, 489.0,565.0,-1
11, 11, 0.0,0.0,1
12, 13, 631.0,846.0,-1
13, 12, 631.0,846.0,-1
12, 14, 500.0,522.0,-1
14, 12, 500.0,522.0,-1
12, 15, 95.0,114.0,-1
15, 12, 95.0,114.0,-1
12, 16, 838.0,1044.0,-1
16, 12, 838.0,1044.0,-1
12, 12, 0.0,0.0,1
13, 14, 627.0,806.0,1
14, 13, 627.0,806.0,1
13, 15, 706.0,915.0,-1
15, 13, 706.0,915.0,-1
13, 16, 614.0,844.0,-1
16, 13, 614.0,844.0,-1
13, 13, 0.0,0.0,1
14, 15, 483.0,547.0,1
15, 14, 483.0,547.0,1
14, 16, 402.0,567.0,-1
16, 14, 402.0,567.0,-1
14, 14, 0.0,0.0,1
15, 16, 849.0,1114.0,-1
16, 15, 849.0,1114.0,-1
15, 15, 0.0,0.0,1
16, 16, 0.0,0.0,1


<end>