<number of nodes>
16

<ratio of available edges>
0.3

<max length of the drone flight>
100000 

<D 2/3>
1, 2, 3, 4, 5, 7, 8, 10, 11, 12, 16

<V>
3, 5, 8, 10, 12

<coordinates X,Y>
54.675355555872876, 961.3901815085778
870.2778960149747, 29.973781987621265
419.858347793178, 839.7106906893213
244.59557691067337, 819.0015533967601
581.469756435102, 312.2859041438398
635.8188018165193, 745.3429199680684
299.5621226827712, 174.88222408911105
783.4437189051797, 606.5013303236948
610.703253329068, 486.0780399546196
547.4933391018781, 898.9741412612022
954.5370258871632, 48.80525233436468
520.009947695383, 251.87378267183797
87.85415898191825, 111.51749267106277
653.911156215999, 479.88358766150674
567.8901633148644, 340.8212649939772
521.1934231558649, 770.6406423582072

<adjacency matrix with truck distances>
1, 2, 1239.0,1748.0,-1
2, 1, 1239.0,1748.0,-1
1, 3, 385.0,487.0,1
3, 1, 385.0,487.0,1
1, 4, 238.0,333.0,-1
4, 1, 238.0,333.0,-1
1, 5, 836.0,1176.0,-1
5, 1, 836.0,1176.0,-1
1, 6, 621.0,798.0,1
6, 1, 621.0,798.0,1
1, 7, 824.0,1032.0,-1
7, 1, 824.0,1032.0,-1
1, 8, 811.0,1084.0,-1
8, 1, 811.0,1084.0,-1
1, 9, 732.0,1032.0,-1
9, 1, 732.0,1032.0,-1
1, 10, 497.0,556.0,-1
10, 1, 497.0,556.0,-1
1, 11, 1282.0,1813.0,-1
11, 1, 1282.0,1813.0,-1
1, 12, 849.0,1175.0,-1
12, 1, 849.0,1175.0,-1
1, 13, 851.0,884.0,1
13, 1, 851.0,884.0,1
1, 14, 769.0,1081.0,1
14, 1, 769.0,1081.0,1
1, 15, 806.0,1134.0,-1
15, 1, 806.0,1134.0,-1
1, 16, 505.0,658.0,-1
16, 1, 505.0,658.0,-1
1, 1, 0.0,0.0,1
2, 3, 927.0,1261.0,1
3, 2, 927.0,1261.0,1
2, 4, 1007.0,1415.0,-1
4, 2, 1007.0,1415.0,-1
2, 5, 404.0,572.0,1
5, 2, 404.0,572.0,1
2, 6, 753.0,950.0,-1
6, 2, 753.0,950.0,-1
2, 7, 589.0,716.0,-1
7, 2, 589.0,716.0,-1
2, 8, 584.0,664.0,-1
8, 2, 584.0,664.0,-1
2, 9, 525.0,716.0,-1
9, 2, 525.0,716.0,-1
2, 10, 928.0,1192.0,-1
10, 2, 928.0,1192.0,-1
2, 11, 87.0,104.0,-1
11, 2, 87.0,104.0,-1
2, 12, 415.0,573.0,-1
12, 2, 415.0,573.0,-1
2, 13, 787.0,864.0,-1
13, 2, 787.0,864.0,-1
2, 14, 500.0,667.0,-1
14, 2, 500.0,667.0,-1
2, 15, 434.0,614.0,1
15, 2, 434.0,614.0,1
2, 16, 819.0,1090.0,1
16, 2, 819.0,1090.0,1
2, 2, 0.0,0.0,1
3, 4, 177.0,196.0,-1
4, 3, 177.0,196.0,-1
3, 5, 552.0,690.0,-1
5, 3, 552.0,690.0,-1
3, 6, 236.0,311.0,-1
6, 3, 236.0,311.0,-1
3, 7, 676.0,786.0,-1
7, 3, 676.0,786.0,-1
3, 8, 432.0,597.0,-1
8, 3, 432.0,597.0,-1
3, 9, 402.0,545.0,-1
9, 3, 402.0,545.0,-1
3, 10, 141.0,187.0,1
10, 3, 141.0,187.0,1
3, 11, 955.0,1326.0,-1
11, 3, 955.0,1326.0,-1
3, 12, 597.0,688.0,-1
12, 3, 597.0,688.0,-1
3, 13, 801.0,1061.0,-1
13, 3, 801.0,1061.0,-1
3, 14, 430.0,594.0,-1
14, 3, 430.0,594.0,-1
3, 15, 521.0,647.0,1
15, 3, 521.0,647.0,1
3, 16, 123.0,171.0,1
16, 3, 123.0,171.0,1
3, 3, 0.0,0.0,1
4, 5, 609.0,844.0,-1
5, 4, 609.0,844.0,-1
4, 6, 399.0,465.0,1
6, 4, 399.0,465.0,1
4, 7, 647.0,700.0,-1
7, 4, 647.0,700.0,-1
4, 8, 580.0,752.0,-1
8, 4, 580.0,752.0,-1
4, 9, 495.0,700.0,1
9, 4, 495.0,700.0,1
4, 10, 314.0,383.0,1
10, 4, 314.0,383.0,1
4, 11, 1048.0,1481.0,1
11, 4, 1048.0,1481.0,1
4, 12, 631.0,843.0,-1
12, 4, 631.0,843.0,-1
4, 13, 725.0,865.0,1
13, 4, 725.0,865.0,1
4, 14, 532.0,749.0,-1
14, 4, 532.0,749.0,-1
4, 15, 578.0,802.0,-1
15, 4, 578.0,802.0,-1
4, 16, 281.0,325.0,1
16, 4, 281.0,325.0,1
4, 4, 0.0,0.0,1
5, 6, 437.0,488.0,-1
6, 5, 437.0,488.0,-1
5, 7, 314.0,420.0,-1
7, 5, 314.0,420.0,-1
5, 8, 357.0,497.0,-1
8, 5, 357.0,497.0,-1
5, 9, 177.0,204.0,1
9, 5, 177.0,204.0,1
5, 10, 588.0,621.0,-1
10, 5, 588.0,621.0,-1
5, 11, 457.0,637.0,-1
11, 5, 457.0,637.0,-1
5, 12, 87.0,122.0,-1
12, 5, 87.0,122.0,-1
5, 13, 533.0,695.0,-1
13, 5, 533.0,695.0,-1
5, 14, 183.0,241.0,1
14, 5, 183.0,241.0,1
5, 15, 32.0,43.0,-1
15, 5, 32.0,43.0,-1
5, 16, 463.0,519.0,-1
16, 5, 463.0,519.0,-1
5, 5, 0.0,0.0,1
6, 7, 663.0,907.0,1
7, 6, 663.0,907.0,1
6, 8, 203.0,287.0,1
8, 6, 203.0,287.0,1
6, 9, 261.0,285.0,-1
9, 6, 261.0,285.0,-1
6, 10, 178.0,242.0,-1
10, 6, 178.0,242.0,-1
6, 11, 766.0,1016.0,-1
11, 6, 766.0,1016.0,-1
6, 12, 507.0,610.0,1
12, 6, 507.0,610.0,1
6, 13, 838.0,1182.0,-1
13, 6, 838.0,1182.0,-1
6, 14, 267.0,284.0,1
14, 6, 267.0,284.0,1
6, 15, 411.0,473.0,-1
15, 6, 411.0,473.0,-1
6, 16, 118.0,140.0,1
16, 6, 118.0,140.0,1
6, 6, 0.0,0.0,1
7, 8, 649.0,916.0,-1
8, 7, 649.0,916.0,-1
7, 9, 441.0,623.0,-1
9, 7, 441.0,623.0,-1
7, 10, 766.0,973.0,-1
10, 7, 766.0,973.0,-1
7, 11, 667.0,782.0,-1
11, 7, 667.0,782.0,-1
7, 12, 234.0,298.0,1
12, 7, 234.0,298.0,1
7, 13, 221.0,276.0,-1
13, 7, 221.0,276.0,-1
7, 14, 468.0,660.0,-1
14, 7, 468.0,660.0,-1
7, 15, 316.0,435.0,-1
15, 7, 316.0,435.0,-1
7, 16, 636.0,818.0,1
16, 7, 636.0,818.0,1
7, 7, 0.0,0.0,1
8, 9, 211.0,294.0,1
9, 8, 211.0,294.0,1
8, 10, 376.0,529.0,-1
10, 8, 376.0,529.0,-1
8, 11, 584.0,729.0,-1
11, 8, 584.0,729.0,-1
8, 12, 442.0,619.0,-1
12, 8, 442.0,619.0,-1
8, 13, 854.0,1191.0,-1
13, 8, 854.0,1191.0,-1
8, 14, 182.0,257.0,1
14, 8, 182.0,257.0,1
8, 15, 343.0,482.0,-1
15, 8, 343.0,482.0,-1
8, 16, 310.0,427.0,1
16, 8, 310.0,427.0,1
8, 8, 0.0,0.0,1
9, 10, 418.0,477.0,-1
10, 9, 418.0,477.0,-1
9, 11, 557.0,782.0,-1
11, 9, 557.0,782.0,-1
9, 12, 252.0,325.0,1
12, 9, 252.0,325.0,1
9, 13, 644.0,898.0,-1
13, 9, 644.0,898.0,-1
9, 14, 44.0,50.0,1
14, 9, 44.0,50.0,1
9, 15, 152.0,189.0,-1
15, 9, 152.0,189.0,-1
9, 16, 299.0,375.0,-1
16, 9, 299.0,375.0,-1
9, 9, 0.0,0.0,1
10, 11, 943.0,1258.0,-1
11, 10, 943.0,1258.0,-1
10, 12, 648.0,675.0,-1
12, 10, 648.0,675.0,-1
10, 13, 912.0,1248.0,1
13, 10, 912.0,1248.0,1
10, 14, 433.0,526.0,-1
14, 10, 433.0,526.0,-1
10, 15, 559.0,579.0,-1
15, 10, 559.0,579.0,-1
10, 16, 132.0,155.0,-1
16, 10, 132.0,155.0,-1
10, 10, 0.0,0.0,1
11, 12, 480.0,638.0,1
12, 11, 480.0,638.0,1
11, 13, 869.0,930.0,1
13, 11, 869.0,930.0,1
11, 14, 526.0,732.0,-1
14, 11, 526.0,732.0,-1
11, 15, 485.0,679.0,1
15, 11, 485.0,679.0,1
11, 16, 842.0,1156.0,-1
16, 11, 842.0,1156.0,-1
11, 11, 0.0,0.0,1
12, 13, 455.0,573.0,-1
13, 12, 455.0,573.0,-1
12, 14, 265.0,362.0,-1
14, 12, 265.0,362.0,-1
12, 15, 102.0,137.0,1
15, 12, 102.0,137.0,1
12, 16, 519.0,520.0,-1
16, 12, 519.0,520.0,-1
12, 12, 0.0,0.0,1
13, 14, 676.0,935.0,-1
14, 13, 676.0,935.0,-1
13, 15, 532.0,710.0,-1
15, 13, 532.0,710.0,-1
13, 16, 789.0,1093.0,-1
16, 13, 789.0,1093.0,-1
13, 13, 0.0,0.0,1
14, 15, 164.0,226.0,-1
15, 14, 164.0,226.0,-1
14, 16, 320.0,424.0,-1
16, 14, 320.0,424.0,-1
14, 14, 0.0,0.0,1
15, 16, 433.0,477.0,-1
16, 15, 433.0,477.0,-1
15, 15, 0.0,0.0,1
16, 16, 0.0,0.0,1


<end>