<number of nodes>
16

<ratio of available edges>
0.3

<max length of the drone flight>
100000 

<D 2/3>
1, 2, 4, 5, 6, 7, 8, 12, 13, 15, 16

<V>
2, 8, 12, 13, 16

<coordinates X,Y>
577.5907792408148, 188.81985651499076
756.0884160307327, 668.7358987358538
616.2302239730463, 79.41968317413357
324.6592960267804, 689.5673178854918
215.17768325995246, 465.0152129075207
960.740892996601, 255.44812423476944
980.9674123991133, 899.6851849637393
332.4486598118374, 992.9188800693224
306.08405988676157, 898.9455860967113
685.2495847965961, 783.996832284511
223.23943971714846, 924.2443624897071
713.6346655556529, 656.2276222964614
492.1660150222416, 578.0048649850006
898.4130428030163, 292.7423951209372
323.44922144208795, 873.8673137591476
675.579156224323, 538.3751932178288

<adjacency matrix with truck distances>
1, 2, 513.0,659.0,-1
2, 1, 513.0,659.0,-1
1, 3, 117.0,149.0,-1
3, 1, 117.0,149.0,-1
1, 4, 562.0,754.0,-1
4, 1, 562.0,754.0,-1
1, 5, 456.0,639.0,-1
5, 1, 456.0,639.0,-1
1, 6, 389.0,450.0,-1
6, 1, 389.0,450.0,-1
1, 7, 818.0,1115.0,-1
7, 1, 818.0,1115.0,-1
1, 8, 841.0,1050.0,-1
8, 1, 841.0,1050.0,-1
1, 9, 761.0,982.0,-1
9, 1, 761.0,982.0,-1
1, 10, 605.0,703.0,-1
10, 1, 605.0,703.0,-1
1, 11, 817.0,1090.0,-1
11, 1, 817.0,1090.0,-1
1, 12, 487.0,604.0,1
12, 1, 487.0,604.0,1
1, 13, 399.0,475.0,1
13, 1, 399.0,475.0,1
1, 14, 338.0,425.0,-1
14, 1, 338.0,425.0,-1
1, 15, 731.0,940.0,-1
15, 1, 731.0,940.0,-1
1, 16, 364.0,448.0,-1
16, 1, 364.0,448.0,-1
1, 1, 0.0,0.0,1
2, 3, 606.0,730.0,-1
3, 2, 606.0,730.0,-1
2, 4, 432.0,453.0,-1
4, 2, 432.0,453.0,-1
2, 5, 579.0,745.0,-1
5, 2, 579.0,745.0,-1
2, 6, 462.0,618.0,-1
6, 2, 462.0,618.0,-1
2, 7, 323.0,456.0,1
7, 2, 323.0,456.0,1
2, 8, 534.0,748.0,-1
8, 2, 534.0,748.0,-1
2, 9, 506.0,681.0,-1
9, 2, 506.0,681.0,-1
2, 10, 136.0,187.0,-1
10, 2, 136.0,187.0,-1
2, 11, 591.0,789.0,-1
11, 2, 591.0,789.0,-1
2, 12, 45.0,55.0,1
12, 2, 45.0,55.0,1
2, 13, 280.0,355.0,-1
13, 2, 280.0,355.0,-1
2, 14, 403.0,519.0,-1
14, 2, 403.0,519.0,-1
2, 15, 479.0,638.0,-1
15, 2, 479.0,638.0,-1
2, 16, 154.0,211.0,-1
16, 2, 154.0,211.0,-1
2, 2, 0.0,0.0,1
3, 4, 677.0,902.0,-1
4, 3, 677.0,902.0,-1
3, 5, 557.0,787.0,-1
5, 3, 557.0,787.0,-1
3, 6, 387.0,521.0,-1
6, 3, 387.0,521.0,-1
3, 7, 898.0,1186.0,1
7, 3, 898.0,1186.0,1
3, 8, 957.0,1198.0,1
8, 3, 957.0,1198.0,1
3, 9, 877.0,1130.0,-1
9, 3, 877.0,1130.0,-1
3, 10, 708.0,774.0,-1
10, 3, 708.0,774.0,-1
3, 11, 932.0,1238.0,-1
11, 3, 932.0,1238.0,-1
3, 12, 585.0,675.0,-1
12, 3, 585.0,675.0,-1
3, 13, 514.0,623.0,-1
13, 3, 514.0,623.0,-1
3, 14, 354.0,496.0,1
14, 3, 354.0,496.0,1
3, 15, 847.0,1088.0,-1
15, 3, 847.0,1088.0,-1
3, 16, 463.0,519.0,-1
16, 3, 463.0,519.0,-1
3, 3, 0.0,0.0,1
4, 5, 250.0,335.0,-1
5, 4, 250.0,335.0,-1
4, 6, 771.0,1071.0,1
6, 4, 771.0,1071.0,1
4, 7, 690.0,867.0,1
7, 4, 690.0,867.0,1
4, 8, 304.0,312.0,-1
8, 4, 304.0,312.0,-1
4, 9, 211.0,228.0,-1
9, 4, 211.0,228.0,-1
4, 10, 373.0,456.0,1
10, 4, 373.0,456.0,1
4, 11, 256.0,337.0,-1
11, 4, 256.0,337.0,-1
4, 12, 391.0,423.0,1
12, 4, 391.0,423.0,1
4, 13, 202.0,280.0,1
13, 4, 202.0,280.0,1
4, 14, 698.0,971.0,-1
14, 4, 698.0,971.0,-1
4, 15, 185.0,186.0,1
15, 4, 185.0,186.0,1
4, 16, 383.0,503.0,1
16, 4, 383.0,503.0,1
4, 4, 0.0,0.0,1
5, 6, 775.0,956.0,-1
6, 5, 775.0,956.0,-1
5, 7, 881.0,1201.0,-1
7, 5, 881.0,1201.0,-1
5, 8, 541.0,646.0,-1
8, 5, 541.0,646.0,-1
5, 9, 444.0,525.0,-1
9, 5, 444.0,525.0,-1
5, 10, 569.0,790.0,-1
10, 5, 569.0,790.0,-1
5, 11, 460.0,468.0,1
11, 5, 460.0,468.0,1
5, 12, 534.0,690.0,-1
12, 5, 534.0,690.0,-1
5, 13, 300.0,390.0,-1
13, 5, 300.0,390.0,-1
5, 14, 705.0,856.0,1
14, 5, 705.0,856.0,1
5, 15, 423.0,518.0,-1
15, 5, 423.0,518.0,-1
5, 16, 467.0,534.0,1
16, 5, 467.0,534.0,1
5, 5, 0.0,0.0,1
6, 7, 645.0,665.0,-1
7, 6, 645.0,665.0,-1
6, 8, 969.0,1366.0,-1
8, 6, 969.0,1366.0,-1
6, 9, 918.0,1299.0,1
9, 6, 918.0,1299.0,1
6, 10, 597.0,805.0,-1
10, 6, 597.0,805.0,-1
6, 11, 996.0,1407.0,1
11, 6, 996.0,1407.0,1
6, 12, 471.0,648.0,1
12, 6, 471.0,648.0,1
6, 13, 569.0,792.0,-1
13, 6, 569.0,792.0,-1
6, 14, 73.0,100.0,-1
14, 6, 73.0,100.0,-1
6, 15, 889.0,1256.0,-1
15, 6, 889.0,1256.0,-1
6, 16, 402.0,569.0,1
16, 6, 402.0,569.0,1
6, 6, 0.0,0.0,1
7, 8, 656.0,742.0,-1
8, 7, 656.0,742.0,-1
7, 9, 675.0,676.0,-1
9, 7, 675.0,676.0,-1
7, 10, 318.0,412.0,1
10, 7, 318.0,412.0,1
7, 11, 759.0,783.0,1
11, 7, 759.0,783.0,1
7, 12, 362.0,511.0,-1
12, 7, 362.0,511.0,-1
7, 13, 586.0,811.0,-1
13, 7, 586.0,811.0,-1
7, 14, 613.0,690.0,-1
14, 7, 613.0,690.0,-1
7, 15, 659.0,684.0,-1
15, 7, 659.0,684.0,-1
7, 16, 474.0,667.0,-1
16, 7, 474.0,667.0,-1
7, 7, 0.0,0.0,1
8, 9, 98.0,121.0,1
9, 8, 98.0,121.0,1
8, 10, 411.0,562.0,-1
10, 8, 411.0,562.0,-1
8, 11, 130.0,178.0,1
11, 8, 130.0,178.0,1
8, 12, 509.0,718.0,-1
12, 8, 509.0,718.0,-1
8, 13, 445.0,575.0,-1
13, 8, 445.0,575.0,-1
8, 14, 901.0,1267.0,1
14, 8, 901.0,1267.0,1
8, 15, 120.0,129.0,-1
15, 8, 120.0,129.0,-1
8, 16, 570.0,798.0,-1
16, 8, 570.0,798.0,-1
8, 8, 0.0,0.0,1
9, 10, 397.0,495.0,1
10, 9, 397.0,495.0,1
9, 11, 87.0,109.0,-1
11, 9, 87.0,109.0,-1
9, 12, 475.0,651.0,-1
12, 9, 475.0,651.0,-1
9, 13, 371.0,508.0,-1
13, 9, 371.0,508.0,-1
9, 14, 848.0,1199.0,-1
14, 9, 848.0,1199.0,-1
9, 15, 31.0,43.0,-1
15, 9, 31.0,43.0,-1
9, 16, 517.0,731.0,-1
16, 9, 517.0,731.0,-1
9, 9, 0.0,0.0,1
10, 11, 483.0,603.0,-1
11, 10, 483.0,603.0,-1
10, 12, 131.0,157.0,-1
12, 10, 131.0,157.0,-1
10, 13, 283.0,400.0,-1
13, 10, 283.0,400.0,-1
10, 14, 536.0,705.0,-1
14, 10, 536.0,705.0,-1
10, 15, 373.0,452.0,1
15, 10, 373.0,452.0,1
10, 16, 246.0,256.0,1
16, 10, 246.0,256.0,1
10, 10, 0.0,0.0,1
11, 12, 559.0,759.0,-1
12, 11, 559.0,759.0,-1
11, 13, 439.0,616.0,-1
13, 11, 439.0,616.0,-1
11, 14, 925.0,1307.0,-1
14, 11, 925.0,1307.0,-1
11, 15, 113.0,151.0,1
15, 11, 113.0,151.0,1
11, 16, 595.0,839.0,-1
16, 11, 595.0,839.0,-1
11, 11, 0.0,0.0,1
12, 13, 235.0,300.0,1
13, 12, 235.0,300.0,1
12, 14, 408.0,549.0,1
14, 12, 408.0,549.0,1
12, 15, 447.0,608.0,-1
15, 12, 447.0,608.0,-1
12, 16, 124.0,156.0,-1
16, 12, 124.0,156.0,-1
12, 12, 0.0,0.0,1
13, 14, 497.0,692.0,-1
14, 13, 497.0,692.0,-1
13, 15, 341.0,465.0,1
15, 13, 341.0,465.0,1
13, 16, 188.0,224.0,1
16, 13, 188.0,224.0,1
13, 13, 0.0,0.0,1
14, 15, 818.0,1157.0,1
15, 14, 818.0,1157.0,1
14, 16, 332.0,469.0,1
16, 14, 332.0,469.0,1
14, 14, 0.0,0.0,1
15, 16, 487.0,688.0,-1
16, 15, 487.0,688.0,-1
15, 15, 0.0,0.0,1
16, 16, 0.0,0.0,1


<end>