<number of nodes>
16

<ratio of available edges>
0.3

<max length of the drone flight>
100000 

<D 2/3>
1, 2, 3, 6, 7, 8, 9, 10, 11, 12, 13

<V>
2, 3, 6, 8, 10

<coordinates X,Y>
389.0392003979257, 467.23443827809564
341.1993984409636, 99.78807044030495
895.0574706517159, 414.0031699309521
607.9287735085406, 251.7258623145432
918.3618999505401, 172.14383054566275
131.39326597904372, 163.1336052378959
551.144544967004, 707.2725206692767
364.7610849311245, 714.6226794616197
524.5953543558917, 66.38189266898965
579.9582061263192, 498.60059214607793
371.7060630308987, 555.232634496616
393.0078276389984, 26.563243591095937
172.2833290426818, 348.36103713857983
503.0055854242216, 866.6069818860941
65.33987232881276, 1.5310991689808455
698.7424379493244, 805.1323958519694

<adjacency matrix with truck distances>
1, 2, 371.0,416.0,1
2, 1, 371.0,416.0,1
1, 3, 509.0,560.0,-1
3, 1, 509.0,560.0,-1
1, 4, 308.0,435.0,-1
4, 1, 308.0,435.0,-1
1, 5, 607.0,825.0,-1
5, 1, 607.0,825.0,-1
1, 6, 399.0,562.0,1
6, 1, 399.0,562.0,1
1, 7, 290.0,403.0,-1
7, 1, 290.0,403.0,-1
1, 8, 249.0,272.0,-1
8, 1, 249.0,272.0,-1
1, 9, 424.0,537.0,-1
9, 1, 424.0,537.0,-1
1, 10, 194.0,223.0,-1
10, 1, 194.0,223.0,-1
1, 11, 90.0,106.0,-1
11, 1, 90.0,106.0,-1
1, 12, 441.0,445.0,-1
12, 1, 441.0,445.0,-1
1, 13, 248.0,336.0,-1
13, 1, 248.0,336.0,-1
1, 14, 416.0,514.0,1
14, 1, 416.0,514.0,1
1, 15, 568.0,790.0,-1
15, 1, 568.0,790.0,-1
1, 16, 459.0,648.0,-1
16, 1, 459.0,648.0,-1
1, 1, 0.0,0.0,1
2, 3, 637.0,869.0,1
3, 2, 637.0,869.0,1
2, 4, 307.0,419.0,-1
4, 2, 307.0,419.0,-1
2, 5, 582.0,650.0,-1
5, 2, 582.0,650.0,-1
2, 6, 220.0,274.0,-1
6, 2, 220.0,274.0,-1
2, 7, 643.0,818.0,1
7, 2, 643.0,818.0,1
2, 8, 616.0,639.0,1
8, 2, 616.0,639.0,1
2, 9, 187.0,217.0,1
9, 2, 187.0,217.0,1
2, 10, 465.0,638.0,-1
10, 2, 465.0,638.0,-1
2, 11, 457.0,486.0,-1
11, 2, 457.0,486.0,-1
2, 12, 90.0,126.0,1
12, 2, 90.0,126.0,1
2, 13, 301.0,418.0,1
13, 2, 301.0,418.0,1
2, 14, 784.0,929.0,-1
14, 2, 784.0,929.0,-1
2, 15, 293.0,375.0,-1
15, 2, 293.0,375.0,-1
2, 16, 791.0,1063.0,-1
16, 2, 791.0,1063.0,-1
2, 2, 0.0,0.0,1
3, 4, 330.0,450.0,-1
4, 3, 330.0,450.0,-1
3, 5, 243.0,266.0,-1
5, 3, 243.0,266.0,-1
3, 6, 804.0,1015.0,-1
6, 3, 804.0,1015.0,-1
3, 7, 452.0,638.0,-1
7, 3, 452.0,638.0,-1
3, 8, 610.0,831.0,-1
8, 3, 610.0,831.0,-1
3, 9, 509.0,719.0,1
9, 3, 509.0,719.0,1
3, 10, 327.0,400.0,-1
10, 3, 327.0,400.0,-1
3, 11, 543.0,665.0,-1
11, 3, 543.0,665.0,-1
3, 12, 635.0,890.0,-1
12, 3, 635.0,890.0,-1
3, 13, 726.0,789.0,-1
13, 3, 726.0,789.0,-1
3, 14, 599.0,845.0,1
14, 3, 599.0,845.0,1
3, 15, 927.0,1243.0,-1
15, 3, 927.0,1243.0,-1
3, 16, 438.0,588.0,-1
16, 3, 438.0,588.0,-1
3, 3, 0.0,0.0,1
4, 5, 321.0,391.0,-1
5, 4, 321.0,391.0,-1
4, 6, 485.0,566.0,1
6, 4, 485.0,566.0,1
4, 7, 460.0,513.0,-1
7, 4, 460.0,513.0,-1
4, 8, 523.0,707.0,1
8, 4, 523.0,707.0,1
4, 9, 204.0,269.0,1
9, 4, 204.0,269.0,1
4, 10, 249.0,275.0,-1
10, 4, 249.0,275.0,-1
4, 11, 385.0,540.0,1
11, 4, 385.0,540.0,1
4, 12, 312.0,441.0,1
12, 4, 312.0,441.0,1
4, 13, 447.0,533.0,1
13, 4, 447.0,533.0,1
4, 14, 624.0,720.0,1
14, 4, 624.0,720.0,1
4, 15, 598.0,793.0,1
15, 4, 598.0,793.0,1
4, 16, 561.0,645.0,-1
16, 4, 561.0,645.0,-1
4, 4, 0.0,0.0,1
5, 6, 788.0,796.0,-1
6, 5, 788.0,796.0,-1
5, 7, 650.0,903.0,-1
7, 5, 650.0,903.0,-1
5, 8, 776.0,1097.0,-1
8, 5, 776.0,1097.0,-1
5, 9, 408.0,500.0,-1
9, 5, 408.0,500.0,-1
5, 10, 471.0,665.0,-1
10, 5, 471.0,665.0,-1
5, 11, 668.0,930.0,-1
11, 5, 668.0,930.0,-1
5, 12, 546.0,671.0,-1
12, 5, 546.0,671.0,-1
5, 13, 767.0,923.0,-1
13, 5, 767.0,923.0,-1
5, 14, 810.0,1110.0,-1
14, 5, 810.0,1110.0,-1
5, 15, 870.0,1024.0,1
15, 5, 870.0,1024.0,1
5, 16, 671.0,853.0,-1
16, 5, 671.0,853.0,-1
5, 5, 0.0,0.0,1
6, 7, 688.0,964.0,-1
7, 6, 688.0,964.0,-1
6, 8, 599.0,785.0,1
8, 6, 599.0,785.0,1
6, 9, 405.0,490.0,-1
9, 6, 405.0,490.0,-1
6, 10, 561.0,785.0,-1
10, 6, 561.0,785.0,-1
6, 11, 460.0,633.0,1
11, 6, 460.0,633.0,1
6, 12, 296.0,399.0,1
12, 6, 296.0,399.0,1
6, 13, 190.0,227.0,-1
13, 6, 190.0,227.0,-1
6, 14, 796.0,1076.0,-1
14, 6, 796.0,1076.0,-1
6, 15, 175.0,228.0,-1
15, 6, 175.0,228.0,-1
6, 16, 857.0,1210.0,-1
16, 6, 857.0,1210.0,-1
6, 6, 0.0,0.0,1
7, 8, 187.0,194.0,-1
8, 7, 187.0,194.0,-1
7, 9, 642.0,668.0,1
9, 7, 642.0,668.0,1
7, 10, 211.0,238.0,1
10, 7, 211.0,238.0,1
7, 11, 236.0,332.0,-1
11, 7, 236.0,332.0,-1
7, 12, 699.0,839.0,-1
12, 7, 699.0,839.0,-1
7, 13, 522.0,738.0,-1
13, 7, 522.0,738.0,-1
7, 14, 167.0,208.0,-1
14, 7, 167.0,208.0,-1
7, 15, 857.0,1192.0,-1
15, 7, 857.0,1192.0,-1
7, 16, 178.0,246.0,-1
16, 7, 178.0,246.0,-1
7, 7, 0.0,0.0,1
8, 9, 668.0,809.0,1
9, 8, 668.0,809.0,1
8, 10, 305.0,432.0,-1
10, 8, 305.0,432.0,-1
8, 11, 160.0,167.0,-1
11, 8, 160.0,167.0,-1
8, 12, 689.0,717.0,-1
12, 8, 689.0,717.0,-1
8, 13, 414.0,559.0,-1
13, 8, 414.0,559.0,-1
8, 14, 206.0,291.0,1
14, 8, 206.0,291.0,1
8, 15, 774.0,1013.0,-1
15, 8, 774.0,1013.0,-1
8, 16, 347.0,425.0,1
16, 8, 347.0,425.0,1
8, 8, 0.0,0.0,1
9, 10, 436.0,488.0,1
10, 9, 436.0,488.0,1
9, 11, 513.0,642.0,-1
11, 9, 513.0,642.0,-1
9, 12, 138.0,172.0,-1
12, 9, 138.0,172.0,-1
9, 13, 452.0,635.0,-1
13, 9, 452.0,635.0,-1
9, 14, 801.0,822.0,-1
14, 9, 801.0,822.0,-1
9, 15, 464.0,525.0,-1
15, 9, 464.0,525.0,-1
9, 16, 759.0,913.0,-1
16, 9, 759.0,913.0,-1
9, 9, 0.0,0.0,1
10, 11, 216.0,265.0,1
11, 10, 216.0,265.0,1
10, 12, 508.0,659.0,-1
12, 10, 508.0,659.0,-1
10, 13, 435.0,558.0,1
13, 10, 435.0,558.0,1
10, 14, 376.0,445.0,-1
14, 10, 376.0,445.0,-1
10, 15, 716.0,1012.0,1
15, 10, 716.0,1012.0,1
10, 16, 329.0,426.0,-1
16, 10, 329.0,426.0,-1
10, 10, 0.0,0.0,1
11, 12, 530.0,550.0,-1
12, 11, 530.0,550.0,-1
11, 13, 288.0,407.0,-1
13, 11, 288.0,407.0,-1
11, 14, 338.0,443.0,-1
14, 11, 338.0,443.0,-1
11, 15, 633.0,861.0,1
15, 11, 633.0,861.0,1
11, 16, 412.0,577.0,-1
16, 11, 412.0,577.0,-1
11, 11, 0.0,0.0,1
12, 13, 391.0,543.0,-1
13, 12, 391.0,543.0,-1
12, 14, 848.0,951.0,1
14, 12, 848.0,951.0,1
12, 15, 329.0,353.0,-1
15, 12, 329.0,353.0,-1
12, 16, 837.0,1085.0,1
16, 12, 837.0,1085.0,1
12, 12, 0.0,0.0,1
13, 14, 615.0,849.0,-1
14, 13, 615.0,849.0,-1
13, 15, 363.0,454.0,1
15, 13, 363.0,454.0,1
13, 16, 697.0,984.0,-1
16, 13, 697.0,984.0,-1
13, 13, 0.0,0.0,1
14, 15, 970.0,1303.0,-1
15, 14, 970.0,1303.0,-1
14, 16, 206.0,258.0,-1
16, 14, 206.0,258.0,-1
14, 14, 0.0,0.0,1
15, 16, 1024.0,1438.0,-1
16, 15, 1024.0,1438.0,-1
15, 15, 0.0,0.0,1
16, 16, 0.0,0.0,1


<end>