<number of nodes>
16

<ratio of available edges>
0.3

<max length of the drone flight>
100000 

<D 2/3>
1, 3, 6, 7, 9, 10, 11, 12, 13, 14, 16

<V>
3, 6, 10, 12, 16

<coordinates X,Y>
624.266583284185, 895.0601402649396
624.4569934834692, 95.22812756123645
478.82129113127763, 702.8196705204086
641.3741934382839, 631.8021819506287
751.3444770841056, 110.7997495896317
905.9627605005433, 197.5638220558629
171.98389906995266, 112.61093128903744
514.0188568103232, 824.9515386928034
463.8699675554104, 376.3962582117419
426.58850165929823, 54.677647514509246
556.0687214376592, 411.73440835561195
162.6812647681246, 603.9677836765587
262.97556251593517, 764.2492631649006
332.714366561095, 250.07819510797813
268.13530766347185, 813.0007667478936
35.70605858662366, 874.1922312248234

<adjacency matrix with truck distances>
1, 2, 800.0,801.0,1
2, 1, 800.0,801.0,1
1, 3, 242.0,338.0,-1
3, 1, 242.0,338.0,-1
1, 4, 264.0,281.0,-1
4, 1, 264.0,281.0,-1
1, 5, 795.0,912.0,1
5, 1, 795.0,912.0,1
1, 6, 753.0,980.0,-1
6, 1, 753.0,980.0,-1
1, 7, 904.0,1235.0,1
7, 1, 904.0,1235.0,1
1, 8, 131.0,181.0,-1
8, 1, 131.0,181.0,-1
1, 9, 543.0,680.0,-1
9, 1, 543.0,680.0,-1
1, 10, 864.0,1039.0,-1
10, 1, 864.0,1039.0,-1
1, 11, 489.0,552.0,1
11, 1, 489.0,552.0,1
1, 12, 546.0,753.0,-1
12, 1, 546.0,753.0,-1
1, 13, 385.0,493.0,1
13, 1, 385.0,493.0,1
1, 14, 708.0,937.0,-1
14, 1, 708.0,937.0,-1
1, 15, 366.0,439.0,-1
15, 1, 366.0,439.0,-1
1, 16, 589.0,610.0,1
16, 1, 589.0,610.0,1
1, 1, 0.0,0.0,1
2, 3, 625.0,754.0,-1
3, 2, 625.0,754.0,-1
2, 4, 537.0,554.0,1
4, 2, 537.0,554.0,1
2, 5, 128.0,143.0,-1
5, 2, 128.0,143.0,-1
2, 6, 300.0,384.0,1
6, 2, 300.0,384.0,1
2, 7, 453.0,470.0,1
7, 2, 453.0,470.0,1
2, 8, 739.0,841.0,-1
8, 2, 739.0,841.0,-1
2, 9, 324.0,442.0,-1
9, 2, 324.0,442.0,-1
2, 10, 202.0,239.0,-1
10, 2, 202.0,239.0,-1
2, 11, 324.0,385.0,-1
11, 2, 324.0,385.0,-1
2, 12, 688.0,971.0,-1
12, 2, 688.0,971.0,-1
2, 13, 761.0,1031.0,-1
13, 2, 761.0,1031.0,-1
2, 14, 331.0,447.0,-1
14, 2, 331.0,447.0,-1
2, 15, 802.0,1075.0,1
15, 2, 802.0,1075.0,1
2, 16, 977.0,1368.0,1
16, 2, 977.0,1368.0,1
2, 2, 0.0,0.0,1
3, 4, 178.0,234.0,-1
4, 3, 178.0,234.0,-1
3, 5, 652.0,865.0,-1
5, 3, 652.0,865.0,-1
3, 6, 662.0,933.0,-1
6, 3, 662.0,933.0,-1
3, 7, 666.0,898.0,-1
7, 3, 666.0,898.0,-1
3, 8, 128.0,158.0,-1
8, 3, 128.0,158.0,-1
3, 9, 327.0,342.0,-1
9, 3, 327.0,342.0,-1
3, 10, 651.0,701.0,-1
10, 3, 651.0,701.0,-1
3, 11, 302.0,369.0,-1
11, 3, 302.0,369.0,-1
3, 12, 332.0,415.0,-1
12, 3, 332.0,415.0,-1
3, 13, 225.0,278.0,1
13, 3, 225.0,278.0,1
3, 14, 476.0,599.0,1
14, 3, 476.0,599.0,1
3, 15, 238.0,321.0,-1
15, 3, 238.0,321.0,-1
3, 16, 476.0,615.0,-1
16, 3, 476.0,615.0,-1
3, 3, 0.0,0.0,1
4, 5, 533.0,631.0,1
5, 4, 533.0,631.0,1
4, 6, 509.0,699.0,-1
6, 4, 509.0,699.0,-1
4, 7, 700.0,989.0,-1
7, 4, 700.0,989.0,-1
4, 8, 232.0,321.0,1
8, 4, 232.0,321.0,1
4, 9, 312.0,433.0,-1
9, 4, 312.0,433.0,-1
4, 10, 616.0,792.0,1
10, 4, 616.0,792.0,1
4, 11, 237.0,306.0,-1
11, 4, 237.0,306.0,-1
4, 12, 480.0,507.0,-1
12, 4, 480.0,507.0,-1
4, 13, 401.0,511.0,-1
13, 4, 401.0,511.0,-1
4, 14, 491.0,691.0,-1
14, 4, 491.0,691.0,-1
4, 15, 415.0,555.0,1
15, 4, 415.0,555.0,1
4, 16, 653.0,849.0,1
16, 4, 653.0,849.0,1
4, 4, 0.0,0.0,1
5, 6, 178.0,242.0,-1
6, 5, 178.0,242.0,-1
5, 7, 580.0,582.0,1
7, 5, 580.0,582.0,1
5, 8, 753.0,952.0,-1
8, 5, 753.0,952.0,-1
5, 9, 392.0,554.0,-1
9, 5, 392.0,554.0,-1
5, 10, 330.0,381.0,-1
10, 5, 330.0,381.0,-1
5, 11, 359.0,497.0,-1
11, 5, 359.0,497.0,-1
5, 12, 768.0,1082.0,1
12, 5, 768.0,1082.0,1
5, 13, 816.0,1142.0,-1
13, 5, 816.0,1142.0,-1
5, 14, 442.0,558.0,-1
14, 5, 442.0,558.0,-1
5, 15, 853.0,1186.0,-1
15, 5, 853.0,1186.0,-1
5, 16, 1047.0,1480.0,-1
16, 5, 1047.0,1480.0,-1
5, 5, 0.0,0.0,1
6, 7, 739.0,819.0,-1
7, 6, 739.0,819.0,-1
6, 8, 740.0,1020.0,-1
8, 6, 740.0,1020.0,-1
6, 9, 477.0,621.0,-1
9, 6, 477.0,621.0,-1
6, 10, 501.0,623.0,-1
10, 6, 501.0,623.0,-1
6, 11, 411.0,565.0,1
11, 6, 411.0,565.0,1
6, 12, 848.0,1150.0,-1
12, 6, 848.0,1150.0,-1
6, 13, 858.0,1210.0,-1
13, 6, 858.0,1210.0,-1
6, 14, 576.0,626.0,1
14, 6, 576.0,626.0,1
6, 15, 887.0,1254.0,-1
15, 6, 887.0,1254.0,-1
6, 16, 1103.0,1547.0,1
16, 6, 1103.0,1547.0,1
6, 6, 0.0,0.0,1
7, 8, 791.0,1055.0,1
8, 7, 791.0,1055.0,1
7, 9, 394.0,556.0,-1
9, 7, 394.0,556.0,-1
7, 10, 262.0,313.0,1
10, 7, 262.0,313.0,1
7, 11, 487.0,684.0,-1
11, 7, 487.0,684.0,-1
7, 12, 492.0,501.0,-1
12, 7, 492.0,501.0,-1
7, 13, 658.0,743.0,1
13, 7, 658.0,743.0,1
7, 14, 212.0,299.0,-1
14, 7, 212.0,299.0,-1
7, 15, 707.0,797.0,-1
15, 7, 707.0,797.0,-1
7, 16, 774.0,898.0,1
16, 7, 774.0,898.0,1
7, 7, 0.0,0.0,1
8, 9, 452.0,499.0,-1
9, 8, 452.0,499.0,-1
8, 10, 776.0,858.0,-1
10, 8, 776.0,858.0,-1
8, 11, 416.0,456.0,-1
11, 8, 416.0,456.0,-1
8, 12, 416.0,573.0,-1
12, 8, 416.0,573.0,-1
8, 13, 259.0,312.0,-1
13, 8, 259.0,312.0,-1
8, 14, 603.0,757.0,1
14, 8, 603.0,757.0,1
8, 15, 247.0,258.0,1
15, 8, 247.0,258.0,1
8, 16, 481.0,528.0,-1
16, 8, 481.0,528.0,-1
8, 8, 0.0,0.0,1
9, 10, 324.0,360.0,-1
10, 9, 324.0,360.0,-1
9, 11, 99.0,128.0,-1
11, 9, 99.0,128.0,-1
9, 12, 378.0,529.0,1
12, 9, 378.0,529.0,1
9, 13, 437.0,589.0,-1
13, 9, 437.0,589.0,-1
9, 14, 183.0,258.0,-1
14, 9, 183.0,258.0,-1
9, 15, 479.0,633.0,-1
15, 9, 479.0,633.0,-1
9, 16, 657.0,926.0,-1
16, 9, 657.0,926.0,-1
9, 9, 0.0,0.0,1
10, 11, 380.0,487.0,-1
11, 10, 380.0,487.0,-1
10, 12, 610.0,814.0,-1
12, 10, 610.0,814.0,-1
10, 13, 729.0,874.0,-1
13, 10, 729.0,874.0,-1
10, 14, 217.0,290.0,-1
14, 10, 217.0,290.0,-1
10, 15, 775.0,917.0,-1
15, 10, 775.0,917.0,-1
10, 16, 908.0,1211.0,-1
16, 10, 908.0,1211.0,-1
10, 10, 0.0,0.0,1
11, 12, 438.0,586.0,-1
12, 11, 438.0,586.0,-1
11, 13, 459.0,646.0,1
13, 11, 459.0,646.0,1
11, 14, 276.0,386.0,-1
14, 11, 276.0,386.0,-1
11, 15, 494.0,690.0,1
15, 11, 494.0,690.0,1
11, 16, 697.0,983.0,1
16, 11, 697.0,983.0,1
11, 11, 0.0,0.0,1
12, 13, 190.0,261.0,-1
13, 12, 190.0,261.0,-1
12, 14, 393.0,524.0,-1
14, 12, 393.0,524.0,-1
12, 15, 235.0,315.0,1
15, 12, 235.0,315.0,1
12, 16, 299.0,398.0,-1
16, 12, 299.0,398.0,-1
12, 12, 0.0,0.0,1
13, 14, 519.0,584.0,-1
14, 13, 519.0,584.0,-1
13, 15, 50.0,54.0,-1
15, 13, 50.0,54.0,-1
13, 16, 253.0,338.0,1
16, 13, 253.0,338.0,1
13, 13, 0.0,0.0,1
14, 15, 567.0,628.0,-1
15, 14, 567.0,628.0,-1
14, 16, 692.0,922.0,-1
16, 14, 692.0,922.0,-1
14, 14, 0.0,0.0,1
15, 16, 241.0,294.0,1
16, 15, 241.0,294.0,1
15, 15, 0.0,0.0,1
16, 16, 0.0,0.0,1


<end>