<number of nodes>
16

<ratio of available edges>
0.3

<max length of the drone flight>
100000 

<D 2/3>
1, 2, 3, 4, 5, 7, 9, 11, 13, 14, 16

<V>
2, 7, 9, 14, 16

<coordinates X,Y>
441.64920810397234, 734.297451615225
462.9515194678748, 34.75287795161154
30.600488193909666, 483.5300651906517
323.3286593030872, 54.551589636211325
527.160696312859, 575.7776362948713
353.79700671019856, 837.5078434275781
475.20694677330204, 200.39008602338004
309.65336907282085, 600.5888692288045
395.7769728706124, 172.40083754856613
55.67981734869738, 793.9544924080201
420.8878720731133, 477.1157750986588
762.8416512003763, 676.821420913923
56.124626703789644, 950.6332755038436
580.6311853081846, 500.84765027744413
181.17100200348435, 641.9127985522994
842.6800365032993, 543.2643762711336

<adjacency matrix with truck distances>
1, 2, 700.0,721.0,-1
2, 1, 700.0,721.0,-1
1, 3, 482.0,662.0,-1
3, 1, 482.0,662.0,-1
1, 4, 690.0,799.0,1
4, 1, 690.0,799.0,1
1, 5, 181.0,245.0,-1
5, 1, 181.0,245.0,-1
1, 6, 136.0,192.0,1
6, 1, 136.0,192.0,1
1, 7, 535.0,568.0,-1
7, 1, 535.0,568.0,-1
1, 8, 188.0,266.0,-1
8, 1, 188.0,266.0,-1
1, 9, 564.0,608.0,-1
9, 1, 564.0,608.0,-1
1, 10, 391.0,446.0,-1
10, 1, 391.0,446.0,-1
1, 11, 259.0,278.0,1
11, 1, 259.0,278.0,1
1, 12, 327.0,379.0,-1
12, 1, 327.0,379.0,-1
1, 13, 443.0,602.0,1
13, 1, 443.0,602.0,1
1, 14, 272.0,373.0,-1
14, 1, 272.0,373.0,-1
1, 15, 277.0,353.0,1
15, 1, 277.0,353.0,1
1, 16, 445.0,593.0,-1
16, 1, 445.0,593.0,-1
1, 1, 0.0,0.0,1
2, 3, 624.0,882.0,-1
3, 2, 624.0,882.0,-1
2, 4, 142.0,160.0,-1
4, 2, 142.0,160.0,-1
2, 5, 545.0,606.0,1
5, 2, 545.0,606.0,1
2, 6, 811.0,912.0,1
6, 2, 811.0,912.0,1
2, 7, 167.0,178.0,1
7, 2, 167.0,178.0,1
2, 8, 587.0,720.0,-1
8, 2, 587.0,720.0,-1
2, 9, 154.0,205.0,-1
9, 2, 154.0,205.0,-1
2, 10, 862.0,1167.0,-1
10, 2, 862.0,1167.0,-1
2, 11, 445.0,485.0,-1
11, 2, 445.0,485.0,-1
2, 12, 709.0,942.0,1
12, 2, 709.0,942.0,1
2, 13, 1003.0,1323.0,-1
13, 2, 1003.0,1323.0,-1
2, 14, 481.0,584.0,-1
14, 2, 481.0,584.0,-1
2, 15, 670.0,889.0,-1
15, 2, 670.0,889.0,-1
2, 16, 635.0,889.0,-1
16, 2, 635.0,889.0,-1
2, 2, 0.0,0.0,1
3, 4, 520.0,722.0,1
4, 3, 520.0,722.0,1
3, 5, 506.0,589.0,-1
5, 3, 506.0,589.0,-1
3, 6, 480.0,678.0,-1
6, 3, 480.0,678.0,-1
3, 7, 528.0,728.0,-1
7, 3, 528.0,728.0,-1
3, 8, 303.0,397.0,1
8, 3, 303.0,397.0,1
3, 9, 480.0,677.0,-1
9, 3, 480.0,677.0,-1
3, 10, 312.0,336.0,-1
10, 3, 312.0,336.0,-1
3, 11, 391.0,397.0,1
11, 3, 391.0,397.0,1
3, 12, 758.0,926.0,-1
12, 3, 758.0,926.0,-1
3, 13, 468.0,493.0,-1
13, 3, 468.0,493.0,-1
3, 14, 551.0,568.0,-1
14, 3, 551.0,568.0,-1
3, 15, 219.0,309.0,-1
15, 3, 219.0,309.0,-1
3, 16, 815.0,872.0,-1
16, 3, 815.0,872.0,-1
3, 3, 0.0,0.0,1
4, 5, 560.0,726.0,-1
5, 4, 560.0,726.0,-1
4, 6, 784.0,814.0,-1
6, 4, 784.0,814.0,-1
4, 7, 211.0,298.0,-1
7, 4, 211.0,298.0,-1
4, 8, 547.0,560.0,-1
8, 4, 547.0,560.0,-1
4, 9, 139.0,191.0,-1
9, 4, 139.0,191.0,-1
4, 10, 787.0,1008.0,1
10, 4, 787.0,1008.0,1
4, 11, 434.0,521.0,-1
11, 4, 434.0,521.0,-1
4, 12, 762.0,1062.0,1
12, 4, 762.0,1062.0,1
4, 13, 936.0,1164.0,-1
13, 4, 936.0,1164.0,-1
4, 14, 516.0,704.0,1
14, 4, 516.0,704.0,1
4, 15, 605.0,730.0,-1
15, 4, 605.0,730.0,-1
4, 16, 714.0,1009.0,-1
16, 4, 714.0,1009.0,-1
4, 4, 0.0,0.0,1
5, 6, 314.0,436.0,-1
6, 5, 314.0,436.0,-1
5, 7, 379.0,428.0,-1
7, 5, 379.0,428.0,-1
5, 8, 219.0,243.0,-1
8, 5, 219.0,243.0,-1
5, 9, 425.0,535.0,1
9, 5, 425.0,535.0,1
5, 10, 520.0,690.0,-1
10, 5, 520.0,690.0,-1
5, 11, 146.0,205.0,1
11, 5, 146.0,205.0,1
5, 12, 257.0,337.0,-1
12, 5, 257.0,337.0,-1
5, 13, 602.0,846.0,1
13, 5, 602.0,846.0,1
5, 14, 93.0,129.0,-1
14, 5, 93.0,129.0,-1
5, 15, 353.0,413.0,1
15, 5, 353.0,413.0,1
5, 16, 318.0,349.0,1
16, 5, 318.0,349.0,1
5, 5, 0.0,0.0,1
6, 7, 649.0,759.0,-1
7, 6, 649.0,759.0,-1
6, 8, 241.0,282.0,-1
8, 6, 241.0,282.0,-1
6, 9, 667.0,708.0,-1
9, 6, 667.0,708.0,-1
6, 10, 302.0,342.0,-1
10, 6, 302.0,342.0,-1
6, 11, 367.0,428.0,-1
11, 6, 367.0,428.0,-1
6, 12, 440.0,570.0,-1
12, 6, 440.0,570.0,-1
6, 13, 319.0,411.0,-1
13, 6, 319.0,411.0,-1
6, 14, 406.0,564.0,-1
14, 6, 406.0,564.0,-1
6, 15, 261.0,369.0,-1
15, 6, 261.0,369.0,-1
6, 16, 571.0,784.0,1
16, 6, 571.0,784.0,1
6, 6, 0.0,0.0,1
7, 8, 434.0,566.0,-1
8, 7, 434.0,566.0,-1
7, 9, 85.0,108.0,1
9, 7, 85.0,108.0,1
7, 10, 727.0,1014.0,-1
10, 7, 727.0,1014.0,-1
7, 11, 283.0,332.0,1
11, 7, 283.0,332.0,1
7, 12, 557.0,765.0,-1
12, 7, 557.0,765.0,-1
7, 13, 860.0,1170.0,-1
13, 7, 860.0,1170.0,-1
7, 14, 319.0,406.0,-1
14, 7, 319.0,406.0,-1
7, 15, 531.0,736.0,1
15, 7, 531.0,736.0,1
7, 16, 503.0,711.0,-1
16, 7, 503.0,711.0,-1
7, 7, 0.0,0.0,1
8, 9, 437.0,515.0,1
9, 8, 437.0,515.0,1
8, 10, 320.0,448.0,-1
10, 8, 320.0,448.0,-1
8, 11, 167.0,235.0,1
11, 8, 167.0,235.0,1
8, 12, 460.0,530.0,-1
12, 8, 460.0,530.0,-1
8, 13, 433.0,604.0,1
13, 8, 433.0,604.0,1
8, 14, 289.0,371.0,1
14, 8, 289.0,371.0,1
8, 15, 135.0,170.0,1
15, 8, 135.0,170.0,1
8, 16, 537.0,591.0,-1
16, 8, 537.0,591.0,-1
8, 8, 0.0,0.0,1
9, 10, 709.0,962.0,-1
10, 9, 709.0,962.0,-1
9, 11, 306.0,330.0,-1
11, 9, 306.0,330.0,-1
9, 12, 624.0,872.0,1
12, 9, 624.0,872.0,1
9, 13, 850.0,1118.0,-1
13, 9, 850.0,1118.0,-1
9, 14, 377.0,514.0,-1
14, 9, 377.0,514.0,-1
9, 15, 517.0,685.0,-1
15, 9, 517.0,685.0,-1
9, 16, 581.0,818.0,-1
16, 9, 581.0,818.0,-1
9, 9, 0.0,0.0,1
10, 11, 484.0,683.0,1
11, 10, 484.0,683.0,1
10, 12, 717.0,825.0,-1
12, 10, 717.0,825.0,-1
10, 13, 157.0,158.0,-1
13, 10, 157.0,158.0,-1
10, 14, 602.0,819.0,-1
14, 10, 602.0,819.0,-1
10, 15, 198.0,278.0,-1
15, 10, 198.0,278.0,-1
10, 16, 826.0,1038.0,-1
16, 10, 826.0,1038.0,-1
10, 10, 0.0,0.0,1
11, 12, 396.0,542.0,-1
12, 11, 396.0,542.0,-1
11, 13, 598.0,839.0,1
13, 11, 598.0,839.0,1
11, 14, 162.0,184.0,1
14, 11, 162.0,184.0,1
11, 15, 291.0,405.0,-1
15, 11, 291.0,405.0,-1
11, 16, 427.0,488.0,1
16, 11, 427.0,488.0,1
11, 11, 0.0,0.0,1
12, 13, 758.0,981.0,1
13, 12, 758.0,981.0,1
12, 14, 254.0,359.0,-1
14, 12, 254.0,359.0,-1
12, 15, 583.0,617.0,-1
15, 12, 583.0,617.0,-1
12, 16, 156.0,214.0,-1
16, 12, 156.0,214.0,-1
12, 12, 0.0,0.0,1
13, 14, 691.0,975.0,-1
14, 13, 691.0,975.0,-1
13, 15, 334.0,434.0,-1
15, 13, 334.0,434.0,-1
13, 16, 886.0,1194.0,-1
16, 13, 886.0,1194.0,-1
13, 13, 0.0,0.0,1
14, 15, 424.0,541.0,-1
15, 14, 424.0,541.0,-1
14, 16, 266.0,305.0,-1
16, 14, 266.0,305.0,-1
14, 14, 0.0,0.0,1
15, 16, 669.0,761.0,1
16, 15, 669.0,761.0,1
15, 15, 0.0,0.0,1
16, 16, 0.0,0.0,1


<end>