<number of nodes>
16

<ratio of available edges>
0.3

<max length of the drone flight>
100000 

<D 2/3>
1, 2, 5, 6, 7, 10, 12, 13, 14, 15, 16

<V>
5, 7, 10, 12, 13

<coordinates X,Y>
207.22580040437245, 577.57083105692
454.72378300816575, 920.4239453466488
136.50136802778005, 76.14240301419262
194.40118091577085, 591.2543768537959
898.4796407930806, 901.2547060952729
556.5238586099518, 822.3824428151628
101.86432091406193, 274.24622567378066
567.7321765482667, 678.1403449071978
530.9755997468924, 543.4283445295374
528.5254195789736, 213.09998191510905
419.06233615280695, 694.5864584911951
963.7396533915551, 896.4559504666038
260.7624184367868, 230.86414263582157
615.5341973677491, 535.8986682170821
854.8347074852679, 155.5677910678231
635.5665719846705, 608.7432267277466

<adjacency matrix with truck distances>
1, 2, 423.0,591.0,-1
2, 1, 423.0,591.0,-1
1, 3, 507.0,573.0,-1
3, 1, 507.0,573.0,-1
1, 4, 19.0,27.0,1
4, 1, 19.0,27.0,1
1, 5, 764.0,1015.0,-1
5, 1, 764.0,1015.0,-1
1, 6, 427.0,595.0,-1
6, 1, 427.0,595.0,-1
1, 7, 322.0,409.0,-1
7, 1, 322.0,409.0,-1
1, 8, 375.0,462.0,1
8, 1, 375.0,462.0,1
1, 9, 326.0,358.0,1
9, 1, 326.0,358.0,1
1, 10, 486.0,686.0,-1
10, 1, 486.0,686.0,-1
1, 11, 243.0,329.0,-1
11, 1, 243.0,329.0,-1
1, 12, 821.0,1076.0,-1
12, 1, 821.0,1076.0,-1
1, 13, 351.0,401.0,-1
13, 1, 351.0,401.0,-1
1, 14, 411.0,450.0,-1
14, 1, 411.0,450.0,-1
1, 15, 773.0,1070.0,1
15, 1, 773.0,1070.0,1
1, 16, 430.0,460.0,1
16, 1, 430.0,460.0,1
1, 1, 0.0,0.0,1
2, 3, 903.0,1163.0,1
3, 2, 903.0,1163.0,1
2, 4, 420.0,590.0,-1
4, 2, 420.0,590.0,-1
2, 5, 445.0,463.0,1
5, 2, 445.0,463.0,1
2, 6, 142.0,200.0,-1
6, 2, 142.0,200.0,-1
2, 7, 737.0,1000.0,1
7, 2, 737.0,1000.0,1
2, 8, 268.0,356.0,-1
8, 2, 268.0,356.0,-1
2, 9, 385.0,454.0,-1
9, 2, 385.0,454.0,-1
2, 10, 712.0,782.0,1
10, 2, 712.0,782.0,1
2, 11, 229.0,262.0,-1
11, 2, 229.0,262.0,-1
2, 12, 510.0,533.0,-1
12, 2, 510.0,533.0,-1
2, 13, 717.0,884.0,-1
13, 2, 717.0,884.0,-1
2, 14, 417.0,546.0,1
14, 2, 417.0,546.0,1
2, 15, 864.0,1165.0,-1
15, 2, 864.0,1165.0,-1
2, 16, 361.0,493.0,-1
16, 2, 361.0,493.0,-1
2, 2, 0.0,0.0,1
3, 4, 519.0,574.0,-1
4, 3, 519.0,574.0,-1
3, 5, 1124.0,1588.0,-1
5, 3, 1124.0,1588.0,-1
3, 6, 857.0,1167.0,1
6, 3, 857.0,1167.0,1
3, 7, 202.0,233.0,-1
7, 3, 202.0,233.0,-1
3, 8, 741.0,1034.0,-1
8, 3, 741.0,1034.0,-1
3, 9, 612.0,862.0,-1
9, 3, 612.0,862.0,-1
3, 10, 416.0,529.0,-1
10, 3, 416.0,529.0,-1
3, 11, 680.0,902.0,-1
11, 3, 680.0,902.0,-1
3, 12, 1166.0,1648.0,-1
12, 3, 1166.0,1648.0,-1
3, 13, 199.0,279.0,1
13, 3, 199.0,279.0,1
3, 14, 664.0,939.0,-1
14, 3, 664.0,939.0,-1
3, 15, 723.0,798.0,-1
15, 3, 723.0,798.0,-1
3, 16, 730.0,1032.0,-1
16, 3, 730.0,1032.0,-1
3, 3, 0.0,0.0,1
4, 5, 770.0,1015.0,-1
5, 4, 770.0,1015.0,-1
4, 6, 430.0,594.0,-1
6, 4, 430.0,594.0,-1
4, 7, 331.0,410.0,-1
7, 4, 331.0,410.0,-1
4, 8, 384.0,461.0,1
8, 4, 384.0,461.0,1
4, 9, 340.0,385.0,-1
9, 4, 340.0,385.0,-1
4, 10, 505.0,713.0,1
10, 4, 505.0,713.0,1
4, 11, 248.0,328.0,-1
11, 4, 248.0,328.0,-1
4, 12, 828.0,1075.0,-1
12, 4, 828.0,1075.0,-1
4, 13, 367.0,427.0,-1
13, 4, 367.0,427.0,-1
4, 14, 425.0,477.0,-1
14, 4, 425.0,477.0,-1
4, 15, 792.0,1097.0,-1
15, 4, 792.0,1097.0,-1
4, 16, 442.0,459.0,1
16, 4, 442.0,459.0,1
4, 4, 0.0,0.0,1
5, 6, 351.0,421.0,-1
6, 5, 351.0,421.0,-1
5, 7, 1014.0,1424.0,-1
7, 5, 1014.0,1424.0,-1
5, 8, 399.0,554.0,-1
8, 5, 399.0,554.0,-1
5, 9, 513.0,726.0,-1
9, 5, 513.0,726.0,-1
5, 10, 782.0,1059.0,-1
10, 5, 782.0,1059.0,-1
5, 11, 523.0,687.0,-1
11, 5, 523.0,687.0,-1
5, 12, 66.0,71.0,1
12, 5, 66.0,71.0,1
5, 13, 926.0,1309.0,1
13, 5, 926.0,1309.0,1
5, 14, 463.0,649.0,1
14, 5, 463.0,649.0,1
5, 15, 747.0,790.0,-1
15, 5, 747.0,790.0,-1
5, 16, 394.0,556.0,1
16, 5, 394.0,556.0,1
5, 5, 0.0,0.0,1
6, 7, 713.0,1003.0,-1
7, 6, 713.0,1003.0,-1
6, 8, 145.0,156.0,-1
8, 6, 145.0,156.0,-1
6, 9, 281.0,305.0,-1
9, 6, 281.0,305.0,-1
6, 10, 610.0,638.0,-1
10, 6, 610.0,638.0,-1
6, 11, 188.0,266.0,1
11, 6, 188.0,266.0,1
6, 12, 414.0,482.0,1
12, 6, 414.0,482.0,1
6, 13, 662.0,888.0,-1
13, 6, 662.0,888.0,-1
6, 14, 293.0,346.0,-1
14, 6, 293.0,346.0,-1
6, 15, 731.0,966.0,-1
15, 6, 731.0,966.0,-1
6, 16, 228.0,293.0,1
16, 6, 228.0,293.0,1
6, 6, 0.0,0.0,1
7, 8, 617.0,870.0,1
8, 7, 617.0,870.0,1
7, 9, 507.0,699.0,1
9, 7, 507.0,699.0,1
7, 10, 432.0,488.0,1
10, 7, 432.0,488.0,1
7, 11, 527.0,738.0,-1
11, 7, 527.0,738.0,-1
7, 12, 1064.0,1485.0,1
12, 7, 1064.0,1485.0,1
7, 13, 165.0,203.0,1
13, 7, 165.0,203.0,1
7, 14, 577.0,776.0,-1
14, 7, 577.0,776.0,-1
7, 15, 763.0,872.0,1
15, 7, 763.0,872.0,1
7, 16, 630.0,869.0,-1
16, 7, 630.0,869.0,-1
7, 7, 0.0,0.0,1
8, 9, 140.0,172.0,-1
9, 8, 140.0,172.0,-1
8, 10, 467.0,505.0,-1
10, 8, 467.0,505.0,-1
8, 11, 150.0,166.0,1
11, 8, 150.0,166.0,1
8, 12, 453.0,615.0,-1
12, 8, 453.0,615.0,-1
8, 13, 543.0,755.0,1
13, 8, 543.0,755.0,1
8, 14, 151.0,191.0,-1
14, 8, 151.0,191.0,-1
8, 15, 597.0,810.0,1
15, 8, 597.0,810.0,1
8, 16, 98.0,138.0,-1
16, 8, 98.0,138.0,-1
8, 8, 0.0,0.0,1
9, 10, 331.0,333.0,-1
10, 9, 331.0,333.0,-1
9, 11, 189.0,264.0,1
11, 9, 189.0,264.0,1
9, 12, 559.0,786.0,-1
12, 9, 559.0,786.0,-1
9, 13, 414.0,583.0,-1
13, 9, 414.0,583.0,-1
9, 14, 85.0,93.0,-1
14, 9, 85.0,93.0,-1
9, 15, 506.0,712.0,-1
15, 9, 506.0,712.0,-1
9, 16, 124.0,170.0,-1
16, 9, 124.0,170.0,-1
9, 9, 0.0,0.0,1
10, 11, 494.0,591.0,-1
11, 10, 494.0,591.0,-1
10, 12, 811.0,1119.0,-1
12, 10, 811.0,1119.0,-1
10, 13, 269.0,286.0,-1
13, 10, 269.0,286.0,-1
10, 14, 335.0,410.0,-1
14, 10, 335.0,410.0,-1
10, 15, 332.0,384.0,-1
15, 10, 332.0,384.0,-1
10, 16, 410.0,503.0,-1
16, 10, 410.0,503.0,-1
10, 10, 0.0,0.0,1
11, 12, 581.0,747.0,-1
12, 11, 581.0,747.0,-1
11, 13, 490.0,623.0,1
13, 11, 490.0,623.0,1
11, 14, 253.0,356.0,1
14, 11, 253.0,356.0,1
11, 15, 694.0,975.0,-1
15, 11, 694.0,975.0,-1
11, 16, 233.0,303.0,-1
16, 11, 233.0,303.0,-1
11, 11, 0.0,0.0,1
12, 13, 969.0,1369.0,1
13, 12, 969.0,1369.0,1
12, 14, 502.0,709.0,-1
14, 12, 502.0,709.0,-1
12, 15, 749.0,850.0,-1
15, 12, 749.0,850.0,-1
12, 16, 437.0,616.0,-1
16, 12, 437.0,616.0,-1
12, 12, 0.0,0.0,1
13, 14, 468.0,660.0,-1
14, 13, 468.0,660.0,-1
13, 15, 599.0,670.0,-1
15, 13, 599.0,670.0,-1
13, 16, 533.0,753.0,1
16, 13, 533.0,753.0,1
13, 13, 0.0,0.0,1
14, 15, 450.0,620.0,-1
15, 14, 450.0,620.0,-1
14, 16, 76.0,93.0,-1
16, 14, 76.0,93.0,-1
14, 14, 0.0,0.0,1
15, 16, 504.0,673.0,-1
16, 15, 504.0,673.0,-1
15, 15, 0.0,0.0,1
16, 16, 0.0,0.0,1


<end>