<number of nodes>
16

<ratio of available edges>
0.3

<max length of the drone flight>
100000 

<D 2/3>
1, 2, 4, 5, 6, 7, 8, 9, 11, 13, 14

<V>
5, 6, 7, 8, 11

<coordinates X,Y>
919.8879945627605, 716.0418222942644
418.8047971611862, 382.01631833687617
-0.8643050064178943, 884.641849053739
897.2188057307402, 898.1251822824009
119.17114642775744, 792.5901266424125
83.79937915435303, 141.15242140034073
80.37288594867704, 755.3388719076895
229.06060373383937, 419.64067713099416
532.1221314694344, 919.3872936463665
651.8448532349831, 230.7982262079524
300.11829978360544, 163.529594506394
454.4634594072374, 139.27281765581597
669.1084517071206, 265.9556284650759
299.56008570518094, 66.65096213770804
761.9423095272023, 526.14432621306
188.9871205447569, 360.18871466817865

<adjacency matrix with truck distances>
1, 2, 603.0,836.0,-1
2, 1, 603.0,836.0,-1
1, 3, 937.0,1090.0,-1
3, 1, 937.0,1090.0,-1
1, 4, 184.0,205.0,-1
4, 1, 184.0,205.0,-1
1, 5, 805.0,878.0,1
5, 1, 805.0,878.0,1
1, 6, 1015.0,1411.0,1
6, 1, 1015.0,1411.0,1
1, 7, 841.0,879.0,1
7, 1, 841.0,879.0,1
1, 8, 752.0,988.0,1
8, 1, 752.0,988.0,1
1, 9, 438.0,592.0,-1
9, 1, 438.0,592.0,-1
1, 10, 555.0,754.0,-1
10, 1, 555.0,754.0,-1
1, 11, 831.0,1173.0,1
11, 1, 831.0,1173.0,1
1, 12, 742.0,1043.0,-1
12, 1, 742.0,1043.0,-1
1, 13, 516.0,701.0,1
13, 1, 516.0,701.0,1
1, 14, 899.0,1270.0,-1
14, 1, 899.0,1270.0,-1
1, 15, 247.0,348.0,-1
15, 1, 247.0,348.0,-1
1, 16, 813.0,1087.0,1
16, 1, 813.0,1087.0,1
1, 1, 0.0,0.0,1
2, 3, 655.0,923.0,-1
3, 2, 655.0,923.0,-1
2, 4, 704.0,995.0,1
4, 2, 704.0,995.0,1
2, 5, 509.0,711.0,-1
5, 2, 509.0,711.0,-1
2, 6, 413.0,576.0,-1
6, 2, 413.0,576.0,-1
2, 7, 504.0,712.0,1
7, 2, 504.0,712.0,1
2, 8, 194.0,228.0,1
8, 2, 194.0,228.0,1
2, 9, 550.0,651.0,-1
9, 2, 550.0,651.0,-1
2, 10, 278.0,385.0,1
10, 2, 278.0,385.0,1
2, 11, 249.0,338.0,-1
11, 2, 249.0,338.0,-1
2, 12, 246.0,279.0,-1
12, 2, 246.0,279.0,-1
2, 13, 276.0,367.0,1
13, 2, 276.0,367.0,1
2, 14, 338.0,435.0,-1
14, 2, 338.0,435.0,-1
2, 15, 373.0,488.0,-1
15, 2, 373.0,488.0,-1
2, 16, 231.0,252.0,-1
16, 2, 231.0,252.0,-1
2, 2, 0.0,0.0,1
3, 4, 899.0,912.0,-1
4, 3, 899.0,912.0,-1
3, 5, 152.0,213.0,-1
5, 3, 152.0,213.0,-1
3, 6, 749.0,829.0,-1
6, 3, 749.0,829.0,-1
3, 7, 153.0,211.0,1
7, 3, 153.0,211.0,1
3, 8, 519.0,695.0,-1
8, 3, 519.0,695.0,-1
3, 9, 535.0,568.0,-1
9, 3, 535.0,568.0,-1
3, 10, 924.0,1307.0,-1
10, 3, 924.0,1307.0,-1
3, 11, 782.0,1023.0,1
11, 3, 782.0,1023.0,1
3, 12, 874.0,1201.0,-1
12, 3, 874.0,1201.0,-1
3, 13, 912.0,1289.0,-1
13, 3, 912.0,1289.0,-1
3, 14, 872.0,1119.0,-1
14, 3, 872.0,1119.0,-1
3, 15, 843.0,1122.0,1
15, 3, 843.0,1122.0,1
3, 16, 558.0,715.0,-1
16, 3, 558.0,715.0,-1
3, 3, 0.0,0.0,1
4, 5, 786.0,884.0,-1
5, 4, 786.0,884.0,-1
4, 6, 1112.0,1571.0,-1
6, 4, 1112.0,1571.0,-1
4, 7, 830.0,960.0,1
7, 4, 830.0,960.0,1
4, 8, 822.0,1147.0,-1
8, 4, 822.0,1147.0,-1
4, 9, 366.0,387.0,-1
9, 4, 366.0,387.0,-1
4, 10, 712.0,913.0,-1
10, 4, 712.0,913.0,-1
4, 11, 947.0,1332.0,1
11, 4, 947.0,1332.0,1
4, 12, 879.0,1202.0,1
12, 4, 879.0,1202.0,1
4, 13, 673.0,861.0,1
13, 4, 673.0,861.0,1
4, 14, 1024.0,1430.0,-1
14, 4, 1024.0,1430.0,-1
4, 15, 396.0,508.0,1
15, 4, 396.0,508.0,1
4, 16, 890.0,1247.0,-1
16, 4, 890.0,1247.0,-1
4, 4, 0.0,0.0,1
5, 6, 653.0,687.0,1
6, 5, 653.0,687.0,1
5, 7, 54.0,77.0,-1
7, 5, 54.0,77.0,-1
5, 8, 389.0,483.0,-1
8, 5, 389.0,483.0,-1
5, 9, 432.0,540.0,1
9, 5, 432.0,540.0,1
5, 10, 775.0,1095.0,-1
10, 5, 775.0,1095.0,-1
5, 11, 655.0,811.0,-1
11, 5, 655.0,811.0,-1
5, 12, 735.0,989.0,-1
12, 5, 735.0,989.0,-1
5, 13, 762.0,1077.0,-1
13, 5, 762.0,1077.0,-1
5, 14, 749.0,907.0,1
14, 5, 749.0,907.0,1
5, 15, 696.0,910.0,-1
15, 5, 696.0,910.0,-1
5, 16, 439.0,503.0,1
16, 5, 439.0,503.0,1
5, 5, 0.0,0.0,1
6, 7, 615.0,618.0,-1
7, 6, 615.0,618.0,-1
6, 8, 315.0,424.0,-1
8, 6, 315.0,424.0,-1
6, 9, 899.0,1227.0,-1
9, 6, 899.0,1227.0,-1
6, 10, 576.0,658.0,-1
10, 6, 576.0,658.0,-1
6, 11, 218.0,239.0,-1
11, 6, 218.0,239.0,-1
6, 12, 371.0,373.0,-1
12, 6, 371.0,373.0,-1
6, 13, 599.0,711.0,-1
13, 6, 599.0,711.0,-1
6, 14, 229.0,291.0,-1
14, 6, 229.0,291.0,-1
6, 15, 780.0,1064.0,-1
15, 6, 780.0,1064.0,-1
6, 16, 243.0,325.0,1
16, 6, 243.0,325.0,1
6, 6, 0.0,0.0,1
7, 8, 368.0,485.0,-1
8, 7, 368.0,485.0,-1
7, 9, 481.0,616.0,1
9, 7, 481.0,616.0,1
7, 10, 776.0,1097.0,-1
10, 7, 776.0,1097.0,-1
7, 11, 632.0,812.0,-1
11, 7, 632.0,812.0,-1
7, 12, 721.0,991.0,-1
12, 7, 721.0,991.0,-1
7, 13, 766.0,1079.0,1
13, 7, 766.0,1079.0,1
7, 14, 723.0,908.0,-1
14, 7, 723.0,908.0,-1
7, 15, 720.0,911.0,-1
15, 7, 720.0,911.0,-1
7, 16, 410.0,504.0,1
16, 7, 410.0,504.0,1
7, 7, 0.0,0.0,1
8, 9, 585.0,803.0,1
9, 8, 585.0,803.0,1
8, 10, 464.0,612.0,-1
10, 8, 464.0,612.0,-1
8, 11, 266.0,328.0,-1
11, 8, 266.0,328.0,-1
8, 12, 360.0,506.0,-1
12, 8, 360.0,506.0,-1
8, 13, 467.0,594.0,-1
13, 8, 467.0,594.0,-1
8, 14, 360.0,424.0,-1
14, 8, 360.0,424.0,-1
8, 15, 544.0,640.0,-1
15, 8, 544.0,640.0,-1
8, 16, 72.0,100.0,-1
16, 8, 72.0,100.0,-1
8, 8, 0.0,0.0,1
9, 10, 699.0,809.0,-1
10, 9, 699.0,809.0,-1
9, 11, 791.0,988.0,1
11, 9, 791.0,988.0,1
9, 12, 784.0,858.0,1
12, 9, 784.0,858.0,1
9, 13, 668.0,791.0,-1
13, 9, 668.0,791.0,-1
9, 14, 884.0,1086.0,-1
14, 9, 884.0,1086.0,-1
9, 15, 456.0,624.0,1
15, 9, 456.0,624.0,1
9, 16, 657.0,903.0,1
16, 9, 657.0,903.0,1
9, 9, 0.0,0.0,1
10, 11, 359.0,419.0,1
11, 10, 359.0,419.0,1
10, 12, 218.0,289.0,-1
12, 10, 218.0,289.0,-1
10, 13, 40.0,53.0,-1
13, 10, 40.0,53.0,-1
10, 14, 389.0,517.0,-1
14, 10, 389.0,517.0,-1
10, 15, 316.0,406.0,-1
15, 10, 316.0,406.0,-1
10, 16, 481.0,593.0,-1
16, 10, 481.0,593.0,-1
10, 10, 0.0,0.0,1
11, 12, 157.0,179.0,-1
12, 11, 157.0,179.0,-1
11, 13, 383.0,472.0,-1
13, 11, 383.0,472.0,-1
11, 14, 97.0,98.0,1
14, 11, 97.0,98.0,1
11, 15, 588.0,825.0,-1
15, 11, 588.0,825.0,-1
11, 16, 226.0,308.0,-1
16, 11, 226.0,308.0,-1
11, 11, 0.0,0.0,1
12, 13, 250.0,342.0,-1
13, 12, 250.0,342.0,-1
12, 14, 172.0,228.0,-1
14, 12, 172.0,228.0,-1
12, 15, 495.0,695.0,-1
15, 12, 495.0,695.0,-1
12, 16, 346.0,487.0,1
16, 12, 346.0,487.0,1
12, 12, 0.0,0.0,1
13, 14, 420.0,569.0,-1
14, 13, 420.0,569.0,-1
13, 15, 277.0,354.0,-1
15, 13, 277.0,354.0,-1
13, 16, 490.0,575.0,-1
16, 13, 490.0,575.0,-1
13, 13, 0.0,0.0,1
14, 15, 652.0,922.0,-1
15, 14, 652.0,922.0,-1
14, 16, 314.0,405.0,-1
16, 14, 314.0,405.0,-1
14, 14, 0.0,0.0,1
15, 16, 597.0,739.0,-1
16, 15, 597.0,739.0,-1
15, 15, 0.0,0.0,1
16, 16, 0.0,0.0,1


<end>