<number of nodes>
16

<ratio of available edges>
0.3

<max length of the drone flight>
100000 

<D 2/3>
1, 2, 4, 5, 6, 7, 8, 9, 13, 14, 15

<V>
5, 6, 9, 13, 15

<coordinates X,Y>
416.95070214926807, 578.2391757220327
651.3197119127966, 818.23180710472
496.41525147533673, 860.762614063611
242.85094571652564, 987.627459868122
681.5646191404655, 75.80300884499694
21.892531629425196, 21.953728066948745
618.7851004596988, 597.3062434744481
897.967473838682, 552.902174807758
750.775038810063, 355.43530176752824
33.96016512044655, 534.6344373563063
946.2811300694541, 46.357952445276624
477.8189318386837, 612.6867070441192
60.423218567736015, 649.4617587401282
711.8412257353358, 522.809064899306
388.94177306687544, 118.52214508080736
602.1895178608672, 465.80543546878397

<adjacency matrix with truck distances>
1, 2, 336.0,475.0,1
2, 1, 336.0,475.0,1
1, 3, 294.0,362.0,1
3, 1, 294.0,362.0,1
1, 4, 445.0,584.0,-1
4, 1, 445.0,584.0,-1
1, 5, 568.0,768.0,1
5, 1, 568.0,768.0,1
1, 6, 683.0,952.0,-1
6, 1, 683.0,952.0,-1
1, 7, 203.0,221.0,1
7, 1, 203.0,221.0,1
1, 8, 482.0,507.0,-1
8, 1, 482.0,507.0,-1
1, 9, 402.0,557.0,1
9, 1, 402.0,557.0,1
1, 10, 386.0,427.0,-1
10, 1, 386.0,427.0,-1
1, 11, 751.0,1062.0,-1
11, 1, 751.0,1062.0,-1
1, 12, 70.0,96.0,-1
12, 1, 70.0,96.0,-1
1, 13, 364.0,428.0,-1
13, 1, 364.0,428.0,-1
1, 14, 301.0,351.0,-1
14, 1, 301.0,351.0,-1
1, 15, 461.0,488.0,-1
15, 1, 461.0,488.0,-1
1, 16, 217.0,298.0,1
16, 1, 217.0,298.0,1
1, 1, 0.0,0.0,1
2, 3, 161.0,198.0,1
3, 2, 161.0,198.0,1
2, 4, 443.0,578.0,-1
4, 2, 443.0,578.0,-1
2, 5, 744.0,773.0,-1
5, 2, 744.0,773.0,-1
2, 6, 1016.0,1426.0,-1
6, 2, 1016.0,1426.0,-1
2, 7, 224.0,254.0,1
7, 2, 224.0,254.0,1
2, 8, 363.0,512.0,-1
8, 2, 363.0,512.0,-1
2, 9, 474.0,563.0,-1
9, 2, 474.0,563.0,-1
2, 10, 680.0,901.0,-1
10, 2, 680.0,901.0,-1
2, 11, 827.0,1067.0,1
11, 2, 827.0,1067.0,1
2, 12, 269.0,380.0,-1
12, 2, 269.0,380.0,-1
2, 13, 615.0,760.0,1
13, 2, 615.0,760.0,1
2, 14, 302.0,356.0,-1
14, 2, 302.0,356.0,-1
2, 15, 748.0,963.0,1
15, 2, 748.0,963.0,1
2, 16, 356.0,402.0,-1
16, 2, 356.0,402.0,-1
2, 2, 0.0,0.0,1
3, 4, 284.0,381.0,-1
4, 3, 284.0,381.0,-1
3, 5, 807.0,971.0,1
5, 3, 807.0,971.0,1
3, 6, 964.0,1314.0,-1
6, 3, 964.0,1314.0,-1
3, 7, 291.0,386.0,1
7, 3, 291.0,386.0,1
3, 8, 506.0,710.0,1
8, 3, 506.0,710.0,1
3, 9, 566.0,760.0,1
9, 3, 566.0,760.0,1
3, 10, 566.0,789.0,1
10, 3, 566.0,789.0,1
3, 11, 931.0,1265.0,-1
11, 3, 931.0,1265.0,-1
3, 12, 249.0,267.0,-1
12, 3, 249.0,267.0,-1
3, 13, 485.0,648.0,1
13, 3, 485.0,648.0,1
3, 14, 401.0,554.0,-1
14, 3, 401.0,554.0,-1
3, 15, 750.0,850.0,1
15, 3, 750.0,850.0,1
3, 16, 409.0,501.0,-1
16, 3, 409.0,501.0,-1
3, 3, 0.0,0.0,1
4, 5, 1012.0,1351.0,-1
5, 4, 1012.0,1351.0,-1
4, 6, 991.0,1187.0,-1
6, 4, 991.0,1187.0,-1
4, 7, 542.0,767.0,-1
7, 4, 542.0,767.0,-1
4, 8, 787.0,1090.0,-1
8, 4, 787.0,1090.0,-1
4, 9, 811.0,1141.0,1
9, 4, 811.0,1141.0,1
4, 10, 499.0,662.0,-1
10, 4, 499.0,662.0,-1
4, 11, 1176.0,1645.0,-1
11, 4, 1176.0,1645.0,-1
4, 12, 443.0,610.0,1
12, 4, 443.0,610.0,1
4, 13, 385.0,521.0,-1
13, 4, 385.0,521.0,-1
4, 14, 661.0,934.0,-1
14, 4, 661.0,934.0,-1
4, 15, 882.0,1016.0,-1
15, 4, 882.0,1016.0,-1
4, 16, 634.0,882.0,-1
16, 4, 634.0,882.0,-1
4, 4, 0.0,0.0,1
5, 6, 662.0,714.0,-1
6, 5, 662.0,714.0,-1
5, 7, 526.0,585.0,1
7, 5, 526.0,585.0,1
5, 8, 524.0,694.0,-1
8, 5, 524.0,694.0,-1
5, 9, 289.0,349.0,1
9, 5, 289.0,349.0,1
5, 10, 794.0,1107.0,-1
10, 5, 794.0,1107.0,-1
5, 11, 267.0,295.0,-1
11, 5, 267.0,295.0,-1
5, 12, 575.0,741.0,1
12, 5, 575.0,741.0,1
5, 13, 846.0,1195.0,-1
13, 5, 846.0,1195.0,-1
5, 14, 449.0,478.0,-1
14, 5, 449.0,478.0,-1
5, 15, 296.0,336.0,-1
15, 5, 296.0,336.0,-1
5, 16, 398.0,470.0,-1
16, 5, 398.0,470.0,-1
5, 5, 0.0,0.0,1
6, 7, 830.0,1173.0,-1
7, 6, 830.0,1173.0,-1
6, 8, 1025.0,1408.0,-1
8, 6, 1025.0,1408.0,-1
6, 9, 802.0,1063.0,-1
9, 6, 802.0,1063.0,-1
6, 10, 513.0,525.0,-1
10, 6, 513.0,525.0,-1
6, 11, 925.0,949.0,1
11, 6, 925.0,949.0,1
6, 12, 747.0,1047.0,1
12, 6, 747.0,1047.0,1
6, 13, 629.0,667.0,1
13, 6, 629.0,667.0,1
6, 14, 853.0,1191.0,1
14, 6, 853.0,1191.0,1
6, 15, 380.0,464.0,-1
15, 6, 380.0,464.0,-1
6, 16, 731.0,1025.0,-1
16, 6, 731.0,1025.0,-1
6, 6, 0.0,0.0,1
7, 8, 283.0,324.0,-1
8, 7, 283.0,324.0,-1
7, 9, 276.0,374.0,1
9, 7, 276.0,374.0,1
7, 10, 589.0,648.0,1
10, 7, 589.0,648.0,1
7, 11, 641.0,879.0,-1
11, 7, 641.0,879.0,-1
7, 12, 142.0,157.0,-1
12, 7, 142.0,157.0,-1
7, 13, 561.0,611.0,-1
13, 7, 561.0,611.0,-1
7, 14, 120.0,168.0,1
14, 7, 120.0,168.0,1
7, 15, 532.0,709.0,-1
15, 7, 532.0,709.0,-1
7, 16, 133.0,149.0,1
16, 7, 133.0,149.0,1
7, 7, 0.0,0.0,1
8, 9, 247.0,345.0,-1
9, 8, 247.0,345.0,-1
8, 10, 865.0,883.0,-1
10, 8, 865.0,883.0,-1
8, 11, 509.0,555.0,-1
11, 8, 509.0,555.0,-1
8, 12, 425.0,480.0,-1
12, 8, 425.0,480.0,-1
8, 13, 844.0,935.0,1
13, 8, 844.0,935.0,1
8, 14, 189.0,217.0,-1
14, 8, 189.0,217.0,-1
8, 15, 670.0,944.0,-1
15, 8, 670.0,944.0,-1
8, 16, 309.0,383.0,-1
16, 8, 309.0,383.0,-1
8, 8, 0.0,0.0,1
9, 10, 739.0,897.0,-1
10, 9, 739.0,897.0,-1
9, 11, 366.0,505.0,-1
11, 9, 366.0,505.0,-1
9, 12, 376.0,531.0,-1
12, 9, 376.0,531.0,-1
9, 13, 751.0,985.0,-1
13, 9, 751.0,985.0,-1
9, 14, 172.0,207.0,-1
14, 9, 172.0,207.0,-1
9, 15, 433.0,599.0,-1
15, 9, 433.0,599.0,-1
9, 16, 186.0,259.0,1
16, 9, 186.0,259.0,1
9, 9, 0.0,0.0,1
10, 11, 1035.0,1401.0,-1
11, 10, 1035.0,1401.0,-1
10, 12, 451.0,522.0,-1
12, 10, 451.0,522.0,-1
10, 13, 118.0,142.0,-1
13, 10, 118.0,142.0,-1
10, 14, 678.0,690.0,-1
14, 10, 678.0,690.0,-1
10, 15, 547.0,772.0,-1
15, 10, 547.0,772.0,-1
10, 16, 573.0,638.0,-1
16, 10, 573.0,638.0,-1
10, 10, 0.0,0.0,1
11, 12, 735.0,1035.0,1
12, 11, 735.0,1035.0,1
11, 13, 1072.0,1489.0,-1
13, 11, 1072.0,1489.0,-1
11, 14, 532.0,711.0,-1
14, 11, 532.0,711.0,-1
11, 15, 562.0,630.0,-1
15, 11, 562.0,630.0,-1
11, 16, 543.0,764.0,-1
16, 11, 543.0,764.0,-1
11, 11, 0.0,0.0,1
12, 13, 420.0,455.0,1
13, 12, 420.0,455.0,1
12, 14, 251.0,324.0,-1
14, 12, 251.0,324.0,-1
12, 15, 503.0,584.0,-1
15, 12, 503.0,584.0,-1
12, 16, 193.0,272.0,-1
16, 12, 193.0,272.0,-1
12, 12, 0.0,0.0,1
13, 14, 664.0,779.0,1
14, 13, 664.0,779.0,1
13, 15, 625.0,860.0,-1
15, 13, 625.0,860.0,-1
13, 16, 573.0,726.0,-1
16, 13, 573.0,726.0,-1
13, 13, 0.0,0.0,1
14, 15, 518.0,728.0,-1
15, 14, 518.0,728.0,-1
14, 16, 124.0,167.0,-1
16, 14, 124.0,167.0,-1
14, 14, 0.0,0.0,1
15, 16, 408.0,561.0,-1
16, 15, 408.0,561.0,-1
15, 15, 0.0,0.0,1
16, 16, 0.0,0.0,1


<end>