<number of nodes>
16

<ratio of available edges>
0.3

<max length of the drone flight>
100000 

<D 2/3>
1, 2, 4, 6, 9, 10, 11, 13, 14, 15, 16

<V>
2, 9, 11, 14, 15

<coordinates X,Y>
843.4013586190146, 489.5428402693332
288.66321688272154, 592.9788448034524
715.4440070319583, 926.0700944513268
508.9418732327646, 101.9987474233368
254.74568720286314, 404.1881290478433
551.5825036246101, 222.35198622871707
841.5168789381598, 661.2484298803896
91.42011851632704, 614.2308975773751
676.2922028224659, 390.9986800101323
452.6794410512085, 866.3559828495946
280.2105675450882, 541.121336377095
302.44405895380663, 511.615495670155
208.3558280925698, 618.5490241213099
757.4711292726465, 191.33303560088714
676.1333471379377, 224.7790433436344
214.31546833544274, 332.8961980284402

<adjacency matrix with truck distances>
1, 2, 565.0,659.0,1
2, 1, 565.0,659.0,1
1, 3, 455.0,565.0,1
3, 1, 455.0,565.0,1
1, 4, 512.0,723.0,-1
4, 1, 512.0,723.0,-1
1, 5, 595.0,675.0,1
5, 1, 595.0,675.0,1
1, 6, 396.0,560.0,-1
6, 1, 396.0,560.0,-1
1, 7, 172.0,174.0,-1
7, 1, 172.0,174.0,-1
1, 8, 763.0,877.0,1
8, 1, 763.0,877.0,1
1, 9, 195.0,266.0,-1
9, 1, 195.0,266.0,-1
1, 10, 543.0,768.0,-1
10, 1, 543.0,768.0,-1
1, 11, 566.0,615.0,-1
11, 1, 566.0,615.0,-1
1, 12, 542.0,564.0,-1
12, 1, 542.0,564.0,-1
1, 13, 649.0,765.0,1
13, 1, 649.0,765.0,1
1, 14, 311.0,385.0,1
14, 1, 311.0,385.0,1
1, 15, 314.0,433.0,-1
15, 1, 314.0,433.0,-1
1, 16, 649.0,786.0,-1
16, 1, 649.0,786.0,-1
1, 1, 0.0,0.0,1
2, 3, 542.0,760.0,1
3, 2, 542.0,760.0,1
2, 4, 539.0,712.0,-1
4, 2, 539.0,712.0,-1
2, 5, 192.0,223.0,-1
5, 2, 192.0,223.0,-1
2, 6, 455.0,634.0,-1
6, 2, 455.0,634.0,-1
2, 7, 558.0,622.0,-1
7, 2, 558.0,622.0,-1
2, 8, 199.0,219.0,-1
8, 2, 199.0,219.0,-1
2, 9, 438.0,590.0,-1
9, 2, 438.0,590.0,-1
2, 10, 319.0,438.0,1
10, 2, 319.0,438.0,1
2, 11, 53.0,61.0,1
11, 2, 53.0,61.0,1
2, 12, 83.0,96.0,-1
12, 2, 83.0,96.0,-1
2, 13, 85.0,106.0,-1
13, 2, 85.0,106.0,-1
2, 14, 618.0,871.0,-1
14, 2, 618.0,871.0,-1
2, 15, 535.0,756.0,-1
15, 2, 535.0,756.0,-1
2, 16, 271.0,335.0,-1
16, 2, 271.0,335.0,-1
2, 2, 0.0,0.0,1
3, 4, 850.0,1031.0,-1
4, 3, 850.0,1031.0,-1
3, 5, 697.0,983.0,-1
5, 3, 697.0,983.0,-1
3, 6, 723.0,868.0,-1
6, 3, 723.0,868.0,-1
3, 7, 294.0,391.0,-1
7, 3, 294.0,391.0,-1
3, 8, 698.0,936.0,-1
8, 3, 698.0,936.0,-1
3, 9, 537.0,575.0,-1
9, 3, 537.0,575.0,-1
3, 10, 270.0,323.0,1
10, 3, 270.0,323.0,1
3, 11, 582.0,821.0,-1
11, 3, 582.0,821.0,-1
3, 12, 586.0,828.0,1
12, 3, 586.0,828.0,1
3, 13, 594.0,815.0,-1
13, 3, 594.0,815.0,-1
3, 14, 736.0,777.0,1
14, 3, 736.0,777.0,1
3, 15, 703.0,741.0,-1
15, 3, 703.0,741.0,-1
3, 16, 777.0,1095.0,1
16, 3, 777.0,1095.0,1
3, 3, 0.0,0.0,1
4, 5, 395.0,557.0,-1
5, 4, 395.0,557.0,-1
4, 6, 128.0,163.0,1
6, 4, 128.0,163.0,1
4, 7, 651.0,892.0,1
7, 4, 651.0,892.0,1
4, 8, 661.0,930.0,-1
8, 4, 661.0,930.0,-1
4, 9, 334.0,457.0,1
9, 4, 334.0,457.0,1
4, 10, 767.0,821.0,1
10, 4, 767.0,821.0,1
4, 11, 496.0,668.0,-1
11, 4, 496.0,668.0,-1
4, 12, 459.0,617.0,-1
12, 4, 459.0,617.0,-1
4, 13, 598.0,818.0,-1
13, 4, 598.0,818.0,-1
4, 14, 265.0,338.0,1
14, 4, 265.0,338.0,1
4, 15, 208.0,290.0,-1
15, 4, 208.0,290.0,-1
4, 16, 375.0,526.0,-1
16, 4, 375.0,526.0,-1
4, 4, 0.0,0.0,1
5, 6, 349.0,479.0,1
6, 5, 349.0,479.0,1
5, 7, 641.0,844.0,-1
7, 5, 641.0,844.0,-1
5, 8, 267.0,374.0,-1
8, 5, 267.0,374.0,-1
5, 9, 422.0,435.0,1
9, 5, 422.0,435.0,1
5, 10, 503.0,661.0,-1
10, 5, 503.0,661.0,-1
5, 11, 140.0,163.0,1
11, 5, 140.0,163.0,1
5, 12, 118.0,156.0,-1
12, 5, 118.0,156.0,-1
5, 13, 220.0,261.0,1
13, 5, 220.0,261.0,1
5, 14, 546.0,716.0,-1
14, 5, 546.0,716.0,-1
5, 15, 458.0,601.0,-1
15, 5, 458.0,601.0,-1
5, 16, 82.0,112.0,-1
16, 5, 82.0,112.0,-1
5, 5, 0.0,0.0,1
6, 7, 527.0,729.0,-1
7, 6, 527.0,729.0,-1
6, 8, 605.0,853.0,-1
8, 6, 605.0,853.0,-1
6, 9, 210.0,294.0,1
9, 6, 210.0,294.0,1
6, 10, 652.0,743.0,-1
10, 6, 652.0,743.0,-1
6, 11, 419.0,591.0,-1
11, 6, 419.0,591.0,-1
6, 12, 382.0,539.0,1
12, 6, 382.0,539.0,1
6, 13, 525.0,740.0,1
13, 6, 525.0,740.0,1
6, 14, 209.0,237.0,-1
14, 6, 209.0,237.0,-1
6, 15, 125.0,127.0,-1
15, 6, 125.0,127.0,-1
6, 16, 355.0,448.0,-1
16, 6, 355.0,448.0,-1
6, 6, 0.0,0.0,1
7, 8, 752.0,798.0,1
8, 7, 752.0,798.0,1
7, 9, 317.0,436.0,1
9, 7, 317.0,436.0,1
7, 10, 440.0,594.0,-1
10, 7, 440.0,594.0,-1
7, 11, 575.0,682.0,-1
11, 7, 575.0,682.0,-1
7, 12, 560.0,689.0,-1
12, 7, 560.0,689.0,-1
7, 13, 635.0,676.0,1
13, 7, 635.0,676.0,1
7, 14, 478.0,554.0,1
14, 7, 478.0,554.0,1
7, 15, 467.0,602.0,1
15, 7, 467.0,602.0,1
7, 16, 708.0,956.0,-1
16, 7, 708.0,956.0,-1
7, 7, 0.0,0.0,1
8, 9, 627.0,809.0,-1
9, 8, 627.0,809.0,-1
8, 10, 441.0,614.0,-1
10, 8, 441.0,614.0,-1
8, 11, 203.0,262.0,-1
11, 8, 203.0,262.0,-1
8, 12, 235.0,314.0,-1
12, 8, 235.0,314.0,-1
8, 13, 118.0,122.0,-1
13, 8, 118.0,122.0,-1
8, 14, 789.0,1089.0,-1
14, 8, 789.0,1089.0,-1
8, 15, 703.0,975.0,-1
15, 8, 703.0,975.0,-1
8, 16, 308.0,405.0,-1
16, 8, 308.0,405.0,-1
8, 8, 0.0,0.0,1
9, 10, 526.0,699.0,1
10, 9, 526.0,699.0,1
9, 11, 424.0,547.0,-1
11, 9, 424.0,547.0,-1
9, 12, 393.0,495.0,-1
12, 9, 393.0,495.0,-1
9, 13, 521.0,696.0,-1
13, 9, 521.0,696.0,-1
9, 14, 216.0,281.0,1
14, 9, 216.0,281.0,1
9, 15, 167.0,167.0,-1
15, 9, 167.0,167.0,-1
9, 16, 466.0,521.0,-1
16, 9, 466.0,521.0,-1
9, 9, 0.0,0.0,1
10, 11, 369.0,498.0,-1
11, 10, 369.0,498.0,-1
10, 12, 386.0,505.0,-1
12, 10, 386.0,505.0,-1
10, 13, 348.0,493.0,-1
13, 10, 348.0,493.0,-1
10, 14, 741.0,980.0,-1
14, 10, 741.0,980.0,-1
10, 15, 680.0,866.0,-1
15, 10, 680.0,866.0,-1
10, 16, 585.0,772.0,-1
16, 10, 585.0,772.0,-1
10, 10, 0.0,0.0,1
11, 12, 37.0,52.0,1
12, 11, 37.0,52.0,1
11, 13, 106.0,150.0,1
13, 11, 106.0,150.0,1
11, 14, 592.0,828.0,-1
14, 11, 592.0,828.0,-1
11, 15, 507.0,713.0,-1
15, 11, 507.0,713.0,-1
11, 16, 219.0,275.0,-1
16, 11, 219.0,275.0,-1
11, 11, 0.0,0.0,1
12, 13, 143.0,202.0,1
13, 12, 143.0,202.0,1
12, 14, 557.0,776.0,-1
14, 12, 557.0,776.0,-1
12, 15, 472.0,661.0,-1
15, 12, 472.0,661.0,-1
12, 16, 200.0,267.0,-1
16, 12, 200.0,267.0,-1
12, 12, 0.0,0.0,1
13, 14, 696.0,977.0,-1
14, 13, 696.0,977.0,-1
13, 15, 612.0,862.0,-1
15, 13, 612.0,862.0,-1
13, 16, 286.0,292.0,-1
16, 13, 286.0,292.0,-1
13, 13, 0.0,0.0,1
14, 15, 88.0,115.0,-1
15, 14, 88.0,115.0,-1
14, 16, 562.0,685.0,1
16, 14, 562.0,685.0,1
14, 14, 0.0,0.0,1
15, 16, 475.0,570.0,-1
16, 15, 475.0,570.0,-1
15, 15, 0.0,0.0,1
16, 16, 0.0,0.0,1


<end>