<number of nodes>
16

<ratio of available edges>
0.3

<max length of the drone flight>
100000 

<D 2/3>
1, 3, 4, 6, 7, 8, 9, 10, 13, 15, 16

<V>
6, 8, 9, 13, 16

<coordinates X,Y>
189.85717567651608, 167.15611178652557
183.32361578541108, 468.4713644559804
943.2042531022291, 771.5790563251459
616.6152362298615, 86.90038394265656
966.8627710492459, 283.2316806194223
435.2329413323143, 6.902015738588121
111.75659915891018, 341.59279623016744
194.52515376501935, 149.36849704405134
559.4952055635846, 677.5539687232285
192.79804910665118, 783.0790520138735
984.0994215216924, 595.8706397943762
933.0182933758704, 277.50165965566583
595.5028229569414, 595.5136483156876
887.2512290482238, 702.2132218430487
294.6794169183586, 217.72500923117246
751.4904766597427, 44.26003766695088

<adjacency matrix with truck distances>
1, 2, 302.0,308.0,-1
2, 1, 302.0,308.0,-1
1, 3, 966.0,1358.0,1
3, 1, 966.0,1358.0,1
1, 4, 435.0,508.0,1
4, 1, 435.0,508.0,1
1, 5, 786.0,894.0,-1
5, 1, 786.0,894.0,-1
1, 6, 294.0,406.0,-1
6, 1, 294.0,406.0,-1
1, 7, 192.0,253.0,1
7, 1, 192.0,253.0,1
1, 8, 19.0,23.0,-1
8, 1, 19.0,23.0,-1
1, 9, 631.0,881.0,-1
9, 1, 631.0,881.0,-1
1, 10, 616.0,619.0,-1
10, 1, 616.0,619.0,-1
1, 11, 903.0,1223.0,-1
11, 1, 903.0,1223.0,-1
1, 12, 752.0,854.0,-1
12, 1, 752.0,854.0,-1
1, 13, 590.0,835.0,1
13, 1, 590.0,835.0,1
1, 14, 880.0,1233.0,-1
14, 1, 880.0,1233.0,-1
1, 15, 117.0,156.0,-1
15, 1, 117.0,156.0,-1
1, 16, 575.0,685.0,-1
16, 1, 575.0,685.0,-1
1, 1, 0.0,0.0,1
2, 3, 819.0,1063.0,1
3, 2, 819.0,1063.0,1
2, 4, 578.0,815.0,-1
4, 2, 578.0,815.0,-1
2, 5, 806.0,969.0,-1
5, 2, 806.0,969.0,-1
2, 6, 526.0,714.0,-1
6, 2, 526.0,714.0,-1
2, 7, 146.0,199.0,1
7, 2, 146.0,199.0,1
2, 8, 320.0,331.0,-1
8, 2, 320.0,331.0,-1
2, 9, 431.0,586.0,-1
9, 2, 431.0,586.0,-1
2, 10, 315.0,325.0,1
10, 2, 315.0,325.0,1
2, 11, 811.0,929.0,-1
11, 2, 811.0,929.0,-1
2, 12, 774.0,941.0,-1
12, 2, 774.0,941.0,-1
2, 13, 432.0,540.0,-1
13, 2, 432.0,540.0,-1
2, 14, 742.0,938.0,-1
14, 2, 742.0,938.0,-1
2, 15, 275.0,363.0,-1
15, 2, 275.0,363.0,-1
2, 16, 710.0,993.0,-1
16, 2, 710.0,993.0,-1
2, 2, 0.0,0.0,1
3, 4, 759.0,1012.0,1
4, 3, 759.0,1012.0,1
3, 5, 489.0,513.0,-1
5, 3, 489.0,513.0,-1
3, 6, 919.0,1273.0,1
6, 3, 919.0,1273.0,1
3, 7, 937.0,1262.0,-1
7, 3, 937.0,1262.0,-1
3, 8, 974.0,1371.0,-1
8, 3, 974.0,1371.0,-1
3, 9, 396.0,478.0,1
9, 3, 396.0,478.0,1
3, 10, 751.0,762.0,1
10, 3, 751.0,762.0,1
3, 11, 181.0,217.0,-1
11, 3, 181.0,217.0,-1
3, 12, 495.0,505.0,-1
12, 3, 495.0,505.0,-1
3, 13, 390.0,524.0,1
13, 3, 390.0,524.0,1
3, 14, 90.0,126.0,-1
14, 3, 90.0,126.0,-1
3, 15, 853.0,1203.0,1
15, 3, 853.0,1203.0,1
3, 16, 753.0,920.0,-1
16, 3, 753.0,920.0,-1
3, 3, 0.0,0.0,1
4, 5, 402.0,547.0,-1
5, 4, 402.0,547.0,-1
4, 6, 199.0,262.0,-1
6, 4, 199.0,262.0,-1
4, 7, 566.0,760.0,-1
7, 4, 566.0,760.0,-1
4, 8, 427.0,485.0,1
8, 4, 427.0,485.0,1
4, 9, 594.0,648.0,1
9, 4, 594.0,648.0,1
4, 10, 816.0,1120.0,-1
10, 4, 816.0,1120.0,-1
4, 11, 628.0,877.0,1
11, 4, 628.0,877.0,1
4, 12, 370.0,508.0,-1
12, 4, 370.0,508.0,-1
4, 13, 510.0,530.0,-1
13, 4, 510.0,530.0,-1
4, 14, 673.0,886.0,1
14, 4, 673.0,886.0,1
4, 15, 348.0,453.0,1
15, 4, 348.0,453.0,1
4, 16, 142.0,178.0,1
16, 4, 142.0,178.0,1
4, 4, 0.0,0.0,1
5, 6, 600.0,808.0,-1
6, 5, 600.0,808.0,-1
5, 7, 858.0,914.0,-1
7, 5, 858.0,914.0,-1
5, 8, 784.0,907.0,-1
8, 5, 784.0,907.0,-1
5, 9, 567.0,802.0,1
9, 5, 567.0,802.0,1
5, 10, 922.0,1274.0,-1
10, 5, 922.0,1274.0,-1
5, 11, 314.0,330.0,-1
11, 5, 314.0,330.0,-1
5, 12, 35.0,40.0,-1
12, 5, 35.0,40.0,-1
5, 13, 486.0,684.0,1
13, 5, 486.0,684.0,1
5, 14, 427.0,499.0,-1
14, 5, 427.0,499.0,-1
5, 15, 676.0,738.0,-1
15, 5, 676.0,738.0,-1
5, 16, 322.0,455.0,1
16, 5, 322.0,455.0,1
5, 5, 0.0,0.0,1
6, 7, 466.0,659.0,-1
7, 6, 466.0,659.0,-1
6, 8, 280.0,384.0,1
8, 6, 280.0,384.0,1
6, 9, 683.0,795.0,-1
9, 6, 683.0,795.0,-1
6, 10, 814.0,1019.0,1
10, 6, 814.0,1019.0,1
6, 11, 806.0,1138.0,-1
11, 6, 806.0,1138.0,-1
6, 12, 567.0,769.0,-1
12, 6, 567.0,769.0,-1
6, 13, 611.0,749.0,-1
13, 6, 611.0,749.0,-1
6, 14, 830.0,1148.0,-1
14, 6, 830.0,1148.0,-1
6, 15, 254.0,352.0,-1
15, 6, 254.0,352.0,-1
6, 16, 319.0,354.0,-1
16, 6, 319.0,354.0,-1
6, 6, 0.0,0.0,1
7, 8, 210.0,275.0,-1
8, 7, 210.0,275.0,-1
7, 9, 560.0,784.0,-1
9, 7, 560.0,784.0,-1
7, 10, 449.0,523.0,-1
10, 7, 449.0,523.0,-1
7, 11, 909.0,1127.0,-1
11, 7, 909.0,1127.0,-1
7, 12, 824.0,886.0,-1
12, 7, 824.0,886.0,-1
7, 13, 547.0,738.0,-1
13, 7, 547.0,738.0,-1
7, 14, 856.0,1137.0,1
14, 7, 856.0,1137.0,1
7, 15, 221.0,307.0,-1
15, 7, 221.0,307.0,-1
7, 16, 706.0,938.0,-1
16, 7, 706.0,938.0,-1
7, 7, 0.0,0.0,1
8, 9, 643.0,894.0,-1
9, 8, 643.0,894.0,-1
8, 10, 634.0,636.0,1
10, 8, 634.0,636.0,1
8, 11, 908.0,1237.0,-1
11, 8, 908.0,1237.0,-1
8, 12, 750.0,867.0,-1
12, 8, 750.0,867.0,-1
8, 13, 600.0,848.0,1
13, 8, 600.0,848.0,1
8, 14, 887.0,1246.0,-1
14, 8, 887.0,1246.0,-1
8, 15, 122.0,169.0,1
15, 8, 122.0,169.0,1
8, 16, 567.0,663.0,1
16, 8, 567.0,663.0,1
8, 8, 0.0,0.0,1
9, 10, 382.0,473.0,-1
10, 9, 382.0,473.0,-1
9, 11, 433.0,507.0,1
11, 9, 433.0,507.0,1
9, 12, 548.0,774.0,-1
12, 9, 548.0,774.0,-1
9, 13, 90.0,119.0,-1
13, 9, 90.0,119.0,-1
9, 14, 329.0,353.0,1
14, 9, 329.0,353.0,1
9, 15, 531.0,725.0,-1
15, 9, 531.0,725.0,-1
9, 16, 662.0,826.0,-1
16, 9, 662.0,826.0,-1
9, 9, 0.0,0.0,1
10, 11, 814.0,979.0,-1
11, 10, 814.0,979.0,-1
10, 12, 897.0,1246.0,1
12, 10, 897.0,1246.0,1
10, 13, 445.0,591.0,-1
13, 10, 445.0,591.0,-1
10, 14, 700.0,776.0,-1
14, 10, 700.0,776.0,-1
10, 15, 575.0,668.0,1
15, 10, 575.0,668.0,1
10, 16, 927.0,1298.0,-1
16, 10, 927.0,1298.0,-1
10, 10, 0.0,0.0,1
11, 12, 323.0,370.0,-1
12, 11, 323.0,370.0,-1
11, 13, 389.0,389.0,-1
13, 11, 389.0,389.0,-1
11, 14, 144.0,204.0,-1
14, 11, 144.0,204.0,-1
11, 15, 787.0,1068.0,-1
15, 11, 787.0,1068.0,-1
11, 16, 599.0,785.0,-1
16, 11, 599.0,785.0,-1
11, 11, 0.0,0.0,1
12, 13, 464.0,656.0,-1
13, 12, 464.0,656.0,-1
12, 14, 428.0,471.0,1
14, 12, 428.0,471.0,1
12, 15, 642.0,699.0,-1
15, 12, 642.0,699.0,-1
12, 16, 296.0,415.0,-1
16, 12, 296.0,415.0,-1
12, 12, 0.0,0.0,1
13, 14, 311.0,399.0,1
14, 13, 311.0,399.0,1
13, 15, 483.0,679.0,-1
15, 13, 483.0,679.0,-1
13, 16, 573.0,708.0,-1
16, 13, 573.0,708.0,-1
13, 13, 0.0,0.0,1
14, 15, 766.0,1078.0,-1
15, 14, 766.0,1078.0,-1
14, 16, 672.0,794.0,1
16, 14, 672.0,794.0,1
14, 14, 0.0,0.0,1
15, 16, 489.0,631.0,-1
16, 15, 489.0,631.0,-1
15, 15, 0.0,0.0,1
16, 16, 0.0,0.0,1


<end>