<number of nodes>
16

<ratio of available edges>
0.3

<max length of the drone flight>
100000 

<D 2/3>
1, 2, 3, 4, 5, 8, 9, 11, 12, 13, 15

<V>
2, 3, 9, 12, 13

<coordinates X,Y>
912.4498653354799, 890.6050321382995
201.89580933852264, 424.2672549981883
810.9298082666303, 875.5680031095338
126.122143665039, 510.42861784298606
154.61732012945197, 453.54402778272845
579.1202118814338, 691.3994167203042
994.3220879774275, 766.2499882865583
843.9555793786417, 768.2432514088158
176.40065507642322, 676.1826343051238
921.4358417067355, 38.93500158103957
377.68147387411585, 766.7422207786279
110.06452384629499, 771.0849200600051
288.5811681474989, 833.4867338223801
599.3248255667872, 135.9146886378927
376.30717540008675, 903.9437710688302
478.1019519599442, 989.3337537639275

<adjacency matrix with truck distances>
1, 2, 850.0,1177.0,-1
2, 1, 850.0,1177.0,-1
1, 3, 103.0,117.0,1
3, 1, 103.0,117.0,1
1, 4, 874.0,1167.0,-1
4, 1, 874.0,1167.0,-1
1, 5, 875.0,1195.0,-1
5, 1, 875.0,1195.0,-1
1, 6, 389.0,533.0,-1
6, 1, 389.0,533.0,-1
1, 7, 149.0,207.0,-1
7, 1, 149.0,207.0,-1
1, 8, 141.0,191.0,1
8, 1, 141.0,191.0,1
1, 9, 767.0,951.0,-1
9, 1, 767.0,951.0,-1
1, 10, 852.0,861.0,-1
10, 1, 852.0,861.0,-1
1, 11, 549.0,659.0,1
11, 1, 549.0,659.0,1
1, 12, 812.0,922.0,-1
12, 1, 812.0,922.0,-1
1, 13, 627.0,681.0,-1
13, 1, 627.0,681.0,-1
1, 14, 818.0,1068.0,1
14, 1, 818.0,1068.0,1
1, 15, 537.0,550.0,-1
15, 1, 537.0,550.0,-1
1, 16, 446.0,534.0,-1
16, 1, 446.0,534.0,-1
1, 1, 0.0,0.0,1
2, 3, 759.0,1061.0,1
3, 2, 759.0,1061.0,1
2, 4, 115.0,162.0,-1
4, 2, 115.0,162.0,-1
2, 5, 56.0,77.0,-1
5, 2, 56.0,77.0,-1
2, 6, 463.0,645.0,-1
6, 2, 463.0,645.0,-1
2, 7, 864.0,1135.0,-1
7, 2, 864.0,1135.0,-1
2, 8, 729.0,987.0,1
8, 2, 729.0,987.0,1
2, 9, 254.0,278.0,-1
9, 2, 254.0,278.0,-1
2, 10, 817.0,1105.0,-1
10, 2, 817.0,1105.0,-1
2, 11, 385.0,519.0,-1
11, 2, 385.0,519.0,-1
2, 12, 359.0,439.0,-1
12, 2, 359.0,439.0,-1
2, 13, 419.0,496.0,-1
13, 2, 419.0,496.0,-1
2, 14, 492.0,686.0,-1
14, 2, 492.0,686.0,-1
2, 15, 511.0,655.0,-1
15, 2, 511.0,655.0,-1
2, 16, 629.0,842.0,-1
16, 2, 629.0,842.0,-1
2, 2, 0.0,0.0,1
3, 4, 777.0,1050.0,1
4, 3, 777.0,1050.0,1
3, 5, 781.0,1079.0,-1
5, 3, 781.0,1079.0,-1
3, 6, 297.0,416.0,-1
6, 3, 297.0,416.0,-1
3, 7, 214.0,293.0,-1
7, 3, 214.0,293.0,-1
3, 8, 113.0,141.0,1
8, 3, 113.0,141.0,1
3, 9, 666.0,834.0,-1
9, 3, 666.0,834.0,-1
3, 10, 844.0,948.0,-1
10, 3, 844.0,948.0,-1
3, 11, 447.0,543.0,1
11, 3, 447.0,543.0,1
3, 12, 709.0,806.0,1
12, 3, 709.0,806.0,1
3, 13, 525.0,565.0,-1
13, 3, 525.0,565.0,-1
3, 14, 770.0,952.0,1
14, 3, 770.0,952.0,1
3, 15, 436.0,463.0,-1
15, 3, 436.0,463.0,-1
3, 16, 352.0,447.0,1
16, 3, 352.0,447.0,1
3, 3, 0.0,0.0,1
4, 5, 64.0,86.0,1
5, 4, 64.0,86.0,1
4, 6, 488.0,634.0,-1
6, 4, 488.0,634.0,-1
4, 7, 906.0,1125.0,-1
7, 4, 906.0,1125.0,-1
4, 8, 763.0,976.0,-1
8, 4, 763.0,976.0,-1
4, 9, 174.0,217.0,-1
9, 4, 174.0,217.0,-1
4, 10, 925.0,1267.0,1
10, 4, 925.0,1267.0,1
4, 11, 360.0,508.0,-1
11, 4, 360.0,508.0,-1
4, 12, 262.0,277.0,-1
12, 4, 262.0,277.0,-1
4, 13, 362.0,486.0,-1
13, 4, 362.0,486.0,-1
4, 14, 604.0,848.0,1
14, 4, 604.0,848.0,1
4, 15, 467.0,644.0,-1
15, 4, 467.0,644.0,-1
4, 16, 595.0,831.0,-1
16, 4, 595.0,831.0,-1
4, 4, 0.0,0.0,1
5, 6, 487.0,663.0,-1
6, 5, 487.0,663.0,-1
5, 7, 897.0,1153.0,-1
7, 5, 897.0,1153.0,-1
5, 8, 758.0,1005.0,1
8, 5, 758.0,1005.0,1
5, 9, 224.0,245.0,-1
9, 5, 224.0,245.0,-1
5, 10, 872.0,1182.0,-1
10, 5, 872.0,1182.0,-1
5, 11, 385.0,537.0,-1
11, 5, 385.0,537.0,-1
5, 12, 321.0,363.0,1
12, 5, 321.0,363.0,1
5, 13, 403.0,514.0,-1
13, 5, 403.0,514.0,-1
5, 14, 547.0,763.0,1
14, 5, 547.0,763.0,1
5, 15, 503.0,673.0,-1
15, 5, 503.0,673.0,-1
5, 16, 626.0,860.0,1
16, 5, 626.0,860.0,1
5, 5, 0.0,0.0,1
6, 7, 422.0,491.0,-1
7, 6, 422.0,491.0,-1
6, 8, 276.0,342.0,-1
8, 6, 276.0,342.0,-1
6, 9, 404.0,418.0,1
9, 6, 404.0,418.0,1
6, 10, 737.0,995.0,-1
10, 6, 737.0,995.0,-1
6, 11, 216.0,277.0,-1
11, 6, 216.0,277.0,-1
6, 12, 476.0,549.0,-1
12, 6, 476.0,549.0,-1
6, 13, 324.0,433.0,1
13, 6, 324.0,433.0,1
6, 14, 556.0,576.0,-1
14, 6, 556.0,576.0,-1
6, 15, 294.0,416.0,-1
15, 6, 294.0,416.0,-1
6, 16, 315.0,399.0,1
16, 6, 315.0,399.0,1
6, 6, 0.0,0.0,1
7, 8, 151.0,153.0,1
8, 7, 151.0,153.0,1
7, 9, 823.0,908.0,-1
9, 7, 823.0,908.0,-1
7, 10, 731.0,801.0,1
10, 7, 731.0,801.0,1
7, 11, 617.0,618.0,-1
11, 7, 617.0,618.0,-1
7, 12, 885.0,890.0,-1
12, 7, 885.0,890.0,-1
7, 13, 709.0,773.0,-1
13, 7, 709.0,773.0,-1
7, 14, 744.0,1026.0,-1
14, 7, 744.0,1026.0,-1
7, 15, 634.0,756.0,-1
15, 7, 634.0,756.0,-1
7, 16, 563.0,740.0,-1
16, 7, 563.0,740.0,-1
7, 7, 0.0,0.0,1
8, 9, 674.0,760.0,1
9, 8, 674.0,760.0,1
8, 10, 734.0,807.0,1
10, 8, 734.0,807.0,1
8, 11, 467.0,468.0,-1
11, 8, 467.0,468.0,-1
8, 12, 734.0,737.0,-1
12, 8, 734.0,737.0,-1
8, 13, 560.0,621.0,1
13, 8, 560.0,621.0,1
8, 14, 678.0,877.0,-1
14, 8, 678.0,877.0,-1
8, 15, 487.0,604.0,1
15, 8, 487.0,604.0,1
8, 16, 428.0,587.0,-1
16, 8, 428.0,587.0,-1
8, 8, 0.0,0.0,1
9, 10, 981.0,1383.0,-1
10, 9, 981.0,1383.0,-1
9, 11, 221.0,292.0,-1
11, 9, 221.0,292.0,-1
9, 12, 116.0,162.0,-1
12, 9, 116.0,162.0,-1
9, 13, 194.0,270.0,1
13, 9, 194.0,270.0,1
9, 14, 687.0,964.0,-1
14, 9, 687.0,964.0,-1
9, 15, 304.0,428.0,-1
15, 9, 304.0,428.0,-1
9, 16, 435.0,615.0,-1
16, 9, 435.0,615.0,-1
9, 9, 0.0,0.0,1
10, 11, 909.0,1272.0,-1
11, 10, 909.0,1272.0,-1
10, 12, 1093.0,1544.0,-1
12, 10, 1093.0,1544.0,-1
10, 13, 1016.0,1428.0,-1
13, 10, 1016.0,1428.0,-1
10, 14, 337.0,420.0,-1
14, 10, 337.0,420.0,-1
10, 15, 1023.0,1411.0,-1
15, 10, 1023.0,1411.0,-1
10, 16, 1049.0,1394.0,1
16, 10, 1049.0,1394.0,1
10, 10, 0.0,0.0,1
11, 12, 268.0,272.0,-1
12, 11, 268.0,272.0,-1
11, 13, 112.0,156.0,1
13, 11, 112.0,156.0,1
11, 14, 669.0,853.0,-1
14, 11, 669.0,853.0,-1
11, 15, 138.0,139.0,-1
15, 11, 138.0,139.0,-1
11, 16, 245.0,324.0,-1
16, 11, 245.0,324.0,-1
11, 11, 0.0,0.0,1
12, 13, 190.0,241.0,1
13, 12, 190.0,241.0,1
12, 14, 802.0,1125.0,-1
14, 12, 802.0,1125.0,-1
12, 15, 298.0,400.0,1
15, 12, 298.0,400.0,1
12, 16, 428.0,587.0,-1
16, 12, 428.0,587.0,-1
12, 12, 0.0,0.0,1
13, 14, 764.0,1009.0,1
14, 13, 764.0,1009.0,1
13, 15, 113.0,159.0,1
15, 13, 113.0,159.0,1
13, 16, 246.0,346.0,-1
16, 13, 246.0,346.0,-1
13, 13, 0.0,0.0,1
14, 15, 800.0,992.0,-1
15, 14, 800.0,992.0,-1
14, 16, 862.0,975.0,1
16, 14, 862.0,975.0,1
14, 14, 0.0,0.0,1
15, 16, 133.0,188.0,-1
16, 15, 133.0,188.0,-1
15, 15, 0.0,0.0,1
16, 16, 0.0,0.0,1


<end>