<number of nodes>
16

<ratio of available edges>
0.3

<max length of the drone flight>
100000 

<D 2/3>
1, 2, 3, 4, 5, 6, 11, 12, 13, 14, 15

<V>
2, 3, 5, 12, 14

<coordinates X,Y>
10.185108736682153, 767.6999900924416
333.37130860159436, 535.5838750144973
261.1481548197131, 110.87499124805855
80.75558019767108, 527.1533333977566
200.60266253740667, 141.6561901854845
9.226669315827943, 75.44098898569122
346.61710172526364, 143.0825415430702
970.6438674043583, 237.25128029313365
80.72752811637581, 635.0109797392215
217.27814369825202, 868.5160694690621
298.56501332516507, 250.20981259920237
243.11235716633774, 106.10743781949935
472.0935641491868, 0.27261913497791823
588.1558829005694, 955.7425313084324
896.4016396631957, 109.5838758861839
898.6954711035451, 674.8223418565365

<adjacency matrix with truck distances>
1, 2, 398.0,556.0,1
2, 1, 398.0,556.0,1
1, 3, 704.0,908.0,1
3, 1, 704.0,908.0,1
1, 4, 251.0,312.0,1
4, 1, 251.0,312.0,1
1, 5, 655.0,817.0,-1
5, 1, 655.0,817.0,-1
1, 6, 693.0,694.0,-1
6, 1, 693.0,694.0,-1
1, 7, 710.0,962.0,-1
7, 1, 710.0,962.0,-1
1, 8, 1098.0,1491.0,1
8, 1, 1098.0,1491.0,1
1, 9, 151.0,204.0,1
9, 1, 151.0,204.0,1
1, 10, 231.0,308.0,-1
10, 1, 231.0,308.0,-1
1, 11, 593.0,806.0,-1
11, 1, 593.0,806.0,-1
1, 12, 702.0,895.0,-1
12, 1, 702.0,895.0,-1
1, 13, 896.0,1230.0,1
13, 1, 896.0,1230.0,1
1, 14, 608.0,767.0,-1
14, 1, 608.0,767.0,-1
1, 15, 1104.0,1545.0,1
15, 1, 1104.0,1545.0,1
1, 16, 894.0,982.0,-1
16, 1, 894.0,982.0,-1
1, 1, 0.0,0.0,1
2, 3, 431.0,497.0,-1
3, 2, 431.0,497.0,-1
2, 4, 253.0,262.0,-1
4, 2, 253.0,262.0,-1
2, 5, 416.0,527.0,-1
5, 2, 416.0,527.0,-1
2, 6, 563.0,785.0,-1
6, 2, 563.0,785.0,-1
2, 7, 393.0,406.0,-1
7, 2, 393.0,406.0,-1
2, 8, 704.0,936.0,1
8, 2, 704.0,936.0,1
2, 9, 272.0,353.0,-1
9, 2, 272.0,353.0,-1
2, 10, 353.0,450.0,1
10, 2, 353.0,450.0,1
2, 11, 288.0,321.0,-1
11, 2, 288.0,321.0,-1
2, 12, 439.0,520.0,-1
12, 2, 439.0,520.0,-1
2, 13, 553.0,675.0,-1
13, 2, 553.0,675.0,-1
2, 14, 492.0,675.0,-1
14, 2, 492.0,675.0,-1
2, 15, 707.0,990.0,-1
15, 2, 707.0,990.0,-1
2, 16, 583.0,705.0,-1
16, 2, 583.0,705.0,-1
2, 2, 0.0,0.0,1
3, 4, 454.0,597.0,-1
4, 3, 454.0,597.0,-1
3, 5, 68.0,92.0,1
5, 3, 68.0,92.0,1
3, 6, 255.0,288.0,-1
6, 3, 255.0,288.0,-1
3, 7, 92.0,118.0,1
7, 3, 92.0,118.0,1
3, 8, 721.0,836.0,-1
8, 3, 721.0,836.0,-1
3, 9, 555.0,705.0,-1
9, 3, 555.0,705.0,-1
3, 10, 759.0,802.0,-1
10, 3, 759.0,802.0,-1
3, 11, 145.0,177.0,-1
11, 3, 145.0,177.0,-1
3, 12, 19.0,23.0,-1
12, 3, 19.0,23.0,-1
3, 13, 239.0,322.0,1
13, 3, 239.0,322.0,1
3, 14, 906.0,1172.0,1
14, 3, 906.0,1172.0,1
3, 15, 636.0,637.0,-1
15, 3, 636.0,637.0,-1
3, 16, 852.0,1202.0,-1
16, 3, 852.0,1202.0,-1
3, 3, 0.0,0.0,1
4, 5, 404.0,506.0,-1
5, 4, 404.0,506.0,-1
4, 6, 458.0,524.0,-1
6, 4, 458.0,524.0,-1
4, 7, 468.0,650.0,1
7, 4, 468.0,650.0,1
4, 8, 936.0,1180.0,1
8, 4, 936.0,1180.0,1
4, 9, 108.0,108.0,1
9, 4, 108.0,108.0,1
4, 10, 368.0,478.0,-1
10, 4, 368.0,478.0,-1
4, 11, 353.0,495.0,-1
11, 4, 353.0,495.0,-1
4, 12, 452.0,584.0,1
12, 4, 452.0,584.0,1
4, 13, 657.0,919.0,-1
13, 4, 657.0,919.0,-1
4, 14, 665.0,936.0,-1
14, 4, 665.0,936.0,-1
4, 15, 917.0,1234.0,-1
15, 4, 917.0,1234.0,-1
4, 16, 832.0,966.0,-1
16, 4, 832.0,966.0,-1
4, 4, 0.0,0.0,1
5, 6, 203.0,258.0,1
6, 5, 203.0,258.0,1
5, 7, 147.0,148.0,-1
7, 5, 147.0,148.0,-1
5, 8, 776.0,866.0,-1
8, 5, 776.0,866.0,-1
5, 9, 508.0,614.0,-1
9, 5, 508.0,614.0,-1
5, 10, 728.0,744.0,-1
10, 5, 728.0,744.0,-1
5, 11, 147.0,207.0,1
11, 5, 147.0,207.0,1
5, 12, 56.0,79.0,-1
12, 5, 56.0,79.0,-1
5, 13, 307.0,413.0,-1
13, 5, 307.0,413.0,-1
5, 14, 902.0,1202.0,1
14, 5, 902.0,1202.0,1
5, 15, 697.0,728.0,-1
15, 5, 697.0,728.0,-1
5, 16, 879.0,1232.0,-1
16, 5, 879.0,1232.0,-1
5, 5, 0.0,0.0,1
6, 7, 345.0,406.0,-1
7, 6, 345.0,406.0,-1
6, 8, 975.0,1124.0,-1
8, 6, 975.0,1124.0,-1
6, 9, 565.0,632.0,-1
9, 6, 565.0,632.0,-1
6, 10, 820.0,1002.0,-1
10, 6, 820.0,1002.0,-1
6, 11, 339.0,465.0,-1
11, 6, 339.0,465.0,-1
6, 12, 236.0,265.0,-1
12, 6, 236.0,265.0,-1
6, 13, 469.0,539.0,-1
13, 6, 469.0,539.0,-1
6, 14, 1054.0,1460.0,-1
14, 6, 1054.0,1460.0,-1
6, 15, 888.0,922.0,-1
15, 6, 888.0,922.0,-1
6, 16, 1073.0,1489.0,-1
16, 6, 1073.0,1489.0,-1
6, 6, 0.0,0.0,1
7, 8, 632.0,719.0,1
8, 7, 632.0,719.0,1
7, 9, 560.0,758.0,1
9, 7, 560.0,758.0,1
7, 10, 737.0,855.0,-1
10, 7, 737.0,855.0,-1
7, 11, 118.0,156.0,-1
11, 7, 118.0,156.0,-1
7, 12, 110.0,141.0,-1
12, 7, 110.0,141.0,-1
7, 13, 191.0,269.0,-1
13, 7, 191.0,269.0,-1
7, 14, 848.0,1055.0,-1
14, 7, 848.0,1055.0,-1
7, 15, 551.0,584.0,-1
15, 7, 551.0,584.0,-1
7, 16, 767.0,1084.0,1
16, 7, 767.0,1084.0,1
7, 7, 0.0,0.0,1
8, 9, 975.0,1288.0,-1
9, 8, 975.0,1288.0,-1
8, 10, 983.0,1385.0,-1
10, 8, 983.0,1385.0,-1
8, 11, 673.0,686.0,-1
11, 8, 673.0,686.0,-1
8, 12, 740.0,859.0,1
12, 8, 740.0,859.0,1
8, 13, 553.0,736.0,-1
13, 8, 553.0,736.0,-1
8, 14, 814.0,1101.0,-1
14, 8, 814.0,1101.0,-1
8, 15, 148.0,202.0,-1
15, 8, 148.0,202.0,-1
8, 16, 444.0,510.0,-1
16, 8, 444.0,510.0,-1
8, 8, 0.0,0.0,1
9, 10, 271.0,371.0,1
10, 9, 271.0,371.0,1
9, 11, 443.0,603.0,1
11, 9, 443.0,603.0,1
9, 12, 554.0,692.0,1
12, 9, 554.0,692.0,1
9, 13, 746.0,1027.0,-1
13, 9, 746.0,1027.0,-1
9, 14, 601.0,829.0,1
14, 9, 601.0,829.0,1
9, 15, 971.0,1342.0,-1
15, 9, 971.0,1342.0,-1
9, 16, 819.0,858.0,1
16, 9, 819.0,858.0,1
9, 9, 0.0,0.0,1
10, 11, 624.0,700.0,1
11, 10, 624.0,700.0,1
10, 12, 763.0,789.0,-1
12, 10, 763.0,789.0,-1
10, 13, 905.0,1124.0,-1
13, 10, 905.0,1124.0,-1
10, 14, 381.0,459.0,-1
14, 10, 381.0,459.0,-1
10, 15, 1019.0,1439.0,-1
15, 10, 1019.0,1439.0,-1
10, 16, 709.0,876.0,1
16, 10, 709.0,876.0,1
10, 10, 0.0,0.0,1
11, 12, 155.0,200.0,-1
12, 11, 155.0,200.0,-1
11, 13, 305.0,424.0,-1
13, 11, 305.0,424.0,-1
11, 14, 763.0,996.0,1
14, 11, 763.0,996.0,1
11, 15, 615.0,739.0,1
15, 11, 615.0,739.0,1
11, 16, 736.0,1025.0,-1
16, 11, 736.0,1025.0,-1
11, 11, 0.0,0.0,1
12, 13, 253.0,335.0,-1
13, 12, 253.0,335.0,-1
12, 14, 918.0,1195.0,-1
14, 12, 918.0,1195.0,-1
12, 15, 654.0,657.0,-1
15, 12, 654.0,657.0,-1
12, 16, 868.0,1225.0,1
16, 12, 868.0,1225.0,1
12, 12, 0.0,0.0,1
13, 14, 963.0,1072.0,-1
14, 13, 963.0,1072.0,-1
13, 15, 439.0,534.0,-1
15, 13, 439.0,534.0,-1
13, 16, 799.0,1102.0,-1
16, 13, 799.0,1102.0,-1
13, 13, 0.0,0.0,1
14, 15, 901.0,1155.0,-1
15, 14, 901.0,1155.0,-1
14, 16, 419.0,592.0,1
16, 14, 419.0,592.0,1
14, 14, 0.0,0.0,1
15, 16, 566.0,568.0,1
16, 15, 566.0,568.0,1
15, 15, 0.0,0.0,1
16, 16, 0.0,0.0,1


<end>