<number of nodes>
16

<ratio of available edges>
0.3

<max length of the drone flight>
100000 

<D 2/3>
1, 2, 5, 7, 8, 11, 12, 13, 14, 15, 16

<V>
5, 8, 11, 13, 16

<coordinates X,Y>
670.7874734836893, 615.4526376220098
338.4766846492437, 769.3096890792027
520.5227252239943, 765.3298185099277
358.88946865300085, 905.2769969786789
755.1365962678983, 842.6358407832361
904.6607618951743, 86.53106226205796
312.554397618509, 621.5753094418616
255.9986385088664, 78.0930465497268
570.1254768243117, 520.5631752742776
668.2408599721177, 650.0038878898329
111.57864828167418, 101.99841314496365
40.74636456466213, 208.32930850807858
912.6590875801431, 563.2059170705304
194.38804491524468, 298.19163267260564
886.2207100808963, 42.68270892081236
706.880381089118, 352.2047458943359

<adjacency matrix with truck distances>
1, 2, 367.0,487.0,-1
2, 1, 367.0,487.0,-1
1, 3, 213.0,301.0,-1
3, 1, 213.0,301.0,-1
1, 4, 426.0,602.0,-1
4, 1, 426.0,602.0,-1
1, 5, 243.0,312.0,1
5, 1, 243.0,312.0,1
1, 6, 579.0,763.0,1
6, 1, 579.0,763.0,1
1, 7, 359.0,365.0,1
7, 1, 359.0,365.0,1
1, 8, 679.0,953.0,1
8, 1, 679.0,953.0,1
1, 9, 139.0,196.0,-1
9, 1, 139.0,196.0,-1
1, 10, 35.0,38.0,-1
10, 1, 35.0,38.0,-1
1, 11, 760.0,1073.0,1
11, 1, 760.0,1073.0,1
1, 12, 751.0,1038.0,1
12, 1, 751.0,1038.0,1
1, 13, 248.0,295.0,1
13, 1, 248.0,295.0,1
1, 14, 573.0,794.0,1
14, 1, 573.0,794.0,1
1, 15, 612.0,789.0,1
15, 1, 612.0,789.0,1
1, 16, 266.0,300.0,-1
16, 1, 266.0,300.0,-1
1, 1, 0.0,0.0,1
2, 3, 183.0,187.0,-1
3, 2, 183.0,187.0,-1
2, 4, 138.0,157.0,-1
4, 2, 138.0,157.0,-1
2, 5, 424.0,490.0,-1
5, 2, 424.0,490.0,-1
2, 6, 887.0,1249.0,-1
6, 2, 887.0,1249.0,-1
2, 7, 150.0,174.0,-1
7, 2, 150.0,174.0,-1
2, 8, 697.0,774.0,-1
8, 2, 697.0,774.0,-1
2, 9, 340.0,481.0,1
9, 2, 340.0,481.0,1
2, 10, 351.0,450.0,-1
10, 2, 351.0,450.0,-1
2, 11, 705.0,895.0,-1
11, 2, 705.0,895.0,-1
2, 12, 636.0,859.0,-1
12, 2, 636.0,859.0,-1
2, 13, 611.0,781.0,1
13, 2, 611.0,781.0,1
2, 14, 493.0,616.0,-1
14, 2, 493.0,616.0,-1
2, 15, 910.0,1275.0,1
15, 2, 910.0,1275.0,1
2, 16, 557.0,786.0,-1
16, 2, 557.0,786.0,-1
2, 2, 0.0,0.0,1
3, 4, 214.0,302.0,1
4, 3, 214.0,302.0,1
3, 5, 248.0,312.0,-1
5, 3, 248.0,312.0,-1
3, 6, 780.0,1063.0,1
6, 3, 780.0,1063.0,1
3, 7, 253.0,352.0,-1
7, 3, 253.0,352.0,-1
3, 8, 737.0,952.0,-1
8, 3, 737.0,952.0,-1
3, 9, 250.0,295.0,-1
9, 3, 250.0,295.0,-1
3, 10, 188.0,264.0,-1
10, 3, 188.0,264.0,-1
3, 11, 780.0,1073.0,-1
11, 3, 780.0,1073.0,-1
3, 12, 736.0,1037.0,-1
12, 3, 736.0,1037.0,-1
3, 13, 442.0,595.0,-1
13, 3, 442.0,595.0,-1
3, 14, 570.0,794.0,-1
14, 3, 570.0,794.0,-1
3, 15, 810.0,1089.0,-1
15, 3, 810.0,1089.0,-1
3, 16, 454.0,600.0,-1
16, 3, 454.0,600.0,-1
3, 3, 0.0,0.0,1
4, 5, 402.0,459.0,-1
5, 4, 402.0,459.0,-1
4, 6, 984.0,1365.0,-1
6, 4, 984.0,1365.0,-1
4, 7, 288.0,331.0,-1
7, 4, 288.0,331.0,-1
4, 8, 834.0,931.0,-1
8, 4, 834.0,931.0,-1
4, 9, 439.0,596.0,-1
9, 4, 439.0,596.0,-1
4, 10, 402.0,565.0,-1
10, 4, 402.0,565.0,-1
4, 11, 841.0,1051.0,1
11, 4, 841.0,1051.0,1
4, 12, 767.0,1016.0,-1
12, 4, 767.0,1016.0,-1
4, 13, 651.0,896.0,-1
13, 4, 651.0,896.0,-1
4, 14, 629.0,772.0,-1
14, 4, 629.0,772.0,-1
4, 15, 1012.0,1390.0,1
15, 4, 1012.0,1390.0,1
4, 16, 654.0,902.0,1
16, 4, 654.0,902.0,1
4, 4, 0.0,0.0,1
5, 6, 771.0,906.0,-1
6, 5, 771.0,906.0,-1
5, 7, 495.0,664.0,1
7, 5, 495.0,664.0,1
5, 8, 914.0,1264.0,-1
8, 5, 914.0,1264.0,-1
5, 9, 372.0,508.0,-1
9, 5, 372.0,508.0,-1
5, 10, 212.0,280.0,1
10, 5, 212.0,280.0,1
5, 11, 982.0,1385.0,-1
11, 5, 982.0,1385.0,-1
5, 12, 956.0,1349.0,1
12, 5, 956.0,1349.0,1
5, 13, 321.0,437.0,-1
13, 5, 321.0,437.0,-1
5, 14, 782.0,1106.0,-1
14, 5, 782.0,1106.0,-1
5, 15, 811.0,932.0,-1
15, 5, 811.0,932.0,-1
5, 16, 493.0,539.0,-1
16, 5, 493.0,539.0,-1
5, 5, 0.0,0.0,1
6, 7, 799.0,1128.0,-1
7, 6, 799.0,1128.0,-1
6, 8, 649.0,658.0,-1
8, 6, 649.0,658.0,-1
6, 9, 548.0,769.0,-1
9, 6, 548.0,769.0,-1
6, 10, 612.0,800.0,-1
10, 6, 612.0,800.0,-1
6, 11, 794.0,809.0,-1
11, 6, 794.0,809.0,-1
6, 12, 873.0,986.0,-1
12, 6, 873.0,986.0,-1
6, 13, 477.0,485.0,-1
13, 6, 477.0,485.0,-1
6, 14, 742.0,922.0,1
14, 6, 742.0,922.0,1
6, 15, 48.0,63.0,-1
15, 6, 48.0,63.0,-1
6, 16, 332.0,464.0,1
16, 6, 332.0,464.0,1
6, 6, 0.0,0.0,1
7, 8, 547.0,601.0,1
8, 7, 547.0,601.0,1
7, 9, 277.0,359.0,-1
9, 7, 277.0,359.0,-1
7, 10, 357.0,385.0,1
10, 7, 357.0,385.0,1
7, 11, 558.0,721.0,-1
11, 7, 558.0,721.0,-1
7, 12, 495.0,686.0,1
12, 7, 495.0,686.0,1
7, 13, 603.0,659.0,1
13, 7, 603.0,659.0,1
7, 14, 345.0,442.0,1
14, 7, 345.0,442.0,1
7, 15, 815.0,1153.0,1
15, 7, 815.0,1153.0,1
7, 16, 478.0,664.0,-1
16, 7, 478.0,664.0,-1
7, 7, 0.0,0.0,1
8, 9, 543.0,757.0,-1
9, 8, 543.0,757.0,-1
8, 10, 706.0,985.0,-1
10, 8, 706.0,985.0,-1
8, 11, 147.0,169.0,-1
11, 8, 147.0,169.0,-1
8, 12, 252.0,346.0,-1
12, 8, 252.0,346.0,-1
8, 13, 817.0,1142.0,-1
13, 8, 817.0,1142.0,-1
8, 14, 229.0,282.0,-1
14, 8, 229.0,282.0,-1
8, 15, 632.0,666.0,-1
15, 8, 632.0,666.0,-1
8, 16, 528.0,725.0,-1
16, 8, 528.0,725.0,-1
8, 8, 0.0,0.0,1
9, 10, 163.0,228.0,-1
10, 9, 163.0,228.0,-1
9, 11, 621.0,878.0,-1
11, 9, 621.0,878.0,-1
9, 12, 615.0,842.0,-1
12, 9, 615.0,842.0,-1
9, 13, 346.0,386.0,-1
13, 9, 346.0,386.0,-1
9, 14, 437.0,599.0,-1
14, 9, 437.0,599.0,-1
9, 15, 573.0,794.0,-1
15, 9, 573.0,794.0,-1
9, 16, 217.0,306.0,1
16, 9, 217.0,306.0,1
9, 9, 0.0,0.0,1
10, 11, 782.0,1105.0,1
11, 10, 782.0,1105.0,1
10, 12, 768.0,1070.0,1
12, 10, 768.0,1070.0,1
10, 13, 260.0,332.0,-1
13, 10, 260.0,332.0,-1
10, 14, 591.0,826.0,-1
14, 10, 591.0,826.0,-1
10, 15, 646.0,826.0,-1
15, 10, 646.0,826.0,-1
10, 16, 301.0,337.0,1
16, 10, 301.0,337.0,1
10, 10, 0.0,0.0,1
11, 12, 128.0,178.0,-1
12, 11, 128.0,178.0,-1
11, 13, 925.0,1263.0,1
13, 11, 925.0,1263.0,1
11, 14, 213.0,280.0,-1
14, 11, 213.0,280.0,-1
11, 15, 777.0,834.0,-1
15, 11, 777.0,834.0,-1
11, 16, 646.0,846.0,-1
16, 11, 646.0,846.0,-1
11, 11, 0.0,0.0,1
12, 13, 942.0,1227.0,1
13, 12, 942.0,1227.0,1
12, 14, 178.0,244.0,-1
14, 12, 178.0,244.0,-1
12, 15, 862.0,1012.0,-1
15, 12, 862.0,1012.0,-1
12, 16, 682.0,811.0,1
16, 12, 682.0,811.0,1
12, 12, 0.0,0.0,1
13, 14, 766.0,984.0,-1
14, 13, 766.0,984.0,-1
13, 15, 522.0,547.0,-1
15, 13, 522.0,547.0,-1
13, 16, 295.0,417.0,1
16, 13, 295.0,417.0,1
13, 13, 0.0,0.0,1
14, 15, 738.0,948.0,-1
15, 14, 738.0,948.0,-1
14, 16, 516.0,567.0,-1
16, 14, 516.0,567.0,-1
14, 14, 0.0,0.0,1
15, 16, 358.0,489.0,-1
16, 15, 358.0,489.0,-1
15, 15, 0.0,0.0,1
16, 16, 0.0,0.0,1


<end>