<number of nodes>
16

<ratio of available edges>
0.3

<max length of the drone flight>
100000 

<D 2/3>
1, 2, 4, 5, 6, 7, 8, 9, 10, 11, 12

<V>
2, 6, 7, 9, 10

<coordinates X,Y>
405.0914952202845, 413.41392547537265
147.40373472848964, 200.53840362044934
108.36600360447855, 226.4808153087983
52.71183896869871, 618.9986881605789
309.9652743057104, 401.4737472506147
209.60180802933425, 937.0888800737141
328.6007075565222, 257.9670077247404
582.9364757584417, 770.9097238999653
569.6965088764671, 782.184114042049
129.93876034764187, 190.8375954202224
724.0799956035044, 768.5562839461046
774.0040979276461, 69.62187298759648
53.872167983072394, 379.77083279494855
231.3815389222605, 528.5467394455986
923.4847621150415, 106.99423604870428
853.181379786811, 477.3186922018541

<adjacency matrix with truck distances>
1, 2, 335.0,471.0,-1
2, 1, 335.0,471.0,-1
1, 3, 351.0,484.0,-1
3, 1, 351.0,484.0,-1
1, 4, 408.0,558.0,-1
4, 1, 408.0,558.0,-1
1, 5, 96.0,108.0,-1
5, 1, 96.0,108.0,-1
1, 6, 559.0,720.0,-1
6, 1, 559.0,720.0,-1
1, 7, 174.0,232.0,1
7, 1, 174.0,232.0,1
1, 8, 400.0,536.0,-1
8, 1, 400.0,536.0,-1
1, 9, 404.0,534.0,-1
9, 1, 404.0,534.0,-1
1, 10, 354.0,498.0,-1
10, 1, 354.0,498.0,-1
1, 11, 478.0,675.0,-1
11, 1, 478.0,675.0,-1
1, 12, 505.0,713.0,1
12, 1, 505.0,713.0,1
1, 13, 353.0,385.0,1
13, 1, 353.0,385.0,1
1, 14, 209.0,289.0,-1
14, 1, 209.0,289.0,-1
1, 15, 603.0,825.0,1
15, 1, 603.0,825.0,1
1, 16, 453.0,512.0,-1
16, 1, 453.0,512.0,-1
1, 1, 0.0,0.0,1
2, 3, 47.0,65.0,1
3, 2, 47.0,65.0,1
2, 4, 430.0,514.0,-1
4, 2, 430.0,514.0,-1
2, 5, 259.0,364.0,-1
5, 2, 259.0,364.0,-1
2, 6, 740.0,799.0,-1
6, 2, 740.0,799.0,-1
2, 7, 191.0,239.0,-1
7, 2, 191.0,239.0,-1
2, 8, 718.0,1006.0,1
8, 2, 718.0,1006.0,1
2, 9, 719.0,1004.0,-1
9, 2, 719.0,1004.0,-1
2, 10, 20.0,28.0,-1
10, 2, 20.0,28.0,-1
2, 11, 810.0,1145.0,-1
11, 2, 810.0,1145.0,-1
2, 12, 641.0,758.0,-1
12, 2, 641.0,758.0,-1
2, 13, 203.0,273.0,-1
13, 2, 203.0,273.0,-1
2, 14, 339.0,412.0,-1
14, 2, 339.0,412.0,-1
2, 15, 782.0,870.0,-1
15, 2, 782.0,870.0,-1
2, 16, 759.0,983.0,-1
16, 2, 759.0,983.0,-1
2, 2, 0.0,0.0,1
3, 4, 397.0,449.0,-1
4, 3, 397.0,449.0,-1
3, 5, 267.0,377.0,-1
5, 3, 267.0,377.0,-1
3, 6, 718.0,812.0,1
6, 3, 718.0,812.0,1
3, 7, 223.0,252.0,-1
7, 3, 223.0,252.0,-1
3, 8, 723.0,1019.0,-1
8, 3, 723.0,1019.0,-1
3, 9, 723.0,1018.0,-1
9, 3, 723.0,1018.0,-1
3, 10, 42.0,58.0,-1
10, 3, 42.0,58.0,-1
3, 11, 821.0,1158.0,1
11, 3, 821.0,1158.0,1
3, 12, 684.0,823.0,-1
12, 3, 684.0,823.0,-1
3, 13, 163.0,208.0,-1
13, 3, 163.0,208.0,-1
3, 14, 327.0,426.0,-1
14, 3, 327.0,426.0,-1
3, 15, 824.0,935.0,-1
15, 3, 824.0,935.0,-1
3, 16, 786.0,996.0,-1
16, 3, 786.0,996.0,-1
3, 3, 0.0,0.0,1
4, 5, 337.0,475.0,1
5, 4, 337.0,475.0,1
4, 6, 355.0,475.0,1
6, 4, 355.0,475.0,1
4, 7, 455.0,637.0,-1
7, 4, 455.0,637.0,-1
4, 8, 552.0,683.0,1
8, 4, 552.0,683.0,1
4, 9, 543.0,681.0,-1
9, 4, 543.0,681.0,-1
4, 10, 436.0,506.0,-1
10, 4, 436.0,506.0,-1
4, 11, 688.0,821.0,-1
11, 4, 688.0,821.0,-1
4, 12, 907.0,1271.0,-1
12, 4, 907.0,1271.0,-1
4, 13, 240.0,241.0,-1
13, 4, 240.0,241.0,-1
4, 14, 201.0,270.0,-1
14, 4, 201.0,270.0,-1
4, 15, 1011.0,1383.0,-1
15, 4, 1011.0,1383.0,-1
4, 16, 813.0,943.0,-1
16, 4, 813.0,943.0,-1
4, 4, 0.0,0.0,1
5, 6, 545.0,636.0,1
6, 5, 545.0,636.0,1
5, 7, 145.0,163.0,1
7, 5, 145.0,163.0,1
5, 8, 460.0,643.0,-1
8, 5, 460.0,643.0,-1
5, 9, 461.0,641.0,-1
9, 5, 461.0,641.0,-1
5, 10, 278.0,391.0,-1
10, 5, 278.0,391.0,-1
5, 11, 554.0,782.0,-1
11, 5, 554.0,782.0,-1
5, 12, 571.0,796.0,-1
12, 5, 571.0,796.0,-1
5, 13, 258.0,278.0,-1
13, 5, 258.0,278.0,-1
5, 14, 150.0,206.0,-1
14, 5, 150.0,206.0,-1
5, 15, 681.0,908.0,1
15, 5, 681.0,908.0,1
5, 16, 549.0,620.0,-1
16, 5, 549.0,620.0,-1
5, 5, 0.0,0.0,1
6, 7, 690.0,799.0,-1
7, 6, 690.0,799.0,-1
6, 8, 409.0,540.0,1
8, 6, 409.0,540.0,1
6, 9, 392.0,515.0,1
9, 6, 392.0,515.0,1
6, 10, 751.0,826.0,-1
10, 6, 751.0,826.0,-1
6, 11, 542.0,684.0,-1
11, 6, 542.0,684.0,-1
6, 12, 1035.0,1432.0,-1
12, 6, 1035.0,1432.0,-1
6, 13, 579.0,714.0,-1
13, 6, 579.0,714.0,-1
6, 14, 410.0,431.0,-1
14, 6, 410.0,431.0,-1
6, 15, 1095.0,1544.0,1
15, 6, 1095.0,1544.0,1
6, 16, 791.0,1104.0,-1
16, 6, 791.0,1104.0,-1
6, 6, 0.0,0.0,1
7, 8, 573.0,768.0,1
8, 7, 573.0,768.0,1
7, 9, 578.0,766.0,-1
9, 7, 578.0,766.0,-1
7, 10, 210.0,266.0,-1
10, 7, 210.0,266.0,-1
7, 11, 646.0,907.0,1
11, 7, 646.0,907.0,1
7, 12, 484.0,634.0,-1
12, 7, 484.0,634.0,-1
7, 13, 301.0,397.0,-1
13, 7, 301.0,397.0,-1
7, 14, 288.0,368.0,1
14, 7, 288.0,368.0,1
7, 15, 614.0,746.0,1
15, 7, 614.0,746.0,1
7, 16, 569.0,744.0,-1
16, 7, 569.0,744.0,-1
7, 7, 0.0,0.0,1
8, 9, 18.0,25.0,1
9, 8, 18.0,25.0,1
8, 10, 736.0,1034.0,-1
10, 8, 736.0,1034.0,-1
8, 11, 142.0,144.0,-1
11, 8, 142.0,144.0,-1
8, 12, 727.0,893.0,1
12, 8, 727.0,893.0,1
8, 13, 658.0,921.0,1
13, 8, 658.0,921.0,1
8, 14, 428.0,594.0,-1
14, 8, 428.0,594.0,-1
8, 15, 747.0,1005.0,-1
15, 8, 747.0,1005.0,-1
8, 16, 400.0,564.0,-1
16, 8, 400.0,564.0,-1
8, 8, 0.0,0.0,1
9, 10, 737.0,1032.0,-1
10, 9, 737.0,1032.0,-1
9, 11, 155.0,169.0,-1
11, 9, 155.0,169.0,-1
9, 12, 742.0,917.0,-1
12, 9, 742.0,917.0,-1
9, 13, 655.0,919.0,-1
13, 9, 655.0,919.0,-1
9, 14, 423.0,592.0,-1
14, 9, 423.0,592.0,-1
9, 15, 763.0,1029.0,1
15, 9, 763.0,1029.0,1
9, 16, 417.0,589.0,-1
16, 9, 417.0,589.0,-1
9, 9, 0.0,0.0,1
10, 11, 829.0,1172.0,1
11, 10, 829.0,1172.0,1
10, 12, 656.0,766.0,-1
12, 10, 656.0,766.0,-1
10, 13, 204.0,265.0,1
13, 10, 204.0,265.0,1
10, 14, 353.0,440.0,-1
14, 10, 353.0,440.0,-1
10, 15, 798.0,878.0,-1
15, 10, 798.0,878.0,-1
10, 16, 778.0,1010.0,1
16, 10, 778.0,1010.0,1
10, 10, 0.0,0.0,1
11, 12, 701.0,749.0,1
12, 11, 701.0,749.0,1
11, 13, 775.0,1059.0,1
13, 11, 775.0,1059.0,1
11, 14, 549.0,733.0,-1
14, 11, 549.0,733.0,-1
11, 15, 691.0,861.0,1
15, 11, 691.0,861.0,1
11, 16, 319.0,421.0,1
16, 11, 319.0,421.0,1
11, 11, 0.0,0.0,1
12, 13, 785.0,1031.0,-1
13, 12, 785.0,1031.0,-1
12, 14, 711.0,1002.0,-1
14, 12, 711.0,1002.0,-1
12, 15, 155.0,187.0,-1
15, 12, 155.0,187.0,-1
12, 16, 416.0,487.0,-1
16, 12, 416.0,487.0,-1
12, 12, 0.0,0.0,1
13, 14, 232.0,327.0,-1
14, 13, 232.0,327.0,-1
13, 15, 912.0,1143.0,1
15, 13, 912.0,1143.0,1
13, 16, 806.0,897.0,1
16, 13, 806.0,897.0,1
13, 13, 0.0,0.0,1
14, 15, 811.0,1114.0,1
15, 14, 811.0,1114.0,1
14, 16, 624.0,674.0,-1
16, 14, 624.0,674.0,-1
14, 14, 0.0,0.0,1
15, 16, 377.0,441.0,1
16, 15, 377.0,441.0,1
15, 15, 0.0,0.0,1
16, 16, 0.0,0.0,1


<end>