<number of nodes>
16

<ratio of available edges>
0.3

<max length of the drone flight>
100000 

<D 2/3>
1, 4, 6, 7, 9, 10, 11, 12, 13, 14, 15

<V>
4, 9, 10, 13, 15

<coordinates X,Y>
667.3646585152062, 712.5998073017855
254.09556038005996, 281.8891683330413
956.3180526812007, 581.3162249344883
233.7112586150461, 579.1621224679734
520.5795885577614, 626.0937717340241
370.68957618557704, 510.6859151418757
477.8077031323975, 349.04170015709997
440.6802769150858, 709.3599273645533
867.4199553573969, 847.7786260263716
879.8260657965158, 817.7874215151211
888.5794467950417, 655.2601789910948
230.75281427804467, 51.1969332710238
551.654986262049, 207.6420279806752
54.06911765209039, 933.4769888050379
352.8372365352993, 546.4997091608138
168.63952798027938, 790.9649849773515

<adjacency matrix with truck distances>
1, 2, 597.0,844.0,1
2, 1, 597.0,844.0,1
1, 3, 318.0,421.0,-1
3, 1, 318.0,421.0,-1
1, 4, 454.0,568.0,1
4, 1, 454.0,568.0,1
1, 5, 171.0,234.0,1
5, 1, 171.0,234.0,1
1, 6, 359.0,499.0,-1
6, 1, 359.0,499.0,-1
1, 7, 411.0,554.0,-1
7, 1, 411.0,554.0,-1
1, 8, 227.0,230.0,-1
8, 1, 227.0,230.0,-1
1, 9, 242.0,336.0,1
9, 1, 242.0,336.0,1
1, 10, 238.0,318.0,-1
10, 1, 238.0,318.0,-1
1, 11, 229.0,279.0,-1
11, 1, 229.0,279.0,-1
1, 12, 793.0,1099.0,-1
12, 1, 793.0,1099.0,-1
1, 13, 519.0,621.0,-1
13, 1, 519.0,621.0,-1
1, 14, 652.0,835.0,-1
14, 1, 652.0,835.0,-1
1, 15, 356.0,481.0,-1
15, 1, 356.0,481.0,-1
1, 16, 505.0,578.0,1
16, 1, 505.0,578.0,1
1, 1, 0.0,0.0,1
2, 3, 764.0,1002.0,-1
3, 2, 764.0,1002.0,-1
2, 4, 298.0,318.0,-1
4, 2, 298.0,318.0,-1
2, 5, 436.0,611.0,-1
5, 2, 436.0,611.0,-1
2, 6, 257.0,346.0,-1
6, 2, 257.0,346.0,-1
2, 7, 234.0,291.0,1
7, 2, 234.0,291.0,1
2, 8, 467.0,615.0,-1
8, 2, 467.0,615.0,-1
2, 9, 835.0,1180.0,-1
9, 2, 835.0,1180.0,-1
2, 10, 824.0,1162.0,1
10, 2, 824.0,1162.0,1
2, 11, 737.0,1008.0,1
11, 2, 737.0,1008.0,1
2, 12, 232.0,255.0,-1
12, 2, 232.0,255.0,-1
2, 13, 307.0,372.0,-1
13, 2, 307.0,372.0,-1
2, 14, 682.0,852.0,1
14, 2, 682.0,852.0,1
2, 15, 283.0,364.0,-1
15, 2, 283.0,364.0,-1
2, 16, 517.0,595.0,-1
16, 2, 517.0,595.0,-1
2, 2, 0.0,0.0,1
3, 4, 723.0,725.0,-1
4, 3, 723.0,725.0,-1
3, 5, 439.0,481.0,-1
5, 3, 439.0,481.0,-1
3, 6, 590.0,657.0,-1
6, 3, 590.0,657.0,-1
3, 7, 532.0,711.0,1
7, 3, 532.0,711.0,1
3, 8, 532.0,644.0,-1
8, 3, 532.0,644.0,-1
3, 9, 281.0,356.0,-1
9, 3, 281.0,356.0,-1
3, 10, 249.0,313.0,-1
10, 3, 249.0,313.0,-1
3, 11, 101.0,142.0,-1
11, 3, 101.0,142.0,-1
3, 12, 899.0,1256.0,-1
12, 3, 899.0,1256.0,-1
3, 13, 551.0,779.0,1
13, 3, 551.0,779.0,1
3, 14, 969.0,1255.0,-1
14, 3, 969.0,1255.0,-1
3, 15, 605.0,639.0,1
15, 3, 605.0,639.0,1
3, 16, 816.0,998.0,1
16, 3, 816.0,998.0,1
3, 3, 0.0,0.0,1
4, 5, 291.0,334.0,1
5, 4, 291.0,334.0,1
4, 6, 154.0,206.0,-1
6, 4, 154.0,206.0,-1
4, 7, 336.0,475.0,-1
7, 4, 336.0,475.0,-1
4, 8, 245.0,338.0,1
8, 4, 245.0,338.0,1
4, 9, 689.0,903.0,1
9, 4, 689.0,903.0,1
4, 10, 689.0,885.0,-1
10, 4, 689.0,885.0,-1
4, 11, 660.0,731.0,-1
11, 4, 660.0,731.0,-1
4, 12, 528.0,531.0,-1
12, 4, 528.0,531.0,-1
4, 13, 489.0,690.0,1
13, 4, 489.0,690.0,1
4, 14, 398.0,534.0,-1
14, 4, 398.0,534.0,-1
4, 15, 124.0,152.0,1
15, 4, 124.0,152.0,1
4, 16, 222.0,277.0,1
16, 4, 222.0,277.0,1
4, 4, 0.0,0.0,1
5, 6, 190.0,266.0,-1
6, 5, 190.0,266.0,-1
5, 7, 281.0,320.0,-1
7, 5, 281.0,320.0,-1
5, 8, 116.0,164.0,-1
8, 5, 116.0,164.0,-1
5, 9, 412.0,569.0,-1
9, 5, 412.0,569.0,-1
5, 10, 408.0,551.0,-1
10, 5, 408.0,551.0,-1
5, 11, 370.0,398.0,-1
11, 5, 370.0,398.0,-1
5, 12, 644.0,865.0,-1
12, 5, 644.0,865.0,-1
5, 13, 420.0,450.0,1
13, 5, 420.0,450.0,1
5, 14, 559.0,774.0,1
14, 5, 559.0,774.0,1
5, 15, 186.0,248.0,-1
15, 5, 186.0,248.0,-1
5, 16, 389.0,517.0,-1
16, 5, 389.0,517.0,-1
5, 5, 0.0,0.0,1
6, 7, 194.0,269.0,-1
7, 6, 194.0,269.0,-1
6, 8, 211.0,269.0,-1
8, 6, 211.0,269.0,-1
6, 9, 601.0,834.0,1
9, 6, 601.0,834.0,1
6, 10, 595.0,817.0,-1
10, 6, 595.0,817.0,-1
6, 11, 538.0,663.0,-1
11, 6, 538.0,663.0,-1
6, 12, 481.0,600.0,-1
12, 6, 481.0,600.0,-1
6, 13, 353.0,485.0,-1
13, 6, 353.0,485.0,-1
6, 14, 529.0,740.0,-1
14, 6, 529.0,740.0,-1
6, 15, 41.0,54.0,-1
15, 6, 41.0,54.0,-1
6, 16, 346.0,483.0,1
16, 6, 346.0,483.0,1
6, 6, 0.0,0.0,1
7, 8, 363.0,398.0,1
8, 7, 363.0,398.0,1
7, 9, 633.0,889.0,1
9, 7, 633.0,889.0,1
7, 10, 618.0,871.0,-1
10, 7, 618.0,871.0,-1
7, 11, 513.0,717.0,-1
11, 7, 513.0,717.0,-1
7, 12, 387.0,545.0,-1
12, 7, 387.0,545.0,-1
7, 13, 160.0,216.0,1
13, 7, 160.0,216.0,1
7, 14, 722.0,1009.0,-1
14, 7, 722.0,1009.0,-1
7, 15, 234.0,323.0,-1
15, 7, 234.0,323.0,-1
7, 16, 540.0,752.0,-1
16, 7, 540.0,752.0,-1
7, 7, 0.0,0.0,1
8, 9, 449.0,566.0,-1
9, 8, 449.0,566.0,-1
8, 10, 453.0,548.0,-1
10, 8, 453.0,548.0,-1
8, 11, 452.0,502.0,-1
11, 8, 452.0,502.0,-1
8, 12, 691.0,869.0,-1
12, 8, 691.0,869.0,-1
8, 13, 514.0,613.0,-1
13, 8, 514.0,613.0,-1
8, 14, 447.0,611.0,1
14, 8, 447.0,611.0,1
8, 15, 186.0,251.0,-1
15, 8, 186.0,251.0,-1
8, 16, 285.0,354.0,-1
16, 8, 285.0,354.0,-1
8, 8, 0.0,0.0,1
9, 10, 33.0,43.0,-1
10, 9, 33.0,43.0,-1
9, 11, 194.0,214.0,-1
11, 9, 194.0,214.0,-1
9, 12, 1020.0,1434.0,-1
12, 9, 1020.0,1434.0,-1
9, 13, 714.0,956.0,-1
13, 9, 714.0,956.0,-1
9, 14, 818.0,900.0,1
14, 9, 818.0,900.0,1
9, 15, 597.0,816.0,-1
15, 9, 597.0,816.0,-1
9, 16, 702.0,756.0,1
16, 9, 702.0,756.0,1
9, 9, 0.0,0.0,1
10, 11, 163.0,172.0,1
11, 10, 163.0,172.0,1
10, 12, 1005.0,1416.0,-1
12, 10, 1005.0,1416.0,-1
10, 13, 693.0,939.0,-1
13, 10, 693.0,939.0,-1
10, 14, 834.0,942.0,-1
14, 10, 834.0,942.0,-1
10, 15, 593.0,799.0,1
15, 10, 593.0,799.0,1
10, 16, 712.0,739.0,1
16, 10, 712.0,739.0,1
10, 10, 0.0,0.0,1
11, 12, 894.0,1262.0,-1
12, 11, 894.0,1262.0,-1
11, 13, 561.0,785.0,1
13, 11, 561.0,785.0,1
11, 14, 880.0,1113.0,-1
14, 11, 880.0,1113.0,-1
11, 15, 547.0,645.0,-1
15, 11, 547.0,645.0,-1
11, 16, 733.0,856.0,-1
16, 11, 733.0,856.0,-1
11, 11, 0.0,0.0,1
12, 13, 358.0,478.0,-1
13, 12, 358.0,478.0,-1
12, 14, 900.0,1059.0,-1
14, 12, 900.0,1059.0,-1
12, 15, 511.0,618.0,1
15, 12, 511.0,618.0,1
12, 16, 743.0,802.0,1
16, 12, 743.0,802.0,1
12, 12, 0.0,0.0,1
13, 14, 881.0,1224.0,-1
14, 13, 881.0,1224.0,-1
13, 15, 393.0,538.0,-1
15, 13, 393.0,538.0,-1
13, 16, 698.0,967.0,-1
16, 13, 698.0,967.0,-1
13, 13, 0.0,0.0,1
14, 15, 489.0,686.0,1
15, 14, 489.0,686.0,1
14, 16, 183.0,258.0,-1
16, 14, 183.0,258.0,-1
14, 14, 0.0,0.0,1
15, 16, 307.0,429.0,-1
16, 15, 307.0,429.0,-1
15, 15, 0.0,0.0,1
16, 16, 0.0,0.0,1


<end>