<number of nodes>
16

<ratio of available edges>
0.3

<max length of the drone flight>
100000 

<D 2/3>
1, 4, 6, 7, 8, 10, 12, 13, 14, 15, 16

<V>
4, 7, 8, 13, 14

<coordinates X,Y>
554.2204728469611, 978.6224919426188
934.5831426682886, 258.6735190444876
524.8279043420397, 84.43728272570488
70.56649507471303, 440.72548779297796
290.51892530444206, 109.63278962939818
690.8978641916165, 514.415853157792
162.19738598918084, 658.3046326782566
680.887129214233, 381.33184706786403
434.14911674823975, 559.5510070445838
966.851080808592, 623.2878222032016
892.4382048864616, 394.52198921380796
753.4787621563045, 812.4445381094282
678.6889260107814, 336.65238961796706
745.8056502407252, 916.5076057628571
548.7425044907287, 734.7017288085664
258.6534060672281, 582.1108411301307

<adjacency matrix with truck distances>
1, 2, 815.0,1101.0,1
2, 1, 815.0,1101.0,1
1, 3, 895.0,924.0,1
3, 1, 895.0,924.0,1
1, 4, 724.0,1022.0,-1
4, 1, 724.0,1022.0,-1
1, 5, 909.0,1133.0,-1
5, 1, 909.0,1133.0,-1
1, 6, 484.0,601.0,-1
6, 1, 484.0,601.0,-1
1, 7, 507.0,713.0,1
7, 1, 507.0,713.0,1
1, 8, 611.0,724.0,-1
8, 1, 611.0,724.0,-1
1, 9, 436.0,540.0,-1
9, 1, 436.0,540.0,-1
1, 10, 545.0,768.0,-1
10, 1, 545.0,768.0,-1
1, 11, 675.0,923.0,1
11, 1, 675.0,923.0,1
1, 12, 260.0,366.0,-1
12, 1, 260.0,366.0,-1
1, 13, 654.0,767.0,1
13, 1, 654.0,767.0,1
1, 14, 202.0,254.0,-1
14, 1, 202.0,254.0,-1
1, 15, 244.0,250.0,1
15, 1, 244.0,250.0,1
1, 16, 495.0,693.0,-1
16, 1, 495.0,693.0,-1
1, 1, 0.0,0.0,1
2, 3, 446.0,584.0,-1
3, 2, 446.0,584.0,-1
2, 4, 883.0,1047.0,-1
4, 2, 883.0,1047.0,-1
2, 5, 662.0,794.0,-1
5, 2, 662.0,794.0,-1
2, 6, 354.0,500.0,-1
6, 2, 354.0,500.0,-1
2, 7, 870.0,1173.0,-1
7, 2, 870.0,1173.0,-1
2, 8, 282.0,377.0,1
8, 2, 282.0,377.0,1
2, 9, 584.0,802.0,-1
9, 2, 584.0,802.0,-1
2, 10, 367.0,397.0,1
10, 2, 367.0,397.0,1
2, 11, 143.0,178.0,1
11, 2, 143.0,178.0,1
2, 12, 583.0,735.0,-1
12, 2, 583.0,735.0,-1
2, 13, 268.0,334.0,1
13, 2, 268.0,334.0,1
2, 14, 685.0,847.0,1
14, 2, 685.0,847.0,1
2, 15, 613.0,862.0,-1
15, 2, 613.0,862.0,-1
2, 16, 750.0,1000.0,-1
16, 2, 750.0,1000.0,-1
2, 2, 0.0,0.0,1
3, 4, 578.0,811.0,-1
4, 3, 578.0,811.0,-1
3, 5, 236.0,260.0,-1
5, 3, 236.0,260.0,-1
3, 6, 461.0,597.0,1
6, 3, 461.0,597.0,1
3, 7, 679.0,937.0,-1
7, 3, 679.0,937.0,-1
3, 8, 336.0,453.0,-1
8, 3, 336.0,453.0,-1
3, 9, 484.0,566.0,1
9, 3, 484.0,566.0,1
3, 10, 697.0,981.0,-1
10, 3, 697.0,981.0,-1
3, 11, 481.0,678.0,1
11, 3, 481.0,678.0,1
3, 12, 764.0,957.0,1
12, 3, 764.0,957.0,1
3, 13, 296.0,407.0,-1
13, 3, 296.0,407.0,-1
3, 14, 861.0,1054.0,-1
14, 3, 861.0,1054.0,-1
3, 15, 651.0,675.0,-1
15, 3, 651.0,675.0,-1
3, 16, 565.0,764.0,-1
16, 3, 565.0,764.0,-1
3, 3, 0.0,0.0,1
4, 5, 398.0,552.0,-1
5, 4, 398.0,552.0,-1
4, 6, 625.0,695.0,1
6, 4, 625.0,695.0,1
4, 7, 237.0,310.0,-1
7, 4, 237.0,310.0,-1
4, 8, 614.0,670.0,-1
8, 4, 614.0,670.0,-1
4, 9, 383.0,483.0,1
9, 4, 383.0,483.0,1
4, 10, 915.0,1079.0,1
10, 4, 915.0,1079.0,1
4, 11, 824.0,869.0,-1
11, 4, 824.0,869.0,-1
4, 12, 778.0,1055.0,-1
12, 4, 778.0,1055.0,-1
4, 13, 617.0,713.0,-1
13, 4, 617.0,713.0,-1
4, 14, 827.0,1152.0,-1
14, 4, 827.0,1152.0,-1
4, 15, 562.0,773.0,1
15, 4, 562.0,773.0,1
4, 16, 236.0,330.0,1
16, 4, 236.0,330.0,1
4, 4, 0.0,0.0,1
5, 6, 570.0,806.0,-1
6, 5, 570.0,806.0,-1
5, 7, 564.0,677.0,-1
7, 5, 564.0,677.0,-1
5, 8, 476.0,663.0,-1
8, 5, 476.0,663.0,-1
5, 9, 473.0,594.0,1
9, 5, 473.0,594.0,1
5, 10, 850.0,1190.0,-1
10, 5, 850.0,1190.0,-1
5, 11, 666.0,887.0,-1
11, 5, 666.0,887.0,-1
5, 12, 842.0,1166.0,-1
12, 5, 842.0,1166.0,-1
5, 13, 450.0,616.0,1
13, 5, 450.0,616.0,1
5, 14, 927.0,1263.0,1
14, 5, 927.0,1263.0,1
5, 15, 677.0,884.0,-1
15, 5, 677.0,884.0,-1
5, 16, 474.0,505.0,1
16, 5, 474.0,505.0,1
5, 5, 0.0,0.0,1
6, 7, 548.0,673.0,-1
7, 6, 548.0,673.0,-1
6, 8, 134.0,144.0,1
8, 6, 134.0,144.0,1
6, 9, 261.0,302.0,-1
9, 6, 261.0,302.0,-1
6, 10, 297.0,385.0,-1
10, 6, 297.0,385.0,-1
6, 11, 235.0,322.0,-1
11, 6, 235.0,322.0,-1
6, 12, 305.0,361.0,-1
12, 6, 305.0,361.0,-1
6, 13, 179.0,190.0,1
13, 6, 179.0,190.0,1
6, 14, 406.0,457.0,-1
14, 6, 406.0,457.0,-1
6, 15, 263.0,363.0,-1
15, 6, 263.0,363.0,-1
6, 16, 438.0,500.0,1
16, 6, 438.0,500.0,1
6, 6, 0.0,0.0,1
7, 8, 589.0,796.0,-1
8, 7, 589.0,796.0,-1
7, 9, 290.0,371.0,-1
9, 7, 290.0,371.0,-1
7, 10, 806.0,840.0,-1
10, 7, 806.0,840.0,-1
7, 11, 777.0,995.0,-1
11, 7, 777.0,995.0,-1
7, 12, 612.0,746.0,-1
12, 7, 612.0,746.0,-1
7, 13, 609.0,839.0,-1
13, 7, 609.0,839.0,-1
7, 14, 639.0,842.0,1
14, 7, 639.0,842.0,1
7, 15, 395.0,463.0,-1
15, 7, 395.0,463.0,-1
7, 16, 123.0,173.0,-1
16, 7, 123.0,173.0,-1
7, 7, 0.0,0.0,1
8, 9, 305.0,425.0,-1
9, 8, 305.0,425.0,-1
8, 10, 375.0,528.0,-1
10, 8, 375.0,528.0,-1
8, 11, 212.0,225.0,-1
11, 8, 212.0,225.0,-1
8, 12, 438.0,504.0,1
12, 8, 438.0,504.0,1
8, 13, 45.0,47.0,1
13, 8, 45.0,47.0,1
8, 14, 540.0,601.0,-1
14, 8, 540.0,601.0,-1
8, 15, 378.0,486.0,-1
15, 8, 378.0,486.0,-1
8, 16, 468.0,624.0,-1
16, 8, 468.0,624.0,-1
8, 8, 0.0,0.0,1
9, 10, 537.0,597.0,-1
10, 9, 537.0,597.0,-1
9, 11, 488.0,624.0,1
11, 9, 488.0,624.0,1
9, 12, 408.0,573.0,-1
12, 9, 408.0,573.0,-1
9, 13, 331.0,468.0,-1
13, 9, 331.0,468.0,-1
9, 14, 474.0,669.0,-1
14, 9, 474.0,669.0,-1
9, 15, 210.0,290.0,1
15, 9, 210.0,290.0,1
9, 16, 177.0,199.0,-1
16, 9, 177.0,199.0,-1
9, 9, 0.0,0.0,1
10, 11, 241.0,304.0,-1
11, 10, 241.0,304.0,-1
10, 12, 286.0,403.0,-1
12, 10, 286.0,403.0,-1
10, 13, 407.0,575.0,-1
13, 10, 407.0,575.0,-1
10, 14, 368.0,515.0,-1
14, 10, 368.0,515.0,-1
10, 15, 433.0,530.0,-1
15, 10, 433.0,530.0,-1
10, 16, 710.0,750.0,1
16, 10, 710.0,750.0,1
10, 10, 0.0,0.0,1
11, 12, 441.0,557.0,-1
12, 11, 441.0,557.0,-1
11, 13, 222.0,272.0,-1
13, 11, 222.0,272.0,-1
11, 14, 543.0,669.0,1
14, 11, 543.0,669.0,1
11, 15, 484.0,684.0,-1
15, 11, 484.0,684.0,-1
11, 16, 661.0,822.0,-1
16, 11, 661.0,822.0,-1
11, 11, 0.0,0.0,1
12, 13, 482.0,551.0,-1
13, 12, 482.0,551.0,-1
12, 14, 105.0,112.0,-1
14, 12, 105.0,112.0,-1
12, 15, 219.0,283.0,-1
15, 12, 219.0,283.0,-1
12, 16, 546.0,726.0,-1
16, 12, 546.0,726.0,-1
12, 12, 0.0,0.0,1
13, 14, 584.0,647.0,1
14, 13, 584.0,647.0,1
13, 15, 419.0,528.0,1
15, 13, 419.0,528.0,1
13, 16, 487.0,666.0,-1
16, 13, 487.0,666.0,-1
13, 13, 0.0,0.0,1
14, 15, 269.0,379.0,-1
15, 14, 269.0,379.0,-1
14, 16, 591.0,822.0,-1
16, 14, 591.0,822.0,-1
14, 14, 0.0,0.0,1
15, 16, 328.0,443.0,-1
16, 15, 328.0,443.0,-1
15, 15, 0.0,0.0,1
16, 16, 0.0,0.0,1


<end>