<number of nodes>
16

<ratio of available edges>
0.3

<max length of the drone flight>
100000 

<D 2/3>
1, 2, 4, 5, 7, 9, 11, 12, 13, 14, 16

<V>
2, 11, 12, 14, 16

<coordinates X,Y>
450.8257764765236, 927.1800224960394
576.6301099363145, 903.7870306059289
903.5862612850965, 357.1723237221116
371.26423760261224, 310.680229356003
241.0036734231904, 115.69653043839372
416.17494478579033, 663.4724594661088
306.42312513978135, 390.468744037992
263.59877371381765, 929.3661715214421
751.3969255094493, 682.4377409173891
377.8145751444622, 679.3877774936719
592.0667829001156, 192.20247161805455
723.9174936946487, 382.14121818972114
411.0694848196044, 499.05259853173186
787.5040435688384, 38.402155734913485
379.8228383026894, 59.04924140311529
393.78849526905765, 556.2797819167936

<adjacency matrix with truck distances>
1, 2, 128.0,150.0,-1
2, 1, 128.0,150.0,-1
1, 3, 728.0,1023.0,-1
3, 1, 728.0,1023.0,-1
1, 4, 622.0,697.0,1
4, 1, 622.0,697.0,1
1, 5, 839.0,1022.0,1
5, 1, 839.0,1022.0,1
1, 6, 266.0,299.0,-1
6, 1, 266.0,299.0,-1
1, 7, 556.0,682.0,-1
7, 1, 556.0,682.0,-1
1, 8, 188.0,190.0,-1
8, 1, 188.0,190.0,-1
1, 9, 388.0,546.0,1
9, 1, 388.0,546.0,1
1, 10, 259.0,321.0,-1
10, 1, 259.0,321.0,-1
1, 11, 749.0,877.0,-1
11, 1, 749.0,877.0,-1
1, 12, 610.0,819.0,-1
12, 1, 610.0,819.0,-1
1, 13, 430.0,468.0,-1
13, 1, 430.0,468.0,-1
1, 14, 951.0,1226.0,-1
14, 1, 951.0,1226.0,-1
1, 15, 872.0,940.0,1
15, 1, 872.0,940.0,1
1, 16, 376.0,428.0,-1
16, 1, 376.0,428.0,-1
1, 1, 0.0,0.0,1
2, 3, 637.0,874.0,-1
3, 2, 637.0,874.0,-1
2, 4, 628.0,799.0,-1
4, 2, 628.0,799.0,-1
2, 5, 857.0,1124.0,-1
5, 2, 857.0,1124.0,-1
2, 6, 289.0,401.0,-1
6, 2, 289.0,401.0,-1
2, 7, 581.0,784.0,-1
7, 2, 581.0,784.0,-1
2, 8, 315.0,339.0,-1
8, 2, 315.0,339.0,-1
2, 9, 283.0,397.0,-1
9, 2, 283.0,397.0,-1
2, 10, 300.0,424.0,-1
10, 2, 300.0,424.0,-1
2, 11, 712.0,728.0,-1
11, 2, 712.0,728.0,-1
2, 12, 543.0,669.0,1
12, 2, 543.0,669.0,1
2, 13, 438.0,571.0,-1
13, 2, 438.0,571.0,-1
2, 14, 891.0,1077.0,-1
14, 2, 891.0,1077.0,-1
2, 15, 868.0,1042.0,-1
15, 2, 868.0,1042.0,-1
2, 16, 393.0,531.0,-1
16, 2, 393.0,531.0,-1
2, 2, 0.0,0.0,1
3, 4, 535.0,579.0,-1
4, 3, 535.0,579.0,-1
3, 5, 706.0,905.0,1
5, 3, 706.0,905.0,1
3, 6, 576.0,794.0,-1
6, 3, 576.0,794.0,-1
3, 7, 599.0,631.0,1
7, 3, 599.0,631.0,1
3, 8, 859.0,1213.0,-1
8, 3, 859.0,1213.0,-1
3, 9, 360.0,478.0,1
9, 3, 360.0,478.0,1
3, 10, 617.0,848.0,-1
10, 3, 617.0,848.0,-1
3, 11, 353.0,477.0,-1
11, 3, 353.0,477.0,-1
3, 12, 182.0,205.0,-1
12, 3, 182.0,205.0,-1
3, 13, 513.0,635.0,-1
13, 3, 513.0,635.0,-1
3, 14, 340.0,435.0,-1
14, 3, 340.0,435.0,-1
3, 15, 603.0,822.0,1
15, 3, 603.0,822.0,1
3, 16, 548.0,709.0,-1
16, 3, 548.0,709.0,-1
3, 3, 0.0,0.0,1
4, 5, 235.0,326.0,-1
5, 4, 235.0,326.0,-1
4, 6, 356.0,398.0,-1
6, 4, 356.0,398.0,-1
4, 7, 103.0,145.0,1
7, 4, 103.0,145.0,1
4, 8, 628.0,727.0,-1
8, 4, 628.0,727.0,-1
4, 9, 532.0,752.0,-1
9, 4, 532.0,752.0,-1
4, 10, 369.0,376.0,1
10, 4, 369.0,376.0,1
4, 11, 251.0,340.0,1
11, 4, 251.0,340.0,1
4, 12, 360.0,425.0,1
12, 4, 360.0,425.0,1
4, 13, 193.0,229.0,-1
13, 4, 193.0,229.0,-1
4, 14, 498.0,689.0,1
14, 4, 498.0,689.0,1
4, 15, 252.0,261.0,1
15, 4, 252.0,261.0,1
4, 16, 247.0,269.0,-1
16, 4, 247.0,269.0,-1
4, 4, 0.0,0.0,1
5, 6, 576.0,723.0,-1
6, 5, 576.0,723.0,-1
5, 7, 283.0,341.0,-1
7, 5, 283.0,341.0,-1
5, 8, 814.0,837.0,-1
8, 5, 814.0,837.0,-1
5, 9, 763.0,1078.0,1
9, 5, 763.0,1078.0,1
5, 10, 581.0,701.0,-1
10, 5, 581.0,701.0,-1
5, 11, 360.0,428.0,-1
11, 5, 360.0,428.0,-1
5, 12, 552.0,750.0,-1
12, 5, 552.0,750.0,-1
5, 13, 420.0,554.0,1
13, 5, 420.0,554.0,1
5, 14, 552.0,624.0,-1
14, 5, 552.0,624.0,-1
5, 15, 150.0,196.0,1
15, 5, 150.0,196.0,1
5, 16, 467.0,594.0,-1
16, 5, 467.0,594.0,-1
5, 5, 0.0,0.0,1
6, 7, 295.0,383.0,-1
7, 6, 295.0,383.0,-1
6, 8, 307.0,419.0,-1
8, 6, 307.0,419.0,-1
6, 9, 336.0,355.0,1
9, 6, 336.0,355.0,1
6, 10, 42.0,55.0,1
10, 6, 42.0,55.0,1
6, 11, 504.0,648.0,1
11, 6, 504.0,648.0,1
6, 12, 417.0,590.0,1
12, 6, 417.0,590.0,1
6, 13, 165.0,170.0,1
13, 6, 165.0,170.0,1
6, 14, 728.0,997.0,1
14, 6, 728.0,997.0,1
6, 15, 606.0,641.0,-1
15, 6, 606.0,641.0,-1
6, 16, 110.0,130.0,-1
16, 6, 110.0,130.0,-1
6, 6, 0.0,0.0,1
7, 8, 541.0,582.0,-1
8, 7, 541.0,582.0,-1
7, 9, 533.0,737.0,1
9, 7, 533.0,737.0,1
7, 10, 298.0,361.0,1
10, 7, 298.0,361.0,1
7, 11, 348.0,484.0,-1
11, 7, 348.0,484.0,-1
7, 12, 418.0,426.0,1
12, 7, 418.0,426.0,1
7, 13, 151.0,214.0,-1
13, 7, 151.0,214.0,-1
7, 14, 597.0,834.0,-1
14, 7, 597.0,834.0,-1
7, 15, 340.0,405.0,1
15, 7, 340.0,405.0,1
7, 16, 188.0,254.0,-1
16, 7, 188.0,254.0,-1
7, 7, 0.0,0.0,1
8, 9, 547.0,735.0,-1
9, 8, 547.0,735.0,-1
8, 10, 275.0,365.0,-1
10, 8, 275.0,365.0,-1
8, 11, 808.0,1066.0,-1
11, 8, 808.0,1066.0,-1
8, 12, 716.0,1008.0,-1
12, 8, 716.0,1008.0,-1
8, 13, 455.0,578.0,-1
13, 8, 455.0,578.0,-1
8, 14, 1034.0,1415.0,1
14, 8, 1034.0,1415.0,1
8, 15, 879.0,987.0,-1
15, 8, 879.0,987.0,-1
8, 16, 396.0,504.0,1
16, 8, 396.0,504.0,1
8, 8, 0.0,0.0,1
9, 10, 374.0,377.0,-1
10, 9, 374.0,377.0,-1
9, 11, 516.0,650.0,1
11, 9, 516.0,650.0,1
9, 12, 302.0,328.0,-1
12, 9, 302.0,328.0,-1
9, 13, 387.0,524.0,1
13, 9, 387.0,524.0,1
9, 14, 646.0,681.0,-1
14, 9, 646.0,681.0,-1
9, 15, 726.0,995.0,-1
15, 9, 726.0,995.0,-1
9, 16, 380.0,484.0,1
16, 9, 380.0,484.0,1
9, 9, 0.0,0.0,1
10, 11, 533.0,702.0,-1
11, 10, 533.0,702.0,-1
10, 12, 457.0,644.0,-1
12, 10, 457.0,644.0,-1
10, 13, 184.0,214.0,-1
13, 10, 184.0,214.0,-1
10, 14, 761.0,1051.0,-1
14, 10, 761.0,1051.0,-1
10, 15, 621.0,623.0,-1
15, 10, 621.0,623.0,-1
10, 16, 125.0,140.0,-1
16, 10, 125.0,140.0,-1
10, 10, 0.0,0.0,1
11, 12, 232.0,322.0,-1
12, 11, 232.0,322.0,-1
11, 13, 357.0,488.0,1
13, 11, 357.0,488.0,1
11, 14, 249.0,350.0,1
14, 11, 249.0,350.0,1
11, 15, 251.0,346.0,-1
15, 11, 251.0,346.0,-1
11, 16, 415.0,563.0,-1
16, 11, 415.0,563.0,-1
11, 11, 0.0,0.0,1
12, 13, 334.0,430.0,1
13, 12, 334.0,430.0,1
12, 14, 350.0,408.0,-1
14, 12, 350.0,408.0,-1
12, 15, 473.0,668.0,-1
15, 12, 473.0,668.0,-1
12, 16, 374.0,505.0,-1
16, 12, 374.0,505.0,-1
12, 12, 0.0,0.0,1
13, 14, 595.0,838.0,-1
14, 13, 595.0,838.0,-1
13, 15, 442.0,472.0,-1
15, 13, 442.0,472.0,-1
13, 16, 60.0,75.0,-1
16, 13, 60.0,75.0,-1
13, 13, 0.0,0.0,1
14, 15, 409.0,429.0,-1
15, 14, 409.0,429.0,-1
14, 16, 651.0,912.0,-1
16, 14, 651.0,912.0,-1
14, 14, 0.0,0.0,1
15, 16, 498.0,512.0,-1
16, 15, 498.0,512.0,-1
15, 15, 0.0,0.0,1
16, 16, 0.0,0.0,1


<end>