<number of nodes>
16

<ratio of available edges>
0.3

<max length of the drone flight>
100000 

<D 2/3>
1, 2, 3, 4, 8, 9, 10, 11, 13, 14, 16

<V>
3, 4, 8, 9, 10

<coordinates X,Y>
393.4353727760305, 656.7444510962343
876.9722270512227, 236.57033168099107
292.6986271940155, 911.7326424708573
405.14624240903794, 293.97112238071645
626.1524545582794, 381.8118316745963
984.3842866330937, 83.47626568449228
267.19768881992763, 402.3049670179675
265.8233137553488, 298.7048026947778
752.4189517386062, 175.16141710040898
446.33727216678557, 985.0540707287256
264.6198966693333, 885.558996108453
776.6589657452938, 639.5509505319959
631.8935510328199, 861.7078838932969
563.7445051236746, 692.7112053525311
201.32572614697227, 802.660537344143
55.769386954945, 373.57105591268385

<adjacency matrix with truck distances>
1, 2, 641.0,904.0,-1
2, 1, 641.0,904.0,-1
1, 3, 275.0,356.0,1
3, 1, 275.0,356.0,1
1, 4, 363.0,375.0,1
4, 1, 363.0,375.0,1
1, 5, 361.0,508.0,-1
5, 1, 361.0,508.0,-1
1, 6, 824.0,1165.0,1
6, 1, 824.0,1165.0,1
1, 7, 285.0,381.0,-1
7, 1, 285.0,381.0,-1
1, 8, 381.0,486.0,-1
8, 1, 381.0,486.0,-1
1, 9, 601.0,841.0,-1
9, 1, 601.0,841.0,-1
1, 10, 333.0,382.0,-1
10, 1, 333.0,382.0,-1
1, 11, 263.0,358.0,1
11, 1, 263.0,358.0,1
1, 12, 384.0,401.0,-1
12, 1, 384.0,401.0,-1
1, 13, 315.0,444.0,1
13, 1, 315.0,444.0,1
1, 14, 175.0,207.0,-1
14, 1, 175.0,207.0,-1
1, 15, 242.0,339.0,-1
15, 1, 242.0,339.0,-1
1, 16, 441.0,621.0,-1
16, 1, 441.0,621.0,-1
1, 1, 0.0,0.0,1
2, 3, 893.0,1260.0,1
3, 2, 893.0,1260.0,1
2, 4, 476.0,530.0,-1
4, 2, 476.0,530.0,-1
2, 5, 290.0,397.0,-1
5, 2, 290.0,397.0,-1
2, 6, 188.0,261.0,1
6, 2, 188.0,261.0,1
2, 7, 632.0,776.0,-1
7, 2, 632.0,776.0,-1
2, 8, 615.0,674.0,-1
8, 2, 615.0,674.0,-1
2, 9, 139.0,186.0,-1
9, 2, 139.0,186.0,-1
2, 10, 864.0,1180.0,-1
10, 2, 864.0,1180.0,-1
2, 11, 893.0,1262.0,1
11, 2, 893.0,1262.0,1
2, 12, 416.0,504.0,-1
12, 2, 416.0,504.0,-1
2, 13, 672.0,871.0,-1
13, 2, 672.0,871.0,-1
2, 14, 554.0,770.0,-1
14, 2, 554.0,770.0,-1
2, 15, 882.0,1242.0,-1
15, 2, 882.0,1242.0,-1
2, 16, 833.0,959.0,-1
16, 2, 833.0,959.0,-1
2, 2, 0.0,0.0,1
3, 4, 628.0,731.0,-1
4, 3, 628.0,731.0,-1
3, 5, 627.0,864.0,-1
5, 3, 627.0,864.0,-1
3, 6, 1080.0,1520.0,-1
6, 3, 1080.0,1520.0,-1
3, 7, 511.0,535.0,-1
7, 3, 511.0,535.0,-1
3, 8, 614.0,640.0,-1
8, 3, 614.0,640.0,-1
3, 9, 869.0,1197.0,1
9, 3, 869.0,1197.0,1
3, 10, 171.0,227.0,-1
10, 3, 171.0,227.0,-1
3, 11, 39.0,55.0,-1
11, 3, 39.0,55.0,-1
3, 12, 556.0,757.0,-1
12, 3, 556.0,757.0,-1
3, 13, 343.0,390.0,-1
13, 3, 343.0,390.0,-1
3, 14, 349.0,491.0,-1
14, 3, 349.0,491.0,-1
3, 15, 143.0,201.0,-1
15, 3, 143.0,201.0,-1
3, 16, 589.0,776.0,-1
16, 3, 589.0,776.0,-1
3, 3, 0.0,0.0,1
4, 5, 238.0,309.0,1
5, 4, 238.0,309.0,1
4, 6, 617.0,790.0,-1
6, 4, 617.0,790.0,-1
4, 7, 176.0,247.0,-1
7, 4, 176.0,247.0,-1
4, 8, 140.0,145.0,1
8, 4, 140.0,145.0,1
4, 9, 368.0,467.0,-1
9, 4, 368.0,467.0,-1
4, 10, 693.0,733.0,-1
10, 4, 693.0,733.0,-1
4, 11, 609.0,733.0,-1
11, 4, 609.0,733.0,-1
4, 12, 508.0,718.0,-1
12, 4, 508.0,718.0,-1
4, 13, 612.0,795.0,1
13, 4, 612.0,795.0,1
4, 14, 430.0,558.0,-1
14, 4, 430.0,558.0,-1
4, 15, 549.0,713.0,1
15, 4, 549.0,713.0,1
4, 16, 359.0,429.0,-1
16, 4, 359.0,429.0,-1
4, 4, 0.0,0.0,1
5, 6, 467.0,657.0,1
6, 5, 467.0,657.0,1
5, 7, 360.0,380.0,-1
7, 5, 360.0,380.0,-1
5, 8, 370.0,444.0,-1
8, 5, 370.0,444.0,-1
5, 9, 243.0,333.0,-1
9, 5, 243.0,333.0,-1
5, 10, 630.0,784.0,-1
10, 5, 630.0,784.0,-1
5, 11, 621.0,866.0,-1
11, 5, 621.0,866.0,-1
5, 12, 299.0,409.0,-1
12, 5, 299.0,409.0,-1
5, 13, 480.0,486.0,-1
13, 5, 480.0,486.0,-1
5, 14, 318.0,374.0,1
14, 5, 318.0,374.0,1
5, 15, 598.0,846.0,1
15, 5, 598.0,846.0,1
5, 16, 571.0,579.0,-1
16, 5, 571.0,579.0,-1
5, 5, 0.0,0.0,1
6, 7, 785.0,1037.0,-1
7, 6, 785.0,1037.0,-1
6, 8, 751.0,934.0,1
8, 6, 751.0,934.0,1
6, 9, 250.0,324.0,1
9, 6, 250.0,324.0,1
6, 10, 1050.0,1440.0,1
10, 6, 1050.0,1440.0,1
6, 11, 1078.0,1522.0,1
11, 6, 1078.0,1522.0,1
6, 12, 594.0,764.0,1
12, 6, 594.0,764.0,1
6, 13, 855.0,1131.0,-1
13, 6, 855.0,1131.0,-1
6, 14, 741.0,1030.0,-1
14, 6, 741.0,1030.0,-1
6, 15, 1064.0,1503.0,1
15, 6, 1064.0,1503.0,1
6, 16, 973.0,1219.0,-1
16, 6, 973.0,1219.0,-1
6, 6, 0.0,0.0,1
7, 8, 104.0,105.0,1
8, 7, 104.0,105.0,1
7, 9, 536.0,713.0,-1
9, 7, 536.0,713.0,-1
7, 10, 610.0,762.0,1
10, 7, 610.0,762.0,1
7, 11, 484.0,486.0,-1
11, 7, 484.0,486.0,-1
7, 12, 562.0,747.0,-1
12, 7, 562.0,747.0,-1
7, 13, 587.0,825.0,1
13, 7, 587.0,825.0,1
7, 14, 416.0,587.0,-1
14, 7, 416.0,587.0,-1
7, 15, 406.0,467.0,-1
15, 7, 406.0,467.0,-1
7, 16, 214.0,241.0,-1
16, 7, 214.0,241.0,-1
7, 7, 0.0,0.0,1
8, 9, 503.0,611.0,-1
9, 8, 503.0,611.0,-1
8, 10, 710.0,867.0,-1
10, 8, 710.0,867.0,-1
8, 11, 587.0,589.0,-1
11, 8, 587.0,589.0,-1
8, 12, 615.0,852.0,-1
12, 8, 615.0,852.0,-1
8, 13, 672.0,930.0,1
13, 8, 672.0,930.0,1
8, 14, 494.0,692.0,-1
14, 8, 494.0,692.0,-1
8, 15, 509.0,569.0,1
15, 8, 509.0,569.0,1
8, 16, 223.0,285.0,-1
16, 8, 223.0,285.0,-1
8, 8, 0.0,0.0,1
9, 10, 866.0,1116.0,-1
10, 9, 866.0,1116.0,-1
9, 11, 862.0,1199.0,-1
11, 9, 862.0,1199.0,-1
9, 12, 466.0,489.0,-1
12, 9, 466.0,489.0,-1
9, 13, 698.0,808.0,-1
13, 9, 698.0,808.0,-1
9, 14, 551.0,707.0,-1
14, 9, 551.0,707.0,-1
9, 15, 836.0,1179.0,-1
15, 9, 836.0,1179.0,-1
9, 16, 725.0,896.0,-1
16, 9, 725.0,896.0,-1
9, 9, 0.0,0.0,1
10, 11, 208.0,282.0,1
11, 10, 208.0,282.0,1
10, 12, 479.0,676.0,1
12, 10, 479.0,676.0,1
10, 13, 223.0,309.0,1
13, 10, 223.0,309.0,1
10, 14, 316.0,410.0,-1
14, 10, 316.0,410.0,-1
10, 15, 306.0,428.0,1
15, 10, 306.0,428.0,1
10, 16, 726.0,1003.0,1
16, 10, 726.0,1003.0,1
10, 10, 0.0,0.0,1
11, 12, 569.0,759.0,-1
12, 11, 569.0,759.0,-1
11, 13, 369.0,392.0,-1
13, 11, 369.0,392.0,-1
11, 14, 356.0,492.0,-1
14, 11, 356.0,492.0,-1
11, 15, 105.0,147.0,-1
15, 11, 105.0,147.0,-1
11, 16, 553.0,721.0,-1
16, 11, 553.0,721.0,-1
11, 11, 0.0,0.0,1
12, 13, 266.0,367.0,-1
13, 12, 266.0,367.0,-1
12, 14, 220.0,267.0,1
14, 12, 220.0,267.0,1
12, 15, 599.0,739.0,1
15, 12, 599.0,739.0,1
12, 16, 769.0,987.0,-1
16, 12, 769.0,987.0,-1
12, 12, 0.0,0.0,1
13, 14, 183.0,238.0,-1
14, 13, 183.0,238.0,-1
13, 15, 435.0,490.0,1
15, 13, 435.0,490.0,1
13, 16, 756.0,1065.0,-1
16, 13, 756.0,1065.0,-1
13, 13, 0.0,0.0,1
14, 15, 379.0,473.0,1
15, 14, 379.0,473.0,1
14, 16, 600.0,828.0,-1
16, 14, 600.0,828.0,-1
14, 14, 0.0,0.0,1
15, 16, 454.0,575.0,-1
16, 15, 454.0,575.0,-1
15, 15, 0.0,0.0,1
16, 16, 0.0,0.0,1


<end>