<number of nodes>
16

<ratio of available edges>
0.3

<max length of the drone flight>
100000 

<D 2/3>
1, 2, 4, 5, 6, 7, 8, 11, 12, 13, 15

<V>
2, 5, 6, 12, 13

<coordinates X,Y>
795.2435737866641, 653.3178356991484
129.6774451504828, 615.3290352236133
180.75218062829111, 937.6696484146316
415.13339718104186, 831.9533568298918
761.6070957843946, 601.5673486573845
651.4626503080992, 435.6254583352179
187.03537508349368, 326.85706023541997
533.1747848088168, 703.4364368143999
695.1169716091118, 444.9090717429893
454.47844791663505, 606.0970894162253
50.42542156870522, -0.485299245239291
689.7301223720983, 127.33339613267006
898.3972337804416, 570.4999012894191
386.0465559049448, 90.20140502407948
99.99312039276391, 146.87801597100375
135.92532433217494, 454.34968709616305

<adjacency matrix with truck distances>
1, 2, 667.0,704.0,-1
2, 1, 667.0,704.0,-1
1, 3, 678.0,899.0,-1
3, 1, 678.0,899.0,-1
1, 4, 420.0,559.0,1
4, 1, 420.0,559.0,1
1, 5, 62.0,86.0,-1
5, 1, 62.0,86.0,-1
1, 6, 261.0,362.0,-1
6, 1, 261.0,362.0,-1
1, 7, 691.0,935.0,-1
7, 1, 691.0,935.0,-1
1, 8, 267.0,313.0,-1
8, 1, 267.0,313.0,-1
1, 9, 232.0,309.0,-1
9, 1, 232.0,309.0,-1
1, 10, 345.0,388.0,1
10, 1, 345.0,388.0,1
1, 11, 992.0,1399.0,1
11, 1, 992.0,1399.0,1
1, 12, 537.0,632.0,1
12, 1, 537.0,632.0,1
1, 13, 133.0,186.0,1
13, 1, 133.0,186.0,1
1, 14, 697.0,973.0,-1
14, 1, 697.0,973.0,-1
1, 15, 861.0,1202.0,-1
15, 1, 861.0,1202.0,-1
1, 16, 689.0,859.0,-1
16, 1, 689.0,859.0,-1
1, 1, 0.0,0.0,1
2, 3, 327.0,374.0,-1
3, 2, 327.0,374.0,-1
2, 4, 359.0,503.0,1
4, 2, 359.0,503.0,1
2, 5, 633.0,646.0,-1
5, 2, 633.0,646.0,-1
2, 6, 552.0,702.0,-1
6, 2, 552.0,702.0,-1
2, 7, 295.0,346.0,-1
7, 2, 295.0,346.0,-1
2, 8, 414.0,492.0,-1
8, 2, 414.0,492.0,-1
2, 9, 591.0,736.0,-1
9, 2, 591.0,736.0,-1
2, 10, 325.0,335.0,-1
10, 2, 325.0,335.0,-1
2, 11, 621.0,696.0,-1
11, 2, 621.0,696.0,-1
2, 12, 743.0,1049.0,1
12, 2, 743.0,1049.0,1
2, 13, 771.0,814.0,-1
13, 2, 771.0,814.0,-1
2, 14, 585.0,782.0,-1
14, 2, 585.0,782.0,-1
2, 15, 470.0,499.0,-1
15, 2, 470.0,499.0,-1
2, 16, 162.0,168.0,-1
16, 2, 162.0,168.0,-1
2, 2, 0.0,0.0,1
3, 4, 258.0,341.0,-1
4, 3, 258.0,341.0,-1
3, 5, 672.0,917.0,-1
5, 3, 672.0,917.0,-1
3, 6, 689.0,973.0,1
6, 3, 689.0,973.0,1
3, 7, 611.0,618.0,-1
7, 3, 611.0,618.0,-1
3, 8, 424.0,587.0,1
8, 3, 424.0,587.0,1
3, 9, 713.0,1008.0,-1
9, 3, 713.0,1008.0,-1
3, 10, 430.0,606.0,-1
10, 3, 430.0,606.0,-1
3, 11, 948.0,1069.0,-1
11, 3, 948.0,1069.0,-1
3, 12, 957.0,1320.0,1
12, 3, 957.0,1320.0,1
3, 13, 807.0,1085.0,1
13, 3, 807.0,1085.0,1
3, 14, 872.0,1053.0,-1
14, 3, 872.0,1053.0,-1
3, 15, 795.0,872.0,1
15, 3, 795.0,872.0,1
3, 16, 486.0,529.0,-1
16, 3, 486.0,529.0,-1
3, 3, 0.0,0.0,1
4, 5, 417.0,577.0,1
5, 4, 417.0,577.0,1
4, 6, 462.0,633.0,1
6, 4, 462.0,633.0,1
4, 7, 555.0,734.0,-1
7, 4, 555.0,734.0,-1
4, 8, 175.0,247.0,-1
8, 4, 175.0,247.0,-1
4, 9, 478.0,668.0,-1
9, 4, 478.0,668.0,-1
4, 10, 230.0,266.0,-1
10, 4, 230.0,266.0,-1
4, 11, 909.0,1198.0,-1
11, 4, 909.0,1198.0,-1
4, 12, 757.0,980.0,-1
12, 4, 757.0,980.0,-1
4, 13, 550.0,745.0,-1
13, 4, 550.0,745.0,-1
4, 14, 743.0,771.0,1
14, 4, 743.0,771.0,1
4, 15, 755.0,1001.0,-1
15, 4, 755.0,1001.0,-1
4, 16, 470.0,657.0,-1
16, 4, 470.0,657.0,-1
4, 4, 0.0,0.0,1
5, 6, 200.0,277.0,-1
6, 5, 200.0,277.0,-1
5, 7, 637.0,850.0,-1
7, 5, 637.0,850.0,-1
5, 8, 251.0,331.0,-1
8, 5, 251.0,331.0,-1
5, 9, 171.0,224.0,-1
9, 5, 171.0,224.0,-1
5, 10, 308.0,312.0,1
10, 5, 308.0,312.0,1
5, 11, 932.0,1314.0,-1
11, 5, 932.0,1314.0,-1
5, 12, 480.0,547.0,-1
12, 5, 480.0,547.0,-1
5, 13, 141.0,168.0,1
13, 5, 141.0,168.0,1
5, 14, 635.0,887.0,-1
14, 5, 635.0,887.0,-1
5, 15, 803.0,1117.0,1
15, 5, 803.0,1117.0,1
5, 16, 643.0,773.0,-1
16, 5, 643.0,773.0,-1
5, 5, 0.0,0.0,1
6, 7, 477.0,574.0,1
7, 6, 477.0,574.0,1
6, 8, 293.0,387.0,-1
8, 6, 293.0,387.0,-1
6, 9, 45.0,53.0,-1
9, 6, 45.0,53.0,-1
6, 10, 261.0,368.0,-1
10, 6, 261.0,368.0,-1
6, 11, 743.0,1038.0,-1
11, 6, 743.0,1038.0,-1
6, 12, 311.0,347.0,1
12, 6, 311.0,347.0,1
6, 13, 282.0,382.0,-1
13, 6, 282.0,382.0,-1
6, 14, 436.0,611.0,1
14, 6, 436.0,611.0,1
6, 15, 623.0,841.0,1
15, 6, 623.0,841.0,1
6, 16, 516.0,535.0,-1
16, 6, 516.0,535.0,-1
6, 6, 0.0,0.0,1
7, 8, 512.0,723.0,1
8, 7, 512.0,723.0,1
7, 9, 522.0,627.0,-1
9, 7, 522.0,627.0,-1
7, 10, 387.0,547.0,-1
10, 7, 387.0,547.0,-1
7, 11, 355.0,464.0,1
11, 7, 355.0,464.0,1
7, 12, 541.0,703.0,-1
12, 7, 541.0,703.0,-1
7, 13, 752.0,956.0,-1
13, 7, 752.0,956.0,-1
7, 14, 310.0,436.0,1
14, 7, 310.0,436.0,1
7, 15, 200.0,268.0,-1
15, 7, 200.0,268.0,-1
7, 16, 138.0,179.0,1
16, 7, 138.0,179.0,1
7, 7, 0.0,0.0,1
8, 9, 306.0,421.0,-1
9, 8, 306.0,421.0,-1
8, 10, 126.0,177.0,-1
10, 8, 126.0,177.0,-1
8, 11, 854.0,1187.0,-1
11, 8, 854.0,1187.0,-1
8, 12, 597.0,733.0,1
12, 8, 597.0,733.0,1
8, 13, 389.0,499.0,-1
13, 8, 389.0,499.0,-1
8, 14, 631.0,761.0,-1
14, 8, 631.0,761.0,-1
8, 15, 706.0,990.0,-1
15, 8, 706.0,990.0,-1
8, 16, 469.0,647.0,-1
16, 8, 469.0,647.0,-1
8, 8, 0.0,0.0,1
9, 10, 290.0,402.0,-1
10, 9, 290.0,402.0,-1
9, 11, 784.0,1091.0,1
11, 9, 784.0,1091.0,1
9, 12, 318.0,323.0,-1
12, 9, 318.0,323.0,-1
9, 13, 239.0,329.0,1
13, 9, 239.0,329.0,1
9, 14, 471.0,664.0,-1
14, 9, 471.0,664.0,-1
9, 15, 666.0,894.0,-1
15, 9, 666.0,894.0,-1
9, 16, 560.0,569.0,1
16, 9, 560.0,569.0,1
9, 9, 0.0,0.0,1
10, 11, 729.0,1011.0,-1
11, 10, 729.0,1011.0,-1
10, 12, 534.0,715.0,-1
12, 10, 534.0,715.0,-1
10, 13, 446.0,480.0,-1
13, 10, 446.0,480.0,-1
10, 14, 521.0,585.0,-1
14, 10, 521.0,585.0,-1
10, 15, 581.0,814.0,1
15, 10, 581.0,814.0,1
10, 16, 353.0,471.0,-1
16, 10, 353.0,471.0,-1
10, 10, 0.0,0.0,1
11, 12, 652.0,768.0,-1
12, 11, 652.0,768.0,-1
11, 13, 1023.0,1419.0,-1
13, 11, 1023.0,1419.0,-1
11, 14, 348.0,427.0,1
14, 11, 348.0,427.0,1
11, 15, 156.0,197.0,-1
15, 11, 156.0,197.0,-1
11, 16, 463.0,541.0,-1
16, 11, 463.0,541.0,-1
11, 11, 0.0,0.0,1
12, 13, 490.0,652.0,-1
13, 12, 490.0,652.0,-1
12, 14, 306.0,341.0,1
14, 12, 306.0,341.0,1
12, 15, 591.0,610.0,1
15, 12, 591.0,610.0,1
12, 16, 644.0,881.0,-1
16, 12, 644.0,881.0,-1
12, 12, 0.0,0.0,1
13, 14, 703.0,993.0,1
14, 13, 703.0,993.0,1
13, 15, 904.0,1223.0,-1
15, 13, 904.0,1223.0,-1
13, 16, 772.0,879.0,-1
16, 13, 772.0,879.0,-1
13, 13, 0.0,0.0,1
14, 15, 292.0,343.0,1
15, 14, 292.0,343.0,1
14, 16, 442.0,615.0,-1
16, 14, 442.0,615.0,-1
14, 14, 0.0,0.0,1
15, 16, 310.0,344.0,-1
16, 15, 310.0,344.0,-1
15, 15, 0.0,0.0,1
16, 16, 0.0,0.0,1


<end>