<number of nodes>
16

<ratio of available edges>
0.3

<max length of the drone flight>
100000 

<D 2/3>
1, 3, 4, 5, 8, 9, 10, 11, 13, 14, 15

<V>
4, 5, 9, 13, 15

<coordinates X,Y>
910.2534134736163, 459.199672223819
67.64156355884606, 747.8147448511698
793.3563515310352, 627.3092092433237
197.76695418301318, 22.87909178632285
858.4921228464758, 415.24546409596155
870.5440322784885, 786.8110475343464
669.3217891466285, 76.24265229206809
902.8370113591699, 679.0990467060918
645.3199932472698, 716.5037704684203
796.4670790159353, 900.5246771770949
578.5342474162552, 820.8898678866732
753.2683425994151, 744.4012330063682
312.26088224015353, 836.9223090336676
443.86728154561456, 671.1304344220501
207.82854586342603, 650.5282609363001
300.2244639013762, 370.2099938655303

<adjacency matrix with truck distances>
1, 2, 891.0,1132.0,1
2, 1, 891.0,1132.0,1
1, 3, 205.0,286.0,-1
3, 1, 205.0,286.0,-1
1, 4, 836.0,1149.0,-1
4, 1, 836.0,1149.0,-1
1, 5, 68.0,96.0,-1
5, 1, 68.0,96.0,-1
1, 6, 331.0,368.0,-1
6, 1, 331.0,368.0,-1
1, 7, 453.0,624.0,-1
7, 1, 453.0,624.0,-1
1, 8, 221.0,228.0,-1
8, 1, 221.0,228.0,-1
1, 9, 370.0,523.0,-1
9, 1, 370.0,523.0,-1
1, 10, 456.0,556.0,1
10, 1, 456.0,556.0,1
1, 11, 491.0,694.0,-1
11, 1, 491.0,694.0,-1
1, 12, 326.0,443.0,1
12, 1, 326.0,443.0,1
1, 13, 708.0,976.0,-1
13, 1, 708.0,976.0,-1
1, 14, 513.0,679.0,1
14, 1, 513.0,679.0,1
1, 15, 729.0,894.0,-1
15, 1, 729.0,894.0,-1
1, 16, 617.0,700.0,-1
16, 1, 617.0,700.0,-1
1, 1, 0.0,0.0,1
2, 3, 736.0,847.0,1
3, 2, 736.0,847.0,1
2, 4, 737.0,856.0,1
4, 2, 737.0,856.0,1
2, 5, 858.0,1124.0,-1
5, 2, 858.0,1124.0,-1
2, 6, 804.0,842.0,1
6, 2, 804.0,842.0,1
2, 7, 902.0,1274.0,1
7, 2, 902.0,1274.0,1
2, 8, 839.0,904.0,1
8, 2, 839.0,904.0,1
2, 9, 579.0,609.0,-1
9, 2, 579.0,609.0,-1
2, 10, 745.0,882.0,-1
10, 2, 745.0,882.0,-1
2, 11, 517.0,584.0,1
11, 2, 517.0,584.0,1
2, 12, 686.0,690.0,-1
12, 2, 686.0,690.0,-1
2, 13, 261.0,334.0,-1
13, 2, 261.0,334.0,-1
2, 14, 384.0,453.0,-1
14, 2, 384.0,453.0,-1
2, 15, 171.0,238.0,-1
15, 2, 171.0,238.0,-1
2, 16, 444.0,611.0,-1
16, 2, 444.0,611.0,-1
2, 2, 0.0,0.0,1
3, 4, 849.0,1201.0,-1
4, 3, 849.0,1201.0,-1
3, 5, 222.0,278.0,-1
5, 3, 222.0,278.0,-1
3, 6, 178.0,237.0,-1
6, 3, 178.0,237.0,-1
3, 7, 565.0,676.0,-1
7, 3, 565.0,676.0,-1
3, 8, 122.0,162.0,1
8, 3, 122.0,162.0,1
3, 9, 173.0,238.0,1
9, 3, 173.0,238.0,1
3, 10, 274.0,277.0,-1
10, 3, 274.0,277.0,-1
3, 11, 290.0,409.0,1
11, 3, 290.0,409.0,1
3, 12, 124.0,158.0,1
12, 3, 124.0,158.0,1
3, 13, 525.0,691.0,-1
13, 3, 525.0,691.0,-1
3, 14, 353.0,394.0,-1
14, 3, 353.0,394.0,-1
3, 15, 586.0,609.0,-1
15, 3, 586.0,609.0,-1
3, 16, 557.0,751.0,1
16, 3, 557.0,751.0,1
3, 3, 0.0,0.0,1
4, 5, 769.0,1054.0,1
5, 4, 769.0,1054.0,1
4, 6, 1018.0,1437.0,-1
6, 4, 1018.0,1437.0,-1
4, 7, 475.0,525.0,1
7, 4, 475.0,525.0,1
4, 8, 964.0,1362.0,-1
8, 4, 964.0,1362.0,-1
4, 9, 826.0,1142.0,-1
9, 4, 826.0,1142.0,-1
4, 10, 1063.0,1477.0,-1
10, 4, 1063.0,1477.0,-1
4, 11, 885.0,1179.0,-1
11, 4, 885.0,1179.0,-1
4, 12, 911.0,1278.0,1
12, 4, 911.0,1278.0,1
4, 13, 823.0,929.0,1
13, 4, 823.0,929.0,1
4, 14, 694.0,895.0,-1
14, 4, 694.0,895.0,-1
4, 15, 628.0,638.0,-1
15, 4, 628.0,638.0,-1
4, 16, 363.0,450.0,-1
16, 4, 363.0,450.0,-1
4, 4, 0.0,0.0,1
5, 6, 372.0,384.0,1
6, 5, 372.0,384.0,1
5, 7, 389.0,529.0,-1
7, 5, 389.0,529.0,-1
5, 8, 268.0,309.0,-1
8, 5, 268.0,309.0,-1
5, 9, 370.0,515.0,1
9, 5, 370.0,515.0,1
5, 10, 490.0,548.0,-1
10, 5, 490.0,548.0,-1
5, 11, 493.0,686.0,-1
11, 5, 493.0,686.0,-1
5, 12, 346.0,435.0,-1
12, 5, 346.0,435.0,-1
5, 13, 691.0,968.0,-1
13, 5, 691.0,968.0,-1
5, 14, 488.0,671.0,1
14, 5, 488.0,671.0,1
5, 15, 692.0,886.0,1
15, 5, 692.0,886.0,1
5, 16, 561.0,604.0,-1
16, 5, 561.0,604.0,-1
5, 5, 0.0,0.0,1
6, 7, 739.0,912.0,-1
7, 6, 739.0,912.0,-1
6, 8, 113.0,141.0,-1
8, 6, 113.0,141.0,-1
6, 9, 236.0,296.0,-1
9, 6, 236.0,296.0,-1
6, 10, 136.0,188.0,-1
10, 6, 136.0,188.0,-1
6, 11, 294.0,327.0,-1
11, 6, 294.0,327.0,-1
6, 12, 125.0,160.0,-1
12, 6, 125.0,160.0,-1
6, 13, 561.0,609.0,1
13, 6, 561.0,609.0,1
6, 14, 443.0,543.0,-1
14, 6, 443.0,543.0,-1
6, 15, 677.0,799.0,-1
15, 6, 677.0,799.0,-1
6, 16, 707.0,987.0,-1
16, 6, 707.0,987.0,-1
6, 6, 0.0,0.0,1
7, 8, 647.0,837.0,-1
8, 7, 647.0,837.0,-1
7, 9, 641.0,665.0,-1
9, 7, 641.0,665.0,-1
7, 10, 835.0,952.0,1
10, 7, 835.0,952.0,1
7, 11, 751.0,836.0,1
11, 7, 751.0,836.0,1
7, 12, 674.0,753.0,-1
12, 7, 674.0,753.0,-1
7, 13, 841.0,1118.0,-1
13, 7, 841.0,1118.0,-1
7, 14, 637.0,821.0,-1
14, 7, 637.0,821.0,-1
7, 15, 737.0,1036.0,1
15, 7, 737.0,1036.0,1
7, 16, 472.0,664.0,-1
16, 7, 472.0,664.0,-1
7, 7, 0.0,0.0,1
8, 9, 261.0,295.0,-1
9, 8, 261.0,295.0,-1
8, 10, 246.0,328.0,-1
10, 8, 246.0,328.0,-1
8, 11, 354.0,467.0,-1
11, 8, 354.0,467.0,-1
8, 12, 164.0,215.0,-1
12, 8, 164.0,215.0,-1
8, 13, 612.0,749.0,1
13, 8, 612.0,749.0,1
8, 14, 460.0,467.0,-1
14, 8, 460.0,467.0,-1
8, 15, 696.0,724.0,-1
15, 8, 696.0,724.0,-1
8, 16, 678.0,912.0,-1
16, 8, 678.0,912.0,-1
8, 8, 0.0,0.0,1
9, 10, 239.0,336.0,1
10, 9, 239.0,336.0,1
9, 11, 124.0,172.0,-1
11, 9, 124.0,172.0,-1
9, 12, 112.0,136.0,-1
12, 9, 112.0,136.0,-1
9, 13, 355.0,454.0,1
13, 9, 355.0,454.0,1
9, 14, 207.0,247.0,-1
14, 9, 207.0,247.0,-1
9, 15, 443.0,504.0,-1
15, 9, 443.0,504.0,-1
9, 16, 489.0,692.0,-1
16, 9, 489.0,692.0,-1
9, 9, 0.0,0.0,1
10, 11, 233.0,298.0,-1
11, 10, 233.0,298.0,-1
10, 12, 162.0,200.0,-1
12, 10, 162.0,200.0,-1
10, 13, 489.0,548.0,1
13, 10, 489.0,548.0,1
10, 14, 421.0,582.0,1
14, 10, 421.0,582.0,1
10, 15, 640.0,839.0,-1
15, 10, 640.0,839.0,-1
10, 16, 727.0,1027.0,-1
16, 10, 727.0,1027.0,-1
10, 10, 0.0,0.0,1
11, 12, 191.0,252.0,-1
12, 11, 191.0,252.0,-1
11, 13, 267.0,283.0,-1
13, 11, 267.0,283.0,-1
11, 14, 202.0,285.0,1
14, 11, 202.0,285.0,1
11, 15, 408.0,542.0,1
15, 11, 408.0,542.0,1
11, 16, 530.0,729.0,-1
16, 11, 530.0,729.0,-1
11, 11, 0.0,0.0,1
12, 13, 451.0,534.0,-1
13, 12, 451.0,534.0,-1
12, 14, 318.0,383.0,1
14, 12, 318.0,383.0,1
12, 15, 554.0,640.0,1
15, 12, 554.0,640.0,1
12, 16, 588.0,828.0,-1
16, 12, 588.0,828.0,-1
12, 12, 0.0,0.0,1
13, 14, 212.0,298.0,-1
14, 13, 212.0,298.0,-1
13, 15, 214.0,291.0,-1
15, 13, 214.0,291.0,-1
13, 16, 467.0,479.0,-1
16, 13, 467.0,479.0,-1
13, 13, 0.0,0.0,1
14, 15, 237.0,257.0,-1
15, 14, 237.0,257.0,-1
14, 16, 334.0,445.0,-1
16, 14, 334.0,445.0,-1
14, 14, 0.0,0.0,1
15, 16, 296.0,373.0,-1
16, 15, 296.0,373.0,-1
15, 15, 0.0,0.0,1
16, 16, 0.0,0.0,1


<end>