<number of nodes>
16

<ratio of available edges>
0.3

<max length of the drone flight>
100000 

<D 2/3>
1, 2, 3, 5, 9, 10, 11, 12, 13, 15, 16

<V>
2, 3, 5, 9, 10

<coordinates X,Y>
975.7628606064325, 136.55553235593976
294.9449929597586, 834.7655435466929
528.8963812675842, 551.060469747812
108.62353979101165, 761.1396143339593
628.4599775839982, 182.7361489176536
78.54682700426453, 678.8589134767469
855.1217319124366, 784.2630061882038
461.5367188374058, 256.2487489848981
684.6711821957706, 711.1629325281293
957.6009730753748, 785.3909880993892
885.7837083326515, 606.3201674367958
225.88226732085067, 878.4434694300331
485.0227957372636, 514.5229908698799
144.7092673960883, 222.06700754957694
203.72709059682313, 829.3275773001093
914.2822457567092, 797.7184437759616

<adjacency matrix with truck distances>
1, 2, 976.0,1380.0,-1
2, 1, 976.0,1380.0,-1
1, 3, 610.0,862.0,1
3, 1, 610.0,862.0,1
1, 4, 1069.0,1492.0,-1
4, 1, 1069.0,1492.0,-1
1, 5, 351.0,394.0,1
5, 1, 351.0,394.0,1
1, 6, 1049.0,1440.0,-1
6, 1, 1049.0,1440.0,-1
1, 7, 659.0,769.0,-1
7, 1, 659.0,769.0,-1
1, 8, 528.0,634.0,-1
8, 1, 528.0,634.0,-1
1, 9, 645.0,866.0,-1
9, 1, 645.0,866.0,-1
1, 10, 650.0,667.0,-1
10, 1, 650.0,667.0,-1
1, 11, 479.0,560.0,1
11, 1, 479.0,560.0,1
1, 12, 1055.0,1492.0,-1
12, 1, 1055.0,1492.0,-1
1, 13, 620.0,869.0,-1
13, 1, 620.0,869.0,-1
1, 14, 836.0,917.0,-1
14, 1, 836.0,917.0,-1
1, 15, 1038.0,1465.0,1
15, 1, 1038.0,1465.0,1
1, 16, 665.0,723.0,-1
16, 1, 665.0,723.0,-1
1, 1, 0.0,0.0,1
2, 3, 368.0,518.0,-1
3, 2, 368.0,518.0,-1
2, 4, 201.0,260.0,-1
4, 2, 201.0,260.0,-1
2, 5, 733.0,986.0,-1
5, 2, 733.0,986.0,-1
2, 6, 267.0,373.0,-1
6, 2, 267.0,373.0,-1
2, 7, 563.0,611.0,1
7, 2, 563.0,611.0,1
2, 8, 603.0,746.0,-1
8, 2, 603.0,746.0,-1
2, 9, 409.0,514.0,-1
9, 2, 409.0,514.0,-1
2, 10, 665.0,713.0,-1
10, 2, 665.0,713.0,-1
2, 11, 634.0,820.0,1
11, 2, 634.0,820.0,1
2, 12, 82.0,113.0,-1
12, 2, 82.0,113.0,-1
2, 13, 373.0,511.0,-1
13, 2, 373.0,511.0,-1
2, 14, 631.0,763.0,-1
14, 2, 631.0,763.0,-1
2, 15, 92.0,97.0,1
15, 2, 92.0,97.0,1
2, 16, 621.0,657.0,-1
16, 2, 621.0,657.0,-1
2, 2, 0.0,0.0,1
3, 4, 470.0,631.0,-1
4, 3, 470.0,631.0,-1
3, 5, 382.0,468.0,-1
5, 3, 382.0,468.0,-1
3, 6, 469.0,579.0,-1
6, 3, 469.0,579.0,-1
3, 7, 402.0,560.0,1
7, 3, 402.0,560.0,1
3, 8, 303.0,363.0,1
8, 3, 303.0,363.0,1
3, 9, 224.0,316.0,-1
9, 3, 224.0,316.0,-1
3, 10, 489.0,664.0,1
10, 3, 489.0,664.0,1
3, 11, 362.0,413.0,-1
11, 3, 362.0,413.0,-1
3, 12, 447.0,631.0,1
12, 3, 447.0,631.0,1
3, 13, 58.0,81.0,-1
13, 3, 58.0,81.0,-1
3, 14, 506.0,714.0,-1
14, 3, 506.0,714.0,-1
3, 15, 428.0,604.0,1
15, 3, 428.0,604.0,1
3, 16, 458.0,633.0,-1
16, 3, 458.0,633.0,-1
3, 3, 0.0,0.0,1
4, 5, 778.0,1099.0,-1
5, 4, 778.0,1099.0,-1
4, 6, 88.0,113.0,1
6, 4, 88.0,113.0,1
4, 7, 747.0,770.0,-1
7, 4, 747.0,770.0,-1
4, 8, 617.0,858.0,-1
8, 4, 617.0,858.0,-1
4, 9, 579.0,627.0,-1
9, 4, 579.0,627.0,-1
4, 10, 850.0,874.0,-1
10, 4, 850.0,874.0,-1
4, 11, 793.0,932.0,-1
11, 4, 793.0,932.0,-1
4, 12, 166.0,235.0,1
12, 4, 166.0,235.0,1
4, 13, 450.0,624.0,1
13, 4, 450.0,624.0,1
4, 14, 541.0,576.0,-1
14, 4, 541.0,576.0,-1
4, 15, 118.0,164.0,1
15, 4, 118.0,164.0,1
4, 16, 807.0,843.0,-1
16, 4, 807.0,843.0,-1
4, 4, 0.0,0.0,1
5, 6, 741.0,1047.0,-1
6, 5, 741.0,1047.0,-1
5, 7, 643.0,829.0,-1
7, 5, 643.0,829.0,-1
5, 8, 183.0,241.0,-1
8, 5, 183.0,241.0,-1
5, 9, 532.0,585.0,1
9, 5, 532.0,585.0,1
5, 10, 687.0,932.0,-1
10, 5, 687.0,932.0,-1
5, 11, 496.0,681.0,1
11, 5, 496.0,681.0,1
5, 12, 804.0,1099.0,-1
12, 5, 804.0,1099.0,-1
5, 13, 362.0,476.0,1
13, 5, 362.0,476.0,1
5, 14, 486.0,524.0,1
14, 5, 486.0,524.0,1
5, 15, 774.0,1072.0,-1
15, 5, 774.0,1072.0,-1
5, 16, 679.0,901.0,-1
16, 5, 679.0,901.0,-1
5, 5, 0.0,0.0,1
6, 7, 784.0,882.0,-1
7, 6, 784.0,882.0,-1
6, 8, 571.0,806.0,-1
8, 6, 571.0,806.0,-1
6, 9, 607.0,639.0,-1
9, 6, 607.0,639.0,-1
6, 10, 886.0,986.0,1
10, 6, 886.0,986.0,1
6, 11, 811.0,880.0,-1
11, 6, 811.0,880.0,-1
6, 12, 249.0,347.0,-1
12, 6, 249.0,347.0,-1
6, 13, 439.0,571.0,1
13, 6, 439.0,571.0,1
6, 14, 462.0,523.0,-1
14, 6, 462.0,523.0,-1
6, 15, 196.0,276.0,-1
15, 6, 196.0,276.0,-1
6, 16, 845.0,955.0,-1
16, 6, 845.0,955.0,-1
6, 6, 0.0,0.0,1
7, 8, 659.0,922.0,1
8, 7, 659.0,922.0,1
7, 9, 186.0,244.0,-1
9, 7, 186.0,244.0,-1
7, 10, 103.0,104.0,1
10, 7, 103.0,104.0,1
7, 11, 181.0,209.0,-1
11, 7, 181.0,209.0,-1
7, 12, 637.0,724.0,-1
12, 7, 637.0,724.0,-1
7, 13, 458.0,640.0,-1
13, 7, 458.0,640.0,-1
7, 14, 906.0,1273.0,-1
14, 7, 906.0,1273.0,-1
7, 15, 653.0,697.0,-1
15, 7, 653.0,697.0,-1
7, 16, 61.0,73.0,-1
16, 7, 61.0,73.0,-1
7, 7, 0.0,0.0,1
8, 9, 507.0,679.0,-1
9, 8, 507.0,679.0,-1
8, 10, 726.0,1026.0,1
10, 8, 726.0,1026.0,1
8, 11, 551.0,775.0,1
11, 8, 551.0,775.0,1
8, 12, 666.0,858.0,-1
12, 8, 666.0,858.0,-1
8, 13, 260.0,282.0,-1
13, 8, 260.0,282.0,-1
8, 14, 319.0,352.0,1
14, 8, 319.0,352.0,1
8, 15, 629.0,831.0,-1
15, 8, 629.0,831.0,-1
8, 16, 706.0,995.0,-1
16, 8, 706.0,995.0,-1
8, 8, 0.0,0.0,1
9, 10, 283.0,348.0,-1
10, 9, 283.0,348.0,-1
9, 11, 227.0,306.0,-1
11, 9, 227.0,306.0,-1
9, 12, 489.0,627.0,-1
12, 9, 489.0,627.0,-1
9, 13, 281.0,397.0,-1
13, 9, 281.0,397.0,-1
9, 14, 729.0,1030.0,-1
14, 9, 729.0,1030.0,-1
9, 15, 496.0,600.0,-1
15, 9, 496.0,600.0,-1
9, 16, 246.0,317.0,1
16, 9, 246.0,317.0,1
9, 9, 0.0,0.0,1
10, 11, 193.0,251.0,1
11, 10, 193.0,251.0,1
10, 12, 738.0,825.0,-1
12, 10, 738.0,825.0,-1
10, 13, 545.0,744.0,1
13, 10, 545.0,744.0,1
10, 14, 990.0,1377.0,-1
14, 10, 990.0,1377.0,-1
10, 15, 756.0,798.0,-1
15, 10, 756.0,798.0,-1
10, 16, 46.0,56.0,-1
16, 10, 46.0,56.0,-1
10, 10, 0.0,0.0,1
11, 12, 714.0,933.0,1
12, 11, 714.0,933.0,1
11, 13, 412.0,493.0,-1
13, 11, 412.0,493.0,-1
11, 14, 835.0,1126.0,1
14, 11, 835.0,1126.0,1
11, 15, 718.0,906.0,1
15, 11, 718.0,906.0,1
11, 16, 194.0,220.0,-1
16, 11, 194.0,220.0,-1
11, 11, 0.0,0.0,1
12, 13, 447.0,624.0,-1
13, 12, 447.0,624.0,-1
12, 14, 662.0,738.0,-1
14, 12, 662.0,738.0,-1
12, 15, 54.0,72.0,1
15, 12, 54.0,72.0,1
12, 16, 694.0,770.0,-1
16, 12, 694.0,770.0,-1
12, 12, 0.0,0.0,1
13, 14, 449.0,633.0,-1
14, 13, 449.0,633.0,-1
13, 15, 423.0,597.0,1
15, 13, 423.0,597.0,1
13, 16, 515.0,713.0,-1
16, 13, 515.0,713.0,-1
13, 13, 0.0,0.0,1
14, 15, 611.0,667.0,1
15, 14, 611.0,667.0,1
14, 16, 962.0,1346.0,-1
16, 14, 962.0,1346.0,-1
14, 14, 0.0,0.0,1
15, 16, 712.0,743.0,-1
16, 15, 712.0,743.0,-1
15, 15, 0.0,0.0,1
16, 16, 0.0,0.0,1


<end>