<number of nodes>
16

<ratio of available edges>
0.3

<max length of the drone flight>
100000 

<D 2/3>
1, 4, 5, 7, 8, 9, 10, 11, 12, 13, 15

<V>
5, 9, 12, 13, 15

<coordinates X,Y>
884.8543329954546, 674.1109480178854
753.7499389236391, 350.8765183105136
986.0743708092024, 228.2945658870805
35.14818852672657, 625.7568422340579
882.2160069258612, 573.605762072954
421.00361050483565, 705.0015424329911
322.8254046544044, 725.9448140241673
611.0382636420546, 744.1498719806663
133.8139591436606, 643.4885631207909
787.0664219073587, 1000.0973278869828
465.3787053670259, 468.0879843529415
848.1813053352136, 348.9241410898961
63.21942249917375, 674.8410057328131
976.8595018811264, 273.9139043008595
8.892830125085393, 396.96273642980395
791.3575974249386, 763.1411187617733

<adjacency matrix with truck distances>
1, 2, 349.0,455.0,-1
2, 1, 349.0,455.0,-1
1, 3, 458.0,548.0,-1
3, 1, 458.0,548.0,-1
1, 4, 852.0,899.0,-1
4, 1, 852.0,899.0,-1
1, 5, 101.0,104.0,1
5, 1, 101.0,104.0,1
1, 6, 465.0,495.0,-1
6, 1, 465.0,495.0,-1
1, 7, 565.0,614.0,-1
7, 1, 565.0,614.0,-1
1, 8, 283.0,344.0,1
8, 1, 283.0,344.0,1
1, 9, 752.0,782.0,1
9, 1, 752.0,782.0,1
1, 10, 341.0,424.0,-1
10, 1, 341.0,424.0,-1
1, 11, 468.0,626.0,1
11, 1, 468.0,626.0,1
1, 12, 328.0,362.0,1
12, 1, 328.0,362.0,1
1, 13, 822.0,823.0,-1
13, 1, 822.0,823.0,-1
1, 14, 411.0,493.0,1
14, 1, 411.0,493.0,1
1, 15, 919.0,1154.0,1
15, 1, 919.0,1154.0,1
1, 16, 130.0,183.0,-1
16, 1, 130.0,183.0,-1
1, 1, 0.0,0.0,1
2, 3, 263.0,355.0,-1
3, 2, 263.0,355.0,-1
2, 4, 770.0,994.0,-1
4, 2, 770.0,994.0,-1
2, 5, 258.0,352.0,1
5, 2, 258.0,352.0,1
2, 6, 486.0,687.0,-1
6, 2, 486.0,687.0,-1
2, 7, 572.0,806.0,-1
7, 2, 572.0,806.0,-1
2, 8, 419.0,536.0,1
8, 2, 419.0,536.0,1
2, 9, 686.0,913.0,-1
9, 2, 686.0,913.0,-1
2, 10, 651.0,683.0,-1
10, 2, 651.0,683.0,-1
2, 11, 312.0,406.0,-1
11, 2, 312.0,406.0,-1
2, 12, 95.0,97.0,-1
12, 2, 95.0,97.0,-1
2, 13, 763.0,1015.0,-1
13, 2, 763.0,1015.0,-1
2, 14, 237.0,301.0,-1
14, 2, 237.0,301.0,-1
2, 15, 747.0,791.0,-1
15, 2, 747.0,791.0,-1
2, 16, 414.0,450.0,-1
16, 2, 414.0,450.0,-1
2, 2, 0.0,0.0,1
3, 4, 1031.0,1349.0,1
4, 3, 1031.0,1349.0,1
3, 5, 361.0,450.0,-1
5, 3, 361.0,450.0,-1
3, 6, 740.0,1042.0,-1
6, 3, 740.0,1042.0,-1
3, 7, 830.0,1161.0,-1
7, 3, 830.0,1161.0,-1
3, 8, 638.0,891.0,-1
8, 3, 638.0,891.0,-1
3, 9, 949.0,1268.0,-1
9, 3, 949.0,1268.0,-1
3, 10, 798.0,971.0,-1
10, 3, 798.0,971.0,-1
3, 11, 574.0,761.0,-1
11, 3, 574.0,761.0,-1
3, 12, 184.0,259.0,-1
12, 3, 184.0,259.0,-1
3, 13, 1026.0,1370.0,1
13, 3, 1026.0,1370.0,1
3, 14, 47.0,55.0,-1
14, 3, 47.0,55.0,-1
3, 15, 992.0,1146.0,1
15, 3, 992.0,1146.0,1
3, 16, 570.0,730.0,1
16, 3, 570.0,730.0,1
3, 3, 0.0,0.0,1
4, 5, 849.0,900.0,-1
5, 4, 849.0,900.0,-1
4, 6, 394.0,466.0,1
6, 4, 394.0,466.0,1
4, 7, 305.0,388.0,-1
7, 4, 305.0,388.0,-1
4, 8, 588.0,695.0,-1
8, 4, 588.0,695.0,-1
4, 9, 101.0,117.0,-1
9, 4, 101.0,117.0,-1
4, 10, 840.0,1127.0,-1
10, 4, 840.0,1127.0,-1
4, 11, 459.0,588.0,-1
11, 4, 459.0,588.0,-1
4, 12, 859.0,1090.0,1
12, 4, 859.0,1090.0,1
4, 13, 57.0,78.0,1
13, 4, 57.0,78.0,1
4, 14, 1006.0,1294.0,-1
14, 4, 1006.0,1294.0,-1
4, 15, 231.0,256.0,-1
15, 4, 231.0,256.0,-1
4, 16, 769.0,894.0,-1
16, 4, 769.0,894.0,-1
4, 4, 0.0,0.0,1
5, 6, 480.0,593.0,-1
6, 5, 480.0,593.0,-1
5, 7, 580.0,712.0,-1
7, 5, 580.0,712.0,-1
5, 8, 321.0,442.0,-1
8, 5, 321.0,442.0,-1
5, 9, 752.0,819.0,1
9, 5, 752.0,819.0,1
5, 10, 437.0,522.0,-1
10, 5, 437.0,522.0,-1
5, 11, 430.0,523.0,-1
11, 5, 430.0,523.0,-1
5, 12, 228.0,259.0,1
12, 5, 228.0,259.0,1
5, 13, 826.0,921.0,1
13, 5, 826.0,921.0,1
5, 14, 315.0,395.0,-1
14, 5, 315.0,395.0,-1
5, 15, 892.0,1050.0,-1
15, 5, 892.0,1050.0,-1
5, 16, 211.0,281.0,-1
16, 5, 211.0,281.0,-1
5, 5, 0.0,0.0,1
6, 7, 101.0,120.0,-1
7, 6, 101.0,120.0,-1
6, 8, 195.0,230.0,1
8, 6, 195.0,230.0,1
6, 9, 294.0,349.0,1
9, 6, 294.0,349.0,1
6, 10, 471.0,662.0,-1
10, 6, 471.0,662.0,-1
6, 11, 242.0,282.0,-1
11, 6, 242.0,282.0,-1
6, 12, 557.0,784.0,-1
12, 6, 557.0,784.0,-1
6, 13, 360.0,388.0,-1
13, 6, 360.0,388.0,-1
6, 14, 704.0,987.0,-1
14, 6, 704.0,987.0,-1
6, 15, 515.0,721.0,-1
15, 6, 515.0,721.0,-1
6, 16, 375.0,429.0,-1
16, 6, 375.0,429.0,-1
6, 6, 0.0,0.0,1
7, 8, 289.0,307.0,-1
8, 7, 289.0,307.0,-1
7, 9, 207.0,272.0,-1
9, 7, 207.0,272.0,-1
7, 10, 540.0,739.0,-1
10, 7, 540.0,739.0,-1
7, 11, 295.0,401.0,-1
11, 7, 295.0,401.0,-1
7, 12, 647.0,903.0,-1
12, 7, 647.0,903.0,-1
7, 13, 265.0,311.0,-1
13, 7, 265.0,311.0,-1
7, 14, 796.0,1107.0,-1
14, 7, 796.0,1107.0,-1
7, 15, 455.0,643.0,1
15, 7, 455.0,643.0,1
7, 16, 471.0,506.0,-1
16, 7, 471.0,506.0,-1
7, 7, 0.0,0.0,1
8, 9, 488.0,578.0,-1
9, 8, 488.0,578.0,-1
8, 10, 311.0,432.0,1
10, 8, 311.0,432.0,1
8, 11, 313.0,422.0,1
11, 8, 313.0,422.0,1
8, 12, 461.0,633.0,-1
12, 8, 461.0,633.0,-1
8, 13, 553.0,618.0,1
13, 8, 553.0,618.0,1
8, 14, 596.0,837.0,-1
14, 8, 596.0,837.0,-1
8, 15, 696.0,950.0,-1
15, 8, 696.0,950.0,-1
8, 16, 182.0,200.0,1
16, 8, 182.0,200.0,1
8, 8, 0.0,0.0,1
9, 10, 745.0,1010.0,-1
10, 9, 745.0,1010.0,-1
9, 11, 376.0,507.0,1
11, 9, 376.0,507.0,1
9, 12, 773.0,1009.0,1
12, 9, 773.0,1009.0,1
9, 13, 78.0,102.0,-1
13, 9, 78.0,102.0,-1
9, 14, 921.0,1213.0,1
14, 9, 921.0,1213.0,1
9, 15, 277.0,372.0,-1
15, 9, 277.0,372.0,-1
9, 16, 669.0,778.0,-1
16, 9, 669.0,778.0,-1
9, 9, 0.0,0.0,1
10, 11, 622.0,854.0,-1
11, 10, 622.0,854.0,-1
10, 12, 655.0,713.0,1
12, 10, 655.0,713.0,1
10, 13, 794.0,1050.0,-1
13, 10, 794.0,1050.0,-1
10, 14, 751.0,916.0,1
14, 10, 751.0,916.0,1
10, 15, 985.0,1382.0,-1
15, 10, 985.0,1382.0,-1
10, 16, 237.0,242.0,1
16, 10, 237.0,242.0,1
10, 10, 0.0,0.0,1
11, 12, 401.0,502.0,-1
12, 11, 401.0,502.0,-1
11, 13, 453.0,609.0,1
13, 11, 453.0,609.0,1
11, 14, 548.0,706.0,-1
14, 11, 548.0,706.0,-1
11, 15, 462.0,528.0,-1
15, 11, 462.0,528.0,-1
11, 16, 440.0,622.0,-1
16, 11, 440.0,622.0,-1
11, 11, 0.0,0.0,1
12, 13, 850.0,1111.0,-1
13, 12, 850.0,1111.0,-1
12, 14, 149.0,204.0,-1
14, 12, 149.0,204.0,-1
12, 15, 841.0,888.0,-1
15, 12, 841.0,888.0,-1
12, 16, 419.0,472.0,-1
16, 12, 419.0,472.0,-1
12, 12, 0.0,0.0,1
13, 14, 998.0,1315.0,-1
14, 13, 998.0,1315.0,-1
13, 15, 284.0,333.0,1
15, 13, 284.0,333.0,1
13, 16, 734.0,817.0,1
16, 13, 734.0,817.0,1
13, 13, 0.0,0.0,1
14, 15, 976.0,1092.0,-1
15, 14, 976.0,1092.0,-1
14, 16, 524.0,675.0,-1
16, 14, 524.0,675.0,-1
14, 14, 0.0,0.0,1
15, 16, 864.0,1149.0,1
16, 15, 864.0,1149.0,1
15, 15, 0.0,0.0,1
16, 16, 0.0,0.0,1


<end>