<number of nodes>
16

<ratio of available edges>
0.3

<max length of the drone flight>
100000 

<D 2/3>
1, 2, 3, 4, 6, 7, 8, 9, 12, 13, 14

<V>
3, 6, 12, 13, 14

<coordinates X,Y>
281.89418121417066, 85.7333167383103
246.99447403138996, 766.0199648476356
989.7875948854987, 66.60257477824263
612.1524897212506, 62.66349394153506
457.3009095494132, 557.0277914222215
709.75556155205, 334.92062179692556
513.8833498910232, 616.9559158062211
472.145813647119, 820.8004642688619
965.4808466229324, 350.2285887885416
840.4241138830856, 927.0339034742292
969.6593639994047, 916.3024056097134
100.00499592491519, 847.7037153205677
622.7554687317922, 342.80952283433624
732.5525465830143, 586.2288007645924
576.8620759633379, 694.6540283643419
155.49912614970194, 407.60022953892803

<adjacency matrix with truck distances>
1, 2, 682.0,716.0,-1
2, 1, 682.0,716.0,-1
1, 3, 709.0,728.0,-1
3, 1, 709.0,728.0,-1
1, 4, 332.0,354.0,1
4, 1, 332.0,354.0,1
1, 5, 503.0,647.0,-1
5, 1, 503.0,647.0,-1
1, 6, 496.0,678.0,1
6, 1, 496.0,678.0,1
1, 7, 580.0,764.0,-1
7, 1, 580.0,764.0,-1
1, 8, 760.0,926.0,-1
8, 1, 760.0,926.0,-1
1, 9, 733.0,949.0,1
9, 1, 733.0,949.0,1
1, 10, 1010.0,1400.0,-1
10, 1, 1010.0,1400.0,-1
1, 11, 1079.0,1519.0,-1
11, 1, 1079.0,1519.0,-1
1, 12, 784.0,944.0,-1
12, 1, 784.0,944.0,-1
1, 13, 427.0,598.0,-1
13, 1, 427.0,598.0,-1
1, 14, 674.0,952.0,1
14, 1, 674.0,952.0,1
1, 15, 677.0,904.0,1
15, 1, 677.0,904.0,1
1, 16, 346.0,449.0,-1
16, 1, 346.0,449.0,-1
1, 1, 0.0,0.0,1
2, 3, 1021.0,1443.0,-1
3, 2, 1021.0,1443.0,-1
2, 4, 793.0,1069.0,1
4, 2, 793.0,1069.0,1
2, 5, 297.0,420.0,-1
5, 2, 297.0,420.0,-1
2, 6, 633.0,894.0,-1
6, 2, 633.0,894.0,-1
2, 7, 306.0,416.0,-1
7, 2, 306.0,416.0,-1
2, 8, 232.0,280.0,-1
8, 2, 232.0,280.0,-1
2, 9, 831.0,1135.0,-1
9, 2, 831.0,1135.0,-1
2, 10, 615.0,755.0,-1
10, 2, 615.0,755.0,-1
2, 11, 739.0,873.0,1
11, 2, 739.0,873.0,1
2, 12, 169.0,229.0,-1
12, 2, 169.0,229.0,-1
2, 13, 566.0,799.0,-1
13, 2, 566.0,799.0,-1
2, 14, 518.0,666.0,-1
14, 2, 518.0,666.0,-1
2, 15, 338.0,402.0,-1
15, 2, 338.0,402.0,-1
2, 16, 370.0,450.0,-1
16, 2, 370.0,450.0,-1
2, 2, 0.0,0.0,1
3, 4, 378.0,382.0,-1
4, 3, 378.0,382.0,-1
3, 5, 724.0,1023.0,-1
5, 3, 724.0,1023.0,-1
3, 6, 388.0,549.0,1
6, 3, 388.0,549.0,1
3, 7, 728.0,1027.0,-1
7, 3, 728.0,1027.0,-1
3, 8, 915.0,1272.0,1
8, 3, 915.0,1272.0,1
3, 9, 285.0,308.0,-1
9, 3, 285.0,308.0,-1
3, 10, 874.0,1010.0,-1
10, 3, 874.0,1010.0,-1
3, 11, 850.0,870.0,1
11, 3, 850.0,870.0,1
3, 12, 1184.0,1671.0,-1
12, 3, 1184.0,1671.0,-1
3, 13, 460.0,644.0,-1
13, 3, 460.0,644.0,-1
3, 14, 580.0,777.0,-1
14, 3, 580.0,777.0,-1
3, 15, 752.0,1041.0,1
15, 3, 752.0,1041.0,1
3, 16, 902.0,1176.0,1
16, 3, 902.0,1176.0,1
3, 3, 0.0,0.0,1
4, 5, 519.0,650.0,-1
5, 4, 519.0,650.0,-1
4, 6, 290.0,370.0,1
6, 4, 290.0,370.0,1
4, 7, 563.0,653.0,1
7, 4, 563.0,653.0,1
4, 8, 771.0,899.0,-1
8, 4, 771.0,899.0,-1
4, 9, 456.0,641.0,-1
9, 4, 456.0,641.0,-1
4, 10, 895.0,1093.0,1
10, 4, 895.0,1093.0,1
4, 11, 926.0,1212.0,1
11, 4, 926.0,1212.0,1
4, 12, 938.0,1298.0,-1
12, 4, 938.0,1298.0,-1
4, 13, 281.0,291.0,-1
13, 4, 281.0,291.0,-1
4, 14, 538.0,644.0,-1
14, 4, 538.0,644.0,-1
4, 15, 633.0,668.0,-1
15, 4, 633.0,668.0,-1
4, 16, 573.0,802.0,-1
16, 4, 573.0,802.0,-1
4, 4, 0.0,0.0,1
5, 6, 337.0,475.0,1
6, 5, 337.0,475.0,1
5, 7, 83.0,117.0,-1
7, 5, 83.0,117.0,-1
5, 8, 265.0,279.0,-1
8, 5, 265.0,279.0,-1
5, 9, 549.0,715.0,-1
9, 5, 549.0,715.0,-1
5, 10, 533.0,754.0,-1
10, 5, 533.0,754.0,-1
5, 11, 626.0,872.0,-1
11, 5, 626.0,872.0,-1
5, 12, 461.0,648.0,1
12, 5, 461.0,648.0,1
5, 13, 271.0,380.0,-1
13, 5, 271.0,380.0,-1
5, 14, 277.0,305.0,-1
14, 5, 277.0,305.0,-1
5, 15, 183.0,258.0,1
15, 5, 183.0,258.0,1
5, 16, 337.0,452.0,-1
16, 5, 337.0,452.0,-1
5, 5, 0.0,0.0,1
6, 7, 344.0,478.0,1
7, 6, 344.0,478.0,1
6, 8, 541.0,724.0,-1
8, 6, 541.0,724.0,-1
6, 9, 257.0,272.0,-1
9, 6, 257.0,272.0,-1
6, 10, 607.0,723.0,1
10, 6, 607.0,723.0,1
6, 11, 637.0,842.0,-1
11, 6, 637.0,842.0,-1
6, 12, 797.0,1123.0,1
12, 6, 797.0,1123.0,1
6, 13, 88.0,95.0,1
13, 6, 88.0,95.0,1
6, 14, 253.0,275.0,-1
14, 6, 253.0,275.0,-1
6, 15, 384.0,493.0,-1
15, 6, 384.0,493.0,-1
6, 16, 560.0,627.0,1
16, 6, 560.0,627.0,1
6, 6, 0.0,0.0,1
7, 8, 209.0,246.0,-1
8, 7, 209.0,246.0,-1
7, 9, 525.0,719.0,-1
9, 7, 525.0,719.0,-1
7, 10, 451.0,637.0,-1
10, 7, 451.0,637.0,-1
7, 11, 546.0,756.0,1
11, 7, 546.0,756.0,1
7, 12, 474.0,645.0,-1
12, 7, 474.0,645.0,-1
7, 13, 295.0,384.0,-1
13, 7, 295.0,384.0,-1
7, 14, 221.0,250.0,1
14, 7, 221.0,250.0,1
7, 15, 101.0,141.0,1
15, 7, 101.0,141.0,1
7, 16, 416.0,568.0,1
16, 7, 416.0,568.0,1
7, 7, 0.0,0.0,1
8, 9, 682.0,964.0,-1
9, 8, 682.0,964.0,-1
8, 10, 384.0,475.0,-1
10, 8, 384.0,475.0,-1
8, 11, 507.0,594.0,-1
11, 8, 507.0,594.0,-1
8, 12, 374.0,400.0,1
12, 8, 374.0,400.0,1
8, 13, 502.0,629.0,-1
13, 8, 502.0,629.0,-1
8, 14, 351.0,495.0,-1
14, 8, 351.0,495.0,-1
8, 15, 164.0,231.0,-1
15, 8, 164.0,231.0,-1
8, 16, 521.0,730.0,-1
16, 8, 521.0,730.0,-1
8, 8, 0.0,0.0,1
9, 10, 591.0,702.0,-1
10, 9, 591.0,702.0,-1
9, 11, 567.0,571.0,-1
11, 9, 567.0,571.0,-1
9, 12, 999.0,1363.0,-1
12, 9, 999.0,1363.0,-1
9, 13, 343.0,351.0,-1
13, 9, 343.0,351.0,-1
9, 14, 332.0,469.0,-1
14, 9, 332.0,469.0,-1
9, 15, 520.0,734.0,-1
15, 9, 520.0,734.0,-1
9, 16, 813.0,868.0,-1
16, 9, 813.0,868.0,-1
9, 9, 0.0,0.0,1
10, 11, 130.0,140.0,-1
11, 10, 130.0,140.0,-1
10, 12, 745.0,820.0,-1
12, 10, 745.0,820.0,-1
10, 13, 624.0,802.0,-1
13, 10, 624.0,802.0,-1
10, 14, 358.0,449.0,-1
14, 10, 358.0,449.0,-1
10, 15, 352.0,496.0,1
15, 10, 352.0,496.0,1
10, 16, 860.0,1205.0,1
16, 10, 860.0,1205.0,1
10, 10, 0.0,0.0,1
11, 12, 873.0,939.0,-1
12, 11, 873.0,939.0,-1
11, 13, 671.0,921.0,-1
13, 11, 671.0,921.0,-1
11, 14, 407.0,568.0,1
14, 11, 407.0,568.0,1
11, 15, 452.0,615.0,-1
15, 11, 452.0,615.0,-1
11, 16, 961.0,1323.0,-1
16, 11, 961.0,1323.0,-1
11, 11, 0.0,0.0,1
12, 13, 727.0,1028.0,-1
13, 12, 727.0,1028.0,-1
12, 14, 685.0,895.0,-1
14, 12, 685.0,895.0,-1
12, 15, 501.0,630.0,1
15, 12, 501.0,630.0,1
12, 16, 444.0,496.0,1
16, 12, 444.0,496.0,1
12, 12, 0.0,0.0,1
13, 14, 268.0,354.0,1
14, 13, 268.0,354.0,1
13, 15, 355.0,398.0,-1
15, 13, 355.0,398.0,-1
13, 16, 472.0,533.0,-1
16, 13, 472.0,533.0,-1
13, 13, 0.0,0.0,1
14, 15, 190.0,265.0,-1
15, 14, 190.0,265.0,-1
14, 16, 605.0,756.0,1
16, 14, 605.0,756.0,1
14, 14, 0.0,0.0,1
15, 16, 510.0,709.0,-1
16, 15, 510.0,709.0,-1
15, 15, 0.0,0.0,1
16, 16, 0.0,0.0,1


<end>