<number of nodes>
16

<ratio of available edges>
0.3

<max length of the drone flight>
100000 

<D 2/3>
1, 2, 3, 4, 5, 7, 8, 10, 11, 15, 16

<V>
4, 8, 11, 15, 16

<coordinates X,Y>
343.6085507707957, 375.23072695351283
970.2989009946707, 719.3475677072533
658.8067471627004, 755.2053930928315
667.7002692079004, 482.85902982377786
394.89604031815816, 691.0092127056448
242.12397597343937, 21.364300042532328
703.8349446600823, 440.70140240932705
256.19750518741205, 459.4353294466972
818.1149305895141, 955.5974778982277
338.92544380477, 556.180771564317
83.51651631456673, 463.6235973798558
512.2888818930895, 178.85114131889375
632.7841963872855, 538.6762794588848
818.8858900564948, 49.672268666290655
516.9265816478895, 376.94723908703656
549.2380136031251, 107.6701158577749

<adjacency matrix with truck distances>
1, 2, 715.0,971.0,-1
2, 1, 715.0,971.0,-1
1, 3, 494.0,696.0,-1
3, 1, 494.0,696.0,-1
1, 4, 342.0,432.0,-1
4, 1, 342.0,432.0,-1
1, 5, 320.0,368.0,1
5, 1, 320.0,368.0,1
1, 6, 369.0,456.0,1
6, 1, 369.0,456.0,1
1, 7, 367.0,426.0,1
7, 1, 367.0,426.0,1
1, 8, 122.0,172.0,1
8, 1, 122.0,172.0,1
1, 9, 750.0,1055.0,1
9, 1, 750.0,1055.0,1
1, 10, 182.0,186.0,-1
10, 1, 182.0,186.0,-1
1, 11, 275.0,349.0,-1
11, 1, 275.0,349.0,-1
1, 12, 259.0,366.0,-1
12, 1, 259.0,366.0,-1
1, 13, 333.0,453.0,-1
13, 1, 333.0,453.0,-1
1, 14, 577.0,801.0,-1
14, 1, 577.0,801.0,-1
1, 15, 174.0,176.0,-1
15, 1, 174.0,176.0,-1
1, 16, 338.0,474.0,-1
16, 1, 338.0,474.0,-1
1, 1, 0.0,0.0,1
2, 3, 314.0,348.0,1
3, 2, 314.0,348.0,1
2, 4, 385.0,540.0,1
4, 2, 385.0,540.0,1
2, 5, 577.0,604.0,-1
5, 2, 577.0,604.0,-1
2, 6, 1009.0,1427.0,1
6, 2, 1009.0,1427.0,1
2, 7, 386.0,546.0,-1
7, 2, 386.0,546.0,-1
2, 8, 760.0,975.0,1
8, 2, 760.0,975.0,1
2, 9, 282.0,389.0,1
9, 2, 282.0,389.0,1
2, 10, 653.0,795.0,1
10, 2, 653.0,795.0,1
2, 11, 923.0,1143.0,-1
11, 2, 923.0,1143.0,-1
2, 12, 709.0,999.0,-1
12, 2, 709.0,999.0,-1
2, 13, 383.0,519.0,-1
13, 2, 383.0,519.0,-1
2, 14, 687.0,822.0,-1
14, 2, 687.0,822.0,-1
2, 15, 569.0,796.0,-1
15, 2, 569.0,796.0,-1
2, 16, 743.0,1033.0,-1
16, 2, 743.0,1033.0,-1
2, 2, 0.0,0.0,1
3, 4, 273.0,282.0,-1
4, 3, 273.0,282.0,-1
3, 5, 272.0,329.0,-1
5, 3, 272.0,329.0,-1
3, 6, 844.0,1151.0,-1
6, 3, 844.0,1151.0,-1
3, 7, 318.0,360.0,-1
7, 3, 318.0,360.0,-1
3, 8, 500.0,699.0,-1
8, 3, 500.0,699.0,-1
3, 9, 257.0,360.0,1
9, 3, 257.0,360.0,1
3, 10, 377.0,519.0,-1
10, 3, 377.0,519.0,-1
3, 11, 645.0,867.0,1
11, 3, 645.0,867.0,1
3, 12, 595.0,723.0,-1
12, 3, 595.0,723.0,-1
3, 13, 219.0,243.0,-1
13, 3, 219.0,243.0,-1
3, 14, 724.0,866.0,-1
14, 3, 724.0,866.0,-1
3, 15, 404.0,521.0,1
15, 3, 404.0,521.0,1
3, 16, 657.0,758.0,-1
16, 3, 657.0,758.0,-1
3, 3, 0.0,0.0,1
4, 5, 344.0,481.0,-1
5, 4, 344.0,481.0,-1
4, 6, 628.0,888.0,-1
6, 4, 628.0,888.0,-1
4, 7, 56.0,79.0,-1
7, 4, 56.0,79.0,-1
4, 8, 413.0,435.0,1
8, 4, 413.0,435.0,1
4, 9, 497.0,624.0,-1
9, 4, 497.0,624.0,-1
4, 10, 337.0,403.0,1
10, 4, 337.0,403.0,1
4, 11, 585.0,604.0,-1
11, 4, 585.0,604.0,-1
4, 12, 342.0,460.0,-1
12, 4, 342.0,460.0,-1
4, 13, 66.0,91.0,-1
13, 4, 66.0,91.0,-1
4, 14, 459.0,585.0,-1
14, 4, 459.0,585.0,-1
4, 15, 185.0,257.0,-1
15, 4, 185.0,257.0,-1
4, 16, 394.0,494.0,-1
16, 4, 394.0,494.0,-1
4, 4, 0.0,0.0,1
5, 6, 687.0,823.0,-1
6, 5, 687.0,823.0,-1
5, 7, 398.0,560.0,-1
7, 5, 398.0,560.0,-1
5, 8, 270.0,371.0,-1
8, 5, 270.0,371.0,-1
5, 9, 500.0,688.0,-1
9, 5, 500.0,688.0,-1
5, 10, 146.0,191.0,1
10, 5, 146.0,191.0,1
5, 11, 386.0,539.0,-1
11, 5, 386.0,539.0,-1
5, 12, 526.0,630.0,-1
12, 5, 526.0,630.0,-1
5, 13, 283.0,391.0,-1
13, 5, 283.0,391.0,-1
5, 14, 769.0,1066.0,-1
14, 5, 769.0,1066.0,-1
5, 15, 337.0,437.0,1
15, 5, 337.0,437.0,1
5, 16, 604.0,738.0,-1
16, 5, 604.0,738.0,-1
5, 5, 0.0,0.0,1
6, 7, 624.0,882.0,1
7, 6, 624.0,882.0,1
6, 8, 439.0,453.0,-1
8, 6, 439.0,453.0,-1
6, 9, 1098.0,1511.0,-1
9, 6, 1098.0,1511.0,-1
6, 10, 544.0,632.0,-1
10, 6, 544.0,632.0,-1
6, 11, 470.0,601.0,-1
11, 6, 470.0,601.0,-1
6, 12, 313.0,428.0,1
12, 6, 313.0,428.0,1
6, 13, 649.0,908.0,-1
13, 6, 649.0,908.0,-1
6, 14, 578.0,606.0,1
14, 6, 578.0,606.0,1
6, 15, 450.0,631.0,-1
15, 6, 450.0,631.0,-1
6, 16, 320.0,394.0,1
16, 6, 320.0,394.0,1
6, 6, 0.0,0.0,1
7, 8, 449.0,467.0,1
8, 7, 449.0,467.0,1
7, 9, 528.0,630.0,-1
9, 7, 528.0,630.0,-1
7, 10, 383.0,481.0,-1
10, 7, 383.0,481.0,-1
7, 11, 621.0,644.0,1
11, 7, 621.0,644.0,1
7, 12, 325.0,454.0,-1
12, 7, 325.0,454.0,-1
7, 13, 122.0,170.0,-1
13, 7, 122.0,170.0,-1
7, 14, 408.0,507.0,-1
14, 7, 408.0,507.0,-1
7, 15, 198.0,251.0,-1
15, 7, 198.0,251.0,-1
7, 16, 368.0,488.0,-1
16, 7, 368.0,488.0,-1
7, 7, 0.0,0.0,1
8, 9, 750.0,1059.0,-1
9, 8, 750.0,1059.0,-1
8, 10, 128.0,180.0,1
10, 8, 128.0,180.0,1
8, 11, 173.0,177.0,1
11, 8, 173.0,177.0,1
8, 12, 380.0,537.0,-1
12, 8, 380.0,537.0,-1
8, 13, 385.0,456.0,1
13, 8, 385.0,456.0,1
8, 14, 697.0,973.0,-1
14, 8, 697.0,973.0,-1
8, 15, 274.0,344.0,-1
15, 8, 274.0,344.0,-1
8, 16, 458.0,645.0,-1
16, 8, 458.0,645.0,-1
8, 8, 0.0,0.0,1
9, 10, 624.0,879.0,1
10, 9, 624.0,879.0,1
9, 11, 885.0,1227.0,-1
11, 9, 885.0,1227.0,-1
9, 12, 835.0,1083.0,1
12, 9, 835.0,1083.0,1
9, 13, 457.0,603.0,-1
13, 9, 457.0,603.0,-1
9, 14, 906.0,907.0,-1
14, 9, 906.0,907.0,-1
9, 15, 653.0,880.0,-1
15, 9, 653.0,880.0,-1
9, 16, 890.0,1117.0,-1
16, 9, 890.0,1117.0,-1
9, 9, 0.0,0.0,1
10, 11, 272.0,348.0,1
11, 10, 272.0,348.0,1
10, 12, 416.0,551.0,-1
12, 10, 416.0,551.0,-1
10, 13, 295.0,312.0,-1
13, 10, 295.0,312.0,-1
10, 14, 698.0,987.0,-1
14, 10, 698.0,987.0,-1
10, 15, 253.0,358.0,-1
15, 10, 253.0,358.0,-1
10, 16, 496.0,659.0,1
16, 10, 496.0,659.0,1
10, 10, 0.0,0.0,1
11, 12, 515.0,714.0,-1
12, 11, 515.0,714.0,-1
11, 13, 555.0,625.0,-1
13, 11, 555.0,625.0,-1
11, 14, 844.0,1150.0,-1
14, 11, 844.0,1150.0,-1
11, 15, 442.0,521.0,-1
15, 11, 442.0,521.0,-1
11, 16, 587.0,822.0,-1
16, 11, 587.0,822.0,-1
11, 11, 0.0,0.0,1
12, 13, 380.0,481.0,1
13, 12, 380.0,481.0,1
12, 14, 333.0,436.0,1
14, 12, 333.0,436.0,1
12, 15, 199.0,203.0,1
15, 12, 199.0,203.0,1
12, 16, 81.0,109.0,-1
16, 12, 81.0,109.0,-1
12, 12, 0.0,0.0,1
13, 14, 524.0,676.0,-1
14, 13, 524.0,676.0,-1
13, 15, 199.0,278.0,1
15, 13, 199.0,278.0,1
13, 16, 440.0,515.0,-1
16, 13, 440.0,515.0,-1
13, 13, 0.0,0.0,1
14, 15, 446.0,630.0,1
15, 14, 446.0,630.0,1
14, 16, 276.0,328.0,-1
16, 14, 276.0,328.0,-1
14, 14, 0.0,0.0,1
15, 16, 272.0,302.0,-1
16, 15, 272.0,302.0,-1
15, 15, 0.0,0.0,1
16, 16, 0.0,0.0,1


<end>