<number of nodes>
16

<ratio of available edges>
0.3

<max length of the drone flight>
100000 

<D 2/3>
1, 2, 3, 4, 5, 6, 8, 11, 12, 14, 16

<V>
2, 11, 12, 14, 16

<coordinates X,Y>
856.2331527130892, 927.9472267610136
461.9755870483617, 935.7519635104834
605.1944890209228, 631.5151094020048
362.21200781048475, 825.7489734893073
603.3691866884924, 591.6158259361279
563.5469227389926, 185.15608713703492
591.4525776641267, 720.5594764459721
499.31324175153304, 728.4624811905016
411.54991134067257, 333.39572339512654
788.9946459943604, 401.8977831353151
410.38900956421037, 479.94653084467984
943.8455591724829, 50.45943268757152
942.9718584487324, 353.9060452997873
294.3789429454871, 678.5068170806312
492.23678589790563, 933.0238860542711
409.16152040628236, 511.7836749820546

<adjacency matrix with truck distances>
1, 2, 395.0,403.0,-1
2, 1, 395.0,403.0,-1
1, 3, 389.0,548.0,-1
3, 1, 389.0,548.0,-1
1, 4, 505.0,597.0,-1
4, 1, 505.0,597.0,-1
1, 5, 421.0,590.0,1
5, 1, 421.0,590.0,1
1, 6, 799.0,1036.0,-1
6, 1, 799.0,1036.0,-1
1, 7, 337.0,473.0,-1
7, 1, 337.0,473.0,-1
1, 8, 409.0,557.0,-1
8, 1, 409.0,557.0,-1
1, 9, 743.0,1040.0,-1
9, 1, 743.0,1040.0,-1
1, 10, 531.0,594.0,-1
10, 1, 531.0,594.0,-1
1, 11, 633.0,894.0,1
11, 1, 633.0,894.0,1
1, 12, 882.0,966.0,1
12, 1, 882.0,966.0,1
1, 13, 581.0,661.0,1
13, 1, 581.0,661.0,1
1, 14, 615.0,812.0,1
14, 1, 615.0,812.0,1
1, 15, 365.0,370.0,1
15, 1, 365.0,370.0,1
1, 16, 611.0,864.0,-1
16, 1, 611.0,864.0,-1
1, 1, 0.0,0.0,1
2, 3, 337.0,448.0,-1
3, 2, 337.0,448.0,-1
2, 4, 149.0,210.0,-1
4, 2, 149.0,210.0,-1
2, 5, 373.0,486.0,-1
5, 2, 373.0,486.0,-1
2, 6, 758.0,853.0,-1
6, 2, 758.0,853.0,-1
2, 7, 252.0,345.0,1
7, 2, 252.0,345.0,1
2, 8, 211.0,245.0,-1
8, 2, 211.0,245.0,-1
2, 9, 605.0,653.0,-1
9, 2, 605.0,653.0,-1
2, 10, 627.0,861.0,-1
10, 2, 627.0,861.0,-1
2, 11, 459.0,508.0,-1
11, 2, 459.0,508.0,-1
2, 12, 1008.0,1368.0,-1
12, 2, 1008.0,1368.0,-1
2, 13, 755.0,1063.0,-1
13, 2, 755.0,1063.0,-1
2, 14, 308.0,425.0,-1
14, 2, 308.0,425.0,-1
2, 15, 31.0,33.0,-1
15, 2, 31.0,33.0,-1
2, 16, 428.0,477.0,-1
16, 2, 428.0,477.0,-1
2, 2, 0.0,0.0,1
3, 4, 312.0,438.0,-1
4, 3, 312.0,438.0,-1
3, 5, 40.0,42.0,-1
5, 3, 40.0,42.0,-1
3, 6, 449.0,489.0,-1
6, 3, 449.0,489.0,-1
3, 7, 91.0,103.0,-1
7, 3, 91.0,103.0,-1
3, 8, 144.0,203.0,-1
8, 3, 144.0,203.0,-1
3, 9, 356.0,492.0,1
9, 3, 356.0,492.0,1
3, 10, 295.0,414.0,1
10, 3, 295.0,414.0,1
3, 11, 247.0,347.0,1
11, 3, 247.0,347.0,1
3, 12, 673.0,920.0,1
12, 3, 673.0,920.0,1
3, 13, 438.0,616.0,-1
13, 3, 438.0,616.0,-1
3, 14, 315.0,358.0,-1
14, 3, 315.0,358.0,-1
3, 15, 322.0,415.0,1
15, 3, 322.0,415.0,1
3, 16, 230.0,316.0,-1
16, 3, 230.0,316.0,-1
3, 3, 0.0,0.0,1
4, 5, 337.0,476.0,-1
5, 4, 337.0,476.0,-1
4, 6, 672.0,842.0,1
6, 4, 672.0,842.0,1
4, 7, 253.0,335.0,-1
7, 4, 253.0,335.0,-1
4, 8, 169.0,235.0,-1
8, 4, 169.0,235.0,-1
4, 9, 495.0,542.0,-1
9, 4, 495.0,542.0,-1
4, 10, 602.0,851.0,-1
10, 4, 602.0,851.0,-1
4, 11, 350.0,394.0,-1
11, 4, 350.0,394.0,-1
4, 12, 970.0,1357.0,-1
12, 4, 970.0,1357.0,-1
4, 13, 749.0,1053.0,-1
13, 4, 749.0,1053.0,-1
4, 14, 163.0,216.0,-1
14, 4, 163.0,216.0,-1
4, 15, 169.0,238.0,-1
15, 4, 169.0,238.0,-1
4, 16, 318.0,361.0,1
16, 4, 318.0,361.0,1
4, 4, 0.0,0.0,1
5, 6, 409.0,447.0,-1
6, 5, 409.0,447.0,-1
5, 7, 130.0,141.0,-1
7, 5, 130.0,141.0,-1
5, 8, 172.0,241.0,-1
8, 5, 172.0,241.0,-1
5, 9, 322.0,451.0,-1
9, 5, 322.0,451.0,-1
5, 10, 266.0,376.0,1
10, 5, 266.0,376.0,1
5, 11, 223.0,305.0,-1
11, 5, 223.0,305.0,-1
5, 12, 640.0,882.0,-1
12, 5, 640.0,882.0,-1
5, 13, 415.0,578.0,-1
13, 5, 415.0,578.0,-1
5, 14, 321.0,396.0,-1
14, 5, 321.0,396.0,-1
5, 15, 360.0,453.0,1
15, 5, 360.0,453.0,1
5, 16, 210.0,275.0,-1
16, 5, 210.0,275.0,-1
5, 5, 0.0,0.0,1
6, 7, 537.0,564.0,-1
7, 6, 537.0,564.0,-1
6, 8, 548.0,608.0,-1
8, 6, 548.0,608.0,-1
6, 9, 213.0,301.0,-1
9, 6, 213.0,301.0,-1
6, 10, 313.0,443.0,-1
10, 6, 313.0,443.0,-1
6, 11, 333.0,448.0,1
11, 6, 333.0,448.0,1
6, 12, 404.0,515.0,-1
12, 6, 404.0,515.0,-1
6, 13, 416.0,549.0,-1
13, 6, 416.0,549.0,-1
6, 14, 563.0,763.0,-1
14, 6, 563.0,763.0,-1
6, 15, 752.0,820.0,-1
15, 6, 752.0,820.0,-1
6, 16, 362.0,482.0,1
16, 6, 362.0,482.0,1
6, 6, 0.0,0.0,1
7, 8, 93.0,101.0,1
8, 7, 93.0,101.0,1
7, 9, 427.0,568.0,-1
9, 7, 427.0,568.0,-1
7, 10, 375.0,517.0,-1
10, 7, 375.0,517.0,-1
7, 11, 302.0,422.0,-1
11, 7, 302.0,422.0,-1
7, 12, 758.0,1023.0,-1
12, 7, 758.0,1023.0,-1
7, 13, 508.0,719.0,1
13, 7, 508.0,719.0,1
7, 14, 301.0,340.0,1
14, 7, 301.0,340.0,1
7, 15, 235.0,312.0,-1
15, 7, 235.0,312.0,-1
7, 16, 278.0,392.0,1
16, 7, 278.0,392.0,1
7, 7, 0.0,0.0,1
8, 9, 405.0,483.0,1
9, 8, 405.0,483.0,1
8, 10, 437.0,617.0,-1
10, 8, 437.0,617.0,-1
8, 11, 264.0,338.0,-1
11, 8, 264.0,338.0,-1
8, 12, 811.0,1123.0,1
12, 8, 811.0,1123.0,1
8, 13, 581.0,819.0,-1
13, 8, 581.0,819.0,-1
8, 14, 211.0,255.0,-1
14, 8, 211.0,255.0,-1
8, 15, 205.0,212.0,-1
15, 8, 205.0,212.0,-1
8, 16, 235.0,307.0,-1
16, 8, 235.0,307.0,-1
8, 8, 0.0,0.0,1
9, 10, 384.0,446.0,1
10, 9, 384.0,446.0,1
9, 11, 147.0,148.0,-1
11, 9, 147.0,148.0,-1
9, 12, 603.0,816.0,-1
12, 9, 603.0,816.0,-1
9, 13, 532.0,552.0,-1
13, 9, 532.0,552.0,-1
9, 14, 365.0,463.0,1
14, 9, 365.0,463.0,1
9, 15, 606.0,681.0,-1
15, 9, 606.0,681.0,-1
9, 16, 179.0,181.0,-1
16, 9, 179.0,181.0,-1
9, 9, 0.0,0.0,1
10, 11, 387.0,457.0,1
11, 10, 387.0,457.0,1
10, 12, 385.0,507.0,-1
12, 10, 385.0,507.0,-1
10, 13, 162.0,202.0,-1
13, 10, 162.0,202.0,-1
10, 14, 567.0,772.0,1
14, 10, 567.0,772.0,1
10, 15, 609.0,828.0,-1
15, 10, 609.0,828.0,-1
10, 16, 396.0,490.0,-1
16, 10, 396.0,490.0,-1
10, 10, 0.0,0.0,1
11, 12, 685.0,963.0,1
12, 11, 685.0,963.0,1
11, 13, 548.0,659.0,1
13, 11, 548.0,659.0,1
11, 14, 230.0,315.0,-1
14, 11, 230.0,315.0,-1
11, 15, 461.0,535.0,1
15, 11, 461.0,535.0,1
11, 16, 32.0,34.0,1
16, 11, 32.0,34.0,1
11, 11, 0.0,0.0,1
12, 13, 304.0,305.0,-1
13, 12, 304.0,305.0,-1
12, 14, 904.0,1278.0,-1
14, 12, 904.0,1278.0,-1
12, 15, 992.0,1335.0,1
15, 12, 992.0,1335.0,1
12, 16, 707.0,997.0,1
16, 12, 707.0,997.0,1
12, 12, 0.0,0.0,1
13, 14, 726.0,974.0,1
14, 13, 726.0,974.0,1
13, 15, 734.0,1030.0,-1
15, 13, 734.0,1030.0,-1
13, 16, 557.0,692.0,-1
16, 13, 557.0,692.0,-1
13, 13, 0.0,0.0,1
14, 15, 323.0,453.0,1
15, 14, 323.0,453.0,1
14, 16, 203.0,282.0,-1
16, 14, 203.0,282.0,-1
14, 14, 0.0,0.0,1
15, 16, 430.0,505.0,-1
16, 15, 430.0,505.0,-1
15, 15, 0.0,0.0,1
16, 16, 0.0,0.0,1


<end>