<number of nodes>
16

<ratio of available edges>
0.3

<max length of the drone flight>
100000 

<D 2/3>
1, 2, 3, 4, 5, 8, 10, 11, 12, 14, 15

<V>
2, 5, 8, 12, 15

<coordinates X,Y>
794.4541138264473, 277.7787773891878
727.8859506646429, 124.03730641861327
804.4494171378386, 608.5773111121074
601.8028976493455, 28.531071649567128
633.0326644319289, 930.2799833553968
374.7855052102751, 795.928169664559
927.6948490542942, 640.5419940486321
466.50954484287206, 73.0576357879272
250.21364382483227, 195.98172286026715
78.84615620155688, 894.1826073672697
424.5567084295048, 585.1323895049148
237.5623645740924, 626.1870069994133
154.27735107098079, 452.2809773589347
55.407348728346435, 253.0905374488133
765.6367419198185, 152.4997866822594
510.11652841409506, 411.3080698925754

<adjacency matrix with truck distances>
1, 2, 168.0,221.0,-1
2, 1, 168.0,221.0,-1
1, 3, 331.0,341.0,-1
3, 1, 331.0,341.0,-1
1, 4, 316.0,442.0,-1
4, 1, 316.0,442.0,-1
1, 5, 673.0,814.0,-1
5, 1, 673.0,814.0,-1
1, 6, 667.0,938.0,-1
6, 1, 667.0,938.0,-1
1, 7, 387.0,497.0,-1
7, 1, 387.0,497.0,-1
1, 8, 387.0,533.0,-1
8, 1, 387.0,533.0,-1
1, 9, 551.0,627.0,-1
9, 1, 551.0,627.0,-1
1, 10, 945.0,1333.0,-1
10, 1, 945.0,1333.0,-1
1, 11, 481.0,678.0,-1
11, 1, 481.0,678.0,-1
1, 12, 657.0,906.0,1
12, 1, 657.0,906.0,1
1, 13, 664.0,815.0,-1
13, 1, 664.0,815.0,-1
1, 14, 740.0,764.0,-1
14, 1, 740.0,764.0,-1
1, 15, 129.0,155.0,1
15, 1, 129.0,155.0,1
1, 16, 315.0,418.0,-1
16, 1, 315.0,418.0,-1
1, 1, 0.0,0.0,1
2, 3, 491.0,562.0,1
3, 2, 491.0,562.0,1
2, 4, 159.0,222.0,-1
4, 2, 159.0,222.0,-1
2, 5, 812.0,902.0,1
5, 2, 812.0,902.0,1
2, 6, 760.0,1025.0,-1
6, 2, 760.0,1025.0,-1
2, 7, 554.0,717.0,-1
7, 2, 554.0,717.0,-1
2, 8, 267.0,313.0,-1
8, 2, 267.0,313.0,-1
2, 9, 484.0,550.0,1
9, 2, 484.0,550.0,1
2, 10, 1008.0,1420.0,-1
10, 2, 1008.0,1420.0,-1
2, 11, 552.0,765.0,-1
11, 2, 552.0,765.0,-1
2, 12, 702.0,993.0,-1
12, 2, 702.0,993.0,-1
2, 13, 661.0,902.0,-1
13, 2, 661.0,902.0,-1
2, 14, 685.0,802.0,1
14, 2, 685.0,802.0,1
2, 15, 48.0,67.0,1
15, 2, 48.0,67.0,1
2, 16, 361.0,506.0,1
16, 2, 361.0,506.0,1
2, 2, 0.0,0.0,1
3, 4, 615.0,783.0,-1
4, 3, 615.0,783.0,-1
3, 5, 365.0,494.0,1
5, 3, 365.0,494.0,1
3, 6, 469.0,618.0,1
6, 3, 469.0,618.0,1
3, 7, 128.0,156.0,-1
7, 3, 128.0,156.0,-1
3, 8, 634.0,874.0,-1
8, 3, 634.0,874.0,-1
3, 9, 691.0,967.0,-1
9, 3, 691.0,967.0,-1
3, 10, 780.0,1012.0,-1
10, 3, 780.0,1012.0,-1
3, 11, 381.0,404.0,-1
11, 3, 381.0,404.0,-1
3, 12, 568.0,585.0,-1
12, 3, 568.0,585.0,-1
3, 13, 669.0,807.0,1
13, 3, 669.0,807.0,1
3, 14, 830.0,1105.0,1
14, 3, 830.0,1105.0,1
3, 15, 458.0,495.0,-1
15, 3, 458.0,495.0,-1
3, 16, 355.0,492.0,-1
16, 3, 355.0,492.0,-1
3, 3, 0.0,0.0,1
4, 5, 903.0,933.0,1
5, 4, 903.0,933.0,1
4, 6, 801.0,995.0,-1
6, 4, 801.0,995.0,-1
4, 7, 694.0,938.0,-1
7, 4, 694.0,938.0,-1
4, 8, 143.0,180.0,1
8, 4, 143.0,180.0,1
4, 9, 390.0,520.0,-1
9, 4, 390.0,520.0,-1
4, 10, 1012.0,1389.0,-1
10, 4, 1012.0,1389.0,-1
4, 11, 585.0,734.0,1
11, 4, 585.0,734.0,1
4, 12, 700.0,962.0,1
12, 4, 700.0,962.0,1
4, 13, 617.0,872.0,-1
13, 4, 617.0,872.0,-1
4, 14, 591.0,771.0,-1
14, 4, 591.0,771.0,-1
4, 15, 206.0,288.0,-1
15, 4, 206.0,288.0,-1
4, 16, 394.0,475.0,-1
16, 4, 394.0,475.0,-1
4, 4, 0.0,0.0,1
5, 6, 292.0,393.0,-1
6, 5, 292.0,393.0,-1
5, 7, 414.0,585.0,-1
7, 5, 414.0,585.0,-1
5, 8, 874.0,1024.0,1
8, 5, 874.0,1024.0,1
5, 9, 829.0,1118.0,1
9, 5, 829.0,1118.0,1
5, 10, 556.0,591.0,-1
10, 5, 556.0,591.0,-1
5, 11, 404.0,554.0,-1
11, 5, 404.0,554.0,-1
5, 12, 499.0,700.0,-1
12, 5, 499.0,700.0,-1
5, 13, 677.0,957.0,-1
13, 5, 677.0,957.0,-1
5, 14, 891.0,1255.0,1
14, 5, 891.0,1255.0,1
5, 15, 790.0,911.0,-1
15, 5, 790.0,911.0,-1
5, 16, 534.0,642.0,-1
16, 5, 534.0,642.0,-1
5, 5, 0.0,0.0,1
6, 7, 575.0,709.0,1
7, 6, 575.0,709.0,1
6, 8, 729.0,815.0,1
8, 6, 729.0,815.0,1
6, 9, 613.0,725.0,-1
9, 6, 613.0,725.0,-1
6, 10, 312.0,395.0,-1
10, 6, 312.0,395.0,-1
6, 11, 217.0,261.0,-1
11, 6, 217.0,261.0,-1
6, 12, 219.0,307.0,1
12, 6, 219.0,307.0,1
6, 13, 409.0,565.0,-1
13, 6, 409.0,565.0,-1
6, 14, 630.0,863.0,-1
14, 6, 630.0,863.0,-1
6, 15, 753.0,1035.0,1
15, 6, 753.0,1035.0,1
6, 16, 408.0,520.0,1
16, 6, 408.0,520.0,1
6, 6, 0.0,0.0,1
7, 8, 732.0,1029.0,-1
8, 7, 732.0,1029.0,-1
7, 9, 811.0,1123.0,-1
9, 7, 811.0,1123.0,-1
7, 10, 886.0,1103.0,1
10, 7, 886.0,1103.0,1
7, 11, 507.0,559.0,-1
11, 7, 507.0,559.0,-1
7, 12, 691.0,705.0,-1
12, 7, 691.0,705.0,-1
7, 13, 797.0,962.0,-1
13, 7, 797.0,962.0,-1
7, 14, 955.0,1260.0,-1
14, 7, 955.0,1260.0,-1
7, 15, 515.0,651.0,-1
15, 7, 515.0,651.0,-1
7, 16, 477.0,647.0,-1
16, 7, 477.0,647.0,-1
7, 7, 0.0,0.0,1
8, 9, 249.0,340.0,1
9, 8, 249.0,340.0,1
8, 10, 909.0,1209.0,-1
10, 8, 909.0,1209.0,-1
8, 11, 514.0,555.0,-1
11, 8, 514.0,555.0,-1
8, 12, 599.0,783.0,-1
12, 8, 599.0,783.0,-1
8, 13, 492.0,692.0,-1
13, 8, 492.0,692.0,-1
8, 14, 449.0,592.0,-1
14, 8, 449.0,592.0,-1
8, 15, 310.0,379.0,-1
15, 8, 310.0,379.0,-1
8, 16, 342.0,382.0,-1
16, 8, 342.0,382.0,-1
8, 8, 0.0,0.0,1
9, 10, 719.0,870.0,-1
10, 9, 719.0,870.0,-1
9, 11, 427.0,564.0,1
11, 9, 427.0,564.0,1
9, 12, 431.0,443.0,1
12, 9, 431.0,443.0,1
9, 13, 274.0,353.0,1
13, 9, 274.0,353.0,1
9, 14, 204.0,252.0,-1
14, 9, 204.0,252.0,-1
9, 15, 518.0,559.0,-1
15, 9, 518.0,559.0,-1
9, 16, 338.0,476.0,-1
16, 9, 338.0,476.0,-1
9, 9, 0.0,0.0,1
10, 11, 464.0,655.0,-1
11, 10, 464.0,655.0,-1
10, 12, 312.0,427.0,-1
12, 10, 312.0,427.0,-1
10, 13, 449.0,518.0,1
13, 10, 449.0,518.0,1
10, 14, 642.0,665.0,-1
14, 10, 642.0,665.0,-1
10, 15, 1011.0,1429.0,-1
15, 10, 1011.0,1429.0,-1
10, 16, 648.0,915.0,-1
16, 10, 648.0,915.0,-1
10, 10, 0.0,0.0,1
11, 12, 192.0,229.0,-1
12, 11, 192.0,229.0,-1
11, 13, 302.0,404.0,-1
13, 11, 302.0,404.0,-1
11, 14, 497.0,702.0,-1
14, 11, 497.0,702.0,-1
11, 15, 551.0,774.0,1
15, 11, 551.0,774.0,1
11, 16, 194.0,260.0,-1
16, 11, 194.0,260.0,-1
11, 11, 0.0,0.0,1
12, 13, 193.0,258.0,1
13, 12, 193.0,258.0,1
12, 14, 416.0,556.0,1
14, 12, 416.0,556.0,1
12, 15, 710.0,1002.0,-1
15, 12, 710.0,1002.0,-1
12, 16, 348.0,488.0,-1
16, 12, 348.0,488.0,-1
12, 12, 0.0,0.0,1
13, 14, 223.0,299.0,1
14, 13, 223.0,299.0,1
13, 15, 681.0,912.0,-1
15, 13, 681.0,912.0,-1
13, 16, 359.0,397.0,-1
16, 13, 359.0,397.0,-1
13, 13, 0.0,0.0,1
14, 15, 718.0,811.0,1
15, 14, 718.0,811.0,1
14, 16, 482.0,613.0,1
16, 14, 482.0,613.0,1
14, 14, 0.0,0.0,1
15, 16, 364.0,515.0,-1
16, 15, 364.0,515.0,-1
15, 15, 0.0,0.0,1
16, 16, 0.0,0.0,1


<end>