<number of nodes>
16

<ratio of available edges>
0.3

<max length of the drone flight>
100000 

<D 2/3>
1, 3, 4, 5, 6, 7, 8, 9, 10, 12, 16

<V>
3, 4, 6, 7, 9

<coordinates X,Y>
29.829573333913117, 98.94584356617668
541.2320474797219, 794.5946387220519
742.5843708412807, 732.2618116379971
17.418399102073284, 818.145419300367
696.1499848219083, 558.2536539353075
906.3711902625881, 888.7315051371655
870.336414665099, 760.6254466815731
501.56510429526173, 317.0648590092323
94.17943093052025, 861.8175533753392
484.72815431841804, 802.2441270832849
235.64331033088496, 483.29229445410584
821.0330853541301, 145.7328734551071
835.6765989294435, 634.5172113040185
230.92839159593254, 356.3398639119994
50.109107399664296, 659.9971120815134
503.42334402723463, 64.00816732469623

<adjacency matrix with truck distances>
1, 2, 864.0,1208.0,-1
2, 1, 864.0,1208.0,-1
1, 3, 954.0,1347.0,-1
3, 1, 954.0,1347.0,-1
1, 4, 720.0,732.0,1
4, 1, 720.0,732.0,1
1, 5, 810.0,1126.0,-1
5, 1, 810.0,1126.0,-1
1, 6, 1180.0,1667.0,-1
6, 1, 1180.0,1667.0,-1
1, 7, 1070.0,1503.0,-1
7, 1, 1070.0,1503.0,-1
1, 8, 520.0,690.0,-1
8, 1, 520.0,690.0,-1
1, 9, 766.0,828.0,-1
9, 1, 766.0,828.0,-1
1, 10, 838.0,1159.0,-1
10, 1, 838.0,1159.0,-1
1, 11, 436.0,591.0,-1
11, 1, 436.0,591.0,-1
1, 12, 793.0,838.0,-1
12, 1, 793.0,838.0,-1
1, 13, 968.0,1342.0,-1
13, 1, 968.0,1342.0,-1
1, 14, 327.0,459.0,1
14, 1, 327.0,459.0,1
1, 15, 562.0,582.0,-1
15, 1, 562.0,582.0,-1
1, 16, 475.0,509.0,-1
16, 1, 475.0,509.0,-1
1, 1, 0.0,0.0,1
2, 3, 211.0,264.0,-1
3, 2, 211.0,264.0,-1
2, 4, 525.0,548.0,-1
4, 2, 525.0,548.0,-1
2, 5, 283.0,392.0,1
5, 2, 283.0,392.0,1
2, 6, 378.0,460.0,1
6, 2, 378.0,460.0,1
2, 7, 331.0,364.0,1
7, 2, 331.0,364.0,1
2, 8, 480.0,518.0,1
8, 2, 480.0,518.0,1
2, 9, 453.0,515.0,-1
9, 2, 453.0,515.0,-1
2, 10, 58.0,65.0,1
10, 2, 58.0,65.0,1
2, 11, 437.0,617.0,-1
11, 2, 437.0,617.0,-1
2, 12, 707.0,929.0,-1
12, 2, 707.0,929.0,-1
2, 13, 336.0,455.0,-1
13, 2, 336.0,455.0,-1
2, 14, 537.0,749.0,-1
14, 2, 537.0,749.0,-1
2, 15, 510.0,626.0,-1
15, 2, 510.0,626.0,-1
2, 16, 732.0,769.0,1
16, 2, 732.0,769.0,1
2, 2, 0.0,0.0,1
3, 4, 731.0,812.0,-1
4, 3, 731.0,812.0,-1
3, 5, 181.0,221.0,1
5, 3, 181.0,221.0,1
3, 6, 227.0,321.0,1
6, 3, 227.0,321.0,1
3, 7, 131.0,157.0,1
7, 3, 131.0,157.0,1
3, 8, 481.0,657.0,1
8, 3, 481.0,657.0,1
3, 9, 662.0,778.0,-1
9, 3, 662.0,778.0,-1
3, 10, 268.0,328.0,-1
10, 3, 268.0,328.0,-1
3, 11, 565.0,756.0,1
11, 3, 565.0,756.0,1
3, 12, 592.0,665.0,-1
12, 3, 592.0,665.0,-1
3, 13, 135.0,191.0,-1
13, 3, 135.0,191.0,-1
3, 14, 635.0,888.0,-1
14, 3, 635.0,888.0,-1
3, 15, 697.0,765.0,-1
15, 3, 697.0,765.0,-1
3, 16, 710.0,908.0,-1
16, 3, 710.0,908.0,-1
3, 3, 0.0,0.0,1
4, 5, 727.0,939.0,-1
5, 4, 727.0,939.0,-1
4, 6, 892.0,960.0,-1
6, 4, 892.0,960.0,-1
4, 7, 855.0,911.0,1
7, 4, 855.0,911.0,1
4, 8, 697.0,986.0,-1
8, 4, 697.0,986.0,-1
4, 9, 89.0,121.0,-1
9, 4, 89.0,121.0,-1
4, 10, 468.0,484.0,-1
10, 4, 468.0,484.0,-1
4, 11, 400.0,554.0,1
11, 4, 400.0,554.0,1
4, 12, 1048.0,1477.0,-1
12, 4, 1048.0,1477.0,-1
4, 13, 839.0,1002.0,-1
13, 4, 839.0,1002.0,-1
4, 14, 509.0,676.0,1
14, 4, 509.0,676.0,1
4, 15, 162.0,191.0,1
15, 4, 162.0,191.0,1
4, 16, 898.0,1241.0,1
16, 4, 898.0,1241.0,1
4, 4, 0.0,0.0,1
5, 6, 392.0,541.0,1
6, 5, 392.0,541.0,1
5, 7, 268.0,377.0,1
7, 5, 268.0,377.0,1
5, 8, 310.0,436.0,-1
8, 5, 310.0,436.0,-1
5, 9, 675.0,906.0,-1
9, 5, 675.0,906.0,-1
5, 10, 323.0,456.0,-1
10, 5, 323.0,456.0,-1
5, 11, 467.0,536.0,1
11, 5, 467.0,536.0,1
5, 12, 432.0,538.0,1
12, 5, 432.0,538.0,1
5, 13, 160.0,216.0,-1
13, 5, 160.0,216.0,-1
5, 14, 508.0,668.0,1
14, 5, 508.0,668.0,1
5, 15, 655.0,748.0,-1
15, 5, 655.0,748.0,-1
5, 16, 531.0,687.0,-1
16, 5, 531.0,687.0,-1
5, 5, 0.0,0.0,1
6, 7, 134.0,165.0,-1
7, 6, 134.0,165.0,-1
6, 8, 701.0,977.0,-1
8, 6, 701.0,977.0,-1
6, 9, 813.0,840.0,1
9, 6, 813.0,840.0,1
6, 10, 431.0,509.0,-1
10, 6, 431.0,509.0,-1
6, 11, 784.0,1077.0,1
11, 6, 784.0,1077.0,1
6, 12, 748.0,829.0,1
12, 6, 748.0,829.0,1
6, 13, 264.0,325.0,1
13, 6, 264.0,325.0,1
6, 14, 861.0,1208.0,-1
14, 6, 861.0,1208.0,-1
6, 15, 887.0,1085.0,1
15, 6, 887.0,1085.0,1
6, 16, 918.0,1228.0,-1
16, 6, 918.0,1228.0,-1
6, 6, 0.0,0.0,1
7, 8, 577.0,813.0,-1
8, 7, 577.0,813.0,-1
7, 9, 783.0,878.0,-1
9, 7, 783.0,878.0,-1
7, 10, 388.0,428.0,-1
10, 7, 388.0,428.0,-1
7, 11, 693.0,913.0,-1
11, 7, 693.0,913.0,-1
7, 12, 617.0,665.0,-1
12, 7, 617.0,665.0,-1
7, 13, 131.0,161.0,1
13, 7, 131.0,161.0,1
7, 14, 757.0,1044.0,1
14, 7, 757.0,1044.0,1
7, 15, 827.0,921.0,-1
15, 7, 827.0,921.0,-1
7, 16, 788.0,1064.0,-1
16, 7, 788.0,1064.0,-1
7, 7, 0.0,0.0,1
8, 9, 681.0,953.0,-1
9, 8, 681.0,953.0,-1
8, 10, 486.0,503.0,-1
10, 8, 486.0,503.0,-1
8, 11, 314.0,433.0,-1
11, 8, 314.0,433.0,-1
8, 12, 363.0,491.0,-1
12, 8, 363.0,491.0,-1
8, 13, 461.0,652.0,1
13, 8, 461.0,652.0,1
8, 14, 274.0,310.0,-1
14, 8, 274.0,310.0,-1
8, 15, 567.0,795.0,-1
15, 8, 567.0,795.0,-1
8, 16, 254.0,255.0,-1
16, 8, 254.0,255.0,-1
8, 8, 0.0,0.0,1
9, 10, 396.0,451.0,-1
10, 9, 396.0,451.0,-1
9, 11, 405.0,520.0,-1
11, 9, 405.0,520.0,-1
9, 12, 1021.0,1443.0,-1
12, 9, 1021.0,1443.0,-1
9, 13, 776.0,969.0,-1
13, 9, 776.0,969.0,-1
9, 14, 524.0,643.0,-1
14, 9, 524.0,643.0,-1
9, 15, 207.0,246.0,-1
15, 9, 207.0,246.0,-1
9, 16, 897.0,1208.0,-1
16, 9, 897.0,1208.0,-1
9, 9, 0.0,0.0,1
10, 11, 405.0,569.0,-1
11, 10, 405.0,569.0,-1
10, 12, 738.0,993.0,-1
12, 10, 738.0,993.0,-1
10, 13, 389.0,519.0,-1
13, 10, 389.0,519.0,-1
10, 14, 514.0,700.0,-1
14, 10, 514.0,700.0,-1
10, 15, 458.0,577.0,1
15, 10, 458.0,577.0,1
10, 16, 739.0,757.0,-1
16, 10, 739.0,757.0,-1
10, 10, 0.0,0.0,1
11, 12, 676.0,923.0,-1
12, 11, 676.0,923.0,-1
11, 13, 619.0,752.0,-1
13, 11, 619.0,752.0,-1
11, 14, 128.0,132.0,-1
14, 11, 128.0,132.0,-1
11, 15, 257.0,363.0,-1
15, 11, 257.0,363.0,-1
11, 16, 498.0,688.0,1
16, 11, 498.0,688.0,1
11, 11, 0.0,0.0,1
12, 13, 490.0,504.0,-1
13, 12, 490.0,504.0,-1
12, 14, 627.0,801.0,-1
14, 12, 627.0,801.0,-1
12, 15, 927.0,1286.0,-1
15, 12, 927.0,1286.0,-1
12, 16, 328.0,400.0,-1
16, 12, 328.0,400.0,-1
12, 12, 0.0,0.0,1
13, 14, 666.0,883.0,-1
14, 13, 666.0,883.0,-1
13, 15, 786.0,812.0,1
15, 13, 786.0,812.0,1
13, 16, 661.0,903.0,1
16, 13, 661.0,903.0,1
13, 13, 0.0,0.0,1
14, 15, 354.0,485.0,-1
15, 14, 354.0,485.0,-1
14, 16, 400.0,565.0,-1
16, 14, 400.0,565.0,-1
14, 14, 0.0,0.0,1
15, 16, 749.0,1050.0,1
16, 15, 749.0,1050.0,1
15, 15, 0.0,0.0,1
16, 16, 0.0,0.0,1


<end>