<number of nodes>
16

<ratio of available edges>
0.3

<max length of the drone flight>
100000 

<D 2/3>
1, 2, 6, 7, 8, 9, 10, 12, 13, 14, 15

<V>
2, 7, 8, 10, 14

<coordinates X,Y>
733.0167424326163, 312.8312434802389
571.7983207411683, 813.5874468309387
479.00078141680876, 52.78634790771283
200.13615773351324, 979.9310654807729
213.3337275269881, 421.91568783603805
182.23518318173726, 328.39152527998783
806.3898157099854, 30.063417221547123
467.5614213757469, 641.1228389888624
824.1597011314306, 960.4587284334756
846.2898394325393, 104.89830175600245
406.48812346102494, 720.1184995355877
967.0126476643771, 414.1189355132698
837.2026971209931, 881.4800703934956
178.56557826695297, 18.19673220547737
683.5970415857773, 875.9966150456185
304.8138725435457, 131.28523327454695

<adjacency matrix with truck distances>
1, 2, 527.0,662.0,-1
2, 1, 527.0,662.0,-1
1, 3, 364.0,515.0,1
3, 1, 364.0,515.0,1
1, 4, 854.0,1200.0,-1
4, 1, 854.0,1200.0,-1
1, 5, 532.0,629.0,-1
5, 1, 532.0,629.0,-1
1, 6, 552.0,567.0,1
6, 1, 552.0,567.0,1
1, 7, 293.0,357.0,-1
7, 1, 293.0,357.0,-1
1, 8, 423.0,594.0,-1
8, 1, 423.0,594.0,-1
1, 9, 655.0,739.0,-1
9, 1, 655.0,739.0,-1
1, 10, 237.0,322.0,1
10, 1, 237.0,322.0,1
1, 11, 523.0,734.0,1
11, 1, 523.0,734.0,1
1, 12, 255.0,336.0,-1
12, 1, 255.0,336.0,-1
1, 13, 579.0,673.0,-1
13, 1, 579.0,673.0,-1
1, 14, 628.0,850.0,-1
14, 1, 628.0,850.0,-1
1, 15, 566.0,613.0,-1
15, 1, 566.0,613.0,-1
1, 16, 466.0,610.0,-1
16, 1, 466.0,610.0,-1
1, 1, 0.0,0.0,1
2, 3, 767.0,854.0,-1
3, 2, 767.0,854.0,-1
2, 4, 408.0,539.0,-1
4, 2, 408.0,539.0,-1
2, 5, 531.0,751.0,1
5, 2, 531.0,751.0,1
2, 6, 623.0,875.0,-1
6, 2, 623.0,875.0,-1
2, 7, 818.0,1019.0,1
7, 2, 818.0,1019.0,1
2, 8, 202.0,277.0,1
8, 2, 202.0,277.0,1
2, 9, 292.0,400.0,-1
9, 2, 292.0,400.0,-1
2, 10, 760.0,984.0,-1
10, 2, 760.0,984.0,-1
2, 11, 190.0,259.0,-1
11, 2, 190.0,259.0,-1
2, 12, 562.0,795.0,-1
12, 2, 562.0,795.0,-1
2, 13, 274.0,334.0,-1
13, 2, 274.0,334.0,-1
2, 14, 888.0,1189.0,-1
14, 2, 888.0,1189.0,-1
2, 15, 129.0,175.0,-1
15, 2, 129.0,175.0,-1
2, 16, 733.0,950.0,-1
16, 2, 733.0,950.0,-1
2, 2, 0.0,0.0,1
3, 4, 969.0,1207.0,1
4, 3, 969.0,1207.0,1
3, 5, 455.0,635.0,-1
5, 3, 455.0,635.0,-1
3, 6, 406.0,573.0,-1
6, 3, 406.0,573.0,-1
3, 7, 329.0,351.0,-1
7, 3, 329.0,351.0,-1
3, 8, 589.0,600.0,-1
8, 3, 589.0,600.0,-1
3, 9, 972.0,1253.0,-1
9, 3, 972.0,1253.0,-1
3, 10, 371.0,420.0,-1
10, 3, 371.0,420.0,-1
3, 11, 672.0,740.0,1
11, 3, 672.0,740.0,1
3, 12, 608.0,850.0,1
12, 3, 608.0,850.0,1
3, 13, 903.0,1187.0,-1
13, 3, 903.0,1187.0,-1
3, 14, 303.0,336.0,1
14, 3, 303.0,336.0,1
3, 15, 849.0,1028.0,-1
15, 3, 849.0,1028.0,-1
3, 16, 192.0,253.0,-1
16, 3, 192.0,253.0,-1
3, 3, 0.0,0.0,1
4, 5, 559.0,572.0,-1
5, 4, 559.0,572.0,-1
4, 6, 652.0,670.0,1
6, 4, 652.0,670.0,1
4, 7, 1127.0,1557.0,-1
7, 4, 1127.0,1557.0,-1
4, 8, 432.0,607.0,1
8, 4, 432.0,607.0,1
4, 9, 625.0,644.0,-1
9, 4, 625.0,644.0,-1
4, 10, 1088.0,1522.0,-1
10, 4, 1088.0,1522.0,-1
4, 11, 332.0,467.0,1
11, 4, 332.0,467.0,1
4, 12, 954.0,1333.0,-1
12, 4, 954.0,1333.0,-1
4, 13, 645.0,736.0,-1
13, 4, 645.0,736.0,-1
4, 14, 962.0,984.0,-1
14, 4, 962.0,984.0,-1
4, 15, 495.0,588.0,1
15, 4, 495.0,588.0,1
4, 16, 856.0,954.0,-1
16, 4, 856.0,954.0,-1
4, 4, 0.0,0.0,1
5, 6, 99.0,125.0,1
6, 5, 99.0,125.0,1
5, 7, 711.0,985.0,-1
7, 5, 711.0,985.0,-1
5, 8, 336.0,474.0,-1
8, 5, 336.0,474.0,-1
5, 9, 815.0,1150.0,1
9, 5, 815.0,1150.0,1
5, 10, 708.0,950.0,1
10, 5, 708.0,950.0,1
5, 11, 356.0,492.0,-1
11, 5, 356.0,492.0,-1
5, 12, 754.0,762.0,-1
12, 5, 754.0,762.0,-1
5, 13, 775.0,1084.0,-1
13, 5, 775.0,1084.0,-1
5, 14, 406.0,439.0,-1
14, 5, 406.0,439.0,-1
5, 15, 654.0,925.0,-1
15, 5, 654.0,925.0,-1
5, 16, 305.0,383.0,-1
16, 5, 305.0,383.0,-1
5, 5, 0.0,0.0,1
6, 7, 692.0,923.0,1
7, 6, 692.0,923.0,1
6, 8, 424.0,599.0,1
8, 6, 424.0,599.0,1
6, 9, 901.0,1274.0,-1
9, 6, 901.0,1274.0,-1
6, 10, 701.0,888.0,1
10, 6, 701.0,888.0,1
6, 11, 452.0,616.0,-1
11, 6, 452.0,616.0,-1
6, 12, 790.0,871.0,-1
12, 6, 790.0,871.0,-1
6, 13, 858.0,1209.0,-1
13, 6, 858.0,1209.0,-1
6, 14, 311.0,314.0,-1
14, 6, 311.0,314.0,-1
6, 15, 743.0,1049.0,-1
15, 6, 743.0,1049.0,-1
6, 16, 233.0,320.0,-1
16, 6, 233.0,320.0,-1
6, 6, 0.0,0.0,1
7, 8, 699.0,950.0,-1
8, 7, 699.0,950.0,-1
7, 9, 931.0,949.0,-1
9, 7, 931.0,949.0,-1
7, 10, 85.0,115.0,1
10, 7, 85.0,115.0,1
7, 11, 798.0,1090.0,1
11, 7, 798.0,1090.0,1
7, 12, 417.0,545.0,-1
12, 7, 417.0,545.0,-1
7, 13, 852.0,883.0,-1
13, 7, 852.0,883.0,-1
7, 14, 628.0,640.0,1
14, 7, 628.0,640.0,1
7, 15, 855.0,969.0,-1
15, 7, 855.0,969.0,-1
7, 16, 512.0,603.0,1
16, 7, 512.0,603.0,1
7, 7, 0.0,0.0,1
8, 9, 479.0,676.0,-1
9, 8, 479.0,676.0,-1
8, 10, 657.0,915.0,-1
10, 8, 657.0,915.0,-1
8, 11, 100.0,141.0,-1
11, 8, 100.0,141.0,-1
8, 12, 549.0,727.0,-1
12, 8, 549.0,727.0,-1
8, 13, 441.0,610.0,-1
13, 8, 441.0,610.0,-1
8, 14, 687.0,912.0,-1
14, 8, 687.0,912.0,-1
8, 15, 320.0,451.0,1
15, 8, 320.0,451.0,1
8, 16, 536.0,673.0,1
16, 8, 536.0,673.0,1
8, 8, 0.0,0.0,1
9, 10, 856.0,878.0,-1
10, 9, 856.0,878.0,-1
9, 11, 482.0,659.0,-1
11, 9, 482.0,659.0,-1
9, 12, 565.0,690.0,1
12, 9, 565.0,690.0,1
9, 13, 81.0,93.0,-1
13, 9, 81.0,93.0,-1
9, 14, 1143.0,1588.0,-1
14, 9, 1143.0,1588.0,-1
9, 15, 164.0,226.0,-1
15, 9, 164.0,226.0,-1
9, 16, 979.0,1349.0,-1
16, 9, 979.0,1349.0,-1
9, 9, 0.0,0.0,1
10, 11, 757.0,1056.0,1
11, 10, 757.0,1056.0,1
10, 12, 332.0,430.0,-1
12, 10, 332.0,430.0,-1
10, 13, 777.0,786.0,-1
13, 10, 777.0,786.0,-1
10, 14, 674.0,755.0,-1
14, 10, 674.0,755.0,-1
10, 15, 789.0,934.0,1
15, 10, 789.0,934.0,1
10, 16, 543.0,568.0,-1
16, 10, 543.0,568.0,-1
10, 10, 0.0,0.0,1
11, 12, 639.0,867.0,1
12, 11, 639.0,867.0,1
11, 13, 460.0,593.0,-1
13, 11, 460.0,593.0,-1
11, 14, 738.0,930.0,-1
14, 11, 738.0,930.0,-1
11, 15, 318.0,433.0,-1
15, 11, 318.0,433.0,-1
11, 16, 598.0,691.0,-1
16, 11, 598.0,691.0,-1
11, 11, 0.0,0.0,1
12, 13, 486.0,598.0,1
13, 12, 486.0,598.0,1
12, 14, 883.0,1185.0,1
14, 12, 883.0,1185.0,1
12, 15, 542.0,746.0,-1
15, 12, 542.0,746.0,-1
12, 16, 721.0,946.0,-1
16, 12, 721.0,946.0,-1
12, 12, 0.0,0.0,1
13, 14, 1086.0,1522.0,-1
14, 13, 1086.0,1522.0,-1
13, 15, 154.0,160.0,1
15, 13, 154.0,160.0,1
13, 16, 920.0,1283.0,-1
16, 13, 920.0,1283.0,-1
13, 13, 0.0,0.0,1
14, 15, 996.0,1363.0,-1
15, 14, 996.0,1363.0,-1
14, 16, 170.0,240.0,1
16, 14, 170.0,240.0,1
14, 14, 0.0,0.0,1
15, 16, 836.0,1124.0,1
16, 15, 836.0,1124.0,1
15, 15, 0.0,0.0,1
16, 16, 0.0,0.0,1


<end>