<number of nodes>
16

<ratio of available edges>
0.3

<max length of the drone flight>
100000 

<D 2/3>
1, 3, 4, 5, 6, 8, 9, 11, 12, 13, 14

<V>
4, 8, 11, 12, 14

<coordinates X,Y>
119.14835444407852, 891.3057634934208
106.774443915486, 229.60731107478978
260.3186512418169, 862.866696562313
579.9834070802605, 220.9791637044951
26.481668371615257, 106.90189972737404
231.12637527078374, 131.7978090393785
553.2887154733055, 872.1980700360074
572.7297239907506, 91.4238139728193
493.1467400442082, 767.8085566894114
854.8849655076756, 593.5416223247489
102.01241702062944, 979.0231995272103
546.4705698034093, 648.1253615516925
614.4505693170846, 57.6011027274937
175.78429704486754, 94.98215381455498
666.2567983588848, 112.67349694588795
303.0995819423761, 950.1316884409885

<adjacency matrix with truck distances>
1, 2, 662.0,675.0,1
2, 1, 662.0,675.0,1
1, 3, 145.0,170.0,-1
3, 1, 145.0,170.0,-1
1, 4, 814.0,1132.0,-1
4, 1, 814.0,1132.0,-1
1, 5, 790.0,878.0,-1
5, 1, 790.0,878.0,-1
1, 6, 768.0,872.0,-1
6, 1, 768.0,872.0,-1
1, 7, 435.0,454.0,-1
7, 1, 435.0,454.0,-1
1, 8, 920.0,1254.0,-1
8, 1, 920.0,1254.0,-1
1, 9, 394.0,498.0,-1
9, 1, 394.0,498.0,-1
1, 10, 794.0,1034.0,-1
10, 1, 794.0,1034.0,-1
1, 11, 90.0,105.0,1
11, 1, 90.0,105.0,1
1, 12, 492.0,671.0,1
12, 1, 492.0,671.0,1
1, 13, 970.0,1330.0,-1
13, 1, 970.0,1330.0,-1
1, 14, 799.0,853.0,-1
14, 1, 799.0,853.0,-1
1, 15, 952.0,1326.0,-1
15, 1, 952.0,1326.0,-1
1, 16, 194.0,243.0,-1
16, 1, 194.0,243.0,-1
1, 1, 0.0,0.0,1
2, 3, 652.0,787.0,1
3, 2, 652.0,787.0,1
2, 4, 474.0,482.0,-1
4, 2, 474.0,482.0,-1
2, 5, 147.0,203.0,1
5, 2, 147.0,203.0,1
2, 6, 159.0,223.0,-1
6, 2, 159.0,223.0,-1
2, 7, 783.0,1090.0,-1
7, 2, 783.0,1090.0,-1
2, 8, 487.0,605.0,-1
8, 2, 487.0,605.0,-1
2, 9, 663.0,925.0,1
9, 2, 663.0,925.0,1
2, 10, 832.0,1113.0,-1
10, 2, 832.0,1113.0,-1
2, 11, 750.0,755.0,1
11, 2, 750.0,755.0,1
2, 12, 608.0,859.0,-1
12, 2, 608.0,859.0,-1
2, 13, 537.0,680.0,-1
13, 2, 537.0,680.0,-1
2, 14, 152.0,204.0,-1
14, 2, 152.0,204.0,-1
2, 15, 572.0,677.0,-1
15, 2, 572.0,677.0,-1
2, 16, 747.0,917.0,-1
16, 2, 747.0,917.0,-1
2, 2, 0.0,0.0,1
3, 4, 718.0,962.0,-1
4, 3, 718.0,962.0,-1
3, 5, 792.0,990.0,1
5, 3, 792.0,990.0,1
3, 6, 732.0,761.0,-1
6, 3, 732.0,761.0,-1
3, 7, 294.0,303.0,1
7, 3, 294.0,303.0,1
3, 8, 833.0,1084.0,-1
8, 3, 833.0,1084.0,-1
3, 9, 252.0,328.0,-1
9, 3, 252.0,328.0,-1
3, 10, 653.0,864.0,-1
10, 3, 653.0,864.0,-1
3, 11, 197.0,275.0,1
11, 3, 197.0,275.0,1
3, 12, 358.0,501.0,1
12, 3, 358.0,501.0,1
3, 13, 880.0,1160.0,-1
13, 3, 880.0,1160.0,-1
3, 14, 773.0,853.0,-1
14, 3, 773.0,853.0,-1
3, 15, 853.0,1157.0,1
15, 3, 853.0,1157.0,1
3, 16, 98.0,131.0,-1
16, 3, 98.0,131.0,-1
3, 3, 0.0,0.0,1
4, 5, 566.0,668.0,-1
5, 4, 566.0,668.0,-1
4, 6, 361.0,439.0,-1
6, 4, 361.0,439.0,-1
4, 7, 652.0,678.0,-1
7, 4, 652.0,678.0,-1
4, 8, 130.0,137.0,-1
8, 4, 130.0,137.0,-1
4, 9, 554.0,634.0,1
9, 4, 554.0,634.0,1
4, 10, 464.0,648.0,-1
10, 4, 464.0,648.0,-1
4, 11, 897.0,1237.0,1
11, 4, 897.0,1237.0,1
4, 12, 429.0,461.0,-1
12, 4, 429.0,461.0,-1
4, 13, 167.0,198.0,-1
13, 4, 167.0,198.0,-1
4, 14, 424.0,531.0,-1
14, 4, 424.0,531.0,-1
4, 15, 139.0,195.0,-1
15, 4, 139.0,195.0,-1
4, 16, 780.0,1007.0,-1
16, 4, 780.0,1007.0,-1
4, 4, 0.0,0.0,1
5, 6, 207.0,230.0,1
6, 5, 207.0,230.0,1
5, 7, 930.0,1293.0,-1
7, 5, 930.0,1293.0,-1
5, 8, 547.0,562.0,1
8, 5, 547.0,562.0,1
5, 9, 810.0,1128.0,-1
9, 5, 810.0,1128.0,-1
5, 10, 961.0,1316.0,-1
10, 5, 961.0,1316.0,-1
5, 11, 876.0,948.0,-1
11, 5, 876.0,948.0,-1
5, 12, 751.0,1062.0,-1
12, 5, 751.0,1062.0,-1
5, 13, 591.0,638.0,-1
13, 5, 591.0,638.0,-1
5, 14, 150.0,162.0,1
14, 5, 150.0,162.0,1
5, 15, 640.0,646.0,-1
15, 5, 640.0,646.0,-1
5, 16, 888.0,1120.0,-1
16, 5, 888.0,1120.0,-1
5, 5, 0.0,0.0,1
6, 7, 808.0,1063.0,-1
7, 6, 808.0,1063.0,-1
6, 8, 344.0,382.0,-1
8, 6, 344.0,382.0,-1
6, 9, 688.0,899.0,-1
9, 6, 688.0,899.0,-1
6, 10, 777.0,1086.0,1
10, 6, 777.0,1086.0,1
6, 11, 858.0,977.0,-1
11, 6, 858.0,977.0,-1
6, 12, 606.0,832.0,-1
12, 6, 606.0,832.0,-1
6, 13, 391.0,458.0,-1
13, 6, 391.0,458.0,-1
6, 14, 67.0,93.0,-1
14, 6, 67.0,93.0,-1
6, 15, 436.0,455.0,-1
15, 6, 436.0,455.0,-1
6, 16, 822.0,891.0,1
16, 6, 822.0,891.0,1
6, 6, 0.0,0.0,1
7, 8, 782.0,801.0,-1
8, 7, 782.0,801.0,-1
7, 9, 121.0,165.0,1
9, 7, 121.0,165.0,1
7, 10, 411.0,581.0,1
10, 7, 411.0,581.0,1
7, 11, 464.0,559.0,1
11, 7, 464.0,559.0,1
7, 12, 225.0,231.0,-1
12, 7, 225.0,231.0,-1
7, 13, 817.0,876.0,-1
13, 7, 817.0,876.0,-1
7, 14, 865.0,1155.0,-1
14, 7, 865.0,1155.0,-1
7, 15, 768.0,873.0,-1
15, 7, 768.0,873.0,-1
7, 16, 263.0,329.0,-1
16, 7, 263.0,329.0,-1
7, 7, 0.0,0.0,1
8, 9, 682.0,756.0,1
9, 8, 682.0,756.0,1
8, 10, 576.0,785.0,-1
10, 8, 576.0,785.0,-1
8, 11, 1005.0,1359.0,-1
11, 8, 1005.0,1359.0,-1
8, 12, 558.0,583.0,-1
12, 8, 558.0,583.0,-1
8, 13, 54.0,76.0,1
13, 8, 54.0,76.0,1
8, 14, 397.0,401.0,1
14, 8, 397.0,401.0,1
8, 15, 96.0,115.0,1
15, 8, 96.0,115.0,1
8, 16, 901.0,1129.0,1
16, 8, 901.0,1129.0,1
8, 8, 0.0,0.0,1
9, 10, 402.0,537.0,-1
10, 9, 402.0,537.0,-1
9, 11, 445.0,603.0,1
11, 9, 445.0,603.0,1
9, 12, 132.0,174.0,-1
12, 9, 132.0,174.0,-1
9, 13, 721.0,832.0,1
13, 9, 721.0,832.0,1
9, 14, 744.0,991.0,1
14, 9, 744.0,991.0,1
9, 15, 678.0,829.0,1
15, 9, 678.0,829.0,1
9, 16, 264.0,373.0,-1
16, 9, 264.0,373.0,-1
9, 9, 0.0,0.0,1
10, 11, 846.0,1139.0,1
11, 10, 846.0,1139.0,1
10, 12, 314.0,363.0,-1
12, 10, 314.0,363.0,-1
10, 13, 588.0,777.0,-1
13, 10, 588.0,777.0,-1
10, 14, 843.0,1178.0,-1
14, 10, 843.0,1178.0,-1
10, 15, 517.0,670.0,-1
15, 10, 517.0,670.0,-1
10, 16, 657.0,909.0,-1
16, 10, 657.0,909.0,-1
10, 10, 0.0,0.0,1
11, 12, 555.0,776.0,-1
12, 11, 555.0,776.0,-1
11, 13, 1055.0,1434.0,-1
13, 11, 1055.0,1434.0,-1
11, 14, 888.0,958.0,-1
14, 11, 888.0,958.0,-1
11, 15, 1034.0,1431.0,1
15, 11, 1034.0,1431.0,1
11, 16, 204.0,230.0,1
16, 11, 204.0,230.0,1
11, 11, 0.0,0.0,1
12, 13, 595.0,659.0,-1
13, 12, 595.0,659.0,-1
12, 14, 666.0,924.0,1
14, 12, 666.0,924.0,1
12, 15, 549.0,656.0,-1
15, 12, 549.0,656.0,-1
12, 16, 388.0,546.0,-1
16, 12, 388.0,546.0,-1
12, 12, 0.0,0.0,1
13, 14, 441.0,477.0,-1
14, 13, 441.0,477.0,-1
13, 15, 76.0,107.0,1
15, 13, 76.0,107.0,1
13, 16, 946.0,1204.0,-1
16, 13, 946.0,1204.0,-1
13, 13, 0.0,0.0,1
14, 15, 491.0,509.0,-1
15, 14, 491.0,509.0,-1
14, 16, 865.0,983.0,-1
16, 14, 865.0,983.0,-1
14, 14, 0.0,0.0,1
15, 16, 913.0,1201.0,-1
16, 15, 913.0,1201.0,-1
15, 15, 0.0,0.0,1
16, 16, 0.0,0.0,1


<end>