<number of nodes>
16

<ratio of available edges>
0.3

<max length of the drone flight>
100000 

<D 2/3>
1, 3, 4, 5, 6, 9, 10, 11, 12, 13, 14

<V>
3, 5, 6, 10, 14

<coordinates X,Y>
752.216941619519, 992.4043256410487
540.3901628274826, 531.1127651814608
951.8294850669527, 427.771144655224
525.7370433414443, 911.4825220182868
721.9499225891255, 940.6338544804119
831.5891218917571, 187.76627755175676
283.9662994846608, 968.8175436539699
30.584758292421306, 23.438403199310198
464.9111375191987, 812.6912487840422
750.9240979170478, 717.6860513412231
64.37725031514755, 102.70031214407531
220.45503150541666, 767.8654541873075
415.8801084874979, 812.6885442856756
619.925126917571, 909.1813449059514
121.66738865533858, 810.8829986497633
611.8697557118126, 62.23317670369825

<adjacency matrix with truck distances>
1, 2, 508.0,674.0,1
2, 1, 508.0,674.0,1
1, 3, 599.0,765.0,-1
3, 1, 599.0,765.0,-1
1, 4, 241.0,308.0,-1
4, 1, 241.0,308.0,-1
1, 5, 60.0,83.0,-1
5, 1, 60.0,83.0,-1
1, 6, 809.0,885.0,-1
6, 1, 809.0,885.0,-1
1, 7, 469.0,492.0,-1
7, 1, 469.0,492.0,-1
1, 8, 1209.0,1691.0,-1
8, 1, 1209.0,1691.0,-1
1, 9, 339.0,468.0,1
9, 1, 339.0,468.0,1
1, 10, 275.0,277.0,-1
10, 1, 275.0,277.0,-1
1, 11, 1125.0,1578.0,-1
11, 1, 1125.0,1578.0,-1
1, 12, 578.0,757.0,1
12, 1, 578.0,757.0,1
1, 13, 382.0,517.0,-1
13, 1, 382.0,517.0,-1
1, 14, 157.0,216.0,-1
14, 1, 157.0,216.0,-1
1, 15, 657.0,813.0,-1
15, 1, 657.0,813.0,-1
1, 16, 941.0,1071.0,1
16, 1, 941.0,1071.0,1
1, 1, 0.0,0.0,1
2, 3, 425.0,515.0,-1
3, 2, 425.0,515.0,-1
2, 4, 381.0,396.0,-1
4, 2, 381.0,396.0,-1
2, 5, 448.0,592.0,-1
5, 2, 448.0,592.0,-1
2, 6, 451.0,635.0,-1
6, 2, 451.0,635.0,-1
2, 7, 508.0,695.0,-1
7, 2, 508.0,695.0,-1
2, 8, 720.0,1018.0,-1
8, 2, 720.0,1018.0,-1
2, 9, 292.0,358.0,-1
9, 2, 292.0,358.0,-1
2, 10, 282.0,398.0,-1
10, 2, 282.0,398.0,-1
2, 11, 641.0,905.0,-1
11, 2, 641.0,905.0,-1
2, 12, 399.0,557.0,-1
12, 2, 399.0,557.0,-1
2, 13, 308.0,407.0,1
13, 2, 308.0,407.0,1
2, 14, 387.0,458.0,-1
14, 2, 387.0,458.0,-1
2, 15, 504.0,699.0,1
15, 2, 504.0,699.0,1
2, 16, 475.0,541.0,-1
16, 2, 475.0,541.0,-1
2, 2, 0.0,0.0,1
3, 4, 645.0,910.0,1
4, 3, 645.0,910.0,1
3, 5, 563.0,743.0,-1
5, 3, 563.0,743.0,-1
3, 6, 269.0,361.0,-1
6, 3, 269.0,361.0,-1
3, 7, 860.0,1209.0,-1
7, 3, 860.0,1209.0,-1
3, 8, 1007.0,1326.0,-1
8, 3, 1007.0,1326.0,-1
3, 9, 621.0,872.0,1
9, 3, 621.0,872.0,1
3, 10, 353.0,491.0,1
10, 3, 353.0,491.0,1
3, 11, 946.0,1213.0,-1
11, 3, 946.0,1213.0,-1
3, 12, 807.0,1072.0,1
12, 3, 807.0,1072.0,1
3, 13, 660.0,921.0,-1
13, 3, 660.0,921.0,-1
3, 14, 585.0,814.0,-1
14, 3, 585.0,814.0,-1
3, 15, 915.0,1214.0,1
15, 3, 915.0,1214.0,1
3, 16, 500.0,706.0,-1
16, 3, 500.0,706.0,-1
3, 3, 0.0,0.0,1
4, 5, 199.0,226.0,-1
5, 4, 199.0,226.0,-1
4, 6, 786.0,1030.0,1
6, 4, 786.0,1030.0,1
4, 7, 249.0,300.0,-1
7, 4, 249.0,300.0,-1
4, 8, 1017.0,1384.0,-1
8, 4, 1017.0,1384.0,-1
4, 9, 117.0,160.0,-1
9, 4, 117.0,160.0,-1
4, 10, 298.0,419.0,-1
10, 4, 298.0,419.0,-1
4, 11, 932.0,1271.0,-1
11, 4, 932.0,1271.0,-1
4, 12, 338.0,449.0,-1
12, 4, 338.0,449.0,-1
4, 13, 148.0,209.0,-1
13, 4, 148.0,209.0,-1
4, 14, 95.0,97.0,-1
14, 4, 95.0,97.0,-1
4, 15, 417.0,505.0,-1
15, 4, 417.0,505.0,-1
4, 16, 854.0,936.0,-1
16, 4, 854.0,936.0,-1
4, 4, 0.0,0.0,1
5, 6, 761.0,863.0,1
6, 5, 761.0,863.0,1
5, 7, 439.0,467.0,-1
7, 5, 439.0,467.0,-1
5, 8, 1149.0,1609.0,1
8, 5, 1149.0,1609.0,1
5, 9, 288.0,385.0,-1
9, 5, 288.0,385.0,-1
5, 10, 225.0,252.0,-1
10, 5, 225.0,252.0,-1
5, 11, 1066.0,1496.0,-1
11, 5, 1066.0,1496.0,-1
5, 12, 531.0,675.0,-1
12, 5, 531.0,675.0,-1
5, 13, 332.0,435.0,1
13, 5, 332.0,435.0,1
5, 14, 107.0,134.0,-1
14, 5, 107.0,134.0,-1
5, 15, 615.0,731.0,-1
15, 5, 615.0,731.0,-1
5, 16, 886.0,989.0,-1
16, 5, 886.0,989.0,-1
5, 5, 0.0,0.0,1
6, 7, 954.0,1329.0,1
7, 6, 954.0,1329.0,1
6, 8, 818.0,966.0,-1
8, 6, 818.0,966.0,-1
6, 9, 725.0,992.0,1
9, 6, 725.0,992.0,1
6, 10, 537.0,611.0,1
10, 6, 537.0,611.0,1
6, 11, 772.0,853.0,-1
11, 6, 772.0,853.0,-1
6, 12, 843.0,1192.0,1
12, 6, 843.0,1192.0,1
6, 13, 751.0,1041.0,-1
13, 6, 751.0,1041.0,-1
6, 14, 752.0,934.0,1
14, 6, 752.0,934.0,1
6, 15, 945.0,1334.0,1
15, 6, 945.0,1334.0,1
6, 16, 254.0,346.0,-1
16, 6, 254.0,346.0,-1
6, 6, 0.0,0.0,1
7, 8, 979.0,1199.0,-1
8, 7, 979.0,1199.0,-1
7, 9, 239.0,338.0,-1
9, 7, 239.0,338.0,-1
7, 10, 531.0,719.0,-1
10, 7, 531.0,719.0,-1
7, 11, 894.0,1086.0,-1
11, 7, 894.0,1086.0,-1
7, 12, 211.0,265.0,-1
12, 7, 211.0,265.0,-1
7, 13, 205.0,289.0,-1
13, 7, 205.0,289.0,-1
7, 14, 342.0,396.0,1
14, 7, 342.0,396.0,1
7, 15, 227.0,321.0,1
15, 7, 227.0,321.0,1
7, 16, 965.0,1235.0,1
16, 7, 965.0,1235.0,1
7, 7, 0.0,0.0,1
8, 9, 901.0,1224.0,-1
9, 8, 901.0,1224.0,-1
8, 10, 1001.0,1415.0,1
10, 8, 1001.0,1415.0,1
8, 11, 87.0,114.0,1
11, 8, 87.0,114.0,1
8, 12, 769.0,935.0,1
12, 8, 769.0,935.0,1
8, 13, 879.0,1175.0,-1
13, 8, 879.0,1175.0,-1
8, 14, 1064.0,1476.0,-1
14, 8, 1064.0,1476.0,-1
8, 15, 793.0,879.0,1
15, 8, 793.0,879.0,1
8, 16, 583.0,621.0,-1
16, 8, 583.0,621.0,-1
8, 8, 0.0,0.0,1
9, 10, 302.0,382.0,1
10, 9, 302.0,382.0,1
9, 11, 816.0,1111.0,-1
11, 9, 816.0,1111.0,-1
9, 12, 249.0,290.0,1
12, 9, 249.0,290.0,1
9, 13, 50.0,50.0,-1
13, 9, 50.0,50.0,-1
9, 14, 183.0,252.0,1
14, 9, 183.0,252.0,1
9, 15, 344.0,346.0,-1
15, 9, 344.0,346.0,-1
9, 16, 765.0,898.0,-1
16, 9, 765.0,898.0,-1
9, 9, 0.0,0.0,1
10, 11, 922.0,1302.0,-1
11, 10, 922.0,1302.0,-1
10, 12, 533.0,581.0,-1
12, 10, 533.0,581.0,-1
10, 13, 349.0,431.0,1
13, 10, 349.0,431.0,1
10, 14, 233.0,323.0,-1
14, 10, 233.0,323.0,-1
10, 15, 637.0,723.0,-1
15, 10, 637.0,723.0,-1
10, 16, 671.0,795.0,1
16, 10, 671.0,795.0,1
10, 10, 0.0,0.0,1
11, 12, 684.0,822.0,-1
12, 11, 684.0,822.0,-1
11, 13, 793.0,1062.0,-1
13, 11, 793.0,1062.0,-1
11, 14, 980.0,1363.0,-1
14, 11, 980.0,1363.0,-1
11, 15, 711.0,766.0,-1
15, 11, 711.0,766.0,-1
11, 16, 549.0,588.0,1
16, 11, 549.0,588.0,1
11, 11, 0.0,0.0,1
12, 13, 201.0,241.0,-1
13, 12, 201.0,241.0,-1
12, 14, 424.0,541.0,-1
14, 12, 424.0,541.0,-1
12, 15, 108.0,142.0,-1
15, 12, 108.0,142.0,-1
12, 16, 807.0,1098.0,-1
16, 12, 807.0,1098.0,-1
12, 12, 0.0,0.0,1
13, 14, 226.0,301.0,-1
14, 13, 226.0,301.0,-1
13, 15, 295.0,297.0,1
15, 13, 295.0,297.0,1
13, 16, 776.0,947.0,-1
16, 13, 776.0,947.0,-1
13, 13, 0.0,0.0,1
14, 15, 508.0,597.0,-1
15, 14, 508.0,597.0,-1
14, 16, 847.0,856.0,1
16, 14, 847.0,856.0,1
14, 14, 0.0,0.0,1
15, 16, 895.0,1239.0,-1
16, 15, 895.0,1239.0,-1
15, 15, 0.0,0.0,1
16, 16, 0.0,0.0,1


<end>