<number of nodes>
16

<ratio of available edges>
0.3

<max length of the drone flight>
100000 

<D 2/3>
1, 2, 3, 6, 7, 8, 9, 10, 12, 15, 16

<V>
9, 10, 12, 15, 16

<coordinates X,Y>
981.1877956940024, 780.3646737746612
270.48382788152577, 194.31124372345533
618.8384335195007, 617.3140758831483
860.6218336391715, 350.47691899407795
216.66278963572586, 897.2023446228708
900.877784641028, 180.80703122813512
104.26169531616256, 245.30861444544985
855.3706031074377, 662.3535814823483
650.8664558749764, 965.8121219935983
967.1299412560362, 715.2729748179446
624.9670746122225, 439.4280653506155
403.0455137990616, 806.814623658853
176.66897582968738, 981.591090126794
462.42422720590724, 254.8295753609401
662.3906371535572, 764.1254211895703
70.92533031581223, 417.1393354870508

<adjacency matrix with truck distances>
1, 2, 922.0,1297.0,1
2, 1, 922.0,1297.0,1
1, 3, 398.0,526.0,-1
3, 1, 398.0,526.0,-1
1, 4, 447.0,551.0,-1
4, 1, 447.0,551.0,-1
1, 5, 774.0,882.0,-1
5, 1, 774.0,882.0,-1
1, 6, 605.0,680.0,1
6, 1, 605.0,680.0,1
1, 7, 1028.0,1412.0,-1
7, 1, 1028.0,1412.0,-1
1, 8, 173.0,244.0,1
8, 1, 173.0,244.0,1
1, 9, 379.0,516.0,-1
9, 1, 379.0,516.0,-1
1, 10, 67.0,80.0,-1
10, 1, 67.0,80.0,-1
1, 11, 494.0,698.0,1
11, 1, 494.0,698.0,1
1, 12, 579.0,605.0,-1
12, 1, 579.0,605.0,-1
1, 13, 830.0,1006.0,-1
13, 1, 830.0,1006.0,-1
1, 14, 739.0,1045.0,-1
14, 1, 739.0,1045.0,-1
1, 15, 320.0,336.0,-1
15, 1, 320.0,336.0,-1
1, 16, 981.0,1274.0,1
16, 1, 981.0,1274.0,1
1, 1, 0.0,0.0,1
2, 3, 548.0,772.0,-1
3, 2, 548.0,772.0,-1
2, 4, 611.0,747.0,-1
4, 2, 611.0,747.0,-1
2, 5, 705.0,757.0,1
5, 2, 705.0,757.0,1
2, 6, 631.0,644.0,-1
6, 2, 631.0,644.0,-1
2, 7, 174.0,218.0,-1
7, 2, 174.0,218.0,-1
2, 8, 750.0,1053.0,-1
8, 2, 750.0,1053.0,-1
2, 9, 861.0,1152.0,-1
9, 2, 861.0,1152.0,-1
2, 10, 870.0,1218.0,-1
10, 2, 870.0,1218.0,-1
2, 11, 431.0,600.0,-1
11, 2, 431.0,600.0,-1
2, 12, 627.0,746.0,1
12, 2, 627.0,746.0,1
2, 13, 793.0,882.0,-1
13, 2, 793.0,882.0,-1
2, 14, 202.0,253.0,-1
14, 2, 202.0,253.0,-1
2, 15, 692.0,962.0,-1
15, 2, 692.0,962.0,-1
2, 16, 300.0,423.0,1
16, 2, 300.0,423.0,1
2, 2, 0.0,0.0,1
3, 4, 361.0,509.0,-1
4, 3, 361.0,509.0,-1
3, 5, 490.0,683.0,1
5, 3, 490.0,683.0,1
3, 6, 520.0,719.0,-1
6, 3, 520.0,719.0,-1
3, 7, 635.0,887.0,1
7, 3, 635.0,887.0,1
3, 8, 241.0,282.0,1
8, 3, 241.0,282.0,1
3, 9, 350.0,381.0,-1
9, 3, 350.0,381.0,-1
3, 10, 362.0,447.0,-1
10, 3, 362.0,447.0,-1
3, 11, 178.0,185.0,-1
11, 3, 178.0,185.0,-1
3, 12, 288.0,406.0,1
12, 3, 288.0,406.0,1
3, 13, 573.0,807.0,-1
13, 3, 573.0,807.0,-1
3, 14, 395.0,519.0,-1
14, 3, 395.0,519.0,-1
3, 15, 154.0,191.0,-1
15, 3, 154.0,191.0,-1
3, 16, 584.0,749.0,1
16, 3, 584.0,749.0,1
3, 3, 0.0,0.0,1
4, 5, 845.0,1191.0,1
5, 4, 845.0,1191.0,1
4, 6, 175.0,210.0,-1
6, 4, 175.0,210.0,-1
4, 7, 764.0,862.0,-1
7, 4, 764.0,862.0,-1
4, 8, 312.0,318.0,1
8, 4, 312.0,318.0,1
4, 9, 651.0,826.0,-1
9, 4, 651.0,826.0,-1
4, 10, 381.0,472.0,-1
10, 4, 381.0,472.0,-1
4, 11, 252.0,325.0,1
11, 4, 252.0,325.0,1
4, 12, 647.0,914.0,1
12, 4, 647.0,914.0,1
4, 13, 931.0,1316.0,-1
13, 4, 931.0,1316.0,-1
4, 14, 410.0,494.0,1
14, 4, 410.0,494.0,1
4, 15, 459.0,612.0,-1
15, 4, 459.0,612.0,-1
4, 16, 793.0,857.0,-1
16, 4, 793.0,857.0,-1
4, 4, 0.0,0.0,1
5, 6, 991.0,1401.0,1
6, 5, 991.0,1401.0,1
5, 7, 662.0,765.0,-1
7, 5, 662.0,765.0,-1
5, 8, 681.0,874.0,-1
8, 5, 681.0,874.0,-1
5, 9, 440.0,503.0,-1
9, 5, 440.0,503.0,-1
5, 10, 773.0,933.0,-1
10, 5, 773.0,933.0,-1
5, 11, 614.0,867.0,-1
11, 5, 614.0,867.0,-1
5, 12, 208.0,277.0,-1
12, 5, 208.0,277.0,-1
5, 13, 94.0,125.0,1
13, 5, 94.0,125.0,1
5, 14, 688.0,889.0,-1
14, 5, 688.0,889.0,-1
5, 15, 466.0,579.0,-1
15, 5, 466.0,579.0,-1
5, 16, 502.0,626.0,-1
16, 5, 502.0,626.0,-1
5, 5, 0.0,0.0,1
6, 7, 800.0,862.0,1
7, 6, 800.0,862.0,1
6, 8, 484.0,528.0,-1
8, 6, 484.0,528.0,-1
6, 9, 824.0,1036.0,1
9, 6, 824.0,1036.0,1
6, 10, 539.0,601.0,1
10, 6, 539.0,601.0,1
6, 11, 379.0,535.0,1
11, 6, 379.0,535.0,1
6, 12, 800.0,1124.0,-1
12, 6, 800.0,1124.0,-1
6, 13, 1080.0,1525.0,-1
13, 6, 1080.0,1525.0,-1
6, 14, 445.0,513.0,-1
14, 6, 445.0,513.0,-1
6, 15, 631.0,822.0,1
15, 6, 631.0,822.0,1
6, 16, 863.0,1067.0,1
16, 6, 863.0,1067.0,1
6, 6, 0.0,0.0,1
7, 8, 860.0,1169.0,-1
8, 7, 860.0,1169.0,-1
7, 9, 905.0,1268.0,1
9, 7, 905.0,1268.0,1
7, 10, 983.0,1333.0,-1
10, 7, 983.0,1333.0,-1
7, 11, 556.0,715.0,1
11, 7, 556.0,715.0,1
7, 12, 637.0,861.0,-1
12, 7, 637.0,861.0,-1
7, 13, 740.0,809.0,-1
13, 7, 740.0,809.0,-1
7, 14, 359.0,368.0,-1
14, 7, 359.0,368.0,-1
7, 15, 763.0,1077.0,1
15, 7, 763.0,1077.0,1
7, 16, 176.0,206.0,-1
16, 7, 176.0,206.0,-1
7, 7, 0.0,0.0,1
8, 9, 366.0,508.0,-1
9, 8, 366.0,508.0,-1
8, 10, 124.0,165.0,-1
10, 8, 124.0,165.0,-1
8, 11, 321.0,454.0,-1
11, 8, 321.0,454.0,-1
8, 12, 475.0,597.0,-1
12, 8, 475.0,597.0,-1
8, 13, 751.0,998.0,-1
13, 8, 751.0,998.0,-1
8, 14, 567.0,801.0,-1
14, 8, 567.0,801.0,-1
8, 15, 219.0,295.0,-1
15, 8, 219.0,295.0,-1
8, 16, 822.0,1030.0,-1
16, 8, 822.0,1030.0,-1
8, 8, 0.0,0.0,1
9, 10, 404.0,567.0,-1
10, 9, 404.0,567.0,-1
9, 11, 528.0,553.0,-1
11, 9, 528.0,553.0,-1
9, 12, 295.0,407.0,1
12, 9, 295.0,407.0,1
9, 13, 475.0,490.0,1
13, 9, 475.0,490.0,1
9, 14, 736.0,900.0,-1
14, 9, 736.0,900.0,-1
9, 15, 203.0,214.0,-1
15, 9, 203.0,214.0,-1
9, 16, 799.0,1129.0,1
16, 9, 799.0,1129.0,1
9, 9, 0.0,0.0,1
10, 11, 440.0,619.0,-1
11, 10, 440.0,619.0,-1
10, 12, 572.0,656.0,-1
12, 10, 572.0,656.0,-1
10, 13, 835.0,1057.0,-1
13, 10, 835.0,1057.0,-1
10, 14, 684.0,966.0,1
14, 10, 684.0,966.0,1
10, 15, 309.0,354.0,-1
15, 10, 309.0,354.0,-1
10, 16, 945.0,1195.0,-1
16, 10, 945.0,1195.0,-1
10, 10, 0.0,0.0,1
11, 12, 430.0,590.0,-1
12, 11, 430.0,590.0,-1
11, 13, 704.0,991.0,-1
13, 11, 704.0,991.0,-1
11, 14, 246.0,348.0,1
14, 11, 246.0,348.0,1
11, 15, 327.0,363.0,-1
15, 11, 327.0,363.0,-1
11, 16, 555.0,577.0,-1
16, 11, 555.0,577.0,-1
11, 11, 0.0,0.0,1
12, 13, 286.0,402.0,-1
13, 12, 286.0,402.0,-1
12, 14, 556.0,612.0,-1
14, 12, 556.0,612.0,-1
12, 15, 263.0,303.0,-1
15, 12, 263.0,303.0,-1
12, 16, 513.0,722.0,1
16, 12, 513.0,722.0,1
12, 12, 0.0,0.0,1
13, 14, 781.0,1013.0,-1
14, 13, 781.0,1013.0,-1
13, 15, 533.0,704.0,-1
15, 13, 533.0,704.0,-1
13, 16, 575.0,671.0,-1
16, 13, 575.0,671.0,-1
13, 13, 0.0,0.0,1
14, 15, 548.0,710.0,-1
15, 14, 548.0,710.0,-1
14, 16, 424.0,554.0,-1
16, 14, 424.0,554.0,-1
14, 14, 0.0,0.0,1
15, 16, 686.0,939.0,1
16, 15, 686.0,939.0,1
15, 15, 0.0,0.0,1
16, 16, 0.0,0.0,1


<end>