<number of nodes>
16

<ratio of available edges>
0.3

<max length of the drone flight>
100000 

<D 2/3>
1, 2, 3, 4, 5, 7, 8, 9, 10, 13, 14

<V>
2, 3, 4, 5, 7

<coordinates X,Y>
976.3925777484485, 845.3013485980194
991.1725465319176, 110.17194356547076
113.90577626501947, 501.2231363698766
231.3479236753168, 436.9501894361801
879.6375004302646, 440.02097185105583
38.64807444750996, 542.7884573828278
138.28331443567404, 108.52856104058695
821.9778625346921, 302.05291452786
568.7883938852656, 739.3400293945106
475.72987285367975, 899.7928063418556
950.6958114051663, 808.893628536464
208.06099846935206, 308.01309496569155
82.75578760566079, 565.154942112361
755.6269464553081, 374.0997014826525
528.9004152844285, 652.4517683110835
624.0233388226837, 840.4557213892945

<adjacency matrix with truck distances>
1, 2, 736.0,750.0,-1
2, 1, 736.0,750.0,-1
1, 3, 929.0,1207.0,-1
3, 1, 929.0,1207.0,-1
1, 4, 850.0,1154.0,1
4, 1, 850.0,1154.0,1
1, 5, 417.0,503.0,1
5, 1, 417.0,503.0,1
1, 6, 986.0,1241.0,-1
6, 1, 986.0,1241.0,-1
1, 7, 1116.0,1575.0,-1
7, 1, 1116.0,1575.0,-1
1, 8, 565.0,698.0,-1
8, 1, 565.0,698.0,-1
1, 9, 422.0,514.0,-1
9, 1, 422.0,514.0,-1
1, 10, 504.0,556.0,-1
10, 1, 504.0,556.0,-1
1, 11, 45.0,63.0,-1
11, 1, 45.0,63.0,-1
1, 12, 938.0,1306.0,-1
12, 1, 938.0,1306.0,-1
1, 13, 937.0,1174.0,1
13, 1, 937.0,1174.0,1
1, 14, 521.0,692.0,-1
14, 1, 521.0,692.0,-1
1, 15, 488.0,641.0,-1
15, 1, 488.0,641.0,-1
1, 16, 353.0,358.0,1
16, 1, 353.0,358.0,1
1, 1, 0.0,0.0,1
2, 3, 961.0,1269.0,-1
3, 2, 961.0,1269.0,-1
2, 4, 828.0,1087.0,1
4, 2, 828.0,1087.0,1
2, 5, 349.0,442.0,-1
5, 2, 349.0,442.0,-1
2, 6, 1047.0,1386.0,-1
6, 2, 1047.0,1386.0,-1
2, 7, 853.0,855.0,-1
7, 2, 853.0,855.0,-1
2, 8, 256.0,362.0,-1
8, 2, 256.0,362.0,-1
2, 9, 758.0,1052.0,-1
9, 2, 758.0,1052.0,-1
2, 10, 943.0,1306.0,-1
10, 2, 943.0,1306.0,-1
2, 11, 700.0,740.0,-1
11, 2, 700.0,740.0,-1
2, 12, 808.0,981.0,-1
12, 2, 808.0,981.0,-1
2, 13, 1016.0,1364.0,-1
13, 2, 1016.0,1364.0,-1
2, 14, 354.0,500.0,1
14, 2, 354.0,500.0,1
2, 15, 713.0,1005.0,1
15, 2, 713.0,1005.0,1
2, 16, 818.0,1098.0,1
16, 2, 818.0,1098.0,1
2, 2, 0.0,0.0,1
3, 4, 134.0,182.0,1
4, 3, 134.0,182.0,1
3, 5, 769.0,827.0,-1
5, 3, 769.0,827.0,-1
3, 6, 86.0,117.0,-1
6, 3, 86.0,117.0,-1
3, 7, 394.0,418.0,1
7, 3, 394.0,418.0,1
3, 8, 736.0,908.0,-1
8, 3, 736.0,908.0,-1
3, 9, 514.0,693.0,-1
9, 3, 514.0,693.0,-1
3, 10, 539.0,761.0,1
10, 3, 539.0,761.0,1
3, 11, 892.0,1145.0,-1
11, 3, 892.0,1145.0,-1
3, 12, 215.0,288.0,-1
12, 3, 215.0,288.0,-1
3, 13, 72.0,96.0,1
13, 3, 72.0,96.0,1
3, 14, 655.0,769.0,-1
14, 3, 655.0,769.0,-1
3, 15, 442.0,567.0,-1
15, 3, 442.0,567.0,-1
3, 16, 613.0,850.0,1
16, 3, 613.0,850.0,1
3, 3, 0.0,0.0,1
4, 5, 649.0,652.0,1
5, 4, 649.0,652.0,1
4, 6, 220.0,299.0,1
6, 4, 220.0,299.0,1
4, 7, 342.0,422.0,-1
7, 4, 342.0,422.0,-1
4, 8, 606.0,726.0,-1
8, 4, 606.0,726.0,-1
4, 9, 454.0,640.0,-1
9, 4, 454.0,640.0,-1
4, 10, 524.0,708.0,1
10, 4, 524.0,708.0,1
4, 11, 810.0,1092.0,1
11, 4, 810.0,1092.0,1
4, 12, 132.0,153.0,-1
12, 4, 132.0,153.0,-1
4, 13, 197.0,277.0,-1
13, 4, 197.0,277.0,-1
4, 14, 529.0,588.0,-1
14, 4, 529.0,588.0,-1
4, 15, 368.0,514.0,-1
15, 4, 368.0,514.0,-1
4, 16, 564.0,797.0,1
16, 4, 564.0,797.0,1
4, 4, 0.0,0.0,1
5, 6, 848.0,944.0,-1
6, 5, 848.0,944.0,-1
5, 7, 813.0,1073.0,-1
7, 5, 813.0,1073.0,-1
5, 8, 150.0,196.0,1
8, 5, 150.0,196.0,1
5, 9, 432.0,611.0,-1
9, 5, 432.0,611.0,-1
5, 10, 612.0,864.0,1
10, 5, 612.0,864.0,1
5, 11, 376.0,440.0,-1
11, 5, 376.0,440.0,-1
5, 12, 685.0,804.0,-1
12, 5, 685.0,804.0,-1
5, 13, 807.0,923.0,-1
13, 5, 807.0,923.0,-1
5, 14, 141.0,190.0,-1
14, 5, 141.0,190.0,-1
5, 15, 411.0,564.0,-1
15, 5, 411.0,564.0,-1
5, 16, 476.0,657.0,-1
16, 5, 476.0,657.0,-1
5, 5, 0.0,0.0,1
6, 7, 446.0,534.0,-1
7, 6, 446.0,534.0,-1
6, 8, 820.0,1025.0,-1
8, 6, 820.0,1025.0,-1
6, 9, 566.0,727.0,-1
9, 6, 566.0,727.0,-1
6, 10, 565.0,795.0,-1
10, 6, 565.0,795.0,-1
6, 11, 951.0,1179.0,1
11, 6, 951.0,1179.0,1
6, 12, 290.0,405.0,1
12, 6, 290.0,405.0,1
6, 13, 50.0,67.0,-1
13, 6, 50.0,67.0,-1
6, 14, 737.0,886.0,-1
14, 6, 737.0,886.0,-1
6, 15, 503.0,600.0,-1
15, 6, 503.0,600.0,-1
6, 16, 657.0,884.0,-1
16, 6, 657.0,884.0,-1
6, 6, 0.0,0.0,1
7, 8, 711.0,878.0,-1
8, 7, 711.0,878.0,-1
7, 9, 764.0,1062.0,-1
9, 7, 764.0,1062.0,-1
7, 10, 861.0,1129.0,-1
10, 7, 861.0,1129.0,-1
7, 11, 1073.0,1513.0,-1
11, 7, 1073.0,1513.0,-1
7, 12, 212.0,270.0,-1
12, 7, 212.0,270.0,-1
7, 13, 460.0,513.0,-1
13, 7, 460.0,513.0,-1
7, 14, 673.0,883.0,1
14, 7, 673.0,883.0,1
7, 15, 670.0,935.0,-1
15, 7, 670.0,935.0,-1
7, 16, 879.0,1218.0,1
16, 7, 879.0,1218.0,1
7, 7, 0.0,0.0,1
8, 9, 506.0,691.0,-1
9, 8, 506.0,691.0,-1
8, 10, 691.0,944.0,-1
10, 8, 691.0,944.0,-1
8, 11, 523.0,636.0,1
11, 8, 523.0,636.0,1
8, 12, 614.0,620.0,1
12, 8, 614.0,620.0,1
8, 13, 785.0,1003.0,-1
13, 8, 785.0,1003.0,-1
8, 14, 98.0,139.0,-1
14, 8, 98.0,139.0,-1
8, 15, 457.0,644.0,-1
15, 8, 457.0,644.0,-1
8, 16, 574.0,737.0,-1
16, 8, 574.0,737.0,-1
8, 8, 0.0,0.0,1
9, 10, 186.0,254.0,-1
10, 9, 186.0,254.0,-1
9, 11, 389.0,452.0,-1
11, 9, 389.0,452.0,-1
9, 12, 563.0,793.0,1
12, 9, 563.0,793.0,1
9, 13, 517.0,661.0,1
13, 9, 517.0,661.0,1
9, 14, 411.0,553.0,-1
14, 9, 411.0,553.0,-1
9, 15, 96.0,127.0,-1
15, 9, 96.0,127.0,-1
9, 16, 116.0,157.0,1
16, 9, 116.0,157.0,1
9, 9, 0.0,0.0,1
10, 11, 484.0,566.0,-1
11, 10, 484.0,566.0,-1
10, 12, 650.0,860.0,-1
12, 10, 650.0,860.0,-1
10, 13, 517.0,728.0,1
13, 10, 517.0,728.0,1
10, 14, 596.0,806.0,-1
14, 10, 596.0,806.0,-1
10, 15, 253.0,301.0,-1
15, 10, 253.0,301.0,-1
10, 16, 160.0,208.0,1
16, 10, 160.0,208.0,1
10, 10, 0.0,0.0,1
11, 12, 896.0,1244.0,-1
12, 11, 896.0,1244.0,-1
11, 13, 902.0,1112.0,1
13, 11, 902.0,1112.0,1
11, 14, 477.0,630.0,-1
14, 11, 477.0,630.0,-1
11, 15, 450.0,579.0,-1
15, 11, 450.0,579.0,-1
11, 16, 329.0,359.0,-1
16, 11, 329.0,359.0,-1
11, 11, 0.0,0.0,1
12, 13, 287.0,383.0,-1
13, 12, 287.0,383.0,-1
12, 14, 552.0,614.0,-1
14, 12, 552.0,614.0,-1
12, 15, 471.0,666.0,-1
15, 12, 471.0,666.0,-1
12, 16, 676.0,949.0,1
16, 12, 676.0,949.0,1
12, 12, 0.0,0.0,1
13, 14, 700.0,864.0,1
14, 13, 700.0,864.0,1
13, 15, 455.0,534.0,-1
15, 13, 455.0,534.0,-1
13, 16, 608.0,817.0,-1
16, 13, 608.0,817.0,-1
13, 13, 0.0,0.0,1
14, 15, 360.0,506.0,1
15, 14, 360.0,506.0,1
14, 16, 485.0,598.0,-1
16, 14, 485.0,598.0,-1
14, 14, 0.0,0.0,1
15, 16, 211.0,284.0,1
16, 15, 211.0,284.0,1
15, 15, 0.0,0.0,1
16, 16, 0.0,0.0,1


<end>