<number of nodes>
16

<ratio of available edges>
0.3

<max length of the drone flight>
100000 

<D 2/3>
1, 2, 4, 5, 6, 9, 10, 12, 13, 15, 16

<V>
2, 5, 12, 13, 15

<coordinates X,Y>
606.7738984006666, 484.63271311832256
883.1213922029624, 931.0135067799406
356.5853058391735, 291.421140179069
681.1880205956135, 931.7702322856079
896.1277198107946, 638.2268447019526
534.6264430080319, 425.0274201098817
933.763018967065, 548.8827022999476
532.6042648902014, 138.85764186651787
839.0736509572745, 633.0128193403108
193.3806730078936, 277.3015733045361
225.4376955445746, 312.3565496556848
655.7434890428686, 872.0702959725871
958.997893398225, 869.2655224436542
256.750538958931, 304.34589905771776
679.9357141391756, 72.94644757433639
569.7554135734504, 392.7128110127772

<adjacency matrix with truck distances>
1, 2, 525.0,723.0,-1
2, 1, 525.0,723.0,-1
1, 3, 317.0,444.0,-1
3, 1, 317.0,444.0,-1
1, 4, 454.0,522.0,-1
4, 1, 454.0,522.0,-1
1, 5, 328.0,443.0,1
5, 1, 328.0,443.0,1
1, 6, 94.0,132.0,-1
6, 1, 94.0,132.0,-1
1, 7, 334.0,392.0,1
7, 1, 334.0,392.0,1
1, 8, 354.0,420.0,-1
8, 1, 354.0,420.0,-1
1, 9, 276.0,381.0,1
9, 1, 276.0,381.0,1
1, 10, 463.0,621.0,-1
10, 1, 463.0,621.0,-1
1, 11, 419.0,554.0,-1
11, 1, 419.0,554.0,-1
1, 12, 391.0,437.0,-1
12, 1, 391.0,437.0,-1
1, 13, 522.0,737.0,1
13, 1, 522.0,737.0,1
1, 14, 394.0,531.0,1
14, 1, 394.0,531.0,1
1, 15, 419.0,485.0,-1
15, 1, 419.0,485.0,-1
1, 16, 100.0,129.0,-1
16, 1, 100.0,129.0,-1
1, 1, 0.0,0.0,1
2, 3, 829.0,1167.0,-1
3, 2, 829.0,1167.0,-1
2, 4, 202.0,203.0,-1
4, 2, 202.0,203.0,-1
2, 5, 294.0,306.0,-1
5, 2, 294.0,306.0,-1
2, 6, 615.0,855.0,1
6, 2, 615.0,855.0,1
2, 7, 386.0,433.0,-1
7, 2, 386.0,433.0,-1
2, 8, 867.0,1143.0,-1
8, 2, 867.0,1143.0,-1
2, 9, 302.0,343.0,-1
9, 2, 302.0,343.0,-1
2, 10, 951.0,1344.0,1
10, 2, 951.0,1344.0,1
2, 11, 903.0,1277.0,-1
11, 2, 903.0,1277.0,-1
2, 12, 235.0,287.0,1
12, 2, 235.0,287.0,1
2, 13, 98.0,138.0,1
13, 2, 98.0,138.0,1
2, 14, 887.0,1254.0,-1
14, 2, 887.0,1254.0,-1
2, 15, 882.0,1062.0,-1
15, 2, 882.0,1062.0,-1
2, 16, 623.0,852.0,1
16, 2, 623.0,852.0,1
2, 2, 0.0,0.0,1
3, 4, 718.0,965.0,-1
4, 3, 718.0,965.0,-1
3, 5, 642.0,887.0,1
5, 3, 642.0,887.0,1
3, 6, 223.0,312.0,-1
6, 3, 223.0,312.0,-1
3, 7, 632.0,835.0,1
7, 3, 632.0,835.0,1
3, 8, 233.0,329.0,1
8, 3, 233.0,329.0,1
3, 9, 592.0,825.0,-1
9, 3, 592.0,825.0,-1
3, 10, 164.0,178.0,-1
10, 3, 164.0,178.0,-1
3, 11, 133.0,153.0,-1
11, 3, 133.0,153.0,-1
3, 12, 654.0,880.0,-1
12, 3, 654.0,880.0,-1
3, 13, 835.0,1181.0,1
13, 3, 835.0,1181.0,1
3, 14, 101.0,113.0,-1
14, 3, 101.0,113.0,-1
3, 15, 391.0,542.0,-1
15, 3, 391.0,542.0,-1
3, 16, 237.0,315.0,-1
16, 3, 237.0,315.0,-1
3, 3, 0.0,0.0,1
4, 5, 364.0,509.0,-1
5, 4, 364.0,509.0,-1
4, 6, 528.0,654.0,-1
6, 4, 528.0,654.0,-1
4, 7, 459.0,636.0,1
7, 4, 459.0,636.0,1
4, 8, 807.0,942.0,-1
8, 4, 807.0,942.0,-1
4, 9, 338.0,457.0,-1
9, 4, 338.0,457.0,-1
4, 10, 817.0,1143.0,1
10, 4, 817.0,1143.0,1
4, 11, 770.0,1076.0,-1
11, 4, 770.0,1076.0,-1
4, 12, 65.0,86.0,-1
12, 4, 65.0,86.0,-1
4, 13, 285.0,341.0,-1
13, 4, 285.0,341.0,-1
4, 14, 758.0,1052.0,-1
14, 4, 758.0,1052.0,-1
4, 15, 859.0,861.0,1
15, 4, 859.0,861.0,1
4, 16, 551.0,651.0,-1
16, 4, 551.0,651.0,-1
4, 4, 0.0,0.0,1
5, 6, 420.0,575.0,-1
6, 5, 420.0,575.0,-1
5, 7, 97.0,127.0,-1
7, 5, 97.0,127.0,-1
5, 8, 618.0,863.0,1
8, 5, 618.0,863.0,1
5, 9, 58.0,63.0,1
9, 5, 58.0,63.0,1
5, 10, 791.0,1064.0,-1
10, 5, 791.0,1064.0,-1
5, 11, 746.0,997.0,1
11, 5, 746.0,997.0,1
5, 12, 336.0,475.0,1
12, 5, 336.0,475.0,1
5, 13, 240.0,294.0,-1
13, 5, 240.0,294.0,-1
5, 14, 722.0,974.0,-1
14, 5, 722.0,974.0,-1
5, 15, 606.0,782.0,1
15, 5, 606.0,782.0,1
5, 16, 409.0,572.0,-1
16, 5, 409.0,572.0,-1
5, 5, 0.0,0.0,1
6, 7, 418.0,523.0,1
7, 6, 418.0,523.0,1
6, 8, 287.0,289.0,-1
8, 6, 287.0,289.0,-1
6, 9, 369.0,513.0,1
9, 6, 369.0,513.0,1
6, 10, 372.0,489.0,-1
10, 6, 372.0,489.0,-1
6, 11, 330.0,422.0,-1
11, 6, 330.0,422.0,-1
6, 12, 464.0,569.0,-1
12, 6, 464.0,569.0,-1
6, 13, 615.0,869.0,-1
13, 6, 615.0,869.0,-1
6, 14, 303.0,399.0,-1
14, 6, 303.0,399.0,-1
6, 15, 381.0,498.0,-1
15, 6, 381.0,498.0,-1
6, 16, 48.0,68.0,-1
16, 6, 48.0,68.0,-1
6, 6, 0.0,0.0,1
7, 8, 574.0,812.0,-1
8, 7, 574.0,812.0,-1
7, 9, 127.0,179.0,-1
9, 7, 127.0,179.0,-1
7, 10, 789.0,1012.0,-1
10, 7, 789.0,1012.0,-1
7, 11, 747.0,945.0,-1
11, 7, 747.0,945.0,-1
7, 12, 427.0,602.0,1
12, 7, 427.0,602.0,1
7, 13, 322.0,346.0,-1
13, 7, 322.0,346.0,-1
7, 14, 720.0,922.0,-1
14, 7, 720.0,922.0,-1
7, 15, 540.0,730.0,1
15, 7, 540.0,730.0,1
7, 16, 397.0,521.0,-1
16, 7, 397.0,521.0,-1
7, 7, 0.0,0.0,1
8, 9, 582.0,801.0,-1
9, 8, 582.0,801.0,-1
8, 10, 367.0,478.0,1
10, 8, 367.0,478.0,1
8, 11, 353.0,481.0,-1
11, 8, 353.0,481.0,-1
8, 12, 744.0,857.0,-1
12, 8, 744.0,857.0,-1
8, 13, 846.0,1157.0,-1
13, 8, 846.0,1157.0,-1
8, 14, 322.0,442.0,-1
14, 8, 322.0,442.0,-1
8, 15, 162.0,214.0,1
15, 8, 162.0,214.0,1
8, 16, 257.0,292.0,-1
16, 8, 257.0,292.0,-1
8, 8, 0.0,0.0,1
9, 10, 738.0,1002.0,1
10, 9, 738.0,1002.0,1
9, 11, 693.0,935.0,-1
11, 9, 693.0,935.0,-1
9, 12, 302.0,423.0,-1
12, 9, 302.0,423.0,-1
9, 13, 265.0,357.0,1
13, 9, 265.0,357.0,1
9, 14, 669.0,911.0,1
14, 9, 669.0,911.0,1
9, 15, 583.0,720.0,-1
15, 9, 583.0,720.0,-1
9, 16, 361.0,510.0,-1
16, 9, 361.0,510.0,-1
9, 9, 0.0,0.0,1
10, 11, 48.0,68.0,-1
11, 10, 48.0,68.0,-1
10, 12, 754.0,1058.0,-1
12, 10, 754.0,1058.0,-1
10, 13, 968.0,1358.0,1
13, 10, 968.0,1358.0,1
10, 14, 69.0,91.0,1
14, 10, 69.0,91.0,1
10, 15, 528.0,691.0,-1
15, 10, 528.0,691.0,-1
10, 16, 394.0,492.0,-1
16, 10, 394.0,492.0,-1
10, 10, 0.0,0.0,1
11, 12, 707.0,991.0,1
12, 11, 707.0,991.0,1
11, 13, 922.0,1291.0,-1
13, 11, 922.0,1291.0,-1
11, 14, 33.0,40.0,-1
14, 11, 33.0,40.0,-1
11, 15, 514.0,694.0,-1
15, 11, 514.0,694.0,-1
11, 16, 354.0,425.0,-1
16, 11, 354.0,425.0,-1
11, 11, 0.0,0.0,1
12, 13, 304.0,307.0,-1
13, 12, 304.0,307.0,-1
12, 14, 694.0,967.0,-1
14, 12, 694.0,967.0,-1
12, 15, 800.0,824.0,-1
15, 12, 800.0,824.0,-1
12, 16, 488.0,566.0,-1
16, 12, 488.0,566.0,-1
12, 12, 0.0,0.0,1
13, 14, 902.0,1268.0,1
14, 13, 902.0,1268.0,1
13, 15, 844.0,1076.0,-1
15, 13, 844.0,1076.0,-1
13, 16, 616.0,866.0,-1
16, 13, 616.0,866.0,-1
13, 13, 0.0,0.0,1
14, 15, 483.0,655.0,1
15, 14, 483.0,655.0,1
14, 16, 326.0,402.0,-1
16, 14, 326.0,402.0,-1
14, 14, 0.0,0.0,1
15, 16, 339.0,430.0,-1
16, 15, 339.0,430.0,-1
15, 15, 0.0,0.0,1
16, 16, 0.0,0.0,1


<end>