<number of nodes>
16

<ratio of available edges>
0.3

<max length of the drone flight>
100000 

<D 2/3>
1, 3, 4, 5, 6, 7, 8, 9, 11, 15, 16

<V>
3, 5, 9, 11, 15

<coordinates X,Y>
665.289518003747, 694.7372293203497
585.7998541093758, 837.352250379866
735.9074409372371, 33.463468711263836
4.112871231918799, 208.87804741102238
882.6606161016151, 726.9926828676413
653.0619540974141, 132.80294105291335
523.6832131016228, 659.0068851208057
238.3067026416323, 191.12473661426438
319.85941061285746, 768.0029205080172
471.00866549283603, 416.3607744047606
329.90170355949095, 95.56325476229064
583.6537764298643, 406.1660065695963
337.35336831814806, 898.8843394045392
90.4527735183538, 698.6214127263879
238.33261408547204, 866.4751384443888
509.023926195156, 95.34863224716003

<adjacency matrix with truck distances>
1, 2, 164.0,223.0,-1
2, 1, 164.0,223.0,-1
1, 3, 666.0,732.0,-1
3, 1, 666.0,732.0,-1
1, 4, 821.0,1148.0,-1
4, 1, 821.0,1148.0,-1
1, 5, 220.0,250.0,-1
5, 1, 220.0,250.0,-1
1, 6, 563.0,575.0,-1
6, 1, 563.0,575.0,-1
1, 7, 147.0,178.0,-1
7, 1, 147.0,178.0,-1
1, 8, 661.0,931.0,-1
8, 1, 661.0,931.0,-1
1, 9, 354.0,419.0,1
9, 1, 354.0,419.0,1
1, 10, 340.0,473.0,-1
10, 1, 340.0,473.0,-1
1, 11, 687.0,935.0,-1
11, 1, 687.0,935.0,-1
1, 12, 300.0,371.0,-1
12, 1, 300.0,371.0,-1
1, 13, 387.0,533.0,-1
13, 1, 387.0,533.0,-1
1, 14, 575.0,579.0,-1
14, 1, 575.0,579.0,-1
1, 15, 461.0,599.0,-1
15, 1, 461.0,599.0,-1
1, 16, 620.0,756.0,-1
16, 1, 620.0,756.0,-1
1, 1, 0.0,0.0,1
2, 3, 818.0,954.0,-1
3, 2, 818.0,954.0,-1
2, 4, 857.0,1211.0,1
4, 2, 857.0,1211.0,1
2, 5, 317.0,408.0,1
5, 2, 317.0,408.0,1
2, 6, 708.0,772.0,-1
6, 2, 708.0,772.0,-1
2, 7, 189.0,241.0,1
7, 2, 189.0,241.0,1
2, 8, 734.0,994.0,-1
8, 2, 734.0,994.0,-1
2, 9, 275.0,336.0,-1
9, 2, 275.0,336.0,-1
2, 10, 437.0,536.0,-1
10, 2, 437.0,536.0,-1
2, 11, 785.0,998.0,1
11, 2, 785.0,998.0,1
2, 12, 432.0,434.0,1
12, 2, 432.0,434.0,1
2, 13, 256.0,310.0,-1
13, 2, 256.0,310.0,-1
2, 14, 515.0,635.0,-1
14, 2, 515.0,635.0,-1
2, 15, 349.0,377.0,1
15, 2, 349.0,377.0,1
2, 16, 746.0,819.0,1
16, 2, 746.0,819.0,1
2, 2, 0.0,0.0,1
3, 4, 753.0,908.0,1
4, 3, 753.0,908.0,1
3, 5, 709.0,841.0,1
5, 3, 709.0,841.0,1
3, 6, 130.0,183.0,-1
6, 3, 130.0,183.0,-1
3, 7, 661.0,838.0,-1
7, 3, 661.0,838.0,-1
3, 8, 522.0,656.0,-1
8, 3, 522.0,656.0,-1
3, 9, 845.0,1151.0,-1
9, 3, 845.0,1151.0,-1
3, 10, 466.0,648.0,1
10, 3, 466.0,648.0,1
3, 11, 411.0,469.0,-1
11, 3, 411.0,469.0,-1
3, 12, 403.0,525.0,-1
12, 3, 403.0,525.0,-1
3, 13, 953.0,1264.0,-1
13, 3, 953.0,1264.0,-1
3, 14, 927.0,1311.0,-1
14, 3, 927.0,1311.0,-1
3, 15, 971.0,1331.0,1
15, 3, 971.0,1331.0,1
3, 16, 236.0,289.0,-1
16, 3, 236.0,289.0,-1
3, 3, 0.0,0.0,1
4, 5, 1020.0,1397.0,1
5, 4, 1020.0,1397.0,1
4, 6, 654.0,726.0,-1
6, 4, 654.0,726.0,-1
4, 7, 688.0,970.0,1
7, 4, 688.0,970.0,1
4, 8, 235.0,252.0,-1
8, 4, 235.0,252.0,-1
4, 9, 643.0,875.0,-1
9, 4, 643.0,875.0,-1
4, 10, 511.0,675.0,1
10, 4, 511.0,675.0,1
4, 11, 345.0,440.0,1
11, 4, 345.0,440.0,1
4, 12, 613.0,777.0,1
12, 4, 613.0,777.0,1
4, 13, 767.0,1024.0,1
13, 4, 767.0,1024.0,1
4, 14, 498.0,577.0,-1
14, 4, 498.0,577.0,-1
4, 15, 699.0,892.0,-1
15, 4, 699.0,892.0,-1
4, 16, 518.0,619.0,-1
16, 4, 518.0,619.0,-1
4, 4, 0.0,0.0,1
5, 6, 638.0,824.0,-1
6, 5, 638.0,824.0,-1
5, 7, 366.0,427.0,-1
7, 5, 366.0,427.0,-1
5, 8, 839.0,1181.0,-1
8, 5, 839.0,1181.0,-1
5, 9, 565.0,604.0,1
9, 5, 565.0,604.0,1
5, 10, 516.0,723.0,-1
10, 5, 516.0,723.0,-1
5, 11, 840.0,1185.0,-1
11, 5, 840.0,1185.0,-1
5, 12, 439.0,620.0,-1
12, 5, 439.0,620.0,-1
5, 13, 572.0,718.0,-1
13, 5, 572.0,718.0,-1
5, 14, 793.0,821.0,-1
14, 5, 793.0,821.0,-1
5, 15, 660.0,784.0,1
15, 5, 660.0,784.0,1
5, 16, 734.0,1006.0,-1
16, 5, 734.0,1006.0,-1
5, 5, 0.0,0.0,1
6, 7, 542.0,656.0,1
7, 6, 542.0,656.0,1
6, 8, 419.0,474.0,-1
8, 6, 419.0,474.0,-1
6, 9, 718.0,969.0,-1
9, 6, 718.0,969.0,-1
6, 10, 337.0,466.0,-1
10, 6, 337.0,466.0,-1
6, 11, 326.0,361.0,-1
11, 6, 326.0,361.0,-1
6, 12, 283.0,343.0,1
12, 6, 283.0,343.0,1
6, 13, 829.0,1082.0,-1
13, 6, 829.0,1082.0,-1
6, 14, 798.0,1129.0,-1
14, 6, 798.0,1129.0,-1
6, 15, 843.0,1149.0,-1
15, 6, 843.0,1149.0,-1
6, 16, 149.0,182.0,1
16, 6, 149.0,182.0,1
6, 6, 0.0,0.0,1
7, 8, 549.0,754.0,1
8, 7, 549.0,754.0,1
7, 9, 232.0,313.0,-1
9, 7, 232.0,313.0,-1
7, 10, 249.0,296.0,1
10, 7, 249.0,296.0,1
7, 11, 596.0,758.0,-1
11, 7, 596.0,758.0,-1
7, 12, 260.0,313.0,-1
12, 7, 260.0,313.0,-1
7, 13, 304.0,427.0,1
13, 7, 304.0,427.0,1
7, 14, 436.0,473.0,-1
14, 7, 436.0,473.0,-1
7, 15, 353.0,493.0,1
15, 7, 353.0,493.0,1
7, 16, 564.0,579.0,-1
16, 7, 564.0,579.0,-1
7, 7, 0.0,0.0,1
8, 9, 583.0,659.0,-1
9, 8, 583.0,659.0,-1
8, 10, 324.0,458.0,-1
10, 8, 324.0,458.0,-1
8, 11, 133.0,188.0,-1
11, 8, 133.0,188.0,-1
8, 12, 407.0,561.0,-1
12, 8, 407.0,561.0,-1
8, 13, 715.0,807.0,1
13, 8, 715.0,807.0,1
8, 14, 529.0,656.0,1
14, 8, 529.0,656.0,1
8, 15, 676.0,676.0,-1
15, 8, 676.0,676.0,-1
8, 16, 288.0,367.0,1
16, 8, 288.0,367.0,1
8, 8, 0.0,0.0,1
9, 10, 383.0,503.0,-1
10, 9, 383.0,503.0,-1
9, 11, 673.0,683.0,-1
11, 9, 673.0,683.0,-1
9, 12, 448.0,626.0,1
12, 9, 448.0,626.0,1
9, 13, 133.0,149.0,-1
13, 9, 133.0,149.0,-1
9, 14, 240.0,299.0,-1
14, 9, 240.0,299.0,-1
9, 15, 128.0,180.0,1
15, 9, 128.0,180.0,1
9, 16, 699.0,862.0,-1
16, 9, 699.0,862.0,-1
9, 9, 0.0,0.0,1
10, 11, 351.0,462.0,-1
11, 10, 351.0,462.0,-1
10, 12, 114.0,123.0,-1
12, 10, 114.0,123.0,-1
10, 13, 501.0,617.0,-1
13, 10, 501.0,617.0,-1
10, 14, 474.0,663.0,1
14, 10, 474.0,663.0,1
10, 15, 507.0,683.0,-1
15, 10, 507.0,683.0,-1
10, 16, 324.0,360.0,-1
16, 10, 324.0,360.0,-1
10, 10, 0.0,0.0,1
11, 12, 402.0,565.0,-1
12, 11, 402.0,565.0,-1
11, 13, 804.0,811.0,-1
13, 11, 804.0,811.0,-1
11, 14, 649.0,843.0,-1
14, 11, 649.0,843.0,-1
11, 15, 777.0,863.0,-1
15, 11, 777.0,863.0,-1
11, 16, 180.0,180.0,-1
16, 11, 180.0,180.0,-1
11, 11, 0.0,0.0,1
12, 13, 551.0,740.0,-1
13, 12, 551.0,740.0,-1
12, 14, 574.0,786.0,-1
14, 12, 574.0,786.0,-1
12, 15, 576.0,806.0,1
15, 12, 576.0,806.0,1
12, 16, 320.0,386.0,-1
16, 12, 320.0,386.0,-1
12, 12, 0.0,0.0,1
13, 14, 318.0,448.0,-1
14, 13, 318.0,448.0,-1
13, 15, 105.0,132.0,1
15, 13, 105.0,132.0,1
13, 16, 822.0,976.0,-1
16, 13, 822.0,976.0,-1
13, 13, 0.0,0.0,1
14, 15, 224.0,316.0,-1
15, 14, 224.0,316.0,-1
14, 16, 735.0,1022.0,1
16, 14, 735.0,1022.0,1
14, 14, 0.0,0.0,1
15, 16, 818.0,1042.0,-1
16, 15, 818.0,1042.0,-1
15, 15, 0.0,0.0,1
16, 16, 0.0,0.0,1


<end>