<number of nodes>
16

<ratio of available edges>
0.3

<max length of the drone flight>
100000 

<D 2/3>
1, 3, 4, 5, 7, 8, 9, 11, 12, 13, 15

<V>
3, 5, 9, 12, 13

<coordinates X,Y>
683.6702012701422, 750.8817128786019
616.5961422910163, 798.4082458706895
963.8114200917162, 281.93124076642255
275.31247301042106, 920.9295128677969
231.2023948360782, 838.1448537442211
67.27522950649906, 838.6274957724278
207.93491073466518, 613.894638389884
495.15352012316316, 708.0161722924706
7.900859574917965, 415.17273796446153
314.7401210895688, 226.2591367149782
3.3572482224224087, 0.7579418876597684
556.4662624230541, 30.769677518648145
507.40806620154876, 922.6106443978467
141.21289926436438, 624.0690097004168
106.10626110487141, 607.7681537046689
347.8513477691042, 274.4439756358581

<adjacency matrix with truck distances>
1, 2, 83.0,115.0,1
2, 1, 83.0,115.0,1
1, 3, 547.0,750.0,-1
3, 1, 547.0,750.0,-1
1, 4, 443.0,579.0,1
4, 1, 443.0,579.0,1
1, 5, 461.0,540.0,-1
5, 1, 461.0,540.0,-1
1, 6, 623.0,705.0,-1
6, 1, 623.0,705.0,-1
1, 7, 496.0,613.0,-1
7, 1, 496.0,613.0,-1
1, 8, 194.0,232.0,-1
8, 1, 194.0,232.0,-1
1, 9, 755.0,1012.0,-1
9, 1, 755.0,1012.0,-1
1, 10, 642.0,894.0,-1
10, 1, 642.0,894.0,-1
1, 11, 1013.0,1431.0,-1
11, 1, 1013.0,1431.0,-1
1, 12, 732.0,848.0,-1
12, 1, 732.0,848.0,-1
1, 13, 247.0,348.0,-1
13, 1, 247.0,348.0,-1
1, 14, 558.0,670.0,-1
14, 1, 558.0,670.0,-1
1, 15, 596.0,721.0,-1
15, 1, 596.0,721.0,-1
1, 16, 583.0,813.0,1
16, 1, 583.0,813.0,1
1, 1, 0.0,0.0,1
2, 3, 623.0,864.0,1
3, 2, 623.0,864.0,1
2, 4, 363.0,464.0,-1
4, 2, 363.0,464.0,-1
2, 5, 388.0,426.0,-1
5, 2, 388.0,426.0,-1
2, 6, 551.0,590.0,1
6, 2, 551.0,590.0,1
2, 7, 449.0,594.0,-1
7, 2, 449.0,594.0,-1
2, 8, 152.0,212.0,-1
8, 2, 152.0,212.0,-1
2, 9, 720.0,992.0,1
9, 2, 720.0,992.0,1
2, 10, 647.0,875.0,-1
10, 2, 647.0,875.0,-1
2, 11, 1007.0,1411.0,1
11, 2, 1007.0,1411.0,1
2, 12, 770.0,828.0,-1
12, 2, 770.0,828.0,-1
2, 13, 166.0,234.0,-1
13, 2, 166.0,234.0,-1
2, 14, 507.0,650.0,-1
14, 2, 507.0,650.0,-1
2, 15, 545.0,702.0,1
15, 2, 545.0,702.0,1
2, 16, 589.0,793.0,-1
16, 2, 589.0,793.0,-1
2, 2, 0.0,0.0,1
3, 4, 940.0,1328.0,-1
4, 3, 940.0,1328.0,-1
3, 5, 920.0,1289.0,-1
5, 3, 920.0,1289.0,-1
3, 6, 1056.0,1454.0,1
6, 3, 1056.0,1454.0,1
3, 7, 826.0,1088.0,-1
7, 3, 826.0,1088.0,-1
3, 8, 634.0,895.0,1
8, 3, 634.0,895.0,1
3, 9, 966.0,1090.0,-1
9, 3, 966.0,1090.0,-1
3, 10, 652.0,705.0,-1
10, 3, 652.0,705.0,-1
3, 11, 1001.0,1242.0,-1
11, 3, 1001.0,1242.0,-1
3, 12, 479.0,659.0,1
12, 3, 479.0,659.0,1
3, 13, 787.0,1098.0,-1
13, 3, 787.0,1098.0,-1
3, 14, 891.0,1165.0,-1
14, 3, 891.0,1165.0,-1
3, 15, 918.0,1184.0,1
15, 3, 918.0,1184.0,1
3, 16, 617.0,624.0,-1
16, 3, 617.0,624.0,-1
3, 3, 0.0,0.0,1
4, 5, 94.0,127.0,-1
5, 4, 94.0,127.0,-1
4, 6, 224.0,291.0,1
6, 4, 224.0,291.0,1
4, 7, 315.0,375.0,1
7, 4, 315.0,375.0,1
4, 8, 307.0,433.0,-1
8, 4, 307.0,433.0,-1
4, 9, 573.0,774.0,1
9, 4, 573.0,774.0,1
4, 10, 696.0,735.0,1
10, 4, 696.0,735.0,1
4, 11, 960.0,1193.0,1
11, 4, 960.0,1193.0,1
4, 12, 934.0,1172.0,-1
12, 4, 934.0,1172.0,-1
4, 13, 233.0,234.0,-1
13, 4, 233.0,234.0,-1
4, 14, 326.0,431.0,-1
14, 4, 326.0,431.0,-1
4, 15, 356.0,483.0,1
15, 4, 356.0,483.0,1
4, 16, 651.0,720.0,1
16, 4, 651.0,720.0,1
4, 4, 0.0,0.0,1
5, 6, 164.0,165.0,-1
6, 5, 164.0,165.0,-1
5, 7, 226.0,248.0,-1
7, 5, 226.0,248.0,-1
5, 8, 295.0,395.0,1
8, 5, 295.0,395.0,1
5, 9, 479.0,647.0,1
9, 5, 479.0,647.0,1
5, 10, 618.0,696.0,-1
10, 5, 618.0,696.0,-1
5, 11, 868.0,1066.0,-1
11, 5, 868.0,1066.0,-1
5, 12, 871.0,1133.0,-1
12, 5, 871.0,1133.0,-1
5, 13, 289.0,361.0,-1
13, 5, 289.0,361.0,-1
5, 14, 233.0,305.0,1
14, 5, 233.0,305.0,1
5, 15, 263.0,356.0,-1
15, 5, 263.0,356.0,-1
5, 16, 576.0,681.0,-1
16, 5, 576.0,681.0,-1
5, 5, 0.0,0.0,1
6, 7, 266.0,366.0,-1
7, 6, 266.0,366.0,-1
6, 8, 448.0,559.0,-1
8, 6, 448.0,559.0,-1
6, 9, 428.0,483.0,-1
9, 6, 428.0,483.0,-1
6, 10, 661.0,860.0,-1
10, 6, 661.0,860.0,-1
6, 11, 841.0,902.0,-1
11, 6, 841.0,902.0,-1
6, 12, 945.0,1298.0,1
12, 6, 945.0,1298.0,1
6, 13, 449.0,525.0,-1
13, 6, 449.0,525.0,-1
6, 14, 227.0,289.0,-1
14, 6, 227.0,289.0,-1
6, 15, 235.0,270.0,1
15, 6, 235.0,270.0,1
6, 16, 631.0,845.0,-1
16, 6, 631.0,845.0,-1
6, 6, 0.0,0.0,1
7, 8, 303.0,382.0,-1
8, 7, 303.0,382.0,-1
7, 9, 282.0,399.0,-1
9, 7, 282.0,399.0,-1
7, 10, 403.0,495.0,1
10, 7, 403.0,495.0,1
7, 11, 647.0,818.0,1
11, 7, 647.0,818.0,1
7, 12, 680.0,932.0,-1
12, 7, 680.0,932.0,-1
7, 13, 431.0,609.0,-1
13, 7, 431.0,609.0,-1
7, 14, 68.0,77.0,-1
14, 7, 68.0,77.0,-1
7, 15, 103.0,108.0,-1
15, 7, 103.0,108.0,-1
7, 16, 368.0,480.0,1
16, 7, 368.0,480.0,1
7, 7, 0.0,0.0,1
8, 9, 569.0,781.0,1
9, 8, 569.0,781.0,1
8, 10, 515.0,663.0,-1
10, 8, 515.0,663.0,-1
8, 11, 862.0,1200.0,-1
11, 8, 862.0,1200.0,-1
8, 12, 681.0,739.0,-1
12, 8, 681.0,739.0,-1
8, 13, 215.0,227.0,-1
13, 8, 215.0,227.0,-1
8, 14, 364.0,438.0,-1
14, 8, 364.0,438.0,-1
8, 15, 402.0,490.0,1
15, 8, 402.0,490.0,1
8, 16, 458.0,581.0,-1
16, 8, 458.0,581.0,-1
8, 8, 0.0,0.0,1
9, 10, 361.0,496.0,-1
10, 9, 361.0,496.0,-1
9, 11, 415.0,419.0,-1
11, 9, 415.0,419.0,-1
9, 12, 670.0,933.0,1
12, 9, 670.0,933.0,1
9, 13, 713.0,1007.0,-1
13, 9, 713.0,1007.0,-1
9, 14, 248.0,343.0,-1
14, 9, 248.0,343.0,-1
9, 15, 217.0,291.0,1
15, 9, 217.0,291.0,1
9, 16, 368.0,481.0,-1
16, 9, 368.0,481.0,-1
9, 9, 0.0,0.0,1
10, 11, 385.0,537.0,1
11, 10, 385.0,537.0,1
10, 12, 311.0,438.0,-1
12, 10, 311.0,438.0,-1
10, 13, 723.0,890.0,-1
13, 10, 723.0,890.0,-1
10, 14, 435.0,572.0,-1
14, 10, 435.0,572.0,-1
10, 15, 435.0,591.0,-1
15, 10, 435.0,591.0,-1
10, 16, 59.0,82.0,-1
16, 10, 59.0,82.0,-1
10, 10, 0.0,0.0,1
11, 12, 554.0,584.0,-1
12, 11, 554.0,584.0,-1
11, 13, 1051.0,1426.0,-1
13, 11, 1051.0,1426.0,-1
11, 14, 639.0,762.0,-1
14, 11, 639.0,762.0,-1
11, 15, 616.0,710.0,-1
15, 11, 616.0,710.0,-1
11, 16, 440.0,619.0,-1
16, 11, 440.0,619.0,-1
11, 11, 0.0,0.0,1
12, 13, 894.0,941.0,1
13, 12, 894.0,941.0,1
12, 14, 725.0,1009.0,-1
14, 12, 725.0,1009.0,-1
12, 15, 732.0,1028.0,1
15, 12, 732.0,1028.0,1
12, 16, 321.0,453.0,1
16, 12, 321.0,453.0,1
12, 12, 0.0,0.0,1
13, 14, 473.0,665.0,-1
14, 13, 473.0,665.0,-1
13, 15, 511.0,717.0,-1
15, 13, 511.0,717.0,-1
13, 16, 668.0,808.0,1
16, 13, 668.0,808.0,1
13, 13, 0.0,0.0,1
14, 15, 39.0,52.0,-1
15, 14, 39.0,52.0,-1
14, 16, 407.0,557.0,-1
16, 14, 407.0,557.0,-1
14, 14, 0.0,0.0,1
15, 16, 412.0,576.0,-1
16, 15, 412.0,576.0,-1
15, 15, 0.0,0.0,1
16, 16, 0.0,0.0,1


<end>