<number of nodes>
16

<ratio of available edges>
0.3

<max length of the drone flight>
100000 

<D 2/3>
1, 2, 5, 6, 7, 9, 10, 11, 13, 15, 16

<V>
2, 5, 6, 9, 16

<coordinates X,Y>
734.6377510496424, 517.4343494305772
96.34874852952954, 742.9935965606007
149.8035870282624, 780.931027809264
645.9631125796215, 247.39107983276094
832.7613079733887, 397.2431564396603
844.9820927476708, 753.084389941533
136.21780821540065, 211.04802311188658
603.543318301949, 974.0965012557587
716.1447381941863, 517.1710489303654
129.744190450665, 390.3208594576627
341.4832641464153, 530.2176501060794
282.43368765098995, 417.84826316072946
953.3760473847406, 214.53226169261728
324.823117048953, 331.6270050730629
2.6005435822369964, 208.11141814091684
91.05514054908863, 774.3569944209224

<adjacency matrix with truck distances>
1, 2, 677.0,864.0,-1
2, 1, 677.0,864.0,-1
1, 3, 642.0,849.0,1
3, 1, 642.0,849.0,1
1, 4, 285.0,359.0,-1
4, 1, 285.0,359.0,-1
1, 5, 156.0,219.0,-1
5, 1, 156.0,219.0,-1
1, 6, 261.0,346.0,-1
6, 1, 261.0,346.0,-1
1, 7, 673.0,905.0,-1
7, 1, 673.0,905.0,-1
1, 8, 476.0,588.0,-1
8, 1, 476.0,588.0,-1
1, 9, 19.0,19.0,1
9, 1, 19.0,19.0,1
1, 10, 619.0,733.0,-1
10, 1, 619.0,733.0,-1
1, 11, 394.0,406.0,-1
11, 1, 394.0,406.0,-1
1, 12, 464.0,552.0,-1
12, 1, 464.0,552.0,-1
1, 13, 374.0,522.0,1
13, 1, 374.0,522.0,1
1, 14, 450.0,596.0,-1
14, 1, 450.0,596.0,-1
1, 15, 795.0,1042.0,-1
15, 1, 795.0,1042.0,-1
1, 16, 693.0,901.0,-1
16, 1, 693.0,901.0,-1
1, 1, 0.0,0.0,1
2, 3, 66.0,92.0,-1
3, 2, 66.0,92.0,-1
2, 4, 741.0,1046.0,-1
4, 2, 741.0,1046.0,-1
2, 5, 814.0,1083.0,-1
5, 2, 814.0,1083.0,-1
2, 6, 749.0,759.0,-1
6, 2, 749.0,759.0,-1
2, 7, 534.0,572.0,1
7, 2, 534.0,572.0,1
2, 8, 558.0,739.0,1
8, 2, 558.0,739.0,1
2, 9, 660.0,846.0,1
9, 2, 660.0,846.0,1
2, 10, 355.0,387.0,-1
10, 2, 355.0,387.0,-1
2, 11, 325.0,458.0,1
11, 2, 325.0,458.0,1
2, 12, 375.0,512.0,1
12, 2, 375.0,512.0,1
2, 13, 1007.0,1386.0,-1
13, 2, 1007.0,1386.0,-1
2, 14, 471.0,640.0,-1
14, 2, 471.0,640.0,-1
2, 15, 544.0,629.0,-1
15, 2, 544.0,629.0,-1
2, 16, 32.0,37.0,-1
16, 2, 32.0,37.0,-1
2, 2, 0.0,0.0,1
3, 4, 729.0,1030.0,-1
4, 3, 729.0,1030.0,-1
3, 5, 784.0,1067.0,-1
5, 3, 784.0,1067.0,-1
3, 6, 696.0,724.0,-1
6, 3, 696.0,724.0,-1
3, 7, 571.0,584.0,1
7, 3, 571.0,584.0,1
3, 8, 494.0,647.0,1
8, 3, 494.0,647.0,1
3, 9, 625.0,831.0,1
9, 3, 625.0,831.0,1
3, 10, 392.0,411.0,-1
10, 3, 392.0,411.0,-1
3, 11, 316.0,443.0,-1
11, 3, 316.0,443.0,-1
3, 12, 387.0,496.0,-1
12, 3, 387.0,496.0,-1
3, 13, 984.0,1370.0,1
13, 3, 984.0,1370.0,1
3, 14, 483.0,625.0,-1
14, 3, 483.0,625.0,-1
3, 15, 592.0,721.0,-1
15, 3, 592.0,721.0,-1
3, 16, 60.0,66.0,-1
16, 3, 60.0,66.0,-1
3, 3, 0.0,0.0,1
4, 5, 240.0,337.0,-1
5, 4, 240.0,337.0,-1
4, 6, 544.0,705.0,1
6, 4, 544.0,705.0,1
4, 7, 512.0,547.0,1
7, 4, 512.0,547.0,1
4, 8, 728.0,770.0,1
8, 4, 728.0,770.0,1
4, 9, 279.0,340.0,-1
9, 4, 279.0,340.0,-1
4, 10, 536.0,660.0,1
10, 4, 536.0,660.0,1
4, 11, 416.0,588.0,-1
11, 4, 416.0,588.0,-1
4, 12, 402.0,534.0,-1
12, 4, 402.0,534.0,-1
4, 13, 310.0,341.0,-1
13, 4, 310.0,341.0,-1
4, 14, 333.0,406.0,1
14, 4, 333.0,406.0,1
4, 15, 645.0,683.0,-1
15, 4, 645.0,683.0,-1
4, 16, 766.0,1082.0,-1
16, 4, 766.0,1082.0,-1
4, 4, 0.0,0.0,1
5, 6, 357.0,369.0,-1
6, 5, 357.0,369.0,-1
5, 7, 722.0,883.0,1
7, 5, 722.0,883.0,1
5, 8, 621.0,807.0,-1
8, 5, 621.0,807.0,-1
5, 9, 168.0,237.0,-1
9, 5, 168.0,237.0,-1
5, 10, 704.0,710.0,-1
10, 5, 704.0,710.0,-1
5, 11, 509.0,625.0,1
11, 5, 509.0,625.0,1
5, 12, 551.0,571.0,1
12, 5, 551.0,571.0,1
5, 13, 219.0,304.0,-1
13, 5, 219.0,304.0,-1
5, 14, 513.0,574.0,-1
14, 5, 513.0,574.0,-1
5, 15, 852.0,1020.0,-1
15, 5, 852.0,1020.0,-1
5, 16, 833.0,1119.0,-1
16, 5, 833.0,1119.0,-1
5, 5, 0.0,0.0,1
6, 7, 893.0,1251.0,-1
7, 6, 893.0,1251.0,-1
6, 8, 328.0,463.0,1
8, 6, 328.0,463.0,1
6, 9, 269.0,365.0,1
9, 6, 269.0,365.0,1
6, 10, 802.0,1079.0,-1
10, 6, 802.0,1079.0,-1
6, 11, 551.0,727.0,-1
11, 6, 551.0,727.0,-1
6, 12, 655.0,898.0,-1
12, 6, 655.0,898.0,-1
6, 13, 550.0,647.0,-1
13, 6, 550.0,647.0,-1
6, 14, 670.0,942.0,-1
14, 6, 670.0,942.0,-1
6, 15, 1004.0,1388.0,1
15, 6, 1004.0,1388.0,1
6, 16, 755.0,776.0,-1
16, 6, 755.0,776.0,-1
6, 6, 0.0,0.0,1
7, 8, 895.0,1231.0,-1
8, 7, 895.0,1231.0,-1
7, 9, 656.0,887.0,-1
9, 7, 656.0,887.0,-1
7, 10, 180.0,186.0,-1
10, 7, 180.0,186.0,-1
7, 11, 380.0,525.0,-1
11, 7, 380.0,525.0,-1
7, 12, 254.0,354.0,-1
12, 7, 254.0,354.0,-1
7, 13, 818.0,821.0,1
13, 7, 818.0,821.0,1
7, 14, 224.0,310.0,-1
14, 7, 224.0,310.0,-1
7, 15, 134.0,137.0,-1
15, 7, 134.0,137.0,-1
7, 16, 566.0,609.0,1
16, 7, 566.0,609.0,1
7, 7, 0.0,0.0,1
8, 9, 471.0,570.0,-1
9, 8, 471.0,570.0,-1
8, 10, 752.0,1058.0,1
10, 8, 752.0,1058.0,1
8, 11, 516.0,706.0,1
11, 8, 516.0,706.0,1
8, 12, 643.0,878.0,1
12, 8, 643.0,878.0,1
8, 13, 837.0,1110.0,1
13, 8, 837.0,1110.0,1
8, 14, 701.0,922.0,-1
14, 8, 701.0,922.0,-1
8, 15, 974.0,1367.0,-1
15, 8, 974.0,1367.0,-1
8, 16, 551.0,713.0,-1
16, 8, 551.0,713.0,-1
8, 8, 0.0,0.0,1
9, 10, 600.0,714.0,1
10, 9, 600.0,714.0,1
9, 11, 375.0,388.0,1
11, 9, 375.0,388.0,1
9, 12, 445.0,534.0,-1
12, 9, 445.0,534.0,-1
9, 13, 385.0,540.0,-1
13, 9, 385.0,540.0,-1
9, 14, 434.0,577.0,-1
14, 9, 434.0,577.0,-1
9, 15, 778.0,1023.0,-1
15, 9, 778.0,1023.0,-1
9, 16, 676.0,883.0,1
16, 9, 676.0,883.0,1
9, 9, 0.0,0.0,1
10, 11, 254.0,352.0,-1
11, 10, 254.0,352.0,-1
10, 12, 156.0,181.0,1
12, 10, 156.0,181.0,1
10, 13, 843.0,1000.0,-1
13, 10, 843.0,1000.0,-1
10, 14, 204.0,254.0,-1
14, 10, 204.0,254.0,-1
10, 15, 223.0,310.0,-1
15, 10, 223.0,310.0,-1
10, 16, 386.0,423.0,-1
16, 10, 386.0,423.0,-1
10, 10, 0.0,0.0,1
11, 12, 127.0,172.0,-1
12, 11, 127.0,172.0,-1
11, 13, 689.0,928.0,-1
13, 11, 689.0,928.0,-1
11, 14, 200.0,216.0,-1
14, 11, 200.0,216.0,-1
11, 15, 468.0,661.0,-1
15, 11, 468.0,661.0,-1
11, 16, 350.0,495.0,1
16, 11, 350.0,495.0,1
11, 11, 0.0,0.0,1
12, 13, 702.0,875.0,-1
13, 12, 702.0,875.0,-1
12, 14, 97.0,129.0,-1
14, 12, 97.0,129.0,-1
12, 15, 350.0,490.0,-1
15, 12, 350.0,490.0,-1
12, 16, 405.0,548.0,-1
16, 12, 405.0,548.0,-1
12, 12, 0.0,0.0,1
13, 14, 640.0,746.0,-1
14, 13, 640.0,746.0,-1
13, 15, 951.0,958.0,1
15, 13, 951.0,958.0,1
13, 16, 1029.0,1423.0,-1
16, 13, 1029.0,1423.0,-1
13, 13, 0.0,0.0,1
14, 15, 346.0,446.0,1
15, 14, 346.0,446.0,1
14, 16, 501.0,677.0,-1
16, 14, 501.0,677.0,-1
14, 14, 0.0,0.0,1
15, 16, 574.0,655.0,-1
16, 15, 574.0,655.0,-1
15, 15, 0.0,0.0,1
16, 16, 0.0,0.0,1


<end>