<number of nodes>
16

<ratio of available edges>
0.3

<max length of the drone flight>
100000 

<D 2/3>
1, 2, 3, 6, 7, 8, 10, 12, 13, 14, 15

<V>
2, 7, 8, 14, 15

<coordinates X,Y>
639.3707076742728, 572.8869899794731
599.2567282417402, 185.6037345260971
454.12369147297966, 328.26600990060035
534.4632726688448, 985.9812287835688
883.6761553837816, 635.107977089332
488.1367468988289, 951.5428572526278
688.9517176808832, 309.8667786371772
617.6258970084481, 998.075252089901
962.8644791421161, 428.94073017882675
738.2654453354471, 641.2672960270955
5.359801974875676, 651.0456183678731
761.1152536965527, 261.7161570833025
871.6619406519894, 404.9570713303972
701.869044620246, 215.76986367013944
965.2972428047921, 752.7169057391785
639.2994905089174, 121.43569576212076

<adjacency matrix with truck distances>
1, 2, 390.0,428.0,-1
2, 1, 390.0,428.0,-1
1, 3, 307.0,430.0,-1
3, 1, 307.0,430.0,-1
1, 4, 427.0,519.0,-1
4, 1, 427.0,519.0,-1
1, 5, 253.0,307.0,1
5, 1, 253.0,307.0,1
1, 6, 408.0,530.0,-1
6, 1, 408.0,530.0,-1
1, 7, 268.0,313.0,1
7, 1, 268.0,313.0,1
1, 8, 426.0,447.0,-1
8, 1, 426.0,447.0,-1
1, 9, 355.0,468.0,-1
9, 1, 355.0,468.0,-1
1, 10, 121.0,168.0,1
10, 1, 121.0,168.0,1
1, 11, 639.0,713.0,1
11, 1, 639.0,713.0,1
1, 12, 335.0,433.0,-1
12, 1, 335.0,433.0,-1
1, 13, 287.0,401.0,-1
13, 1, 287.0,401.0,-1
1, 14, 363.0,420.0,-1
14, 1, 363.0,420.0,-1
1, 15, 373.0,506.0,-1
15, 1, 373.0,506.0,-1
1, 16, 452.0,452.0,-1
16, 1, 452.0,452.0,-1
1, 1, 0.0,0.0,1
2, 3, 204.0,288.0,-1
3, 2, 204.0,288.0,-1
2, 4, 803.0,866.0,1
4, 2, 803.0,866.0,1
2, 5, 532.0,734.0,1
5, 2, 532.0,734.0,1
2, 6, 774.0,878.0,-1
6, 2, 774.0,878.0,-1
2, 7, 154.0,214.0,-1
7, 2, 154.0,214.0,-1
2, 8, 813.0,831.0,-1
8, 2, 813.0,831.0,-1
2, 9, 438.0,607.0,1
9, 2, 438.0,607.0,1
2, 10, 477.0,595.0,-1
10, 2, 477.0,595.0,-1
2, 11, 755.0,1060.0,-1
11, 2, 755.0,1060.0,-1
2, 12, 179.0,238.0,-1
12, 2, 179.0,238.0,-1
2, 13, 350.0,492.0,1
13, 2, 350.0,492.0,1
2, 14, 107.0,133.0,-1
14, 2, 107.0,133.0,-1
2, 15, 675.0,934.0,-1
15, 2, 675.0,934.0,-1
2, 16, 76.0,105.0,1
16, 2, 76.0,105.0,1
2, 2, 0.0,0.0,1
3, 4, 663.0,739.0,1
4, 3, 663.0,739.0,1
3, 5, 528.0,737.0,1
5, 3, 528.0,737.0,1
3, 6, 625.0,658.0,-1
6, 3, 625.0,658.0,-1
3, 7, 236.0,254.0,-1
7, 3, 236.0,254.0,-1
3, 8, 690.0,834.0,-1
8, 3, 690.0,834.0,-1
3, 9, 519.0,610.0,-1
9, 3, 519.0,610.0,-1
3, 10, 423.0,598.0,-1
10, 3, 423.0,598.0,-1
3, 11, 553.0,772.0,1
11, 3, 553.0,772.0,1
3, 12, 315.0,374.0,-1
12, 3, 315.0,374.0,-1
3, 13, 425.0,495.0,-1
13, 3, 425.0,495.0,-1
3, 14, 273.0,361.0,1
14, 3, 273.0,361.0,1
3, 15, 665.0,936.0,-1
15, 3, 665.0,936.0,-1
3, 16, 278.0,393.0,1
16, 3, 278.0,393.0,1
3, 3, 0.0,0.0,1
4, 5, 496.0,701.0,-1
5, 4, 496.0,701.0,-1
4, 6, 58.0,81.0,-1
6, 4, 58.0,81.0,-1
4, 7, 694.0,831.0,1
7, 4, 694.0,831.0,1
4, 8, 85.0,96.0,-1
8, 4, 85.0,96.0,-1
4, 9, 703.0,986.0,1
9, 4, 703.0,986.0,1
4, 10, 401.0,549.0,1
10, 4, 401.0,549.0,1
4, 11, 627.0,865.0,-1
11, 4, 627.0,865.0,-1
4, 12, 759.0,951.0,-1
12, 4, 759.0,951.0,-1
4, 13, 672.0,919.0,-1
13, 4, 672.0,919.0,-1
4, 14, 789.0,938.0,-1
14, 4, 789.0,938.0,-1
4, 15, 490.0,665.0,1
15, 4, 490.0,665.0,1
4, 16, 871.0,970.0,-1
16, 4, 871.0,970.0,-1
4, 4, 0.0,0.0,1
5, 6, 507.0,712.0,-1
6, 5, 507.0,712.0,-1
5, 7, 380.0,520.0,1
7, 5, 380.0,520.0,1
5, 8, 451.0,630.0,1
8, 5, 451.0,630.0,1
5, 9, 221.0,286.0,-1
9, 5, 221.0,286.0,-1
5, 10, 146.0,152.0,-1
10, 5, 146.0,152.0,-1
5, 11, 879.0,895.0,1
11, 5, 879.0,895.0,1
5, 12, 393.0,496.0,-1
12, 5, 393.0,496.0,-1
5, 13, 231.0,243.0,-1
13, 5, 231.0,243.0,-1
5, 14, 458.0,602.0,-1
14, 5, 458.0,602.0,-1
5, 15, 144.0,200.0,-1
15, 5, 144.0,200.0,-1
5, 16, 569.0,759.0,-1
16, 5, 569.0,759.0,-1
5, 5, 0.0,0.0,1
6, 7, 673.0,843.0,-1
7, 6, 673.0,843.0,-1
6, 8, 138.0,177.0,-1
8, 6, 138.0,177.0,-1
6, 9, 707.0,998.0,-1
9, 6, 707.0,998.0,-1
6, 10, 399.0,561.0,-1
10, 6, 399.0,561.0,-1
6, 11, 569.0,784.0,1
11, 6, 569.0,784.0,1
6, 12, 742.0,963.0,1
12, 6, 742.0,963.0,1
6, 13, 668.0,931.0,1
13, 6, 668.0,931.0,1
6, 14, 767.0,950.0,-1
14, 6, 767.0,950.0,-1
6, 15, 517.0,676.0,-1
15, 6, 517.0,676.0,-1
6, 16, 844.0,982.0,-1
16, 6, 844.0,982.0,-1
6, 6, 0.0,0.0,1
7, 8, 692.0,760.0,-1
8, 7, 692.0,760.0,-1
7, 9, 299.0,393.0,-1
9, 7, 299.0,393.0,-1
7, 10, 336.0,381.0,-1
10, 7, 336.0,381.0,-1
7, 11, 765.0,1025.0,-1
11, 7, 765.0,1025.0,-1
7, 12, 87.0,121.0,-1
12, 7, 87.0,121.0,-1
7, 13, 206.0,278.0,-1
13, 7, 206.0,278.0,-1
7, 14, 95.0,108.0,1
14, 7, 95.0,108.0,1
7, 15, 522.0,720.0,1
15, 7, 522.0,720.0,1
7, 16, 195.0,239.0,-1
16, 7, 195.0,239.0,-1
7, 7, 0.0,0.0,1
8, 9, 666.0,915.0,-1
9, 8, 666.0,915.0,-1
8, 10, 377.0,478.0,-1
10, 8, 377.0,478.0,-1
8, 11, 704.0,960.0,-1
11, 8, 704.0,960.0,-1
8, 12, 751.0,880.0,-1
12, 8, 751.0,880.0,-1
8, 13, 646.0,848.0,-1
13, 8, 646.0,848.0,-1
8, 14, 787.0,867.0,1
14, 8, 787.0,867.0,1
8, 15, 426.0,594.0,1
15, 8, 426.0,594.0,1
8, 16, 877.0,899.0,-1
16, 8, 877.0,899.0,-1
8, 8, 0.0,0.0,1
9, 10, 310.0,437.0,1
10, 9, 310.0,437.0,1
9, 11, 983.0,1180.0,-1
11, 9, 983.0,1180.0,-1
9, 12, 263.0,369.0,1
12, 9, 263.0,369.0,1
9, 13, 95.0,116.0,-1
13, 9, 95.0,116.0,-1
9, 14, 337.0,475.0,1
14, 9, 337.0,475.0,1
9, 15, 324.0,327.0,-1
15, 9, 324.0,327.0,-1
9, 16, 447.0,632.0,-1
16, 9, 447.0,632.0,-1
9, 9, 0.0,0.0,1
10, 11, 733.0,743.0,-1
11, 10, 733.0,743.0,-1
10, 12, 381.0,403.0,-1
12, 10, 381.0,403.0,-1
10, 13, 272.0,370.0,-1
13, 10, 272.0,370.0,-1
10, 14, 428.0,462.0,-1
14, 10, 428.0,462.0,-1
10, 15, 253.0,339.0,-1
15, 10, 253.0,339.0,-1
10, 16, 530.0,619.0,1
16, 10, 530.0,619.0,1
10, 10, 0.0,0.0,1
11, 12, 851.0,1146.0,-1
12, 11, 851.0,1146.0,-1
11, 13, 901.0,1113.0,-1
13, 11, 901.0,1113.0,-1
11, 14, 822.0,1132.0,1
14, 11, 822.0,1132.0,1
11, 15, 966.0,1062.0,-1
15, 11, 966.0,1062.0,-1
11, 16, 827.0,1164.0,-1
16, 11, 827.0,1164.0,-1
11, 11, 0.0,0.0,1
12, 13, 181.0,254.0,1
13, 12, 181.0,254.0,1
12, 14, 75.0,106.0,-1
14, 12, 75.0,106.0,-1
12, 15, 532.0,696.0,-1
15, 12, 532.0,696.0,-1
12, 16, 186.0,263.0,-1
16, 12, 186.0,263.0,-1
12, 12, 0.0,0.0,1
13, 14, 255.0,359.0,1
14, 13, 255.0,359.0,1
13, 15, 361.0,442.0,-1
15, 13, 361.0,442.0,-1
13, 16, 367.0,516.0,1
16, 13, 367.0,516.0,1
13, 13, 0.0,0.0,1
14, 15, 599.0,801.0,-1
15, 14, 599.0,801.0,-1
14, 16, 114.0,157.0,-1
16, 14, 114.0,157.0,-1
14, 14, 0.0,0.0,1
15, 16, 711.0,958.0,-1
16, 15, 711.0,958.0,-1
15, 15, 0.0,0.0,1
16, 16, 0.0,0.0,1


<end>