<number of nodes>
16

<ratio of available edges>
0.3

<max length of the drone flight>
100000 

<D 2/3>
1, 2, 3, 5, 7, 8, 10, 11, 12, 13, 14

<V>
7, 11, 12, 13, 14

<coordinates X,Y>
476.145428855125, 709.238627722946
15.67700183064826, 139.61157222887107
679.745823219021, 754.8133423095965
913.4427958563523, 209.30423558024847
40.90298390465546, 399.5920026548216
796.4685453729832, 404.665643060927
46.47049557996211, 385.49045755250313
886.5216558797804, 440.239743716314
105.94797553818253, 2.5299771809880336
124.3795636849148, 313.3102061516064
285.69327765026105, 417.761301152894
644.5487889586277, 689.3477635427164
761.5416108212708, 119.70147225334466
771.635042043233, 905.57223666095
788.5929043105136, 319.51085913197153
877.5284086256033, 985.2858054089471

<adjacency matrix with truck distances>
1, 2, 733.0,1031.0,1
2, 1, 733.0,1031.0,1
1, 3, 209.0,250.0,1
3, 1, 209.0,250.0,1
1, 4, 665.0,938.0,1
4, 1, 665.0,938.0,1
1, 5, 535.0,745.0,-1
5, 1, 535.0,745.0,-1
1, 6, 443.0,625.0,-1
6, 1, 443.0,625.0,-1
1, 7, 538.0,754.0,-1
7, 1, 538.0,754.0,-1
1, 8, 491.0,680.0,-1
8, 1, 491.0,680.0,-1
1, 9, 798.0,1077.0,1
9, 1, 798.0,1077.0,1
1, 10, 530.0,748.0,-1
10, 1, 530.0,748.0,-1
1, 11, 349.0,482.0,-1
11, 1, 349.0,482.0,-1
1, 12, 170.0,189.0,-1
12, 1, 170.0,189.0,-1
1, 13, 655.0,875.0,-1
13, 1, 655.0,875.0,-1
1, 14, 355.0,492.0,-1
14, 1, 355.0,492.0,-1
1, 15, 500.0,703.0,-1
15, 1, 500.0,703.0,-1
1, 16, 488.0,678.0,1
16, 1, 488.0,678.0,1
1, 1, 0.0,0.0,1
2, 3, 906.0,1280.0,-1
3, 2, 906.0,1280.0,-1
2, 4, 901.0,968.0,-1
4, 2, 901.0,968.0,-1
2, 5, 262.0,286.0,-1
5, 2, 262.0,286.0,-1
2, 6, 825.0,1046.0,-1
6, 2, 825.0,1046.0,-1
2, 7, 248.0,277.0,-1
7, 2, 248.0,277.0,-1
2, 8, 922.0,1172.0,-1
8, 2, 922.0,1172.0,-1
2, 9, 165.0,228.0,-1
9, 2, 165.0,228.0,-1
2, 10, 205.0,283.0,1
10, 2, 205.0,283.0,1
2, 11, 388.0,549.0,-1
11, 2, 388.0,549.0,-1
2, 12, 836.0,1179.0,-1
12, 2, 836.0,1179.0,-1
2, 13, 747.0,766.0,-1
13, 2, 747.0,766.0,-1
2, 14, 1077.0,1522.0,-1
14, 2, 1077.0,1522.0,-1
2, 15, 794.0,953.0,-1
15, 2, 794.0,953.0,-1
2, 16, 1208.0,1708.0,-1
16, 2, 1208.0,1708.0,-1
2, 2, 0.0,0.0,1
3, 4, 594.0,780.0,-1
4, 3, 594.0,780.0,-1
3, 5, 731.0,995.0,-1
5, 3, 731.0,995.0,-1
3, 6, 370.0,467.0,1
6, 3, 370.0,467.0,1
3, 7, 734.0,1003.0,-1
7, 3, 734.0,1003.0,-1
3, 8, 377.0,522.0,-1
8, 3, 377.0,522.0,-1
3, 9, 947.0,1327.0,-1
9, 3, 947.0,1327.0,-1
3, 10, 710.0,997.0,-1
10, 3, 710.0,997.0,-1
3, 11, 519.0,732.0,-1
11, 3, 519.0,732.0,-1
3, 12, 75.0,101.0,-1
12, 3, 75.0,101.0,-1
3, 13, 641.0,717.0,-1
13, 3, 641.0,717.0,-1
3, 14, 177.0,243.0,-1
14, 3, 177.0,243.0,-1
3, 15, 449.0,545.0,1
15, 3, 449.0,545.0,1
3, 16, 304.0,429.0,-1
16, 3, 304.0,429.0,-1
3, 3, 0.0,0.0,1
4, 5, 894.0,1063.0,-1
5, 4, 894.0,1063.0,-1
4, 6, 228.0,313.0,-1
6, 4, 228.0,313.0,-1
4, 7, 885.0,1044.0,-1
7, 4, 885.0,1044.0,-1
4, 8, 233.0,258.0,-1
8, 4, 233.0,258.0,-1
4, 9, 834.0,1015.0,-1
9, 4, 834.0,1015.0,-1
4, 10, 796.0,894.0,1
10, 4, 796.0,894.0,1
4, 11, 662.0,837.0,-1
11, 4, 662.0,837.0,-1
4, 12, 551.0,749.0,1
12, 4, 551.0,749.0,1
4, 13, 177.0,242.0,-1
13, 4, 177.0,242.0,-1
4, 14, 711.0,839.0,1
14, 4, 711.0,839.0,1
4, 15, 167.0,236.0,1
15, 4, 167.0,236.0,1
4, 16, 777.0,812.0,1
16, 4, 777.0,812.0,1
4, 4, 0.0,0.0,1
5, 6, 756.0,761.0,-1
6, 5, 756.0,761.0,-1
5, 7, 16.0,20.0,-1
7, 5, 16.0,20.0,-1
5, 8, 847.0,887.0,1
8, 5, 847.0,887.0,1
5, 9, 403.0,463.0,-1
9, 5, 403.0,463.0,-1
5, 10, 121.0,170.0,-1
10, 5, 121.0,170.0,-1
5, 11, 246.0,263.0,-1
11, 5, 246.0,263.0,-1
5, 12, 670.0,894.0,1
12, 5, 670.0,894.0,1
5, 13, 774.0,1001.0,-1
13, 5, 774.0,1001.0,-1
5, 14, 889.0,1237.0,-1
14, 5, 889.0,1237.0,-1
5, 15, 752.0,828.0,-1
15, 5, 752.0,828.0,-1
5, 16, 1022.0,1423.0,1
16, 5, 1022.0,1423.0,1
5, 5, 0.0,0.0,1
6, 7, 751.0,770.0,1
7, 6, 751.0,770.0,1
6, 8, 97.0,126.0,1
8, 6, 97.0,126.0,1
6, 9, 800.0,1093.0,1
9, 6, 800.0,1093.0,1
6, 10, 679.0,764.0,-1
10, 6, 679.0,764.0,-1
6, 11, 511.0,524.0,-1
11, 6, 511.0,524.0,-1
6, 12, 323.0,437.0,-1
12, 6, 323.0,437.0,-1
6, 13, 288.0,320.0,-1
13, 6, 288.0,320.0,-1
6, 14, 502.0,526.0,-1
14, 6, 502.0,526.0,-1
6, 15, 86.0,94.0,-1
15, 6, 86.0,94.0,-1
6, 16, 587.0,662.0,-1
16, 6, 587.0,662.0,-1
6, 6, 0.0,0.0,1
7, 8, 842.0,895.0,1
8, 7, 842.0,895.0,1
7, 9, 388.0,443.0,1
9, 7, 388.0,443.0,1
7, 10, 107.0,151.0,-1
10, 7, 107.0,151.0,-1
7, 11, 242.0,272.0,-1
11, 7, 242.0,272.0,-1
7, 12, 671.0,902.0,-1
12, 7, 671.0,902.0,-1
7, 13, 763.0,981.0,1
13, 7, 763.0,981.0,1
7, 14, 893.0,1246.0,-1
14, 7, 893.0,1246.0,-1
7, 15, 746.0,809.0,1
15, 7, 746.0,809.0,1
7, 16, 1025.0,1431.0,1
16, 7, 1025.0,1431.0,1
7, 7, 0.0,0.0,1
8, 9, 895.0,1219.0,-1
9, 8, 895.0,1219.0,-1
8, 10, 773.0,890.0,-1
10, 8, 773.0,890.0,-1
8, 11, 602.0,624.0,-1
11, 8, 602.0,624.0,-1
8, 12, 348.0,492.0,-1
12, 8, 348.0,492.0,-1
8, 13, 345.0,446.0,-1
13, 8, 345.0,446.0,-1
8, 14, 480.0,581.0,-1
14, 8, 480.0,581.0,-1
8, 15, 156.0,219.0,-1
15, 8, 156.0,219.0,-1
8, 16, 546.0,555.0,-1
16, 8, 546.0,555.0,-1
8, 8, 0.0,0.0,1
9, 10, 312.0,330.0,1
10, 9, 312.0,330.0,1
9, 11, 453.0,595.0,-1
11, 9, 453.0,595.0,-1
9, 12, 873.0,1226.0,-1
12, 9, 873.0,1226.0,-1
9, 13, 666.0,773.0,-1
13, 9, 666.0,773.0,-1
9, 14, 1122.0,1569.0,-1
14, 9, 1122.0,1569.0,-1
9, 15, 753.0,1000.0,1
15, 9, 753.0,1000.0,1
9, 16, 1250.0,1755.0,-1
16, 9, 1250.0,1755.0,-1
9, 9, 0.0,0.0,1
10, 11, 193.0,266.0,1
11, 10, 193.0,266.0,1
10, 12, 642.0,897.0,-1
12, 10, 642.0,897.0,-1
10, 13, 666.0,831.0,1
13, 10, 666.0,831.0,1
10, 14, 878.0,1240.0,-1
14, 10, 878.0,1240.0,-1
10, 15, 665.0,671.0,-1
15, 10, 665.0,671.0,-1
10, 16, 1010.0,1426.0,1
16, 10, 1010.0,1426.0,1
10, 10, 0.0,0.0,1
11, 12, 451.0,631.0,-1
12, 11, 451.0,631.0,-1
11, 13, 562.0,774.0,1
13, 11, 562.0,774.0,1
11, 14, 689.0,974.0,-1
14, 11, 689.0,974.0,-1
11, 15, 513.0,602.0,-1
15, 11, 513.0,602.0,-1
11, 16, 820.0,1160.0,1
16, 11, 820.0,1160.0,1
11, 11, 0.0,0.0,1
12, 13, 582.0,687.0,-1
13, 12, 582.0,687.0,-1
12, 14, 251.0,344.0,1
14, 12, 251.0,344.0,1
12, 15, 397.0,514.0,-1
15, 12, 397.0,514.0,-1
12, 16, 377.0,529.0,-1
16, 12, 377.0,529.0,-1
12, 12, 0.0,0.0,1
13, 14, 786.0,796.0,1
14, 13, 786.0,796.0,1
13, 15, 202.0,227.0,1
15, 13, 202.0,227.0,1
13, 16, 874.0,982.0,-1
16, 13, 874.0,982.0,-1
13, 13, 0.0,0.0,1
14, 15, 587.0,604.0,-1
15, 14, 587.0,604.0,-1
14, 16, 133.0,186.0,1
16, 14, 133.0,186.0,1
14, 14, 0.0,0.0,1
15, 16, 672.0,755.0,1
16, 15, 672.0,755.0,1
15, 15, 0.0,0.0,1
16, 16, 0.0,0.0,1


<end>