<number of nodes>
16

<ratio of available edges>
0.3

<max length of the drone flight>
100000 

<D 2/3>
1, 2, 4, 6, 7, 9, 10, 11, 12, 13, 16

<V>
6, 7, 12, 13, 16

<coordinates X,Y>
163.70907194950922, 79.48640805993766
603.408131169174, 507.0753220798356
688.9327850477662, 301.645518604465
916.1300219374277, 493.4211392533373
123.99746620294457, 204.9566619153676
345.10953351497324, 321.48044186557706
573.5825445481115, 849.2198638195182
187.553504192223, 578.9036797175708
583.0099081790237, 489.34643258904526
254.50604515080764, 130.210471633127
640.5034568120103, 368.08557403410225
640.952687137098, 476.21655187521094
849.7380671207815, 648.8039907655636
255.56556243647896, 78.2667014830176
300.38413446753003, 27.673041067498936
779.9208961691864, 43.11431826018938

<adjacency matrix with truck distances>
1, 2, 614.0,868.0,-1
2, 1, 614.0,868.0,-1
1, 3, 571.0,748.0,-1
3, 1, 571.0,748.0,-1
1, 4, 859.0,1167.0,1
4, 1, 859.0,1167.0,1
1, 5, 132.0,166.0,1
5, 1, 132.0,166.0,1
1, 6, 303.0,424.0,-1
6, 1, 303.0,424.0,-1
1, 7, 873.0,1180.0,-1
7, 1, 873.0,1180.0,-1
1, 8, 500.0,524.0,-1
8, 1, 500.0,524.0,-1
1, 9, 587.0,830.0,-1
9, 1, 587.0,830.0,-1
1, 10, 105.0,142.0,-1
10, 1, 105.0,142.0,-1
1, 11, 558.0,766.0,-1
11, 1, 558.0,766.0,-1
1, 12, 621.0,874.0,-1
12, 1, 621.0,874.0,-1
1, 13, 892.0,1256.0,-1
13, 1, 892.0,1256.0,-1
1, 14, 92.0,94.0,1
14, 1, 92.0,94.0,1
1, 15, 147.0,189.0,-1
15, 1, 147.0,189.0,-1
1, 16, 618.0,653.0,-1
16, 1, 618.0,653.0,-1
1, 1, 0.0,0.0,1
2, 3, 223.0,291.0,-1
3, 2, 223.0,291.0,-1
2, 4, 314.0,327.0,1
4, 2, 314.0,327.0,1
2, 5, 567.0,782.0,1
5, 2, 567.0,782.0,1
2, 6, 319.0,444.0,-1
6, 2, 319.0,444.0,-1
2, 7, 344.0,372.0,-1
7, 2, 344.0,372.0,-1
2, 8, 423.0,488.0,-1
8, 2, 423.0,488.0,-1
2, 9, 28.0,39.0,-1
9, 2, 28.0,39.0,-1
2, 10, 514.0,726.0,-1
10, 2, 514.0,726.0,-1
2, 11, 144.0,177.0,-1
11, 2, 144.0,177.0,-1
2, 12, 49.0,69.0,-1
12, 2, 49.0,69.0,-1
2, 13, 285.0,389.0,-1
13, 2, 285.0,389.0,-1
2, 14, 553.0,777.0,1
14, 2, 553.0,777.0,1
2, 15, 568.0,783.0,-1
15, 2, 568.0,783.0,-1
2, 16, 497.0,641.0,1
16, 2, 497.0,641.0,1
2, 2, 0.0,0.0,1
3, 4, 298.0,419.0,-1
4, 3, 298.0,419.0,-1
3, 5, 574.0,662.0,-1
5, 3, 574.0,662.0,-1
3, 6, 345.0,364.0,-1
6, 3, 345.0,364.0,-1
3, 7, 560.0,663.0,1
7, 3, 560.0,663.0,1
3, 8, 573.0,779.0,1
8, 3, 573.0,779.0,1
3, 9, 216.0,294.0,1
9, 3, 216.0,294.0,1
3, 10, 468.0,606.0,1
10, 3, 468.0,606.0,1
3, 11, 83.0,115.0,-1
11, 3, 83.0,115.0,-1
3, 12, 182.0,223.0,-1
12, 3, 182.0,223.0,-1
3, 13, 383.0,508.0,1
13, 3, 383.0,508.0,1
3, 14, 488.0,657.0,1
14, 3, 488.0,657.0,1
3, 15, 476.0,663.0,1
15, 3, 476.0,663.0,1
3, 16, 275.0,350.0,-1
16, 3, 275.0,350.0,-1
3, 3, 0.0,0.0,1
4, 5, 844.0,1081.0,1
5, 4, 844.0,1081.0,1
4, 6, 597.0,743.0,-1
6, 4, 597.0,743.0,-1
4, 7, 494.0,699.0,-1
7, 4, 494.0,699.0,-1
4, 8, 734.0,815.0,1
8, 4, 734.0,815.0,1
4, 9, 334.0,338.0,-1
9, 4, 334.0,338.0,-1
4, 10, 755.0,1025.0,-1
10, 4, 755.0,1025.0,-1
4, 11, 303.0,401.0,-1
11, 4, 303.0,401.0,-1
4, 12, 276.0,293.0,-1
12, 4, 276.0,293.0,-1
4, 13, 169.0,222.0,-1
13, 4, 169.0,222.0,-1
4, 14, 781.0,1076.0,-1
14, 4, 781.0,1076.0,-1
4, 15, 773.0,1082.0,-1
15, 4, 773.0,1082.0,-1
4, 16, 471.0,587.0,-1
16, 4, 471.0,587.0,-1
4, 4, 0.0,0.0,1
5, 6, 250.0,338.0,-1
6, 5, 250.0,338.0,-1
5, 7, 786.0,1094.0,1
7, 5, 786.0,1094.0,1
5, 8, 380.0,438.0,-1
8, 5, 380.0,438.0,-1
5, 9, 540.0,744.0,1
9, 5, 540.0,744.0,1
5, 10, 151.0,206.0,1
10, 5, 151.0,206.0,1
5, 11, 542.0,680.0,-1
11, 5, 542.0,680.0,-1
5, 12, 584.0,789.0,-1
12, 5, 584.0,789.0,-1
5, 13, 851.0,1170.0,-1
13, 5, 851.0,1170.0,-1
5, 14, 183.0,259.0,1
14, 5, 183.0,259.0,1
5, 15, 251.0,354.0,1
15, 5, 251.0,354.0,1
5, 16, 676.0,818.0,-1
16, 5, 676.0,818.0,-1
5, 5, 0.0,0.0,1
6, 7, 576.0,757.0,-1
7, 6, 576.0,757.0,-1
6, 8, 302.0,415.0,1
8, 6, 302.0,415.0,1
6, 9, 292.0,406.0,-1
9, 6, 292.0,406.0,-1
6, 10, 212.0,282.0,-1
10, 6, 212.0,282.0,-1
6, 11, 300.0,342.0,-1
11, 6, 300.0,342.0,-1
6, 12, 334.0,451.0,-1
12, 6, 334.0,451.0,-1
6, 13, 602.0,832.0,-1
13, 6, 602.0,832.0,-1
6, 14, 260.0,333.0,-1
14, 6, 260.0,333.0,-1
6, 15, 298.0,339.0,-1
15, 6, 298.0,339.0,-1
6, 16, 517.0,714.0,-1
16, 6, 517.0,714.0,-1
6, 6, 0.0,0.0,1
7, 8, 472.0,657.0,-1
8, 7, 472.0,657.0,-1
7, 9, 360.0,370.0,1
9, 7, 360.0,370.0,1
7, 10, 787.0,1039.0,-1
10, 7, 787.0,1039.0,-1
7, 11, 486.0,549.0,-1
11, 7, 486.0,549.0,-1
7, 12, 380.0,441.0,-1
12, 7, 380.0,441.0,-1
7, 13, 342.0,477.0,-1
13, 7, 342.0,477.0,-1
7, 14, 834.0,1089.0,-1
14, 7, 834.0,1089.0,-1
7, 15, 866.0,1095.0,1
15, 7, 866.0,1095.0,1
7, 16, 833.0,1013.0,1
16, 7, 833.0,1013.0,1
7, 7, 0.0,0.0,1
8, 9, 406.0,486.0,-1
9, 8, 406.0,486.0,-1
8, 10, 454.0,516.0,1
10, 8, 454.0,516.0,1
8, 11, 500.0,664.0,-1
11, 8, 500.0,664.0,-1
8, 12, 465.0,557.0,-1
12, 8, 465.0,557.0,-1
8, 13, 666.0,733.0,-1
13, 8, 666.0,733.0,-1
8, 14, 506.0,569.0,-1
14, 8, 506.0,569.0,-1
8, 15, 563.0,665.0,-1
15, 8, 563.0,665.0,-1
8, 16, 799.0,1129.0,-1
16, 8, 799.0,1129.0,-1
8, 8, 0.0,0.0,1
9, 10, 487.0,688.0,1
10, 9, 487.0,688.0,1
9, 11, 135.0,179.0,-1
11, 9, 135.0,179.0,-1
9, 12, 60.0,72.0,-1
12, 9, 60.0,72.0,-1
9, 13, 311.0,427.0,-1
13, 9, 311.0,427.0,-1
9, 14, 526.0,739.0,1
14, 9, 526.0,739.0,1
9, 15, 542.0,745.0,-1
15, 9, 542.0,745.0,-1
9, 16, 488.0,644.0,-1
16, 9, 488.0,644.0,-1
9, 9, 0.0,0.0,1
10, 11, 454.0,624.0,1
11, 10, 454.0,624.0,1
10, 12, 519.0,733.0,-1
12, 10, 519.0,733.0,-1
10, 13, 790.0,1114.0,1
13, 10, 790.0,1114.0,1
10, 14, 52.0,54.0,-1
14, 10, 52.0,54.0,-1
10, 15, 113.0,149.0,1
15, 10, 113.0,149.0,1
10, 16, 533.0,613.0,1
16, 10, 533.0,613.0,1
10, 10, 0.0,0.0,1
11, 12, 109.0,109.0,-1
12, 11, 109.0,109.0,-1
11, 13, 351.0,490.0,-1
13, 11, 351.0,490.0,-1
11, 14, 482.0,675.0,1
14, 11, 482.0,675.0,1
11, 15, 482.0,681.0,-1
15, 11, 482.0,681.0,-1
11, 16, 354.0,465.0,1
16, 11, 354.0,465.0,1
11, 11, 0.0,0.0,1
12, 13, 271.0,382.0,-1
13, 12, 271.0,382.0,-1
12, 14, 554.0,784.0,-1
14, 12, 554.0,784.0,-1
12, 15, 564.0,790.0,-1
15, 12, 564.0,790.0,-1
12, 16, 455.0,573.0,1
16, 12, 455.0,573.0,1
12, 12, 0.0,0.0,1
13, 14, 824.0,1165.0,1
14, 13, 824.0,1165.0,1
13, 15, 830.0,1171.0,-1
15, 13, 830.0,1171.0,-1
13, 16, 610.0,676.0,-1
16, 13, 610.0,676.0,-1
13, 13, 0.0,0.0,1
14, 15, 68.0,96.0,-1
15, 14, 68.0,96.0,-1
14, 16, 526.0,560.0,-1
16, 14, 526.0,560.0,-1
14, 14, 0.0,0.0,1
15, 16, 480.0,495.0,-1
16, 15, 480.0,495.0,-1
15, 15, 0.0,0.0,1
16, 16, 0.0,0.0,1


<end>