<number of nodes>
16

<ratio of available edges>
0.3

<max length of the drone flight>
100000 

<D 2/3>
1, 3, 5, 6, 7, 9, 10, 12, 13, 15, 16

<V>
5, 6, 12, 13, 15

<coordinates X,Y>
512.6451971557917, 580.9965581588383
753.2177727871658, 374.4344614819408
405.0047648554974, 711.0882534027911
690.7893232486223, 518.906461184194
231.92195656221878, 96.5213981240067
978.3635518668838, 356.98057668711124
964.7566153645703, 813.5838079198446
637.4347408779156, 647.7294892453705
34.25849361799638, 439.016606577857
819.8386657768033, 435.5159200346268
44.47405313132552, 185.48167953797113
349.3554090391415, 970.223613611683
492.49962712579475, 614.3758852223395
402.87074725381524, 149.6438903331581
930.9454641172849, 231.53325008602707
549.9681897646767, 201.4838590254844

<adjacency matrix with truck distances>
1, 2, 318.0,448.0,-1
2, 1, 318.0,448.0,-1
1, 3, 169.0,238.0,1
3, 1, 169.0,238.0,1
1, 4, 189.0,241.0,-1
4, 1, 189.0,241.0,-1
1, 5, 560.0,766.0,-1
5, 1, 560.0,766.0,-1
1, 6, 517.0,690.0,-1
6, 1, 517.0,690.0,-1
1, 7, 509.0,685.0,-1
7, 1, 509.0,685.0,-1
1, 8, 142.0,192.0,-1
8, 1, 142.0,192.0,-1
1, 9, 500.0,621.0,1
9, 1, 500.0,621.0,1
1, 10, 340.0,453.0,1
10, 1, 340.0,453.0,1
1, 11, 613.0,864.0,-1
11, 1, 613.0,864.0,-1
1, 12, 423.0,553.0,-1
12, 1, 423.0,553.0,-1
1, 13, 39.0,54.0,-1
13, 1, 39.0,54.0,-1
1, 14, 446.0,542.0,-1
14, 1, 446.0,542.0,-1
1, 15, 546.0,768.0,1
15, 1, 546.0,768.0,1
1, 16, 382.0,417.0,1
16, 1, 382.0,417.0,1
1, 1, 0.0,0.0,1
2, 3, 485.0,685.0,-1
3, 2, 485.0,685.0,-1
2, 4, 158.0,207.0,-1
4, 2, 158.0,207.0,-1
2, 5, 591.0,800.0,1
5, 2, 591.0,800.0,1
2, 6, 226.0,243.0,-1
6, 2, 226.0,243.0,-1
2, 7, 488.0,651.0,1
7, 2, 488.0,651.0,1
2, 8, 297.0,390.0,-1
8, 2, 297.0,390.0,-1
2, 9, 722.0,784.0,-1
9, 2, 722.0,784.0,-1
2, 10, 91.0,128.0,1
10, 2, 91.0,128.0,1
2, 11, 734.0,898.0,1
11, 2, 734.0,898.0,1
2, 12, 720.0,1000.0,1
12, 2, 720.0,1000.0,1
2, 13, 355.0,501.0,-1
13, 2, 355.0,501.0,-1
2, 14, 417.0,576.0,-1
14, 2, 417.0,576.0,-1
2, 15, 229.0,321.0,-1
15, 2, 229.0,321.0,-1
2, 16, 267.0,377.0,1
16, 2, 267.0,377.0,1
2, 2, 0.0,0.0,1
3, 4, 345.0,478.0,-1
4, 3, 345.0,478.0,-1
3, 5, 639.0,788.0,1
5, 3, 639.0,788.0,1
3, 6, 674.0,928.0,-1
6, 3, 674.0,928.0,-1
3, 7, 570.0,663.0,-1
7, 3, 570.0,663.0,-1
3, 8, 241.0,296.0,1
8, 3, 241.0,296.0,1
3, 9, 460.0,643.0,-1
9, 3, 460.0,643.0,-1
3, 10, 499.0,691.0,-1
10, 3, 499.0,691.0,-1
3, 11, 638.0,887.0,-1
11, 3, 638.0,887.0,-1
3, 12, 266.0,315.0,-1
12, 3, 266.0,315.0,-1
3, 13, 131.0,185.0,-1
13, 3, 131.0,185.0,-1
3, 14, 562.0,564.0,1
14, 3, 562.0,564.0,1
3, 15, 712.0,1006.0,1
15, 3, 712.0,1006.0,1
3, 16, 530.0,655.0,-1
16, 3, 530.0,655.0,-1
3, 3, 0.0,0.0,1
4, 5, 624.0,882.0,-1
5, 4, 624.0,882.0,-1
4, 6, 331.0,450.0,1
6, 4, 331.0,450.0,1
4, 7, 403.0,569.0,-1
7, 4, 403.0,569.0,-1
4, 8, 140.0,183.0,1
8, 4, 140.0,183.0,1
4, 9, 662.0,737.0,-1
9, 4, 662.0,737.0,-1
4, 10, 154.0,213.0,-1
10, 4, 154.0,213.0,-1
4, 11, 728.0,980.0,-1
11, 4, 728.0,980.0,-1
4, 12, 566.0,793.0,1
12, 4, 566.0,793.0,1
4, 13, 221.0,294.0,-1
13, 4, 221.0,294.0,-1
4, 14, 469.0,658.0,1
14, 4, 469.0,658.0,1
4, 15, 375.0,528.0,-1
15, 4, 375.0,528.0,-1
4, 16, 348.0,459.0,-1
16, 4, 348.0,459.0,-1
4, 4, 0.0,0.0,1
5, 6, 791.0,1007.0,-1
6, 5, 791.0,1007.0,-1
5, 7, 1026.0,1450.0,-1
7, 5, 1026.0,1450.0,-1
5, 8, 685.0,957.0,1
8, 5, 685.0,957.0,1
5, 9, 396.0,541.0,1
9, 5, 396.0,541.0,1
5, 10, 679.0,927.0,-1
10, 5, 679.0,927.0,-1
5, 11, 208.0,277.0,1
11, 5, 208.0,277.0,1
5, 12, 882.0,992.0,-1
12, 5, 882.0,992.0,-1
5, 13, 580.0,779.0,-1
13, 5, 580.0,779.0,-1
5, 14, 180.0,225.0,-1
14, 5, 180.0,225.0,-1
5, 15, 712.0,835.0,-1
15, 5, 712.0,835.0,-1
5, 16, 335.0,424.0,-1
16, 5, 335.0,424.0,-1
5, 5, 0.0,0.0,1
6, 7, 457.0,471.0,-1
7, 6, 457.0,471.0,-1
6, 8, 449.0,632.0,-1
8, 6, 449.0,632.0,-1
6, 9, 948.0,1027.0,-1
9, 6, 948.0,1027.0,-1
6, 10, 177.0,238.0,-1
10, 6, 177.0,238.0,-1
6, 11, 950.0,1106.0,-1
11, 6, 950.0,1106.0,-1
6, 12, 879.0,1243.0,-1
12, 6, 879.0,1243.0,-1
6, 13, 550.0,744.0,-1
13, 6, 550.0,744.0,-1
6, 14, 612.0,783.0,-1
14, 6, 612.0,783.0,-1
6, 15, 135.0,173.0,1
15, 6, 135.0,173.0,1
6, 16, 456.0,584.0,-1
16, 6, 456.0,584.0,-1
6, 6, 0.0,0.0,1
7, 8, 367.0,494.0,-1
8, 7, 367.0,494.0,-1
7, 9, 1004.0,1306.0,-1
9, 7, 1004.0,1306.0,-1
7, 10, 405.0,523.0,-1
10, 7, 405.0,523.0,-1
7, 11, 1115.0,1549.0,-1
11, 7, 1115.0,1549.0,-1
7, 12, 636.0,773.0,1
12, 7, 636.0,773.0,1
7, 13, 513.0,672.0,-1
13, 7, 513.0,672.0,-1
7, 14, 870.0,1226.0,-1
14, 7, 870.0,1226.0,-1
7, 15, 584.0,616.0,-1
15, 7, 584.0,616.0,-1
7, 16, 740.0,1027.0,-1
16, 7, 740.0,1027.0,-1
7, 7, 0.0,0.0,1
8, 9, 639.0,812.0,-1
9, 8, 639.0,812.0,-1
8, 10, 280.0,395.0,-1
10, 8, 280.0,395.0,-1
8, 11, 752.0,1056.0,1
11, 8, 752.0,1056.0,1
8, 12, 433.0,611.0,-1
12, 8, 433.0,611.0,-1
8, 13, 149.0,179.0,1
13, 8, 149.0,179.0,1
8, 14, 551.0,733.0,1
14, 8, 551.0,733.0,1
8, 15, 510.0,710.0,-1
15, 8, 510.0,710.0,-1
8, 16, 455.0,534.0,1
16, 8, 455.0,534.0,1
8, 8, 0.0,0.0,1
9, 10, 786.0,790.0,-1
10, 9, 786.0,790.0,-1
9, 11, 254.0,264.0,1
11, 9, 254.0,264.0,1
9, 12, 618.0,847.0,-1
12, 9, 618.0,847.0,-1
9, 13, 491.0,634.0,1
13, 9, 491.0,634.0,1
9, 14, 469.0,658.0,1
14, 9, 469.0,658.0,1
9, 15, 921.0,1105.0,-1
15, 9, 921.0,1105.0,-1
9, 16, 568.0,754.0,-1
16, 9, 568.0,754.0,-1
9, 9, 0.0,0.0,1
10, 11, 815.0,1026.0,-1
11, 10, 815.0,1026.0,-1
10, 12, 713.0,1006.0,-1
12, 10, 713.0,1006.0,-1
10, 13, 374.0,507.0,-1
13, 10, 374.0,507.0,-1
10, 14, 506.0,703.0,1
14, 10, 506.0,703.0,1
10, 15, 233.0,316.0,-1
15, 10, 233.0,316.0,-1
10, 16, 358.0,504.0,-1
16, 10, 358.0,504.0,-1
10, 10, 0.0,0.0,1
11, 12, 842.0,1090.0,-1
12, 11, 842.0,1090.0,-1
11, 13, 621.0,877.0,-1
13, 11, 621.0,877.0,-1
11, 14, 361.0,395.0,-1
14, 11, 361.0,395.0,-1
11, 15, 888.0,933.0,-1
15, 11, 888.0,933.0,-1
11, 16, 506.0,522.0,-1
16, 11, 506.0,522.0,-1
11, 11, 0.0,0.0,1
12, 13, 384.0,499.0,1
13, 12, 384.0,499.0,1
12, 14, 823.0,875.0,-1
14, 12, 823.0,875.0,-1
12, 15, 941.0,1321.0,1
15, 12, 941.0,1321.0,1
12, 16, 795.0,970.0,-1
16, 12, 795.0,970.0,-1
12, 12, 0.0,0.0,1
13, 14, 474.0,555.0,-1
14, 13, 474.0,555.0,-1
13, 15, 583.0,822.0,-1
15, 13, 583.0,822.0,-1
13, 16, 417.0,471.0,-1
16, 13, 417.0,471.0,-1
13, 13, 0.0,0.0,1
14, 15, 535.0,610.0,-1
15, 14, 535.0,610.0,-1
14, 16, 156.0,199.0,1
16, 14, 156.0,199.0,1
14, 14, 0.0,0.0,1
15, 16, 383.0,412.0,1
16, 15, 383.0,412.0,1
15, 15, 0.0,0.0,1
16, 16, 0.0,0.0,1


<end>