<number of nodes>
16

<ratio of available edges>
0.3

<max length of the drone flight>
100000 

<D 2/3>
1, 2, 5, 6, 7, 8, 11, 12, 13, 14, 16

<V>
2, 7, 8, 12, 14

<coordinates X,Y>
51.291415182011, 947.2183811724424
448.45961299169744, 196.17903248272646
824.7680189901457, 834.5549790252281
924.0094647775184, 319.28454826015036
111.47192595959443, 716.8066311538779
908.7545802426731, 683.7239367784125
691.5261797236363, 898.6578224106318
164.09669538101346, 324.8023283972151
896.0503587237284, 721.4620389185613
318.66078369682316, 779.6143733479161
512.8767676215837, 366.72821617435585
806.1381254705391, 694.9983781534921
453.47112122391883, 285.1086522505106
893.0544259774522, 482.80347052410866
150.1557363977769, 170.2841965034519
815.9222147541615, 774.2266509036564

<adjacency matrix with truck distances>
1, 2, 850.0,1149.0,-1
2, 1, 850.0,1149.0,-1
1, 3, 782.0,887.0,-1
3, 1, 782.0,887.0,-1
1, 4, 1076.0,1501.0,-1
4, 1, 1076.0,1501.0,-1
1, 5, 239.0,291.0,-1
5, 1, 239.0,291.0,-1
1, 6, 898.0,1121.0,1
6, 1, 898.0,1121.0,1
1, 7, 643.0,689.0,-1
7, 1, 643.0,689.0,-1
1, 8, 633.0,736.0,1
8, 1, 633.0,736.0,1
1, 9, 875.0,1071.0,-1
9, 1, 875.0,1071.0,-1
1, 10, 316.0,435.0,-1
10, 1, 316.0,435.0,-1
1, 11, 742.0,1043.0,-1
11, 1, 742.0,1043.0,-1
1, 12, 796.0,1008.0,-1
12, 1, 796.0,1008.0,-1
1, 13, 775.0,1065.0,1
13, 1, 775.0,1065.0,1
1, 14, 962.0,1307.0,-1
14, 1, 962.0,1307.0,-1
1, 15, 784.0,876.0,1
15, 1, 784.0,876.0,1
1, 16, 784.0,938.0,-1
16, 1, 784.0,938.0,-1
1, 1, 0.0,0.0,1
2, 3, 742.0,1015.0,-1
3, 2, 742.0,1015.0,-1
2, 4, 492.0,599.0,-1
4, 2, 492.0,599.0,-1
2, 5, 621.0,858.0,-1
5, 2, 621.0,858.0,-1
2, 6, 671.0,948.0,1
6, 2, 671.0,948.0,1
2, 7, 744.0,946.0,-1
7, 2, 744.0,946.0,-1
2, 8, 313.0,413.0,1
8, 2, 313.0,413.0,1
2, 9, 691.0,973.0,-1
9, 2, 691.0,973.0,-1
2, 10, 598.0,714.0,-1
10, 2, 598.0,714.0,-1
2, 11, 183.0,235.0,1
11, 2, 183.0,235.0,1
2, 12, 614.0,857.0,-1
12, 2, 614.0,857.0,-1
2, 13, 90.0,94.0,1
13, 2, 90.0,94.0,1
2, 14, 529.0,732.0,-1
14, 2, 529.0,732.0,-1
2, 15, 300.0,325.0,-1
15, 2, 300.0,325.0,-1
2, 16, 685.0,946.0,-1
16, 2, 685.0,946.0,-1
2, 2, 0.0,0.0,1
3, 4, 525.0,615.0,1
4, 3, 525.0,615.0,1
3, 5, 723.0,832.0,-1
5, 3, 723.0,832.0,-1
3, 6, 173.0,235.0,-1
6, 3, 173.0,235.0,-1
3, 7, 148.0,198.0,-1
7, 3, 148.0,198.0,-1
3, 8, 835.0,1171.0,-1
8, 3, 835.0,1171.0,-1
3, 9, 134.0,185.0,1
9, 3, 134.0,185.0,1
3, 10, 510.0,562.0,-1
10, 3, 510.0,562.0,-1
3, 11, 563.0,780.0,1
11, 3, 563.0,780.0,1
3, 12, 141.0,159.0,1
12, 3, 141.0,159.0,1
3, 13, 664.0,921.0,1
13, 3, 664.0,921.0,1
3, 14, 359.0,421.0,-1
14, 3, 359.0,421.0,-1
3, 15, 947.0,1339.0,1
15, 3, 947.0,1339.0,1
3, 16, 61.0,70.0,-1
16, 3, 61.0,70.0,-1
3, 3, 0.0,0.0,1
4, 5, 905.0,1211.0,-1
5, 4, 905.0,1211.0,-1
4, 6, 365.0,380.0,-1
6, 4, 365.0,380.0,-1
4, 7, 625.0,812.0,-1
7, 4, 625.0,812.0,-1
4, 8, 760.0,766.0,-1
8, 4, 760.0,766.0,-1
4, 9, 404.0,431.0,1
9, 4, 404.0,431.0,1
4, 10, 761.0,1066.0,-1
10, 4, 761.0,1066.0,-1
4, 11, 414.0,459.0,-1
11, 4, 414.0,459.0,-1
4, 12, 394.0,494.0,-1
12, 4, 394.0,494.0,-1
4, 13, 472.0,505.0,-1
13, 4, 472.0,505.0,-1
4, 14, 167.0,195.0,-1
14, 4, 167.0,195.0,-1
4, 15, 789.0,923.0,1
15, 4, 789.0,923.0,1
4, 16, 468.0,564.0,1
16, 4, 468.0,564.0,1
4, 4, 0.0,0.0,1
5, 6, 798.0,831.0,-1
6, 5, 798.0,831.0,-1
5, 7, 608.0,762.0,-1
7, 5, 608.0,762.0,-1
5, 8, 396.0,445.0,-1
8, 5, 396.0,445.0,-1
5, 9, 785.0,790.0,1
9, 5, 785.0,790.0,1
5, 10, 217.0,270.0,1
10, 5, 217.0,270.0,1
5, 11, 533.0,752.0,-1
11, 5, 533.0,752.0,-1
5, 12, 696.0,717.0,1
12, 5, 696.0,717.0,1
5, 13, 551.0,774.0,-1
13, 5, 551.0,774.0,-1
5, 14, 816.0,1016.0,1
14, 5, 816.0,1016.0,1
5, 15, 548.0,586.0,-1
15, 5, 548.0,586.0,-1
5, 16, 707.0,762.0,-1
16, 5, 707.0,762.0,-1
5, 5, 0.0,0.0,1
6, 7, 306.0,433.0,1
7, 6, 306.0,433.0,1
6, 8, 827.0,1104.0,-1
8, 6, 827.0,1104.0,-1
6, 9, 40.0,51.0,-1
9, 6, 40.0,51.0,-1
6, 10, 598.0,686.0,-1
10, 6, 598.0,686.0,-1
6, 11, 508.0,713.0,-1
11, 6, 508.0,713.0,-1
6, 12, 104.0,114.0,-1
12, 6, 104.0,114.0,-1
6, 13, 606.0,854.0,-1
13, 6, 606.0,854.0,-1
6, 14, 202.0,217.0,-1
14, 6, 202.0,217.0,-1
6, 15, 917.0,1273.0,1
15, 6, 917.0,1273.0,1
6, 16, 130.0,184.0,1
16, 6, 130.0,184.0,1
6, 6, 0.0,0.0,1
7, 8, 780.0,1102.0,1
8, 7, 780.0,1102.0,1
7, 9, 271.0,382.0,1
9, 7, 271.0,382.0,1
7, 10, 392.0,492.0,-1
10, 7, 392.0,492.0,-1
7, 11, 562.0,711.0,-1
11, 7, 562.0,711.0,-1
7, 12, 234.0,319.0,1
12, 7, 234.0,319.0,1
7, 13, 659.0,852.0,-1
13, 7, 659.0,852.0,-1
7, 14, 463.0,618.0,-1
14, 7, 463.0,618.0,-1
7, 15, 908.0,1270.0,1
15, 7, 908.0,1270.0,1
7, 16, 176.0,249.0,-1
16, 7, 176.0,249.0,-1
7, 7, 0.0,0.0,1
8, 9, 833.0,1129.0,1
9, 8, 833.0,1129.0,1
8, 10, 481.0,610.0,-1
10, 8, 481.0,610.0,-1
8, 11, 352.0,391.0,-1
11, 8, 352.0,391.0,-1
8, 12, 742.0,1013.0,-1
12, 8, 742.0,1013.0,-1
8, 13, 293.0,330.0,-1
13, 8, 293.0,330.0,-1
8, 14, 746.0,887.0,-1
14, 8, 746.0,887.0,-1
8, 15, 156.0,169.0,-1
15, 8, 156.0,169.0,-1
8, 16, 792.0,1102.0,-1
16, 8, 792.0,1102.0,-1
8, 8, 0.0,0.0,1
9, 10, 581.0,636.0,1
10, 9, 581.0,636.0,1
9, 11, 523.0,738.0,-1
11, 9, 523.0,738.0,-1
9, 12, 94.0,117.0,-1
12, 9, 94.0,117.0,-1
9, 13, 622.0,879.0,-1
13, 9, 622.0,879.0,-1
9, 14, 239.0,242.0,-1
14, 9, 239.0,242.0,-1
9, 15, 928.0,1298.0,-1
15, 9, 928.0,1298.0,-1
9, 16, 96.0,133.0,-1
16, 9, 96.0,133.0,-1
9, 9, 0.0,0.0,1
10, 11, 457.0,608.0,1
11, 10, 457.0,608.0,1
10, 12, 495.0,573.0,1
12, 10, 495.0,573.0,1
10, 13, 513.0,630.0,1
13, 10, 513.0,630.0,1
10, 14, 647.0,872.0,-1
14, 10, 647.0,872.0,-1
10, 15, 633.0,778.0,-1
15, 10, 633.0,778.0,-1
10, 16, 498.0,503.0,-1
16, 10, 498.0,503.0,-1
10, 10, 0.0,0.0,1
11, 12, 441.0,622.0,-1
12, 11, 441.0,622.0,-1
11, 13, 101.0,142.0,-1
13, 11, 101.0,142.0,-1
11, 14, 398.0,497.0,1
14, 11, 398.0,497.0,1
11, 15, 413.0,560.0,-1
15, 11, 413.0,560.0,-1
11, 16, 508.0,711.0,-1
16, 11, 508.0,711.0,-1
11, 11, 0.0,0.0,1
12, 13, 541.0,763.0,-1
13, 12, 541.0,763.0,-1
12, 14, 230.0,300.0,-1
14, 12, 230.0,300.0,-1
12, 15, 841.0,1181.0,-1
15, 12, 841.0,1181.0,-1
12, 16, 80.0,90.0,-1
16, 12, 80.0,90.0,-1
12, 12, 0.0,0.0,1
13, 14, 482.0,638.0,1
14, 13, 482.0,638.0,1
13, 15, 325.0,419.0,-1
15, 13, 325.0,419.0,-1
13, 16, 609.0,852.0,-1
16, 13, 609.0,852.0,-1
13, 13, 0.0,0.0,1
14, 15, 806.0,1056.0,-1
15, 14, 806.0,1056.0,-1
14, 16, 302.0,369.0,-1
16, 14, 302.0,369.0,-1
14, 14, 0.0,0.0,1
15, 16, 899.0,1270.0,1
16, 15, 899.0,1270.0,1
15, 15, 0.0,0.0,1
16, 16, 0.0,0.0,1


<end>