<number of nodes>
16

<ratio of available edges>
0.3

<max length of the drone flight>
100000 

<D 2/3>
1, 4, 5, 7, 8, 9, 10, 11, 12, 13, 14

<V>
9, 10, 12, 13, 14

<coordinates X,Y>
572.0901378059413, 599.2555962400323
894.0793747966952, 240.8477340944012
305.7229632218455, 37.25413310573434
23.139763362354543, 369.2896128415442
285.99014243003666, 984.090220223104
266.78296912494625, 287.2856427438905
662.2933147683445, 841.0274122478573
457.51008976878205, 402.5194411384716
120.92825357438022, 58.80296074438688
602.3779063080735, 246.34457128396946
533.686237813097, 613.0351493131861
186.77001878450335, 348.19001022532046
288.58459946976416, 26.858577373173112
576.5296223168641, 741.7664724613103
694.7420127864752, 382.98109095940794
871.7568764822857, 29.611301227813275

<adjacency matrix with truck distances>
1, 2, 482.0,681.0,1
2, 1, 482.0,681.0,1
1, 3, 622.0,829.0,-1
3, 1, 622.0,829.0,-1
1, 4, 596.0,779.0,-1
4, 1, 596.0,779.0,-1
1, 5, 480.0,671.0,1
5, 1, 480.0,671.0,1
1, 6, 437.0,618.0,1
6, 1, 437.0,618.0,1
1, 7, 259.0,332.0,-1
7, 1, 259.0,332.0,-1
1, 8, 228.0,312.0,-1
8, 1, 228.0,312.0,-1
1, 9, 705.0,992.0,1
9, 1, 705.0,992.0,1
1, 10, 355.0,384.0,1
10, 1, 355.0,384.0,1
1, 11, 41.0,53.0,-1
11, 1, 41.0,53.0,-1
1, 12, 460.0,637.0,1
12, 1, 460.0,637.0,1
1, 13, 639.0,856.0,-1
13, 1, 639.0,856.0,-1
1, 14, 143.0,147.0,-1
14, 1, 143.0,147.0,-1
1, 15, 249.0,339.0,-1
15, 1, 249.0,339.0,-1
1, 16, 644.0,870.0,-1
16, 1, 644.0,870.0,-1
1, 1, 0.0,0.0,1
2, 3, 623.0,792.0,-1
3, 2, 623.0,792.0,-1
2, 4, 881.0,1000.0,-1
4, 2, 881.0,1000.0,-1
2, 5, 961.0,1352.0,-1
5, 2, 961.0,1352.0,-1
2, 6, 630.0,674.0,1
6, 2, 630.0,674.0,1
2, 7, 644.0,832.0,-1
7, 2, 644.0,832.0,-1
2, 8, 466.0,599.0,-1
8, 2, 466.0,599.0,-1
2, 9, 795.0,956.0,1
9, 2, 795.0,956.0,1
2, 10, 292.0,298.0,1
10, 2, 292.0,298.0,1
2, 11, 519.0,733.0,-1
11, 2, 519.0,733.0,-1
2, 12, 716.0,815.0,-1
12, 2, 716.0,815.0,-1
2, 13, 643.0,820.0,1
13, 2, 643.0,820.0,1
2, 14, 594.0,819.0,-1
14, 2, 594.0,819.0,-1
2, 15, 245.0,342.0,-1
15, 2, 245.0,342.0,-1
2, 16, 213.0,234.0,-1
16, 2, 213.0,234.0,-1
2, 2, 0.0,0.0,1
3, 4, 437.0,615.0,-1
4, 3, 437.0,615.0,-1
3, 5, 948.0,967.0,-1
5, 3, 948.0,967.0,-1
3, 6, 254.0,289.0,-1
6, 3, 254.0,289.0,-1
3, 7, 880.0,1161.0,-1
7, 3, 880.0,1161.0,-1
3, 8, 396.0,518.0,-1
8, 3, 396.0,518.0,-1
3, 9, 187.0,207.0,-1
9, 3, 187.0,207.0,-1
3, 10, 363.0,506.0,-1
10, 3, 363.0,506.0,-1
3, 11, 620.0,804.0,1
11, 3, 620.0,804.0,1
3, 12, 333.0,430.0,-1
12, 3, 333.0,430.0,-1
3, 13, 21.0,28.0,1
13, 3, 21.0,28.0,1
3, 14, 755.0,976.0,-1
14, 3, 755.0,976.0,-1
3, 15, 521.0,735.0,-1
15, 3, 521.0,735.0,-1
3, 16, 567.0,574.0,-1
16, 3, 567.0,574.0,-1
3, 3, 0.0,0.0,1
4, 5, 669.0,878.0,-1
5, 4, 669.0,878.0,-1
4, 6, 258.0,326.0,-1
6, 4, 258.0,326.0,-1
4, 7, 795.0,1111.0,-1
7, 4, 795.0,1111.0,-1
4, 8, 436.0,468.0,-1
8, 4, 436.0,468.0,-1
4, 9, 326.0,409.0,-1
9, 4, 326.0,409.0,-1
4, 10, 593.0,703.0,-1
10, 4, 593.0,703.0,-1
4, 11, 566.0,755.0,-1
11, 4, 566.0,755.0,-1
4, 12, 165.0,185.0,1
12, 4, 165.0,185.0,1
4, 13, 434.0,608.0,-1
13, 4, 434.0,608.0,-1
4, 14, 668.0,926.0,-1
14, 4, 668.0,926.0,-1
4, 15, 672.0,686.0,-1
15, 4, 672.0,686.0,-1
4, 16, 915.0,1189.0,-1
16, 4, 915.0,1189.0,-1
4, 4, 0.0,0.0,1
5, 6, 698.0,717.0,-1
6, 5, 698.0,717.0,-1
5, 7, 403.0,520.0,1
7, 5, 403.0,520.0,1
5, 8, 607.0,754.0,-1
8, 5, 607.0,754.0,-1
5, 9, 940.0,1091.0,1
9, 5, 940.0,1091.0,1
5, 10, 803.0,1055.0,-1
10, 5, 803.0,1055.0,-1
5, 11, 447.0,619.0,-1
11, 5, 447.0,619.0,-1
5, 12, 644.0,736.0,-1
12, 5, 644.0,736.0,-1
5, 13, 958.0,960.0,1
13, 5, 958.0,960.0,1
5, 14, 379.0,533.0,-1
14, 5, 379.0,533.0,-1
5, 15, 727.0,1010.0,-1
15, 5, 727.0,1010.0,-1
5, 16, 1120.0,1541.0,-1
16, 5, 1120.0,1541.0,-1
5, 5, 0.0,0.0,1
6, 7, 681.0,950.0,-1
7, 6, 681.0,950.0,-1
6, 8, 223.0,306.0,-1
8, 6, 223.0,306.0,-1
6, 9, 272.0,375.0,1
9, 6, 272.0,375.0,1
6, 10, 339.0,377.0,1
10, 6, 339.0,377.0,1
6, 11, 422.0,593.0,-1
11, 6, 422.0,593.0,-1
6, 12, 101.0,141.0,-1
12, 6, 101.0,141.0,-1
6, 13, 262.0,283.0,-1
13, 6, 262.0,283.0,-1
6, 14, 550.0,765.0,-1
14, 6, 550.0,765.0,-1
6, 15, 439.0,524.0,-1
15, 6, 439.0,524.0,-1
6, 16, 658.0,863.0,-1
16, 6, 658.0,863.0,-1
6, 6, 0.0,0.0,1
7, 8, 484.0,644.0,-1
8, 7, 484.0,644.0,-1
7, 9, 952.0,1324.0,-1
9, 7, 952.0,1324.0,-1
7, 10, 598.0,655.0,-1
10, 7, 598.0,655.0,-1
7, 11, 262.0,357.0,-1
11, 7, 262.0,357.0,-1
7, 12, 685.0,969.0,-1
12, 7, 685.0,969.0,-1
7, 13, 896.0,1188.0,-1
13, 7, 896.0,1188.0,-1
7, 14, 132.0,186.0,1
14, 7, 132.0,186.0,1
7, 15, 460.0,491.0,1
15, 7, 460.0,491.0,1
7, 16, 839.0,1021.0,-1
16, 7, 839.0,1021.0,-1
7, 7, 0.0,0.0,1
8, 9, 482.0,681.0,-1
9, 8, 482.0,681.0,-1
8, 10, 214.0,302.0,1
10, 8, 214.0,302.0,1
8, 11, 224.0,287.0,1
11, 8, 224.0,287.0,1
8, 12, 277.0,326.0,1
12, 8, 277.0,326.0,1
8, 13, 412.0,545.0,1
13, 8, 412.0,545.0,1
8, 14, 360.0,459.0,-1
14, 8, 360.0,459.0,-1
8, 15, 239.0,257.0,1
15, 8, 239.0,257.0,1
8, 16, 558.0,788.0,-1
16, 8, 558.0,788.0,-1
8, 8, 0.0,0.0,1
9, 10, 517.0,669.0,-1
10, 9, 517.0,669.0,-1
9, 11, 692.0,967.0,1
11, 9, 692.0,967.0,1
9, 12, 297.0,356.0,-1
12, 9, 297.0,356.0,-1
9, 13, 171.0,200.0,-1
13, 9, 171.0,200.0,-1
9, 14, 821.0,1139.0,-1
14, 9, 821.0,1139.0,-1
9, 15, 660.0,898.0,1
15, 9, 660.0,898.0,1
9, 16, 752.0,781.0,-1
16, 9, 752.0,781.0,-1
9, 9, 0.0,0.0,1
10, 11, 374.0,436.0,1
11, 10, 374.0,436.0,1
10, 12, 428.0,518.0,-1
12, 10, 428.0,518.0,-1
10, 13, 383.0,534.0,-1
13, 10, 383.0,534.0,-1
10, 14, 497.0,522.0,1
14, 10, 497.0,522.0,1
10, 15, 165.0,230.0,-1
15, 10, 165.0,230.0,-1
10, 16, 346.0,487.0,-1
16, 10, 346.0,487.0,-1
10, 10, 0.0,0.0,1
11, 12, 437.0,612.0,1
12, 11, 437.0,612.0,1
11, 13, 636.0,832.0,-1
13, 11, 636.0,832.0,-1
11, 14, 136.0,172.0,-1
14, 11, 136.0,172.0,-1
11, 15, 281.0,392.0,1
15, 11, 281.0,392.0,1
11, 16, 675.0,922.0,-1
16, 11, 675.0,922.0,-1
11, 11, 0.0,0.0,1
12, 13, 338.0,424.0,1
13, 12, 338.0,424.0,1
12, 14, 554.0,784.0,-1
14, 12, 554.0,784.0,-1
12, 15, 510.0,543.0,-1
15, 12, 510.0,543.0,-1
12, 16, 756.0,1004.0,1
16, 12, 756.0,1004.0,1
12, 12, 0.0,0.0,1
13, 14, 771.0,1003.0,-1
14, 13, 771.0,1003.0,-1
13, 15, 541.0,763.0,-1
15, 13, 541.0,763.0,-1
13, 16, 584.0,586.0,-1
16, 13, 584.0,586.0,-1
13, 13, 0.0,0.0,1
14, 15, 378.0,477.0,1
15, 14, 378.0,477.0,1
14, 16, 771.0,1008.0,1
16, 14, 771.0,1008.0,1
14, 14, 0.0,0.0,1
15, 16, 396.0,531.0,1
16, 15, 396.0,531.0,1
15, 15, 0.0,0.0,1
16, 16, 0.0,0.0,1


<end>