<number of nodes>
16

<ratio of available edges>
0.3

<max length of the drone flight>
100000 

<D 2/3>
1, 2, 3, 5, 7, 8, 9, 10, 11, 13, 16

<V>
2, 3, 5, 8, 11

<coordinates X,Y>
175.10777191558552, 913.9964611699543
560.4666967722745, 311.3745337694609
137.23942569183546, 767.8704174118272
213.0395137136997, 73.05501742600752
164.29289153423258, 553.539530297023
846.4133865887104, 695.6862704941707
251.57292845625457, 391.8740668610655
921.5138147498865, 818.1669037419953
16.559765452457963, 546.4474260045268
305.0047240877888, 688.598781816261
558.9297720556657, 37.33518069948165
127.0179966816549, 870.9099883535579
170.86145218963497, 814.5115244119253
391.93578933464096, 700.4087176981947
479.45504186371653, 457.4756562508255
813.4699807074205, 94.56243075660913

<adjacency matrix with truck distances>
1, 2, 716.0,988.0,-1
2, 1, 716.0,988.0,-1
1, 3, 151.0,184.0,1
3, 1, 151.0,184.0,1
1, 4, 842.0,879.0,-1
4, 1, 842.0,879.0,-1
1, 5, 361.0,372.0,1
5, 1, 361.0,372.0,1
1, 6, 706.0,890.0,-1
6, 1, 706.0,890.0,-1
1, 7, 528.0,599.0,-1
7, 1, 528.0,599.0,-1
1, 8, 753.0,843.0,-1
8, 1, 753.0,843.0,-1
1, 9, 401.0,527.0,-1
9, 1, 401.0,527.0,-1
1, 10, 261.0,356.0,-1
10, 1, 261.0,356.0,-1
1, 11, 958.0,1261.0,-1
11, 1, 958.0,1261.0,-1
1, 12, 65.0,92.0,-1
12, 1, 65.0,92.0,-1
1, 13, 100.0,104.0,-1
13, 1, 100.0,104.0,-1
1, 14, 305.0,431.0,-1
14, 1, 305.0,431.0,-1
1, 15, 549.0,761.0,1
15, 1, 549.0,761.0,1
1, 16, 1039.0,1458.0,-1
16, 1, 1039.0,1458.0,-1
1, 1, 0.0,0.0,1
2, 3, 623.0,880.0,1
3, 2, 623.0,880.0,1
2, 4, 422.0,586.0,-1
4, 2, 422.0,586.0,-1
2, 5, 465.0,639.0,-1
5, 2, 465.0,639.0,-1
2, 6, 480.0,671.0,1
6, 2, 480.0,671.0,1
2, 7, 320.0,390.0,1
7, 2, 320.0,390.0,1
2, 8, 623.0,868.0,-1
8, 2, 623.0,868.0,-1
2, 9, 593.0,779.0,1
9, 2, 593.0,779.0,1
2, 10, 456.0,633.0,-1
10, 2, 456.0,633.0,-1
2, 11, 275.0,276.0,-1
11, 2, 275.0,276.0,-1
2, 12, 708.0,993.0,-1
12, 2, 708.0,993.0,-1
2, 13, 637.0,893.0,-1
13, 2, 637.0,893.0,-1
2, 14, 424.0,558.0,-1
14, 2, 424.0,558.0,-1
2, 15, 168.0,228.0,-1
15, 2, 168.0,228.0,-1
2, 16, 334.0,470.0,1
16, 2, 334.0,470.0,1
2, 2, 0.0,0.0,1
3, 4, 699.0,771.0,-1
4, 3, 699.0,771.0,-1
3, 5, 217.0,242.0,-1
5, 3, 217.0,242.0,-1
3, 6, 713.0,782.0,-1
6, 3, 713.0,782.0,-1
3, 7, 393.0,491.0,-1
7, 3, 393.0,491.0,-1
3, 8, 786.0,835.0,-1
8, 3, 786.0,835.0,-1
3, 9, 253.0,343.0,1
9, 3, 253.0,343.0,1
3, 10, 186.0,248.0,1
10, 3, 186.0,248.0,1
3, 11, 844.0,1153.0,-1
11, 3, 844.0,1153.0,-1
3, 12, 104.0,114.0,-1
12, 3, 104.0,114.0,-1
3, 13, 58.0,81.0,1
13, 3, 58.0,81.0,1
3, 14, 264.0,323.0,-1
14, 3, 264.0,323.0,-1
3, 15, 463.0,653.0,1
15, 3, 463.0,653.0,1
3, 16, 955.0,1350.0,-1
16, 3, 955.0,1350.0,-1
3, 3, 0.0,0.0,1
4, 5, 483.0,530.0,-1
5, 4, 483.0,530.0,-1
4, 6, 889.0,1257.0,-1
6, 4, 889.0,1257.0,-1
4, 7, 322.0,358.0,-1
7, 4, 322.0,358.0,-1
4, 8, 1029.0,1454.0,-1
8, 4, 1029.0,1454.0,-1
4, 9, 513.0,670.0,-1
9, 4, 513.0,670.0,-1
4, 10, 623.0,708.0,-1
10, 4, 623.0,708.0,-1
4, 11, 348.0,382.0,1
11, 4, 348.0,382.0,1
4, 12, 803.0,884.0,-1
12, 4, 803.0,884.0,-1
4, 13, 743.0,784.0,1
13, 4, 743.0,784.0,1
4, 14, 653.0,807.0,-1
14, 4, 653.0,807.0,-1
4, 15, 468.0,651.0,1
15, 4, 468.0,651.0,1
4, 16, 601.0,622.0,-1
16, 4, 601.0,622.0,-1
4, 4, 0.0,0.0,1
5, 6, 697.0,825.0,-1
6, 5, 697.0,825.0,-1
5, 7, 184.0,249.0,-1
7, 5, 184.0,249.0,-1
5, 8, 803.0,1022.0,-1
8, 5, 803.0,1022.0,-1
5, 9, 148.0,155.0,-1
9, 5, 148.0,155.0,-1
5, 10, 196.0,276.0,1
10, 5, 196.0,276.0,1
5, 11, 650.0,911.0,1
11, 5, 650.0,911.0,1
5, 12, 320.0,355.0,1
12, 5, 320.0,355.0,1
5, 13, 262.0,268.0,1
13, 5, 262.0,268.0,1
5, 14, 271.0,375.0,-1
14, 5, 271.0,375.0,-1
5, 15, 330.0,412.0,-1
15, 5, 330.0,412.0,-1
5, 16, 796.0,1109.0,1
16, 5, 796.0,1109.0,1
5, 5, 0.0,0.0,1
6, 7, 668.0,899.0,-1
7, 6, 668.0,899.0,-1
6, 8, 144.0,198.0,-1
8, 6, 144.0,198.0,-1
6, 9, 844.0,980.0,-1
9, 6, 844.0,980.0,-1
6, 10, 542.0,549.0,-1
10, 6, 542.0,549.0,-1
6, 11, 719.0,946.0,-1
11, 6, 719.0,946.0,-1
6, 12, 741.0,895.0,-1
12, 6, 741.0,895.0,-1
6, 13, 686.0,795.0,-1
13, 6, 686.0,795.0,-1
6, 14, 455.0,460.0,1
14, 6, 455.0,460.0,1
6, 15, 438.0,606.0,-1
15, 6, 438.0,606.0,-1
6, 16, 603.0,635.0,-1
16, 6, 603.0,635.0,-1
6, 6, 0.0,0.0,1
7, 8, 795.0,1097.0,-1
8, 7, 795.0,1097.0,-1
7, 9, 282.0,390.0,1
9, 7, 282.0,390.0,1
7, 10, 302.0,351.0,1
10, 7, 302.0,351.0,1
7, 11, 470.0,662.0,-1
11, 7, 470.0,662.0,-1
7, 12, 495.0,604.0,1
12, 7, 495.0,604.0,1
7, 13, 431.0,504.0,1
13, 7, 431.0,504.0,1
7, 14, 339.0,449.0,-1
14, 7, 339.0,449.0,-1
7, 15, 238.0,294.0,1
15, 7, 238.0,294.0,1
7, 16, 636.0,860.0,-1
16, 7, 636.0,860.0,-1
7, 7, 0.0,0.0,1
8, 9, 945.0,1177.0,1
9, 8, 945.0,1177.0,1
8, 10, 630.0,747.0,1
10, 8, 630.0,747.0,1
8, 11, 861.0,1144.0,-1
11, 8, 861.0,1144.0,-1
8, 12, 797.0,848.0,-1
12, 8, 797.0,848.0,-1
8, 13, 751.0,755.0,1
13, 8, 751.0,755.0,1
8, 14, 543.0,648.0,-1
14, 8, 543.0,648.0,-1
8, 15, 571.0,803.0,-1
15, 8, 571.0,803.0,-1
8, 16, 732.0,832.0,-1
16, 8, 732.0,832.0,-1
8, 8, 0.0,0.0,1
9, 10, 322.0,431.0,1
10, 9, 322.0,431.0,1
9, 11, 744.0,1052.0,-1
11, 9, 744.0,1052.0,-1
9, 12, 343.0,435.0,-1
12, 9, 343.0,435.0,-1
9, 13, 310.0,423.0,-1
13, 9, 310.0,423.0,-1
9, 14, 406.0,530.0,-1
14, 9, 406.0,530.0,-1
9, 15, 472.0,552.0,-1
15, 9, 472.0,552.0,-1
9, 16, 917.0,1249.0,-1
16, 9, 917.0,1249.0,-1
9, 9, 0.0,0.0,1
10, 11, 700.0,906.0,-1
11, 10, 700.0,906.0,-1
10, 12, 255.0,361.0,1
12, 10, 255.0,361.0,1
10, 13, 184.0,261.0,1
13, 10, 184.0,261.0,1
10, 14, 88.0,99.0,-1
14, 10, 88.0,99.0,-1
10, 15, 290.0,406.0,-1
15, 10, 290.0,406.0,-1
10, 16, 782.0,1103.0,-1
16, 10, 782.0,1103.0,-1
10, 10, 0.0,0.0,1
11, 12, 939.0,1266.0,-1
12, 11, 939.0,1266.0,-1
11, 13, 869.0,1166.0,1
13, 11, 869.0,1166.0,1
11, 14, 684.0,831.0,-1
14, 11, 684.0,831.0,-1
11, 15, 428.0,500.0,1
15, 11, 428.0,500.0,1
11, 16, 261.0,312.0,-1
16, 11, 261.0,312.0,-1
11, 11, 0.0,0.0,1
12, 13, 72.0,101.0,1
13, 12, 72.0,101.0,1
12, 14, 316.0,436.0,-1
14, 12, 316.0,436.0,-1
12, 15, 544.0,766.0,-1
15, 12, 544.0,766.0,-1
12, 16, 1037.0,1463.0,-1
16, 12, 1037.0,1463.0,-1
12, 12, 0.0,0.0,1
13, 14, 249.0,336.0,-1
14, 13, 249.0,336.0,-1
13, 15, 472.0,666.0,-1
15, 13, 472.0,666.0,-1
13, 16, 966.0,1363.0,-1
16, 13, 966.0,1363.0,-1
13, 13, 0.0,0.0,1
14, 15, 259.0,331.0,-1
15, 14, 259.0,331.0,-1
14, 16, 739.0,1028.0,-1
16, 14, 739.0,1028.0,-1
14, 14, 0.0,0.0,1
15, 16, 494.0,697.0,1
16, 15, 494.0,697.0,1
15, 15, 0.0,0.0,1
16, 16, 0.0,0.0,1


<end>