<number of nodes>
16

<ratio of available edges>
0.3

<max length of the drone flight>
100000 

<D 2/3>
1, 2, 3, 6, 7, 8, 10, 12, 13, 14, 16

<V>
3, 10, 12, 13, 16

<coordinates X,Y>
921.4576354355435, 341.1644708285323
645.976389821558, 573.5078276546049
219.8333610146032, 101.16762796646496
868.1466176961093, 263.0776163315326
194.51711691526356, 538.5003659586713
398.9810339455348, 868.024820917852
979.2301724313129, 278.0550317631853
828.5978519967065, 367.3856278695875
993.7700421033777, 407.37403573194945
801.2573165923905, 522.3063021028746
396.52532790332305, 262.6751447639469
531.6174140174353, 48.17028916074279
823.0300267664612, 23.947798830212907
862.196900496565, 669.389992840215
969.9835477114889, 618.2093597455181
403.0256504183522, 431.36855952248254

<adjacency matrix with truck distances>
1, 2, 361.0,508.0,1
2, 1, 361.0,508.0,1
1, 3, 742.0,942.0,-1
3, 1, 742.0,942.0,-1
1, 4, 95.0,132.0,-1
4, 1, 95.0,132.0,-1
1, 5, 754.0,925.0,1
5, 1, 754.0,925.0,1
1, 6, 742.0,1050.0,-1
6, 1, 742.0,1050.0,-1
1, 7, 86.0,121.0,1
7, 1, 86.0,121.0,1
1, 8, 97.0,120.0,1
8, 1, 97.0,120.0,1
1, 9, 99.0,139.0,-1
9, 1, 99.0,139.0,-1
1, 10, 218.0,302.0,1
10, 1, 218.0,302.0,1
1, 11, 531.0,604.0,1
11, 1, 531.0,604.0,1
1, 12, 488.0,683.0,1
12, 1, 488.0,683.0,1
1, 13, 333.0,416.0,1
13, 1, 333.0,416.0,1
1, 14, 334.0,388.0,-1
14, 1, 334.0,388.0,-1
1, 15, 282.0,326.0,-1
15, 1, 282.0,326.0,-1
1, 16, 527.0,609.0,-1
16, 1, 527.0,609.0,-1
1, 1, 0.0,0.0,1
2, 3, 637.0,899.0,-1
3, 2, 637.0,899.0,-1
2, 4, 382.0,533.0,-1
4, 2, 382.0,533.0,-1
2, 5, 453.0,487.0,1
5, 2, 453.0,487.0,1
2, 6, 385.0,542.0,-1
6, 2, 385.0,542.0,-1
2, 7, 446.0,629.0,-1
7, 2, 446.0,629.0,-1
2, 8, 276.0,389.0,1
8, 2, 276.0,389.0,1
2, 9, 386.0,514.0,1
9, 2, 386.0,514.0,1
2, 10, 164.0,207.0,1
10, 2, 164.0,207.0,1
2, 11, 399.0,561.0,-1
11, 2, 399.0,561.0,-1
2, 12, 538.0,640.0,1
12, 2, 538.0,640.0,1
2, 13, 578.0,727.0,-1
13, 2, 578.0,727.0,-1
2, 14, 237.0,313.0,-1
14, 2, 237.0,313.0,-1
2, 15, 328.0,369.0,1
15, 2, 328.0,369.0,1
2, 16, 282.0,386.0,-1
16, 2, 282.0,386.0,-1
2, 2, 0.0,0.0,1
3, 4, 669.0,811.0,-1
4, 3, 669.0,811.0,-1
3, 5, 439.0,463.0,-1
5, 3, 439.0,463.0,-1
3, 6, 788.0,947.0,1
6, 3, 788.0,947.0,1
3, 7, 780.0,937.0,1
7, 3, 780.0,937.0,1
3, 8, 665.0,875.0,-1
8, 3, 665.0,875.0,-1
3, 9, 833.0,1081.0,1
9, 3, 833.0,1081.0,1
3, 10, 718.0,1003.0,-1
10, 3, 718.0,1003.0,-1
3, 11, 240.0,339.0,-1
11, 3, 240.0,339.0,-1
3, 12, 317.0,365.0,1
12, 3, 317.0,365.0,1
3, 13, 609.0,681.0,-1
13, 3, 609.0,681.0,-1
3, 14, 858.0,1211.0,1
14, 3, 858.0,1211.0,1
3, 15, 912.0,1268.0,-1
15, 3, 912.0,1268.0,-1
3, 16, 378.0,514.0,-1
16, 3, 378.0,514.0,-1
3, 3, 0.0,0.0,1
4, 5, 728.0,950.0,1
5, 4, 728.0,950.0,1
4, 6, 766.0,1075.0,-1
6, 4, 766.0,1075.0,-1
4, 7, 113.0,127.0,1
7, 4, 113.0,127.0,1
4, 8, 112.0,144.0,1
8, 4, 112.0,144.0,1
4, 9, 192.0,270.0,-1
9, 4, 192.0,270.0,-1
4, 10, 268.0,327.0,-1
10, 4, 268.0,327.0,-1
4, 11, 472.0,473.0,-1
11, 4, 472.0,473.0,-1
4, 12, 400.0,552.0,-1
12, 4, 400.0,552.0,-1
4, 13, 244.0,285.0,-1
13, 4, 244.0,285.0,-1
4, 14, 407.0,413.0,-1
14, 4, 407.0,413.0,-1
4, 15, 370.0,457.0,-1
15, 4, 370.0,457.0,-1
4, 16, 495.0,634.0,-1
16, 4, 495.0,634.0,-1
4, 4, 0.0,0.0,1
5, 6, 388.0,534.0,-1
6, 5, 388.0,534.0,-1
5, 7, 827.0,1046.0,-1
7, 5, 827.0,1046.0,-1
5, 8, 657.0,806.0,-1
8, 5, 657.0,806.0,-1
5, 9, 810.0,931.0,-1
9, 5, 810.0,931.0,-1
5, 10, 607.0,623.0,-1
10, 5, 607.0,623.0,-1
5, 11, 342.0,478.0,-1
11, 5, 342.0,478.0,-1
5, 12, 596.0,828.0,-1
12, 5, 596.0,828.0,-1
5, 13, 813.0,1144.0,-1
13, 5, 813.0,1144.0,-1
5, 14, 681.0,799.0,1
14, 5, 681.0,799.0,1
5, 15, 780.0,856.0,-1
15, 5, 780.0,856.0,-1
5, 16, 235.0,316.0,-1
16, 5, 235.0,316.0,-1
5, 5, 0.0,0.0,1
6, 7, 828.0,1171.0,-1
7, 6, 828.0,1171.0,-1
6, 8, 660.0,931.0,-1
8, 6, 660.0,931.0,-1
6, 9, 753.0,1056.0,-1
9, 6, 753.0,1056.0,-1
6, 10, 531.0,748.0,-1
10, 6, 531.0,748.0,-1
6, 11, 606.0,608.0,1
11, 6, 606.0,608.0,1
6, 12, 831.0,953.0,-1
12, 6, 831.0,953.0,-1
6, 13, 945.0,1269.0,1
13, 6, 945.0,1269.0,1
6, 14, 505.0,662.0,1
14, 6, 505.0,662.0,1
6, 15, 624.0,821.0,-1
15, 6, 624.0,821.0,-1
6, 16, 437.0,441.0,-1
16, 6, 437.0,441.0,-1
6, 6, 0.0,0.0,1
7, 8, 176.0,240.0,-1
8, 7, 176.0,240.0,-1
7, 9, 131.0,144.0,-1
9, 7, 131.0,144.0,-1
7, 10, 303.0,423.0,-1
10, 7, 303.0,423.0,-1
7, 11, 583.0,599.0,-1
11, 7, 583.0,599.0,-1
7, 12, 504.0,678.0,-1
12, 7, 504.0,678.0,-1
7, 13, 299.0,411.0,-1
13, 7, 299.0,411.0,-1
7, 14, 409.0,509.0,-1
14, 7, 409.0,509.0,-1
7, 15, 341.0,350.0,1
15, 7, 341.0,350.0,1
7, 16, 597.0,730.0,-1
16, 7, 597.0,730.0,-1
7, 7, 0.0,0.0,1
8, 9, 170.0,206.0,1
9, 8, 170.0,206.0,1
8, 10, 158.0,183.0,1
10, 8, 158.0,183.0,1
8, 11, 445.0,537.0,-1
11, 8, 445.0,537.0,-1
8, 12, 436.0,617.0,-1
12, 8, 436.0,617.0,-1
8, 13, 344.0,350.0,-1
13, 8, 344.0,350.0,-1
8, 14, 304.0,336.0,-1
14, 8, 304.0,336.0,-1
8, 15, 288.0,393.0,-1
15, 8, 288.0,393.0,-1
8, 16, 431.0,490.0,1
16, 8, 431.0,490.0,1
8, 8, 0.0,0.0,1
9, 10, 225.0,308.0,-1
10, 9, 225.0,308.0,-1
9, 11, 615.0,742.0,-1
11, 9, 615.0,742.0,-1
9, 12, 586.0,822.0,-1
12, 9, 586.0,822.0,-1
9, 13, 420.0,555.0,-1
13, 9, 420.0,555.0,-1
9, 14, 294.0,394.0,1
14, 9, 294.0,394.0,1
9, 15, 213.0,235.0,-1
15, 9, 213.0,235.0,-1
9, 16, 592.0,615.0,-1
16, 9, 592.0,615.0,-1
9, 9, 0.0,0.0,1
10, 11, 481.0,665.0,-1
11, 10, 481.0,665.0,-1
10, 12, 546.0,744.0,-1
12, 10, 546.0,744.0,-1
10, 13, 499.0,521.0,-1
13, 10, 499.0,521.0,-1
10, 14, 160.0,209.0,-1
14, 10, 160.0,209.0,-1
10, 15, 195.0,265.0,1
15, 10, 195.0,265.0,1
10, 16, 409.0,490.0,-1
16, 10, 409.0,490.0,-1
10, 10, 0.0,0.0,1
11, 12, 254.0,350.0,-1
12, 11, 254.0,350.0,-1
11, 13, 489.0,666.0,-1
13, 11, 489.0,666.0,-1
11, 14, 619.0,873.0,-1
14, 11, 619.0,873.0,-1
11, 15, 675.0,929.0,-1
15, 11, 675.0,929.0,-1
11, 16, 169.0,176.0,-1
16, 11, 169.0,176.0,-1
11, 11, 0.0,0.0,1
12, 13, 293.0,316.0,-1
13, 12, 293.0,316.0,-1
12, 14, 704.0,952.0,1
14, 12, 704.0,952.0,1
12, 15, 720.0,1009.0,-1
15, 12, 720.0,1009.0,-1
12, 16, 405.0,512.0,1
16, 12, 405.0,512.0,1
12, 12, 0.0,0.0,1
13, 14, 647.0,685.0,-1
14, 13, 647.0,685.0,-1
13, 15, 613.0,742.0,1
15, 13, 613.0,742.0,1
13, 16, 586.0,828.0,-1
16, 13, 586.0,828.0,-1
13, 13, 0.0,0.0,1
14, 15, 120.0,159.0,-1
15, 14, 120.0,159.0,-1
14, 16, 518.0,698.0,-1
16, 14, 518.0,698.0,-1
14, 14, 0.0,0.0,1
15, 16, 597.0,754.0,1
16, 15, 597.0,754.0,1
15, 15, 0.0,0.0,1
16, 16, 0.0,0.0,1


<end>