<number of nodes>
16

<ratio of available edges>
0.3

<max length of the drone flight>
100000 

<D 2/3>
1, 2, 3, 4, 6, 7, 9, 10, 12, 13, 16

<V>
2, 6, 7, 9, 13

<coordinates X,Y>
617.3560046066367, 143.47088262224113
87.15667642245593, 172.09997467851736
560.6366014359105, 642.7824186985323
741.0122568880277, 735.7980082913945
51.15395598466362, 267.41537178597315
891.3808087175736, 104.51589332408784
863.7324086293872, 328.1483431946867
339.35758407684705, 227.28290944461534
900.4858726415838, 25.66227326574762
478.97274507398186, 881.5217520564288
459.05445237020973, 141.87312730253362
175.93028215028434, 749.2562855116836
702.3560282241058, 335.0965634029475
998.5354617094747, 321.9740842413236
274.86094644779104, 74.11433078154587
914.8060389055742, 664.6929620017188

<adjacency matrix with truck distances>
1, 2, 531.0,559.0,-1
2, 1, 531.0,559.0,-1
1, 3, 503.0,557.0,-1
3, 1, 503.0,557.0,-1
1, 4, 606.0,716.0,-1
4, 1, 606.0,716.0,-1
1, 5, 580.0,691.0,-1
5, 1, 580.0,691.0,-1
1, 6, 277.0,313.0,1
6, 1, 277.0,313.0,1
1, 7, 308.0,432.0,1
7, 1, 308.0,432.0,1
1, 8, 291.0,362.0,-1
8, 1, 291.0,362.0,-1
1, 9, 307.0,401.0,-1
9, 1, 307.0,401.0,-1
1, 10, 751.0,877.0,-1
10, 1, 751.0,877.0,-1
1, 11, 159.0,160.0,-1
11, 1, 159.0,160.0,-1
1, 12, 750.0,1048.0,-1
12, 1, 750.0,1048.0,-1
1, 13, 210.0,277.0,1
13, 1, 210.0,277.0,1
1, 14, 421.0,560.0,1
14, 1, 421.0,560.0,1
1, 15, 350.0,412.0,1
15, 1, 350.0,412.0,1
1, 16, 601.0,819.0,1
16, 1, 601.0,819.0,1
1, 1, 0.0,0.0,1
2, 3, 668.0,945.0,-1
3, 2, 668.0,945.0,-1
2, 4, 864.0,1218.0,-1
4, 2, 864.0,1218.0,-1
2, 5, 102.0,132.0,-1
5, 2, 102.0,132.0,-1
2, 6, 808.0,872.0,-1
6, 2, 808.0,872.0,-1
2, 7, 793.0,933.0,-1
7, 2, 793.0,933.0,-1
2, 8, 259.0,308.0,-1
8, 2, 259.0,308.0,-1
2, 9, 827.0,960.0,-1
9, 2, 827.0,960.0,-1
2, 10, 811.0,1102.0,1
10, 2, 811.0,1102.0,1
2, 11, 374.0,403.0,-1
11, 2, 374.0,403.0,-1
2, 12, 584.0,666.0,1
12, 2, 584.0,666.0,1
2, 13, 637.0,779.0,-1
13, 2, 637.0,779.0,-1
2, 14, 924.0,1062.0,-1
14, 2, 924.0,1062.0,-1
2, 15, 212.0,286.0,-1
15, 2, 212.0,286.0,-1
2, 16, 964.0,1321.0,1
16, 2, 964.0,1321.0,1
2, 2, 0.0,0.0,1
3, 4, 203.0,274.0,-1
4, 3, 203.0,274.0,-1
3, 5, 633.0,885.0,-1
5, 3, 633.0,885.0,-1
3, 6, 632.0,870.0,-1
6, 3, 632.0,870.0,-1
3, 7, 437.0,618.0,1
7, 3, 437.0,618.0,1
3, 8, 471.0,637.0,1
8, 3, 471.0,637.0,1
3, 9, 705.0,957.0,-1
9, 3, 705.0,957.0,-1
3, 10, 253.0,321.0,1
10, 3, 253.0,321.0,1
3, 11, 512.0,603.0,-1
11, 3, 512.0,603.0,-1
3, 12, 400.0,492.0,-1
12, 3, 400.0,492.0,-1
3, 13, 339.0,450.0,-1
13, 3, 339.0,450.0,-1
3, 14, 543.0,759.0,-1
14, 3, 543.0,759.0,-1
3, 15, 637.0,855.0,-1
15, 3, 637.0,855.0,-1
3, 16, 355.0,377.0,-1
16, 3, 355.0,377.0,-1
3, 3, 0.0,0.0,1
4, 5, 834.0,1159.0,-1
5, 4, 834.0,1159.0,-1
4, 6, 649.0,782.0,-1
6, 4, 649.0,782.0,-1
4, 7, 426.0,531.0,-1
7, 4, 426.0,531.0,-1
4, 8, 649.0,911.0,-1
8, 4, 649.0,911.0,-1
4, 9, 728.0,870.0,1
9, 4, 728.0,870.0,1
4, 10, 300.0,408.0,-1
10, 4, 300.0,408.0,-1
4, 11, 658.0,876.0,-1
11, 4, 658.0,876.0,-1
4, 12, 566.0,579.0,1
12, 4, 566.0,579.0,1
4, 13, 403.0,440.0,-1
13, 4, 403.0,440.0,-1
4, 14, 488.0,672.0,-1
14, 4, 488.0,672.0,-1
4, 15, 810.0,1128.0,1
15, 4, 810.0,1128.0,1
4, 16, 188.0,245.0,-1
16, 4, 188.0,245.0,-1
4, 4, 0.0,0.0,1
5, 6, 856.0,1004.0,-1
6, 5, 856.0,1004.0,-1
5, 7, 815.0,874.0,-1
7, 5, 815.0,874.0,-1
5, 8, 291.0,329.0,-1
8, 5, 291.0,329.0,-1
5, 9, 884.0,1092.0,-1
9, 5, 884.0,1092.0,-1
5, 10, 749.0,1042.0,1
10, 5, 749.0,1042.0,1
5, 11, 427.0,534.0,-1
11, 5, 427.0,534.0,-1
5, 12, 498.0,607.0,-1
12, 5, 498.0,607.0,-1
5, 13, 655.0,719.0,-1
13, 5, 655.0,719.0,-1
5, 14, 949.0,1002.0,-1
14, 5, 949.0,1002.0,-1
5, 15, 296.0,418.0,-1
15, 5, 296.0,418.0,-1
5, 16, 951.0,1261.0,-1
16, 5, 951.0,1261.0,-1
5, 5, 0.0,0.0,1
6, 7, 226.0,252.0,1
7, 6, 226.0,252.0,1
6, 8, 566.0,675.0,-1
8, 6, 566.0,675.0,-1
6, 9, 80.0,88.0,-1
9, 6, 80.0,88.0,-1
6, 10, 880.0,1190.0,-1
10, 6, 880.0,1190.0,-1
6, 11, 434.0,470.0,1
11, 6, 434.0,470.0,1
6, 12, 964.0,1361.0,1
12, 6, 964.0,1361.0,1
6, 13, 299.0,420.0,-1
13, 6, 299.0,420.0,-1
6, 14, 243.0,325.0,-1
14, 6, 243.0,325.0,-1
6, 15, 618.0,647.0,-1
15, 6, 618.0,647.0,-1
6, 16, 561.0,584.0,-1
16, 6, 561.0,584.0,-1
6, 6, 0.0,0.0,1
7, 8, 534.0,626.0,-1
8, 7, 534.0,626.0,-1
7, 9, 305.0,340.0,-1
9, 7, 305.0,340.0,-1
7, 10, 674.0,939.0,1
10, 7, 674.0,939.0,1
7, 11, 446.0,591.0,-1
11, 7, 446.0,591.0,-1
7, 12, 807.0,1109.0,1
12, 7, 807.0,1109.0,1
7, 13, 162.0,169.0,1
13, 7, 162.0,169.0,1
7, 14, 135.0,141.0,-1
14, 7, 135.0,141.0,-1
7, 15, 642.0,843.0,1
15, 7, 642.0,843.0,1
7, 16, 341.0,388.0,-1
16, 7, 341.0,388.0,-1
7, 7, 0.0,0.0,1
8, 9, 597.0,763.0,-1
9, 8, 597.0,763.0,-1
8, 10, 669.0,794.0,1
10, 8, 669.0,794.0,1
8, 11, 148.0,206.0,-1
11, 8, 148.0,206.0,-1
8, 12, 547.0,686.0,-1
12, 8, 547.0,686.0,-1
8, 13, 379.0,471.0,-1
13, 8, 379.0,471.0,-1
8, 14, 666.0,754.0,1
14, 8, 666.0,754.0,1
8, 15, 167.0,218.0,1
15, 8, 167.0,218.0,1
8, 16, 723.0,1013.0,-1
16, 8, 723.0,1013.0,-1
8, 8, 0.0,0.0,1
9, 10, 955.0,1278.0,-1
10, 9, 955.0,1278.0,-1
9, 11, 457.0,558.0,-1
11, 9, 457.0,558.0,-1
9, 12, 1024.0,1449.0,-1
12, 9, 1024.0,1449.0,-1
9, 13, 368.0,508.0,-1
13, 9, 368.0,508.0,-1
9, 14, 313.0,395.0,-1
14, 9, 313.0,395.0,-1
9, 15, 628.0,675.0,-1
15, 9, 628.0,675.0,-1
9, 16, 640.0,654.0,1
16, 9, 640.0,654.0,1
9, 9, 0.0,0.0,1
10, 11, 740.0,760.0,1
11, 10, 740.0,760.0,1
10, 12, 331.0,436.0,-1
12, 10, 331.0,436.0,-1
10, 13, 591.0,770.0,1
13, 10, 591.0,770.0,1
10, 14, 764.0,1080.0,-1
14, 10, 764.0,1080.0,-1
10, 15, 833.0,1012.0,1
15, 10, 833.0,1012.0,1
10, 16, 487.0,653.0,-1
16, 10, 487.0,653.0,-1
10, 10, 0.0,0.0,1
11, 12, 671.0,891.0,1
12, 11, 671.0,891.0,1
11, 13, 311.0,437.0,1
13, 11, 311.0,437.0,1
11, 14, 569.0,720.0,1
14, 11, 569.0,720.0,1
11, 15, 197.0,252.0,-1
15, 11, 197.0,252.0,-1
11, 16, 694.0,979.0,1
16, 11, 694.0,979.0,1
11, 11, 0.0,0.0,1
12, 13, 670.0,941.0,-1
13, 12, 670.0,941.0,-1
12, 14, 927.0,1250.0,-1
14, 12, 927.0,1250.0,-1
12, 15, 683.0,775.0,-1
15, 12, 683.0,775.0,-1
12, 16, 744.0,824.0,1
16, 12, 744.0,824.0,1
12, 12, 0.0,0.0,1
13, 14, 297.0,310.0,1
14, 13, 297.0,310.0,1
13, 15, 501.0,689.0,-1
15, 13, 501.0,689.0,-1
13, 16, 393.0,543.0,-1
16, 13, 393.0,543.0,-1
13, 13, 0.0,0.0,1
14, 15, 765.0,972.0,-1
15, 14, 765.0,972.0,-1
14, 16, 353.0,427.0,-1
16, 14, 353.0,427.0,-1
14, 14, 0.0,0.0,1
15, 16, 871.0,1231.0,-1
16, 15, 871.0,1231.0,-1
15, 15, 0.0,0.0,1
16, 16, 0.0,0.0,1


<end>