<number of nodes>
16

<ratio of available edges>
0.3

<max length of the drone flight>
100000 

<D 2/3>
1, 2, 3, 5, 7, 8, 9, 10, 11, 15, 16

<V>
2, 5, 9, 10, 16

<coordinates X,Y>
769.9156955406338, 97.56805348175202
693.3813207107972, 836.8283723523921
117.8126156407524, 607.8849125893498
238.8898579699737, 883.3132039603954
478.76338648216995, 619.9642548279904
524.7455499358218, 143.8967456488102
589.0214099849768, 730.1381709133336
966.1774417053593, 691.2884083937254
519.5908616310144, 308.3911481363669
117.53370334933378, 94.87250878970823
81.03813457578929, 418.1089078744206
83.38791788398407, 633.2082993084018
768.8015588036188, 854.4928924024955
995.4181534038415, 808.8363263462144
363.6573009287256, 766.6085377286361
633.070058883224, 609.8322357001174

<adjacency matrix with truck distances>
1, 2, 744.0,816.0,-1
2, 1, 744.0,816.0,-1
1, 3, 829.0,1163.0,-1
3, 1, 829.0,1163.0,-1
1, 4, 949.0,1317.0,-1
4, 1, 949.0,1317.0,-1
1, 5, 599.0,814.0,-1
5, 1, 599.0,814.0,-1
1, 6, 250.0,292.0,-1
6, 1, 250.0,292.0,-1
1, 7, 658.0,814.0,-1
7, 1, 658.0,814.0,-1
1, 8, 626.0,790.0,-1
8, 1, 626.0,790.0,-1
1, 9, 328.0,462.0,-1
9, 1, 328.0,462.0,-1
1, 10, 653.0,656.0,-1
10, 1, 653.0,656.0,-1
1, 11, 760.0,1010.0,-1
11, 1, 760.0,1010.0,-1
1, 12, 871.0,1223.0,-1
12, 1, 871.0,1223.0,-1
1, 13, 757.0,759.0,-1
13, 1, 757.0,759.0,-1
1, 14, 747.0,937.0,-1
14, 1, 747.0,937.0,-1
1, 15, 783.0,1076.0,1
15, 1, 783.0,1076.0,1
1, 16, 531.0,650.0,1
16, 1, 531.0,650.0,1
1, 1, 0.0,0.0,1
2, 3, 620.0,805.0,-1
3, 2, 620.0,805.0,-1
2, 4, 457.0,501.0,1
4, 2, 457.0,501.0,1
2, 5, 306.0,432.0,-1
5, 2, 306.0,432.0,-1
2, 6, 714.0,862.0,-1
6, 2, 714.0,862.0,-1
2, 7, 150.0,212.0,1
7, 2, 150.0,212.0,1
2, 8, 310.0,419.0,-1
8, 2, 310.0,419.0,-1
2, 9, 557.0,703.0,-1
9, 2, 557.0,703.0,-1
2, 10, 940.0,1318.0,-1
10, 2, 940.0,1318.0,-1
2, 11, 742.0,1032.0,1
11, 2, 742.0,1032.0,1
2, 12, 644.0,814.0,-1
12, 2, 644.0,814.0,-1
2, 13, 78.0,94.0,-1
13, 2, 78.0,94.0,-1
2, 14, 304.0,331.0,-1
14, 2, 304.0,331.0,-1
2, 15, 338.0,400.0,-1
15, 2, 338.0,400.0,-1
2, 16, 235.0,288.0,1
16, 2, 235.0,288.0,1
2, 2, 0.0,0.0,1
3, 4, 301.0,397.0,-1
4, 3, 301.0,397.0,-1
3, 5, 362.0,374.0,-1
5, 3, 362.0,374.0,-1
3, 6, 618.0,871.0,1
6, 3, 618.0,871.0,1
3, 7, 487.0,594.0,1
7, 3, 487.0,594.0,1
3, 8, 853.0,932.0,1
8, 3, 853.0,932.0,1
3, 9, 502.0,702.0,-1
9, 3, 502.0,702.0,-1
3, 10, 514.0,514.0,1
10, 3, 514.0,514.0,1
3, 11, 194.0,227.0,-1
11, 3, 194.0,227.0,-1
3, 12, 43.0,60.0,1
12, 3, 43.0,60.0,1
3, 13, 697.0,898.0,-1
13, 3, 697.0,898.0,-1
3, 14, 901.0,1079.0,1
14, 3, 901.0,1079.0,1
3, 15, 293.0,405.0,-1
15, 3, 293.0,405.0,-1
3, 16, 516.0,518.0,-1
16, 3, 516.0,518.0,-1
3, 3, 0.0,0.0,1
4, 5, 357.0,504.0,-1
5, 4, 357.0,504.0,-1
4, 6, 793.0,1026.0,1
6, 4, 793.0,1026.0,1
4, 7, 383.0,504.0,-1
7, 4, 383.0,504.0,-1
4, 8, 753.0,920.0,-1
8, 4, 753.0,920.0,-1
4, 9, 640.0,856.0,1
9, 4, 640.0,856.0,1
4, 10, 798.0,910.0,1
10, 4, 798.0,910.0,1
4, 11, 492.0,624.0,1
11, 4, 492.0,624.0,1
4, 12, 295.0,406.0,-1
12, 4, 295.0,406.0,-1
4, 13, 531.0,559.0,-1
13, 4, 531.0,559.0,-1
4, 14, 761.0,832.0,-1
14, 4, 761.0,832.0,-1
4, 15, 171.0,242.0,-1
15, 4, 171.0,242.0,-1
4, 16, 480.0,668.0,-1
16, 4, 480.0,668.0,-1
4, 4, 0.0,0.0,1
5, 6, 479.0,523.0,1
6, 5, 479.0,523.0,1
5, 7, 156.0,221.0,-1
7, 5, 156.0,221.0,-1
5, 8, 493.0,559.0,-1
8, 5, 493.0,559.0,-1
5, 9, 315.0,353.0,-1
9, 5, 315.0,353.0,-1
5, 10, 638.0,887.0,-1
10, 5, 638.0,887.0,-1
5, 11, 447.0,600.0,-1
11, 5, 447.0,600.0,-1
5, 12, 396.0,409.0,-1
12, 5, 396.0,409.0,-1
5, 13, 373.0,525.0,1
13, 5, 373.0,525.0,1
5, 14, 551.0,706.0,-1
14, 5, 551.0,706.0,-1
5, 15, 187.0,262.0,-1
15, 5, 187.0,262.0,-1
5, 16, 155.0,165.0,1
16, 5, 155.0,165.0,1
5, 5, 0.0,0.0,1
6, 7, 590.0,651.0,-1
7, 6, 590.0,651.0,-1
6, 8, 704.0,989.0,-1
8, 6, 704.0,989.0,-1
6, 9, 165.0,170.0,1
9, 6, 165.0,170.0,1
6, 10, 411.0,457.0,-1
10, 6, 411.0,457.0,-1
6, 11, 522.0,718.0,1
11, 6, 522.0,718.0,1
6, 12, 659.0,931.0,1
12, 6, 659.0,931.0,1
6, 13, 752.0,955.0,-1
13, 6, 752.0,955.0,-1
6, 14, 815.0,1136.0,-1
14, 6, 815.0,1136.0,-1
6, 15, 644.0,784.0,1
15, 6, 644.0,784.0,1
6, 16, 479.0,575.0,1
16, 6, 479.0,575.0,1
6, 6, 0.0,0.0,1
7, 8, 380.0,417.0,-1
8, 7, 380.0,417.0,-1
7, 9, 428.0,492.0,-1
9, 7, 428.0,492.0,-1
7, 10, 792.0,1107.0,1
10, 7, 792.0,1107.0,1
7, 11, 597.0,821.0,1
11, 7, 597.0,821.0,1
7, 12, 515.0,603.0,1
12, 7, 515.0,603.0,1
7, 13, 219.0,305.0,-1
13, 7, 219.0,305.0,-1
7, 14, 414.0,486.0,-1
14, 7, 414.0,486.0,-1
7, 15, 229.0,262.0,-1
15, 7, 229.0,262.0,-1
7, 16, 129.0,165.0,1
16, 7, 129.0,165.0,1
7, 7, 0.0,0.0,1
8, 9, 589.0,830.0,-1
9, 8, 589.0,830.0,-1
8, 10, 1038.0,1446.0,-1
10, 8, 1038.0,1446.0,-1
8, 11, 927.0,1159.0,-1
11, 8, 927.0,1159.0,-1
8, 12, 885.0,941.0,-1
12, 8, 885.0,941.0,-1
8, 13, 257.0,361.0,-1
13, 8, 257.0,361.0,-1
8, 14, 122.0,147.0,-1
14, 8, 122.0,147.0,-1
8, 15, 608.0,678.0,-1
15, 8, 608.0,678.0,-1
8, 16, 343.0,415.0,-1
16, 8, 343.0,415.0,-1
8, 8, 0.0,0.0,1
9, 10, 456.0,616.0,-1
10, 9, 456.0,616.0,-1
9, 11, 453.0,549.0,-1
11, 9, 453.0,549.0,-1
9, 12, 544.0,762.0,-1
12, 9, 544.0,762.0,-1
9, 13, 601.0,796.0,-1
13, 9, 601.0,796.0,-1
9, 14, 691.0,977.0,-1
14, 9, 691.0,977.0,-1
9, 15, 485.0,615.0,1
15, 9, 485.0,615.0,1
9, 16, 323.0,415.0,-1
16, 9, 323.0,415.0,-1
9, 9, 0.0,0.0,1
10, 11, 326.0,360.0,-1
11, 10, 326.0,360.0,-1
10, 12, 540.0,573.0,-1
12, 10, 540.0,573.0,-1
10, 13, 1001.0,1411.0,-1
13, 10, 1001.0,1411.0,-1
10, 14, 1132.0,1592.0,-1
14, 10, 1132.0,1592.0,-1
10, 15, 716.0,918.0,1
15, 10, 716.0,918.0,1
10, 16, 729.0,1031.0,1
16, 10, 729.0,1031.0,1
10, 10, 0.0,0.0,1
11, 12, 216.0,218.0,-1
12, 11, 216.0,218.0,-1
11, 13, 815.0,1125.0,-1
13, 11, 815.0,1125.0,-1
11, 14, 995.0,1306.0,-1
14, 11, 995.0,1306.0,-1
11, 15, 449.0,632.0,-1
15, 11, 449.0,632.0,-1
11, 16, 585.0,744.0,-1
16, 11, 585.0,744.0,-1
11, 11, 0.0,0.0,1
12, 13, 721.0,907.0,1
13, 12, 721.0,907.0,1
12, 14, 929.0,1088.0,-1
14, 12, 929.0,1088.0,-1
12, 15, 311.0,414.0,-1
15, 12, 311.0,414.0,-1
12, 16, 551.0,574.0,-1
16, 12, 551.0,574.0,-1
12, 12, 0.0,0.0,1
13, 14, 232.0,273.0,1
14, 13, 232.0,273.0,1
13, 15, 415.0,494.0,1
15, 13, 415.0,494.0,1
13, 16, 280.0,381.0,-1
16, 13, 280.0,381.0,-1
13, 13, 0.0,0.0,1
14, 15, 634.0,674.0,1
15, 14, 634.0,674.0,1
14, 16, 414.0,562.0,1
16, 14, 414.0,562.0,1
14, 14, 0.0,0.0,1
15, 16, 312.0,427.0,-1
16, 15, 312.0,427.0,-1
15, 15, 0.0,0.0,1
16, 16, 0.0,0.0,1


<end>