<number of nodes>
16

<ratio of available edges>
0.3

<max length of the drone flight>
100000 

<D 2/3>
1, 2, 4, 5, 6, 8, 11, 12, 13, 14, 16

<V>
2, 4, 6, 8, 16

<coordinates X,Y>
379.1186348303845, 891.7342336173506
629.7106612410109, 164.77661798692074
503.5508188835303, 177.19326746733518
915.7394308617387, 106.70332861139633
502.06236003338176, 992.777266564759
172.6998045065643, 106.1726107379408
499.6771516729686, 13.176410285939358
848.426175522645, 220.839903772333
218.4456912919154, 701.6409383280906
399.586472772522, 691.6487779477649
220.92406389044964, 323.4826536688654
593.2908748021321, 977.8135347570806
27.33312709525767, 417.6594535462245
851.1979772982028, 614.9598134053631
180.8213398085365, 111.41104598902209
64.09534665148823, 942.6756514000368

<adjacency matrix with truck distances>
1, 2, 769.0,978.0,-1
2, 1, 769.0,978.0,-1
1, 3, 726.0,839.0,-1
3, 1, 726.0,839.0,-1
1, 4, 951.0,1322.0,1
4, 1, 951.0,1322.0,1
1, 5, 160.0,224.0,1
5, 1, 160.0,224.0,1
1, 6, 813.0,992.0,1
6, 1, 813.0,992.0,1
1, 7, 887.0,1000.0,-1
7, 1, 887.0,1000.0,-1
1, 8, 819.0,1141.0,-1
8, 1, 819.0,1141.0,-1
1, 9, 249.0,351.0,-1
9, 1, 249.0,351.0,-1
1, 10, 202.0,221.0,-1
10, 1, 202.0,221.0,-1
1, 11, 590.0,727.0,-1
11, 1, 590.0,727.0,-1
1, 12, 231.0,301.0,-1
12, 1, 231.0,301.0,-1
1, 13, 591.0,826.0,-1
13, 1, 591.0,826.0,-1
1, 14, 548.0,749.0,-1
14, 1, 548.0,749.0,-1
1, 15, 806.0,979.0,-1
15, 1, 806.0,979.0,-1
1, 16, 320.0,366.0,-1
16, 1, 320.0,366.0,-1
1, 1, 0.0,0.0,1
2, 3, 127.0,139.0,1
3, 2, 127.0,139.0,1
2, 4, 292.0,345.0,1
4, 2, 292.0,345.0,1
2, 5, 838.0,956.0,1
5, 2, 838.0,956.0,1
2, 6, 461.0,516.0,1
6, 2, 461.0,516.0,1
2, 7, 200.0,282.0,-1
7, 2, 200.0,282.0,-1
2, 8, 226.0,275.0,1
8, 2, 226.0,275.0,1
2, 9, 677.0,949.0,1
9, 2, 677.0,949.0,1
2, 10, 575.0,757.0,-1
10, 2, 575.0,757.0,-1
2, 11, 439.0,568.0,-1
11, 2, 439.0,568.0,-1
2, 12, 814.0,850.0,-1
12, 2, 814.0,850.0,-1
2, 13, 654.0,856.0,1
13, 2, 654.0,856.0,1
2, 14, 502.0,672.0,-1
14, 2, 502.0,672.0,-1
2, 15, 453.0,503.0,-1
15, 2, 453.0,503.0,-1
2, 16, 962.0,1344.0,-1
16, 2, 962.0,1344.0,-1
2, 2, 0.0,0.0,1
3, 4, 419.0,483.0,-1
4, 3, 419.0,483.0,-1
3, 5, 816.0,818.0,-1
5, 3, 816.0,818.0,-1
3, 6, 339.0,402.0,-1
6, 3, 339.0,402.0,-1
3, 7, 165.0,168.0,-1
7, 3, 165.0,168.0,-1
3, 8, 348.0,389.0,1
8, 3, 348.0,389.0,1
3, 9, 597.0,810.0,1
9, 3, 597.0,810.0,1
3, 10, 525.0,619.0,-1
10, 3, 525.0,619.0,-1
3, 11, 319.0,429.0,-1
11, 3, 319.0,429.0,-1
3, 12, 806.0,891.0,-1
12, 3, 806.0,891.0,-1
3, 13, 534.0,717.0,-1
13, 3, 534.0,717.0,-1
3, 14, 560.0,786.0,-1
14, 3, 560.0,786.0,-1
3, 15, 330.0,389.0,-1
15, 3, 330.0,389.0,-1
3, 16, 883.0,1205.0,1
16, 3, 883.0,1205.0,1
3, 3, 0.0,0.0,1
4, 5, 978.0,1300.0,-1
5, 4, 978.0,1300.0,-1
4, 6, 744.0,744.0,-1
6, 4, 744.0,744.0,-1
4, 7, 427.0,510.0,-1
7, 4, 427.0,510.0,-1
4, 8, 133.0,182.0,-1
8, 4, 133.0,182.0,-1
4, 9, 917.0,1293.0,-1
9, 4, 917.0,1293.0,-1
4, 10, 781.0,1102.0,-1
10, 4, 781.0,1102.0,-1
4, 11, 728.0,912.0,1
11, 4, 728.0,912.0,1
4, 12, 929.0,1194.0,-1
12, 4, 929.0,1194.0,-1
4, 13, 942.0,1200.0,-1
13, 4, 942.0,1200.0,-1
4, 14, 513.0,573.0,1
14, 4, 513.0,573.0,1
4, 15, 735.0,740.0,-1
15, 4, 735.0,740.0,-1
4, 16, 1194.0,1688.0,-1
16, 4, 1194.0,1688.0,-1
4, 4, 0.0,0.0,1
5, 6, 946.0,1216.0,1
6, 5, 946.0,1216.0,1
5, 7, 980.0,982.0,1
7, 5, 980.0,982.0,1
5, 8, 847.0,1119.0,1
8, 5, 847.0,1119.0,1
5, 9, 407.0,575.0,-1
9, 5, 407.0,575.0,-1
5, 10, 319.0,404.0,-1
10, 5, 319.0,404.0,-1
5, 11, 726.0,951.0,-1
11, 5, 726.0,951.0,-1
5, 12, 93.0,107.0,-1
12, 5, 93.0,107.0,-1
5, 13, 746.0,1050.0,-1
13, 5, 746.0,1050.0,-1
5, 14, 515.0,727.0,-1
14, 5, 515.0,727.0,-1
5, 15, 939.0,1203.0,-1
15, 5, 939.0,1203.0,-1
5, 16, 441.0,489.0,-1
16, 5, 441.0,489.0,-1
5, 5, 0.0,0.0,1
6, 7, 340.0,420.0,-1
7, 6, 340.0,420.0,-1
6, 8, 686.0,791.0,-1
8, 6, 686.0,791.0,-1
6, 9, 598.0,642.0,-1
9, 6, 598.0,642.0,-1
6, 10, 628.0,813.0,-1
10, 6, 628.0,813.0,-1
6, 11, 223.0,266.0,1
11, 6, 223.0,266.0,1
6, 12, 968.0,1293.0,-1
12, 6, 968.0,1293.0,-1
6, 13, 344.0,457.0,-1
13, 6, 344.0,457.0,-1
6, 14, 849.0,1188.0,-1
14, 6, 849.0,1188.0,-1
6, 15, 10.0,14.0,-1
15, 6, 10.0,14.0,-1
6, 16, 844.0,946.0,-1
16, 6, 844.0,946.0,-1
6, 6, 0.0,0.0,1
7, 8, 406.0,557.0,-1
8, 7, 406.0,557.0,-1
7, 9, 744.0,970.0,-1
9, 7, 744.0,970.0,-1
7, 10, 686.0,779.0,-1
10, 7, 686.0,779.0,-1
7, 11, 418.0,590.0,1
11, 7, 418.0,590.0,1
7, 12, 970.0,1059.0,-1
12, 7, 970.0,1059.0,-1
7, 13, 622.0,877.0,-1
13, 7, 622.0,877.0,-1
7, 14, 697.0,954.0,1
14, 7, 697.0,954.0,1
7, 15, 334.0,418.0,-1
15, 7, 334.0,418.0,-1
7, 16, 1027.0,1366.0,-1
16, 7, 1027.0,1366.0,-1
7, 7, 0.0,0.0,1
8, 9, 793.0,1111.0,1
9, 8, 793.0,1111.0,1
8, 10, 651.0,920.0,-1
10, 8, 651.0,920.0,-1
8, 11, 636.0,731.0,-1
11, 8, 636.0,731.0,-1
8, 12, 799.0,1013.0,1
12, 8, 799.0,1013.0,1
8, 13, 845.0,1018.0,-1
13, 8, 845.0,1018.0,-1
8, 14, 395.0,397.0,-1
14, 8, 395.0,397.0,-1
8, 15, 677.0,778.0,-1
15, 8, 677.0,778.0,-1
8, 16, 1066.0,1507.0,-1
16, 8, 1066.0,1507.0,-1
8, 8, 0.0,0.0,1
9, 10, 182.0,192.0,1
10, 9, 182.0,192.0,1
9, 11, 379.0,381.0,-1
11, 9, 379.0,381.0,-1
9, 12, 466.0,652.0,-1
12, 9, 466.0,652.0,-1
9, 13, 343.0,476.0,-1
13, 9, 343.0,476.0,-1
9, 14, 639.0,720.0,-1
14, 9, 639.0,720.0,-1
9, 15, 592.0,628.0,-1
15, 9, 592.0,628.0,-1
9, 16, 287.0,396.0,-1
16, 9, 287.0,396.0,-1
9, 9, 0.0,0.0,1
10, 11, 410.0,547.0,-1
11, 10, 410.0,547.0,-1
10, 12, 346.0,480.0,-1
12, 10, 346.0,480.0,-1
10, 13, 463.0,647.0,-1
13, 10, 463.0,647.0,-1
10, 14, 459.0,529.0,1
14, 10, 459.0,529.0,1
10, 15, 621.0,800.0,1
15, 10, 621.0,800.0,1
10, 16, 420.0,587.0,1
16, 10, 420.0,587.0,1
10, 10, 0.0,0.0,1
11, 12, 753.0,1027.0,-1
12, 11, 753.0,1027.0,-1
11, 13, 216.0,288.0,1
13, 11, 216.0,288.0,1
11, 14, 695.0,922.0,1
14, 11, 695.0,922.0,1
11, 15, 216.0,253.0,1
15, 11, 216.0,253.0,1
11, 16, 639.0,777.0,1
16, 11, 639.0,777.0,1
11, 11, 0.0,0.0,1
12, 13, 797.0,1127.0,1
13, 12, 797.0,1127.0,1
12, 14, 446.0,621.0,1
14, 12, 446.0,621.0,1
12, 15, 960.0,1279.0,-1
15, 12, 960.0,1279.0,-1
12, 16, 531.0,565.0,-1
16, 12, 531.0,565.0,-1
12, 12, 0.0,0.0,1
13, 14, 848.0,1022.0,-1
14, 13, 848.0,1022.0,-1
13, 15, 343.0,460.0,1
15, 13, 343.0,460.0,1
13, 16, 527.0,562.0,-1
16, 13, 527.0,562.0,-1
13, 13, 0.0,0.0,1
14, 15, 839.0,1174.0,-1
15, 14, 839.0,1174.0,-1
14, 16, 853.0,1115.0,1
16, 14, 853.0,1115.0,1
14, 14, 0.0,0.0,1
15, 16, 840.0,948.0,1
16, 15, 840.0,948.0,1
15, 15, 0.0,0.0,1
16, 16, 0.0,0.0,1


<end>