<number of nodes>
16

<ratio of available edges>
0.3

<max length of the drone flight>
100000 

<D 2/3>
1, 2, 4, 6, 7, 8, 10, 11, 12, 13, 15

<V>
4, 6, 7, 11, 13

<coordinates X,Y>
358.67415811757127, 731.871420431172
716.1729613945361, 141.49104647370163
372.65383286571404, 215.25361555883157
741.8018820179532, 968.1497677307982
849.4512406601833, 336.5376066422641
121.6112665377921, 695.1373355368256
99.13344429954336, 701.1874836517532
684.4116663148245, 292.15765116238214
76.45244793197762, 970.3766355696343
477.0048876223486, 642.9657299004871
982.2733336014674, 228.64591962622276
524.8050974824847, 962.8452518001219
369.8129326370202, 56.70894054272598
50.90210109544872, 912.1443848764337
71.87069651003814, 9.396653961417465
185.56649366788213, 791.5556209580925

<adjacency matrix with truck distances>
1, 2, 691.0,948.0,-1
2, 1, 691.0,948.0,-1
1, 3, 517.0,531.0,-1
3, 1, 517.0,531.0,-1
1, 4, 451.0,620.0,-1
4, 1, 451.0,620.0,-1
1, 5, 631.0,887.0,-1
5, 1, 631.0,887.0,-1
1, 6, 240.0,274.0,-1
6, 1, 240.0,274.0,-1
1, 7, 262.0,291.0,1
7, 1, 262.0,291.0,1
1, 8, 548.0,766.0,1
8, 1, 548.0,766.0,1
1, 9, 370.0,521.0,-1
9, 1, 370.0,521.0,-1
1, 10, 149.0,208.0,1
10, 1, 149.0,208.0,1
1, 11, 802.0,1127.0,-1
11, 1, 802.0,1127.0,-1
1, 12, 285.0,398.0,-1
12, 1, 285.0,398.0,-1
1, 13, 676.0,687.0,-1
13, 1, 676.0,687.0,-1
1, 14, 357.0,489.0,-1
14, 1, 357.0,489.0,-1
1, 15, 778.0,1010.0,-1
15, 1, 778.0,1010.0,-1
1, 16, 184.0,233.0,-1
16, 1, 184.0,233.0,-1
1, 1, 0.0,0.0,1
2, 3, 352.0,418.0,-1
3, 2, 352.0,418.0,-1
2, 4, 828.0,853.0,1
4, 2, 828.0,853.0,1
2, 5, 237.0,329.0,1
5, 2, 237.0,329.0,1
2, 6, 813.0,1149.0,-1
6, 2, 813.0,1149.0,-1
2, 7, 834.0,1177.0,-1
7, 2, 834.0,1177.0,-1
2, 8, 154.0,183.0,1
8, 2, 154.0,183.0,1
2, 9, 1048.0,1469.0,1
9, 2, 1048.0,1469.0,1
2, 10, 556.0,741.0,1
10, 2, 556.0,741.0,1
2, 11, 281.0,354.0,-1
11, 2, 281.0,354.0,-1
2, 12, 844.0,1013.0,1
12, 2, 844.0,1013.0,1
2, 13, 357.0,432.0,-1
13, 2, 357.0,432.0,-1
2, 14, 1019.0,1436.0,-1
14, 2, 1019.0,1436.0,-1
2, 15, 658.0,777.0,1
15, 2, 658.0,777.0,1
2, 16, 840.0,1181.0,-1
16, 2, 840.0,1181.0,-1
2, 2, 0.0,0.0,1
3, 4, 839.0,1123.0,-1
4, 3, 839.0,1123.0,-1
3, 5, 492.0,599.0,-1
5, 3, 492.0,599.0,-1
3, 6, 542.0,731.0,-1
6, 3, 542.0,731.0,-1
3, 7, 558.0,760.0,-1
7, 3, 558.0,760.0,-1
3, 8, 322.0,389.0,-1
8, 3, 322.0,389.0,-1
3, 9, 812.0,1052.0,1
9, 3, 812.0,1052.0,1
3, 10, 441.0,533.0,-1
10, 3, 441.0,533.0,-1
3, 11, 610.0,624.0,-1
11, 3, 610.0,624.0,-1
3, 12, 763.0,900.0,-1
12, 3, 763.0,900.0,-1
3, 13, 159.0,162.0,-1
13, 3, 159.0,162.0,-1
3, 14, 768.0,1019.0,-1
14, 3, 768.0,1019.0,-1
3, 15, 365.0,507.0,-1
15, 3, 365.0,507.0,-1
3, 16, 606.0,764.0,-1
16, 3, 606.0,764.0,-1
3, 3, 0.0,0.0,1
4, 5, 641.0,740.0,-1
5, 4, 641.0,740.0,-1
4, 6, 678.0,894.0,1
6, 4, 678.0,894.0,1
4, 7, 696.0,910.0,1
7, 4, 696.0,910.0,1
4, 8, 679.0,734.0,-1
8, 4, 679.0,734.0,-1
4, 9, 666.0,668.0,-1
9, 4, 666.0,668.0,-1
4, 10, 420.0,590.0,1
10, 4, 420.0,590.0,1
4, 11, 778.0,980.0,-1
11, 4, 778.0,980.0,-1
4, 12, 218.0,223.0,1
12, 4, 218.0,223.0,1
4, 13, 985.0,1284.0,-1
13, 4, 985.0,1284.0,-1
4, 14, 694.0,747.0,-1
14, 4, 694.0,747.0,-1
4, 15, 1170.0,1629.0,-1
15, 4, 1170.0,1629.0,-1
4, 16, 584.0,733.0,-1
16, 4, 584.0,733.0,-1
4, 4, 0.0,0.0,1
5, 6, 812.0,1087.0,-1
6, 5, 812.0,1087.0,-1
5, 7, 835.0,1115.0,-1
7, 5, 835.0,1115.0,-1
5, 8, 171.0,210.0,-1
8, 5, 171.0,210.0,-1
5, 9, 1000.0,1407.0,-1
9, 5, 1000.0,1407.0,-1
5, 10, 483.0,679.0,-1
10, 5, 483.0,679.0,-1
5, 11, 172.0,241.0,-1
11, 5, 172.0,241.0,-1
5, 12, 706.0,951.0,1
12, 5, 706.0,951.0,1
5, 13, 556.0,760.0,1
13, 5, 556.0,760.0,1
5, 14, 985.0,1375.0,-1
14, 5, 985.0,1375.0,-1
5, 15, 844.0,1105.0,1
15, 5, 844.0,1105.0,1
5, 16, 805.0,1119.0,1
16, 5, 805.0,1119.0,1
5, 5, 0.0,0.0,1
6, 7, 24.0,29.0,-1
7, 6, 24.0,29.0,-1
6, 8, 693.0,966.0,-1
8, 6, 693.0,966.0,-1
6, 9, 279.0,321.0,1
9, 6, 279.0,321.0,1
6, 10, 360.0,408.0,-1
10, 6, 360.0,408.0,-1
6, 11, 979.0,1328.0,1
11, 6, 979.0,1328.0,1
6, 12, 484.0,671.0,1
12, 6, 484.0,671.0,1
6, 13, 685.0,887.0,1
13, 6, 685.0,887.0,1
6, 14, 229.0,288.0,1
14, 6, 229.0,288.0,1
6, 15, 688.0,736.0,-1
15, 6, 688.0,736.0,-1
6, 16, 116.0,161.0,-1
16, 6, 116.0,161.0,-1
6, 6, 0.0,0.0,1
7, 8, 715.0,995.0,1
8, 7, 715.0,995.0,1
7, 9, 271.0,292.0,-1
9, 7, 271.0,292.0,-1
7, 10, 383.0,437.0,-1
10, 7, 383.0,437.0,-1
7, 11, 1002.0,1356.0,-1
11, 7, 1002.0,1356.0,-1
7, 12, 500.0,688.0,-1
12, 7, 500.0,688.0,-1
7, 13, 700.0,916.0,1
13, 7, 700.0,916.0,1
7, 14, 217.0,260.0,1
14, 7, 217.0,260.0,1
7, 15, 693.0,720.0,-1
15, 7, 693.0,720.0,-1
7, 16, 126.0,177.0,1
16, 7, 126.0,177.0,1
7, 7, 0.0,0.0,1
8, 9, 911.0,1287.0,-1
9, 8, 911.0,1287.0,-1
8, 10, 408.0,559.0,-1
10, 8, 408.0,559.0,-1
8, 11, 305.0,362.0,-1
11, 8, 305.0,362.0,-1
8, 12, 690.0,831.0,-1
12, 8, 690.0,831.0,-1
8, 13, 393.0,551.0,-1
13, 8, 393.0,551.0,-1
8, 14, 887.0,1254.0,-1
14, 8, 887.0,1254.0,-1
8, 15, 675.0,896.0,-1
15, 8, 675.0,896.0,-1
8, 16, 706.0,999.0,-1
16, 8, 706.0,999.0,-1
8, 8, 0.0,0.0,1
9, 10, 518.0,728.0,-1
10, 9, 518.0,728.0,-1
9, 11, 1171.0,1648.0,1
11, 9, 1171.0,1648.0,1
9, 12, 449.0,456.0,1
12, 9, 449.0,456.0,1
9, 13, 960.0,1208.0,-1
13, 9, 960.0,1208.0,-1
9, 14, 64.0,84.0,-1
14, 9, 64.0,84.0,-1
9, 15, 961.0,966.0,1
15, 9, 961.0,966.0,1
9, 16, 210.0,288.0,1
16, 9, 210.0,288.0,1
9, 9, 0.0,0.0,1
10, 11, 654.0,920.0,-1
11, 10, 654.0,920.0,-1
10, 12, 324.0,368.0,-1
12, 10, 324.0,368.0,-1
10, 13, 596.0,694.0,1
13, 10, 596.0,694.0,1
10, 14, 505.0,696.0,1
14, 10, 505.0,696.0,1
10, 15, 753.0,1039.0,-1
15, 10, 753.0,1039.0,-1
10, 16, 328.0,441.0,-1
16, 10, 328.0,441.0,-1
10, 10, 0.0,0.0,1
11, 12, 866.0,1192.0,-1
12, 11, 866.0,1192.0,-1
11, 13, 637.0,785.0,-1
13, 11, 637.0,785.0,-1
11, 14, 1156.0,1615.0,-1
14, 11, 1156.0,1615.0,-1
11, 15, 937.0,1130.0,1
15, 11, 937.0,1130.0,1
11, 16, 976.0,1360.0,-1
16, 11, 976.0,1360.0,-1
11, 11, 0.0,0.0,1
12, 13, 920.0,1062.0,-1
13, 12, 920.0,1062.0,-1
12, 14, 477.0,525.0,-1
14, 12, 477.0,525.0,-1
12, 15, 1056.0,1407.0,1
15, 12, 1056.0,1407.0,1
12, 16, 381.0,511.0,-1
16, 12, 381.0,511.0,-1
12, 12, 0.0,0.0,1
13, 14, 913.0,1175.0,-1
14, 13, 913.0,1175.0,-1
13, 15, 302.0,346.0,-1
15, 13, 302.0,346.0,-1
13, 16, 758.0,920.0,-1
16, 13, 758.0,920.0,-1
13, 13, 0.0,0.0,1
14, 15, 903.0,924.0,-1
15, 14, 903.0,924.0,-1
14, 16, 181.0,256.0,-1
16, 14, 181.0,256.0,-1
14, 14, 0.0,0.0,1
15, 16, 791.0,896.0,-1
16, 15, 791.0,896.0,-1
15, 15, 0.0,0.0,1
16, 16, 0.0,0.0,1


<end>