<number of nodes>
16

<ratio of available edges>
0.3

<max length of the drone flight>
100000 

<D 2/3>
1, 2, 4, 6, 7, 8, 9, 10, 14, 15, 16

<V>
4, 6, 7, 8, 9

<coordinates X,Y>
923.1866856860293, 710.3961915500582
462.76979835391785, 123.44250645593334
475.27293284925815, 203.19421409089657
625.890934637136, 623.5308360182556
902.9268423022735, 765.0611594645311
526.0018768115647, 519.4389800160641
482.9429505000776, 890.0382066849469
868.5641114773573, 616.4286155284267
177.51228354304152, 728.3351023300188
103.8102352417283, 437.8768266656537
984.2884648086131, 981.9908683231096
757.6834189444648, 413.30046545446504
209.96965675986573, 314.2525977979321
959.4446162514575, 95.93644338164322
95.65413970011627, 139.23663131275333
28.113816211873708, 854.9087373798515

<adjacency matrix with truck distances>
1, 2, 746.0,1048.0,-1
2, 1, 746.0,1048.0,-1
1, 3, 677.0,956.0,-1
3, 1, 677.0,956.0,-1
1, 4, 310.0,385.0,1
4, 1, 310.0,385.0,1
1, 5, 59.0,75.0,1
5, 1, 59.0,75.0,1
1, 6, 441.0,589.0,1
6, 1, 441.0,589.0,1
1, 7, 476.0,620.0,-1
7, 1, 476.0,620.0,-1
1, 8, 109.0,149.0,-1
8, 1, 109.0,149.0,-1
1, 9, 746.0,764.0,-1
9, 1, 746.0,764.0,-1
1, 10, 864.0,1092.0,-1
10, 1, 864.0,1092.0,-1
1, 11, 279.0,333.0,1
11, 1, 279.0,333.0,1
1, 12, 341.0,463.0,-1
12, 1, 341.0,463.0,-1
1, 13, 816.0,1110.0,-1
13, 1, 816.0,1110.0,-1
1, 14, 616.0,651.0,1
14, 1, 616.0,651.0,1
1, 15, 1006.0,1399.0,1
15, 1, 1006.0,1399.0,1
1, 16, 907.0,1040.0,-1
16, 1, 907.0,1040.0,-1
1, 1, 0.0,0.0,1
2, 3, 81.0,93.0,-1
3, 2, 81.0,93.0,-1
2, 4, 527.0,664.0,-1
4, 2, 527.0,664.0,-1
2, 5, 779.0,1082.0,-1
5, 2, 779.0,1082.0,-1
2, 6, 402.0,460.0,-1
6, 2, 402.0,460.0,-1
2, 7, 767.0,787.0,-1
7, 2, 767.0,787.0,-1
2, 8, 639.0,899.0,-1
8, 2, 639.0,899.0,-1
2, 9, 669.0,891.0,-1
9, 2, 669.0,891.0,-1
2, 10, 478.0,674.0,1
10, 2, 478.0,674.0,1
2, 11, 1005.0,1381.0,-1
11, 2, 1005.0,1381.0,-1
2, 12, 414.0,585.0,1
12, 2, 414.0,585.0,1
2, 13, 317.0,444.0,-1
13, 2, 317.0,444.0,-1
2, 14, 498.0,525.0,1
14, 2, 498.0,525.0,1
2, 15, 368.0,383.0,-1
15, 2, 368.0,383.0,-1
2, 16, 851.0,1167.0,-1
16, 2, 851.0,1167.0,-1
2, 2, 0.0,0.0,1
3, 4, 447.0,571.0,-1
4, 3, 447.0,571.0,-1
3, 5, 707.0,990.0,-1
5, 3, 707.0,990.0,-1
3, 6, 321.0,367.0,-1
6, 3, 321.0,367.0,-1
3, 7, 687.0,695.0,-1
7, 3, 687.0,695.0,-1
3, 8, 571.0,807.0,-1
8, 3, 571.0,807.0,-1
3, 9, 604.0,823.0,-1
9, 3, 604.0,823.0,-1
3, 10, 440.0,607.0,-1
10, 3, 440.0,607.0,-1
3, 11, 931.0,1288.0,-1
11, 3, 931.0,1288.0,-1
3, 12, 352.0,493.0,-1
12, 3, 352.0,493.0,-1
3, 13, 288.0,377.0,1
13, 3, 288.0,377.0,1
3, 14, 496.0,592.0,-1
14, 3, 496.0,592.0,-1
3, 15, 385.0,444.0,-1
15, 3, 385.0,444.0,-1
3, 16, 791.0,1099.0,1
16, 3, 791.0,1099.0,1
3, 3, 0.0,0.0,1
4, 5, 312.0,419.0,-1
5, 4, 312.0,419.0,-1
4, 6, 145.0,204.0,1
6, 4, 145.0,204.0,1
4, 7, 303.0,410.0,-1
7, 4, 303.0,410.0,-1
4, 8, 243.0,250.0,-1
8, 4, 243.0,250.0,-1
4, 9, 461.0,554.0,-1
9, 4, 461.0,554.0,-1
4, 10, 555.0,708.0,1
10, 4, 555.0,708.0,1
4, 11, 507.0,717.0,1
11, 4, 507.0,717.0,1
4, 12, 249.0,343.0,-1
12, 4, 249.0,343.0,-1
4, 13, 519.0,726.0,1
13, 4, 519.0,726.0,1
4, 14, 625.0,862.0,1
14, 4, 625.0,862.0,1
4, 15, 719.0,1015.0,-1
15, 4, 719.0,1015.0,-1
4, 16, 641.0,830.0,1
16, 4, 641.0,830.0,1
4, 4, 0.0,0.0,1
5, 6, 450.0,623.0,-1
6, 5, 450.0,623.0,-1
5, 7, 439.0,545.0,-1
7, 5, 439.0,545.0,-1
5, 8, 153.0,183.0,-1
8, 5, 153.0,183.0,-1
5, 9, 727.0,763.0,-1
9, 5, 727.0,763.0,-1
5, 10, 864.0,1127.0,-1
10, 5, 864.0,1127.0,-1
5, 11, 232.0,299.0,1
11, 5, 232.0,299.0,1
5, 12, 381.0,498.0,-1
12, 5, 381.0,498.0,-1
5, 13, 827.0,1144.0,-1
13, 5, 827.0,1144.0,-1
5, 14, 672.0,726.0,-1
14, 5, 672.0,726.0,-1
5, 15, 1022.0,1434.0,-1
15, 5, 1022.0,1434.0,-1
5, 16, 880.0,965.0,-1
16, 5, 880.0,965.0,-1
5, 5, 0.0,0.0,1
6, 7, 374.0,414.0,-1
7, 6, 374.0,414.0,-1
6, 8, 357.0,440.0,-1
8, 6, 357.0,440.0,-1
6, 9, 407.0,558.0,1
9, 6, 407.0,558.0,1
6, 10, 430.0,504.0,-1
10, 6, 430.0,504.0,-1
6, 11, 652.0,921.0,-1
11, 6, 652.0,921.0,-1
6, 12, 255.0,338.0,1
12, 6, 255.0,338.0,1
6, 13, 377.0,522.0,1
13, 6, 377.0,522.0,1
6, 14, 606.0,857.0,1
14, 6, 606.0,857.0,1
6, 15, 575.0,811.0,-1
15, 6, 575.0,811.0,-1
6, 16, 601.0,834.0,-1
16, 6, 601.0,834.0,-1
6, 6, 0.0,0.0,1
7, 8, 473.0,660.0,-1
8, 7, 473.0,660.0,-1
7, 9, 346.0,468.0,-1
9, 7, 346.0,468.0,-1
7, 10, 591.0,832.0,1
10, 7, 591.0,832.0,1
7, 11, 510.0,594.0,-1
11, 7, 510.0,594.0,-1
7, 12, 551.0,752.0,1
12, 7, 551.0,752.0,1
7, 13, 638.0,849.0,-1
13, 7, 638.0,849.0,-1
7, 14, 927.0,1271.0,1
14, 7, 927.0,1271.0,1
7, 15, 845.0,1139.0,1
15, 7, 845.0,1139.0,1
7, 16, 457.0,490.0,-1
16, 7, 457.0,490.0,-1
7, 7, 0.0,0.0,1
8, 9, 701.0,803.0,-1
9, 8, 701.0,803.0,-1
8, 10, 786.0,944.0,1
10, 8, 786.0,944.0,1
8, 11, 384.0,482.0,-1
11, 8, 384.0,482.0,-1
8, 12, 232.0,315.0,1
12, 8, 232.0,315.0,1
8, 13, 725.0,961.0,-1
13, 8, 725.0,961.0,-1
8, 14, 529.0,612.0,-1
14, 8, 529.0,612.0,-1
8, 15, 909.0,1251.0,1
15, 8, 909.0,1251.0,1
8, 16, 874.0,1079.0,-1
16, 8, 874.0,1079.0,-1
8, 8, 0.0,0.0,1
9, 10, 300.0,365.0,-1
10, 9, 300.0,365.0,-1
9, 11, 846.0,1061.0,-1
11, 9, 846.0,1061.0,-1
9, 12, 661.0,896.0,-1
12, 9, 661.0,896.0,-1
9, 13, 416.0,447.0,-1
13, 9, 416.0,447.0,-1
9, 14, 1006.0,1415.0,1
14, 9, 1006.0,1415.0,1
9, 15, 595.0,671.0,-1
15, 9, 595.0,671.0,-1
9, 16, 196.0,276.0,-1
16, 9, 196.0,276.0,-1
9, 9, 0.0,0.0,1
10, 11, 1036.0,1425.0,-1
11, 10, 1036.0,1425.0,-1
10, 12, 655.0,679.0,-1
12, 10, 655.0,679.0,-1
10, 13, 163.0,230.0,-1
13, 10, 163.0,230.0,-1
10, 14, 922.0,1198.0,-1
14, 10, 922.0,1198.0,-1
10, 15, 299.0,307.0,1
15, 10, 299.0,307.0,1
10, 16, 424.0,493.0,1
16, 10, 424.0,493.0,1
10, 10, 0.0,0.0,1
11, 12, 613.0,796.0,-1
12, 11, 613.0,796.0,-1
11, 13, 1023.0,1443.0,-1
13, 11, 1023.0,1443.0,-1
11, 14, 887.0,911.0,-1
14, 11, 887.0,911.0,-1
11, 15, 1225.0,1732.0,-1
15, 11, 1225.0,1732.0,-1
11, 16, 965.0,1084.0,1
16, 11, 965.0,1084.0,1
11, 11, 0.0,0.0,1
12, 13, 557.0,647.0,-1
13, 12, 557.0,647.0,-1
12, 14, 377.0,520.0,-1
14, 12, 377.0,520.0,-1
12, 15, 717.0,937.0,1
15, 12, 717.0,937.0,1
12, 16, 853.0,1172.0,1
16, 12, 853.0,1172.0,1
12, 12, 0.0,0.0,1
13, 14, 781.0,968.0,-1
14, 13, 781.0,968.0,-1
13, 15, 210.0,290.0,-1
15, 13, 210.0,290.0,-1
13, 16, 571.0,723.0,-1
16, 13, 571.0,723.0,-1
13, 13, 0.0,0.0,1
14, 15, 865.0,908.0,-1
15, 14, 865.0,908.0,-1
14, 16, 1202.0,1691.0,1
16, 14, 1202.0,1691.0,1
14, 14, 0.0,0.0,1
15, 16, 719.0,784.0,-1
16, 15, 719.0,784.0,-1
15, 15, 0.0,0.0,1
16, 16, 0.0,0.0,1


<end>