<number of nodes>
16

<ratio of available edges>
0.3

<max length of the drone flight>
100000 

<D 2/3>
1, 3, 4, 5, 7, 9, 10, 11, 14, 15, 16

<V>
3, 9, 10, 14, 15

<coordinates X,Y>
385.68084963515923, 421.57516837914125
619.2535759038645, 599.5155632498553
592.6272571408236, 181.0030595178099
265.9820451648119, 808.3512504700813
453.24742902612184, 243.48657534550327
313.4270029860214, 503.80313199427394
65.07838501571783, 136.56267676326817
926.0784352649789, 209.3964350509863
855.9595237908457, 975.6183137628004
292.13142289181576, 537.4554158871711
306.7329397156501, 112.7805001578663
612.923347633094, 162.56268541858304
98.55902041793178, 418.7046257436399
895.4780888129702, 636.1406451790208
515.3673364848642, 20.500914993338014
142.8852575194443, 209.60154600606916

<adjacency matrix with truck distances>
1, 2, 294.0,412.0,1
2, 1, 294.0,412.0,1
1, 3, 318.0,448.0,-1
3, 1, 318.0,448.0,-1
1, 4, 405.0,507.0,-1
4, 1, 405.0,507.0,-1
1, 5, 191.0,246.0,-1
5, 1, 191.0,246.0,-1
1, 6, 110.0,155.0,-1
6, 1, 110.0,155.0,-1
1, 7, 429.0,606.0,1
7, 1, 429.0,606.0,1
1, 8, 581.0,753.0,-1
8, 1, 581.0,753.0,-1
1, 9, 727.0,1025.0,-1
9, 1, 727.0,1025.0,-1
1, 10, 149.0,210.0,-1
10, 1, 149.0,210.0,-1
1, 11, 319.0,388.0,1
11, 1, 319.0,388.0,1
1, 12, 345.0,487.0,-1
12, 1, 345.0,487.0,-1
1, 13, 288.0,290.0,-1
13, 1, 288.0,290.0,-1
1, 14, 554.0,725.0,1
14, 1, 554.0,725.0,1
1, 15, 422.0,531.0,-1
15, 1, 422.0,531.0,-1
1, 16, 323.0,455.0,-1
16, 1, 323.0,455.0,-1
1, 1, 0.0,0.0,1
2, 3, 420.0,446.0,1
3, 2, 420.0,446.0,1
2, 4, 411.0,563.0,-1
4, 2, 411.0,563.0,-1
2, 5, 393.0,523.0,-1
5, 2, 393.0,523.0,-1
2, 6, 321.0,402.0,-1
6, 2, 321.0,402.0,-1
2, 7, 723.0,1018.0,-1
7, 2, 723.0,1018.0,-1
2, 8, 497.0,697.0,1
8, 2, 497.0,697.0,1
2, 9, 445.0,613.0,-1
9, 2, 445.0,613.0,-1
2, 10, 333.0,390.0,-1
10, 2, 333.0,390.0,-1
2, 11, 579.0,800.0,-1
11, 2, 579.0,800.0,-1
2, 12, 437.0,444.0,1
12, 2, 437.0,444.0,1
2, 13, 552.0,702.0,-1
13, 2, 552.0,702.0,-1
2, 14, 279.0,313.0,1
14, 2, 279.0,313.0,1
2, 15, 589.0,683.0,-1
15, 2, 589.0,683.0,-1
2, 16, 616.0,867.0,-1
16, 2, 616.0,867.0,-1
2, 2, 0.0,0.0,1
3, 4, 708.0,954.0,-1
4, 3, 708.0,954.0,-1
3, 5, 153.0,202.0,-1
5, 3, 153.0,202.0,-1
3, 6, 427.0,603.0,1
6, 3, 427.0,603.0,1
3, 7, 530.0,572.0,-1
7, 3, 530.0,572.0,-1
3, 8, 335.0,362.0,-1
8, 3, 335.0,362.0,-1
3, 9, 838.0,1058.0,-1
9, 3, 838.0,1058.0,-1
3, 10, 467.0,657.0,-1
10, 3, 467.0,657.0,-1
3, 11, 294.0,355.0,-1
11, 3, 294.0,355.0,-1
3, 12, 28.0,39.0,1
12, 3, 28.0,39.0,1
3, 13, 549.0,732.0,-1
13, 3, 549.0,732.0,-1
3, 14, 547.0,758.0,-1
14, 3, 547.0,758.0,-1
3, 15, 179.0,238.0,1
15, 3, 179.0,238.0,1
3, 16, 451.0,479.0,-1
16, 3, 451.0,479.0,-1
3, 3, 0.0,0.0,1
4, 5, 596.0,753.0,-1
5, 4, 596.0,753.0,-1
4, 6, 309.0,352.0,-1
6, 4, 309.0,352.0,-1
4, 7, 702.0,873.0,-1
7, 4, 702.0,873.0,-1
4, 8, 892.0,1260.0,-1
8, 4, 892.0,1260.0,-1
4, 9, 614.0,758.0,-1
9, 4, 614.0,758.0,-1
4, 10, 273.0,298.0,-1
10, 4, 273.0,298.0,-1
4, 11, 697.0,737.0,-1
11, 4, 697.0,737.0,-1
4, 12, 734.0,993.0,-1
12, 4, 734.0,993.0,-1
4, 13, 425.0,558.0,1
13, 4, 425.0,558.0,1
4, 14, 653.0,802.0,1
14, 4, 653.0,802.0,1
4, 15, 827.0,1038.0,-1
15, 4, 827.0,1038.0,-1
4, 16, 612.0,722.0,-1
16, 4, 612.0,722.0,-1
4, 4, 0.0,0.0,1
5, 6, 296.0,401.0,-1
6, 5, 296.0,401.0,-1
5, 7, 403.0,496.0,-1
7, 5, 403.0,496.0,-1
5, 8, 475.0,507.0,1
8, 5, 475.0,507.0,1
5, 9, 836.0,1135.0,-1
9, 5, 836.0,1135.0,-1
5, 10, 336.0,456.0,-1
10, 5, 336.0,456.0,-1
5, 11, 197.0,278.0,-1
11, 5, 197.0,278.0,-1
5, 12, 180.0,241.0,1
12, 5, 180.0,241.0,1
5, 13, 396.0,530.0,1
13, 5, 396.0,530.0,1
5, 14, 592.0,835.0,1
14, 5, 592.0,835.0,1
5, 15, 232.0,286.0,-1
15, 5, 232.0,286.0,-1
5, 16, 313.0,345.0,1
16, 5, 313.0,345.0,1
5, 5, 0.0,0.0,1
6, 7, 444.0,616.0,1
7, 6, 444.0,616.0,1
6, 8, 680.0,908.0,-1
8, 6, 680.0,908.0,-1
6, 9, 719.0,1015.0,-1
9, 6, 719.0,1015.0,-1
6, 10, 40.0,55.0,1
10, 6, 40.0,55.0,1
6, 11, 392.0,398.0,-1
11, 6, 392.0,398.0,-1
6, 12, 455.0,641.0,-1
12, 6, 455.0,641.0,-1
6, 13, 232.0,300.0,-1
13, 6, 232.0,300.0,-1
6, 14, 597.0,715.0,1
14, 6, 597.0,715.0,1
6, 15, 524.0,686.0,1
15, 6, 524.0,686.0,1
6, 16, 341.0,465.0,-1
16, 6, 341.0,465.0,-1
6, 6, 0.0,0.0,1
7, 8, 865.0,934.0,-1
8, 7, 865.0,934.0,-1
7, 9, 1154.0,1630.0,-1
9, 7, 1154.0,1630.0,-1
7, 10, 461.0,628.0,-1
10, 7, 461.0,628.0,-1
7, 11, 243.0,266.0,-1
11, 7, 243.0,266.0,-1
7, 12, 549.0,574.0,-1
12, 7, 549.0,574.0,-1
7, 13, 285.0,316.0,1
13, 7, 285.0,316.0,1
7, 14, 970.0,1330.0,-1
14, 7, 970.0,1330.0,-1
7, 15, 466.0,567.0,-1
15, 7, 466.0,567.0,-1
7, 16, 107.0,151.0,-1
16, 7, 107.0,151.0,-1
7, 7, 0.0,0.0,1
8, 9, 770.0,837.0,-1
9, 8, 770.0,837.0,-1
8, 10, 714.0,963.0,1
10, 8, 714.0,963.0,1
8, 11, 627.0,716.0,-1
11, 8, 627.0,716.0,-1
8, 12, 317.0,360.0,-1
12, 8, 317.0,360.0,-1
8, 13, 854.0,1037.0,-1
13, 8, 854.0,1037.0,-1
8, 14, 428.0,458.0,-1
14, 8, 428.0,458.0,-1
8, 15, 453.0,600.0,1
15, 8, 453.0,600.0,1
8, 16, 784.0,784.0,1
16, 8, 784.0,784.0,1
8, 8, 0.0,0.0,1
9, 10, 715.0,1002.0,-1
10, 9, 715.0,1002.0,-1
9, 11, 1023.0,1413.0,1
11, 9, 1023.0,1413.0,1
9, 12, 849.0,1057.0,-1
12, 9, 849.0,1057.0,-1
9, 13, 941.0,1315.0,-1
13, 9, 941.0,1315.0,-1
9, 14, 342.0,379.0,-1
14, 9, 342.0,379.0,-1
9, 15, 1015.0,1296.0,1
15, 9, 1015.0,1296.0,1
9, 16, 1047.0,1480.0,-1
16, 9, 1047.0,1480.0,-1
9, 9, 0.0,0.0,1
10, 11, 425.0,440.0,1
11, 10, 425.0,440.0,1
10, 12, 494.0,696.0,1
12, 10, 494.0,696.0,1
10, 13, 228.0,313.0,-1
13, 10, 228.0,313.0,-1
10, 14, 612.0,703.0,-1
14, 10, 612.0,703.0,-1
10, 15, 564.0,741.0,-1
15, 10, 564.0,741.0,-1
10, 16, 361.0,478.0,1
16, 10, 361.0,478.0,1
10, 10, 0.0,0.0,1
11, 12, 311.0,356.0,1
12, 11, 311.0,356.0,1
11, 13, 371.0,515.0,-1
13, 11, 371.0,515.0,-1
11, 14, 788.0,1113.0,1
14, 11, 788.0,1113.0,1
11, 15, 229.0,301.0,1
15, 11, 229.0,301.0,1
11, 16, 191.0,261.0,-1
16, 11, 191.0,261.0,-1
11, 11, 0.0,0.0,1
12, 13, 575.0,771.0,1
13, 12, 575.0,771.0,1
12, 14, 552.0,757.0,-1
14, 12, 552.0,757.0,-1
12, 15, 173.0,240.0,-1
15, 12, 173.0,240.0,-1
12, 16, 473.0,518.0,-1
16, 12, 473.0,518.0,-1
12, 12, 0.0,0.0,1
13, 14, 827.0,1015.0,-1
14, 13, 827.0,1015.0,-1
13, 15, 577.0,816.0,-1
15, 13, 577.0,816.0,-1
13, 16, 214.0,254.0,-1
16, 13, 214.0,254.0,-1
13, 13, 0.0,0.0,1
14, 15, 724.0,996.0,1
15, 14, 724.0,996.0,1
14, 16, 866.0,1180.0,-1
16, 14, 866.0,1180.0,-1
14, 14, 0.0,0.0,1
15, 16, 418.0,562.0,-1
16, 15, 418.0,562.0,-1
15, 15, 0.0,0.0,1
16, 16, 0.0,0.0,1


<end>