<number of nodes>
16

<ratio of available edges>
0.3

<max length of the drone flight>
100000 

<D 2/3>
1, 3, 5, 6, 8, 9, 11, 12, 14, 15, 16

<V>
5, 6, 8, 9, 12

<coordinates X,Y>
260.27611887770024, 53.44041067708709
398.7177378278611, 993.7531387647472
276.03627070649145, 284.2356365004916
476.73731113258845, 961.1755506950121
77.59150980578852, 902.1114634282617
992.297382870356, 814.2954347037638
94.68791710625958, 505.19359663404714
250.981113101269, 618.6627093343603
257.3181772827165, 871.1419845106096
514.5900488306727, 904.941064374928
321.20157078522607, 34.53819244700558
496.87122296072545, 188.51160563591696
282.21980162968015, 546.78490118896
375.7047479784161, 814.1874703599046
943.744716064027, 652.383972777889
504.56751984707194, 947.2947966525967

<adjacency matrix with truck distances>
1, 2, 951.0,1079.0,1
2, 1, 951.0,1079.0,1
1, 3, 232.0,247.0,-1
3, 1, 232.0,247.0,-1
1, 4, 934.0,1125.0,-1
4, 1, 934.0,1125.0,-1
1, 5, 869.0,1032.0,1
5, 1, 869.0,1032.0,1
1, 6, 1056.0,1493.0,1
6, 1, 1056.0,1493.0,1
1, 7, 482.0,618.0,1
7, 1, 482.0,618.0,1
1, 8, 566.0,575.0,1
8, 1, 566.0,575.0,1
1, 9, 818.0,821.0,-1
9, 1, 818.0,821.0,-1
1, 10, 889.0,1106.0,1
10, 1, 889.0,1106.0,1
1, 11, 64.0,80.0,1
11, 1, 64.0,80.0,1
1, 12, 273.0,372.0,-1
12, 1, 273.0,372.0,-1
1, 13, 494.0,516.0,1
13, 1, 494.0,516.0,1
1, 14, 770.0,877.0,-1
14, 1, 770.0,877.0,-1
1, 15, 909.0,1283.0,-1
15, 1, 909.0,1283.0,-1
1, 16, 927.0,1139.0,1
16, 1, 927.0,1139.0,1
1, 1, 0.0,0.0,1
2, 3, 721.0,833.0,-1
3, 2, 721.0,833.0,-1
2, 4, 85.0,111.0,1
4, 2, 85.0,111.0,1
2, 5, 334.0,413.0,-1
5, 2, 334.0,413.0,-1
2, 6, 621.0,774.0,1
6, 2, 621.0,774.0,1
2, 7, 576.0,793.0,1
7, 2, 576.0,793.0,1
2, 8, 404.0,523.0,-1
8, 2, 404.0,523.0,-1
2, 9, 188.0,265.0,-1
9, 2, 188.0,265.0,-1
2, 10, 146.0,205.0,1
10, 2, 146.0,205.0,1
2, 11, 963.0,1037.0,1
11, 2, 963.0,1037.0,1
2, 12, 812.0,904.0,-1
12, 2, 812.0,904.0,-1
2, 13, 462.0,564.0,1
13, 2, 462.0,564.0,1
2, 14, 182.0,203.0,-1
14, 2, 182.0,203.0,-1
2, 15, 644.0,887.0,1
15, 2, 644.0,887.0,1
2, 16, 116.0,153.0,-1
16, 2, 116.0,153.0,-1
2, 2, 0.0,0.0,1
3, 4, 707.0,878.0,-1
4, 3, 707.0,878.0,-1
3, 5, 649.0,817.0,-1
5, 3, 649.0,817.0,-1
3, 6, 892.0,1247.0,-1
6, 3, 892.0,1247.0,-1
3, 7, 286.0,403.0,-1
7, 3, 286.0,403.0,-1
3, 8, 336.0,360.0,-1
8, 3, 336.0,360.0,-1
3, 9, 588.0,606.0,-1
9, 3, 588.0,606.0,-1
3, 10, 665.0,860.0,-1
10, 3, 665.0,860.0,-1
3, 11, 254.0,295.0,1
11, 3, 254.0,295.0,1
3, 12, 241.0,317.0,-1
12, 3, 241.0,317.0,-1
3, 13, 263.0,269.0,-1
13, 3, 263.0,269.0,-1
3, 14, 540.0,630.0,-1
14, 3, 540.0,630.0,-1
3, 15, 763.0,1036.0,-1
15, 3, 763.0,1036.0,-1
3, 16, 702.0,892.0,-1
16, 3, 702.0,892.0,-1
3, 3, 0.0,0.0,1
4, 5, 404.0,459.0,-1
5, 4, 404.0,459.0,-1
4, 6, 537.0,663.0,-1
6, 4, 537.0,663.0,-1
4, 7, 595.0,839.0,-1
7, 4, 595.0,839.0,-1
4, 8, 411.0,569.0,1
8, 4, 411.0,569.0,1
4, 9, 238.0,310.0,1
9, 4, 238.0,310.0,1
4, 10, 68.0,95.0,-1
10, 4, 68.0,95.0,-1
4, 11, 940.0,1083.0,-1
11, 4, 940.0,1083.0,-1
4, 12, 773.0,793.0,1
12, 4, 773.0,793.0,1
4, 13, 458.0,609.0,-1
13, 4, 458.0,609.0,-1
4, 14, 179.0,249.0,-1
14, 4, 179.0,249.0,-1
4, 15, 560.0,776.0,-1
15, 4, 560.0,776.0,-1
4, 16, 32.0,42.0,-1
16, 4, 32.0,42.0,-1
4, 4, 0.0,0.0,1
5, 6, 919.0,1003.0,-1
6, 5, 919.0,1003.0,-1
5, 7, 398.0,415.0,-1
7, 5, 398.0,415.0,-1
5, 8, 333.0,457.0,-1
8, 5, 333.0,457.0,-1
5, 9, 183.0,211.0,-1
9, 5, 183.0,211.0,-1
5, 10, 438.0,440.0,-1
10, 5, 438.0,440.0,-1
5, 11, 902.0,1112.0,1
11, 5, 902.0,1112.0,1
5, 12, 828.0,1133.0,-1
12, 5, 828.0,1133.0,-1
5, 13, 411.0,560.0,1
13, 5, 411.0,560.0,1
5, 14, 311.0,387.0,-1
14, 5, 311.0,387.0,-1
5, 15, 902.0,1116.0,-1
15, 5, 902.0,1116.0,-1
5, 16, 430.0,473.0,-1
16, 5, 430.0,473.0,-1
5, 5, 0.0,0.0,1
6, 7, 950.0,1207.0,-1
7, 6, 950.0,1207.0,-1
6, 8, 767.0,937.0,-1
8, 6, 767.0,937.0,-1
6, 9, 738.0,792.0,-1
9, 6, 738.0,792.0,-1
6, 10, 487.0,569.0,-1
10, 6, 487.0,569.0,-1
6, 11, 1029.0,1451.0,1
11, 6, 1029.0,1451.0,1
6, 12, 799.0,1122.0,-1
12, 6, 799.0,1122.0,-1
6, 13, 759.0,978.0,1
13, 6, 759.0,978.0,1
6, 14, 617.0,617.0,1
14, 6, 617.0,617.0,1
6, 15, 170.0,211.0,-1
15, 6, 170.0,211.0,-1
6, 16, 506.0,621.0,-1
16, 6, 506.0,621.0,-1
6, 6, 0.0,0.0,1
7, 8, 194.0,270.0,-1
8, 7, 194.0,270.0,-1
7, 9, 401.0,529.0,-1
9, 7, 401.0,529.0,-1
7, 10, 580.0,820.0,1
10, 7, 580.0,820.0,1
7, 11, 523.0,698.0,1
11, 7, 523.0,698.0,1
7, 12, 512.0,719.0,-1
12, 7, 512.0,719.0,-1
7, 13, 193.0,230.0,-1
13, 7, 193.0,230.0,-1
7, 14, 418.0,591.0,1
14, 7, 418.0,591.0,1
7, 15, 862.0,997.0,-1
15, 7, 862.0,997.0,-1
7, 16, 603.0,852.0,1
16, 7, 603.0,852.0,1
7, 7, 0.0,0.0,1
8, 9, 253.0,259.0,-1
9, 8, 253.0,259.0,-1
8, 10, 390.0,550.0,-1
10, 8, 390.0,550.0,-1
8, 11, 589.0,655.0,-1
11, 8, 589.0,655.0,-1
8, 12, 496.0,677.0,-1
12, 8, 496.0,677.0,-1
8, 13, 79.0,104.0,-1
13, 8, 79.0,104.0,-1
8, 14, 232.0,321.0,-1
14, 8, 232.0,321.0,-1
8, 15, 694.0,727.0,1
15, 8, 694.0,727.0,1
8, 16, 416.0,583.0,-1
16, 8, 416.0,583.0,-1
8, 8, 0.0,0.0,1
9, 10, 260.0,292.0,1
10, 9, 260.0,292.0,1
9, 11, 840.0,901.0,-1
11, 9, 840.0,901.0,-1
9, 12, 724.0,923.0,-1
12, 9, 724.0,923.0,-1
9, 13, 326.0,350.0,-1
13, 9, 326.0,350.0,-1
9, 14, 132.0,176.0,-1
14, 9, 132.0,176.0,-1
9, 15, 721.0,906.0,1
15, 9, 721.0,906.0,1
9, 16, 259.0,324.0,-1
16, 9, 259.0,324.0,-1
9, 9, 0.0,0.0,1
10, 11, 892.0,1064.0,-1
11, 10, 892.0,1064.0,-1
10, 12, 717.0,735.0,-1
12, 10, 717.0,735.0,-1
10, 13, 427.0,591.0,-1
13, 10, 427.0,591.0,-1
10, 14, 166.0,230.0,-1
14, 10, 166.0,230.0,-1
10, 15, 498.0,682.0,-1
15, 10, 498.0,682.0,-1
10, 16, 44.0,53.0,-1
16, 10, 44.0,53.0,-1
10, 10, 0.0,0.0,1
11, 12, 234.0,330.0,1
12, 11, 234.0,330.0,1
11, 13, 514.0,552.0,-1
13, 11, 514.0,552.0,-1
11, 14, 782.0,835.0,-1
14, 11, 782.0,835.0,-1
11, 15, 878.0,1241.0,-1
15, 11, 878.0,1241.0,-1
11, 16, 931.0,1097.0,-1
16, 11, 931.0,1097.0,-1
11, 11, 0.0,0.0,1
12, 13, 418.0,573.0,-1
13, 12, 418.0,573.0,-1
12, 14, 638.0,747.0,-1
14, 12, 638.0,747.0,-1
12, 15, 645.0,911.0,-1
15, 12, 645.0,911.0,-1
12, 16, 759.0,767.0,1
16, 12, 759.0,767.0,1
12, 12, 0.0,0.0,1
13, 14, 284.0,361.0,-1
14, 13, 284.0,361.0,-1
13, 15, 670.0,768.0,1
15, 13, 670.0,768.0,1
13, 16, 459.0,623.0,-1
16, 13, 459.0,623.0,-1
13, 13, 0.0,0.0,1
14, 15, 591.0,730.0,-1
15, 14, 591.0,730.0,-1
14, 16, 186.0,262.0,1
16, 14, 186.0,262.0,1
14, 14, 0.0,0.0,1
15, 16, 530.0,735.0,-1
16, 15, 530.0,735.0,-1
15, 15, 0.0,0.0,1
16, 16, 0.0,0.0,1


<end>