<number of nodes>
16

<ratio of available edges>
0.3

<max length of the drone flight>
100000 

<D 2/3>
1, 2, 3, 4, 5, 6, 8, 11, 13, 14, 15

<V>
3, 5, 11, 13, 14

<coordinates X,Y>
921.2937039721606, 939.9918754238059
310.18198875715984, 513.1506438843397
150.2183659052159, 815.7042744006154
304.3864431747005, 549.1000563819019
517.177876460184, 97.76550743562437
952.001131058787, 695.8464851727414
587.3324165151828, 254.1631942925202
918.8780491386307, 430.82210110787804
291.4393693560881, 337.40930894517254
479.6557358357503, 785.4367083411478
761.046698215302, 781.4531573296559
502.3815665656854, 321.6162301837886
160.93335217194038, 307.34954263353757
43.425007168483916, 336.50033532458326
404.5512554128164, 250.96438757577042
675.668831391148, 217.05521485410566

<adjacency matrix with truck distances>
1, 2, 746.0,1038.0,-1
2, 1, 746.0,1038.0,-1
1, 3, 782.0,896.0,-1
3, 1, 782.0,896.0,-1
1, 4, 731.0,1008.0,1
4, 1, 731.0,1008.0,1
1, 5, 935.0,1247.0,1
5, 1, 935.0,1247.0,1
1, 6, 247.0,275.0,-1
6, 1, 247.0,275.0,-1
1, 7, 763.0,1020.0,-1
7, 1, 763.0,1020.0,-1
1, 8, 510.0,512.0,-1
8, 1, 510.0,512.0,-1
1, 9, 872.0,1233.0,-1
9, 1, 872.0,1233.0,-1
1, 10, 468.0,597.0,-1
10, 1, 468.0,597.0,-1
1, 11, 226.0,319.0,-1
11, 1, 226.0,319.0,-1
1, 12, 747.0,1038.0,1
12, 1, 747.0,1038.0,1
1, 13, 990.0,1394.0,1
13, 1, 990.0,1394.0,1
1, 14, 1066.0,1482.0,1
14, 1, 1066.0,1482.0,1
1, 15, 862.0,1206.0,-1
15, 1, 862.0,1206.0,-1
1, 16, 764.0,969.0,1
16, 1, 764.0,969.0,1
1, 1, 0.0,0.0,1
2, 3, 343.0,463.0,-1
3, 2, 343.0,463.0,-1
2, 4, 37.0,42.0,1
4, 2, 37.0,42.0,1
2, 5, 465.0,623.0,-1
5, 2, 465.0,623.0,-1
2, 6, 668.0,825.0,-1
6, 2, 668.0,825.0,-1
2, 7, 380.0,537.0,-1
7, 2, 380.0,537.0,-1
2, 8, 615.0,692.0,-1
8, 2, 615.0,692.0,-1
2, 9, 177.0,195.0,-1
9, 2, 177.0,195.0,-1
2, 10, 321.0,442.0,-1
10, 2, 321.0,442.0,-1
2, 11, 525.0,720.0,-1
11, 2, 525.0,720.0,-1
2, 12, 272.0,384.0,1
12, 2, 272.0,384.0,1
2, 13, 255.0,356.0,-1
13, 2, 255.0,356.0,-1
2, 14, 320.0,444.0,1
14, 2, 320.0,444.0,1
2, 15, 279.0,357.0,-1
15, 2, 279.0,357.0,-1
2, 16, 471.0,662.0,-1
16, 2, 471.0,662.0,-1
2, 2, 0.0,0.0,1
3, 4, 308.0,421.0,-1
4, 3, 308.0,421.0,-1
3, 5, 807.0,1085.0,-1
5, 3, 807.0,1085.0,-1
3, 6, 811.0,922.0,-1
6, 3, 811.0,922.0,-1
3, 7, 712.0,999.0,-1
7, 3, 712.0,999.0,-1
3, 8, 860.0,1154.0,-1
8, 3, 860.0,1154.0,-1
3, 9, 499.0,620.0,-1
9, 3, 499.0,620.0,-1
3, 10, 331.0,360.0,-1
10, 3, 331.0,360.0,-1
3, 11, 612.0,646.0,1
11, 3, 612.0,646.0,1
3, 12, 607.0,847.0,1
12, 3, 607.0,847.0,1
3, 13, 509.0,520.0,1
13, 3, 509.0,520.0,1
3, 14, 491.0,586.0,1
14, 3, 491.0,586.0,1
3, 15, 620.0,820.0,-1
15, 3, 620.0,820.0,-1
3, 16, 797.0,1125.0,1
16, 3, 797.0,1125.0,1
3, 3, 0.0,0.0,1
4, 5, 499.0,665.0,-1
5, 4, 499.0,665.0,-1
4, 6, 665.0,795.0,-1
6, 4, 665.0,795.0,-1
4, 7, 409.0,578.0,1
7, 4, 409.0,578.0,1
4, 8, 626.0,733.0,1
8, 4, 626.0,733.0,1
4, 9, 213.0,225.0,1
9, 4, 213.0,225.0,1
4, 10, 295.0,412.0,-1
10, 4, 295.0,412.0,-1
4, 11, 513.0,690.0,-1
11, 4, 513.0,690.0,-1
4, 12, 302.0,426.0,1
12, 4, 302.0,426.0,1
4, 13, 282.0,386.0,-1
13, 4, 282.0,386.0,-1
4, 14, 337.0,474.0,1
14, 4, 337.0,474.0,1
4, 15, 315.0,399.0,-1
15, 4, 315.0,399.0,-1
4, 16, 499.0,704.0,1
16, 4, 499.0,704.0,1
4, 4, 0.0,0.0,1
5, 6, 740.0,1033.0,-1
6, 5, 740.0,1033.0,-1
5, 7, 172.0,227.0,-1
7, 5, 172.0,227.0,-1
5, 8, 522.0,735.0,1
8, 5, 522.0,735.0,1
5, 9, 330.0,466.0,-1
9, 5, 330.0,466.0,-1
5, 10, 689.0,726.0,-1
10, 5, 689.0,726.0,-1
5, 11, 726.0,928.0,-1
11, 5, 726.0,928.0,-1
5, 12, 225.0,239.0,-1
12, 5, 225.0,239.0,-1
5, 13, 414.0,566.0,1
13, 5, 414.0,566.0,1
5, 14, 531.0,713.0,-1
14, 5, 531.0,713.0,-1
5, 15, 191.0,266.0,-1
15, 5, 191.0,266.0,-1
5, 16, 199.0,278.0,-1
16, 5, 199.0,278.0,-1
5, 5, 0.0,0.0,1
6, 7, 573.0,807.0,-1
7, 6, 573.0,807.0,-1
6, 8, 268.0,299.0,1
8, 6, 268.0,299.0,1
6, 9, 752.0,1019.0,-1
9, 6, 752.0,1019.0,-1
6, 10, 481.0,562.0,1
10, 6, 481.0,562.0,1
6, 11, 210.0,277.0,-1
11, 6, 210.0,277.0,-1
6, 12, 585.0,824.0,-1
12, 6, 585.0,824.0,-1
6, 13, 882.0,1180.0,-1
13, 6, 882.0,1180.0,-1
6, 14, 978.0,1268.0,1
14, 6, 978.0,1268.0,1
6, 15, 706.0,993.0,-1
15, 6, 706.0,993.0,-1
6, 16, 553.0,756.0,-1
16, 6, 553.0,756.0,-1
6, 6, 0.0,0.0,1
7, 8, 376.0,509.0,-1
8, 7, 376.0,509.0,-1
7, 9, 308.0,380.0,-1
9, 7, 308.0,380.0,-1
7, 10, 543.0,639.0,-1
10, 7, 543.0,639.0,-1
7, 11, 556.0,702.0,-1
11, 7, 556.0,702.0,-1
7, 12, 109.0,153.0,1
12, 7, 109.0,153.0,1
7, 13, 430.0,480.0,-1
13, 7, 430.0,480.0,-1
7, 14, 551.0,627.0,-1
14, 7, 551.0,627.0,-1
7, 15, 183.0,186.0,-1
15, 7, 183.0,186.0,-1
7, 16, 96.0,126.0,-1
16, 7, 96.0,126.0,-1
7, 7, 0.0,0.0,1
8, 9, 635.0,721.0,-1
9, 8, 635.0,721.0,-1
8, 10, 565.0,794.0,-1
10, 8, 565.0,794.0,-1
8, 11, 385.0,509.0,-1
11, 8, 385.0,509.0,-1
8, 12, 431.0,526.0,-1
12, 8, 431.0,526.0,-1
8, 13, 768.0,882.0,-1
13, 8, 768.0,882.0,-1
8, 14, 881.0,970.0,-1
14, 8, 881.0,970.0,-1
8, 15, 545.0,695.0,-1
15, 8, 545.0,695.0,-1
8, 16, 324.0,457.0,-1
16, 8, 324.0,457.0,-1
8, 8, 0.0,0.0,1
9, 10, 486.0,637.0,1
10, 9, 486.0,637.0,1
9, 11, 647.0,914.0,-1
11, 9, 647.0,914.0,-1
9, 12, 212.0,227.0,1
12, 9, 212.0,227.0,1
9, 13, 134.0,161.0,1
13, 9, 134.0,161.0,1
9, 14, 249.0,249.0,1
14, 9, 249.0,249.0,1
9, 15, 143.0,200.0,-1
15, 9, 143.0,200.0,-1
9, 16, 403.0,505.0,-1
16, 9, 403.0,505.0,-1
9, 9, 0.0,0.0,1
10, 11, 282.0,286.0,1
11, 10, 282.0,286.0,1
10, 12, 465.0,487.0,-1
12, 10, 465.0,487.0,-1
10, 13, 575.0,797.0,-1
13, 10, 575.0,797.0,-1
10, 14, 626.0,886.0,-1
14, 10, 626.0,886.0,-1
10, 15, 540.0,610.0,1
15, 10, 540.0,610.0,1
10, 16, 602.0,765.0,-1
16, 10, 602.0,765.0,-1
10, 10, 0.0,0.0,1
11, 12, 528.0,719.0,1
12, 11, 528.0,719.0,1
11, 13, 765.0,1075.0,-1
13, 11, 765.0,1075.0,-1
11, 14, 845.0,1163.0,1
14, 11, 845.0,1163.0,1
11, 15, 640.0,887.0,-1
15, 11, 640.0,887.0,-1
11, 16, 571.0,650.0,-1
16, 11, 571.0,650.0,-1
11, 11, 0.0,0.0,1
12, 13, 342.0,356.0,-1
13, 12, 342.0,356.0,-1
12, 14, 460.0,474.0,-1
14, 12, 460.0,474.0,-1
12, 15, 121.0,169.0,-1
15, 12, 121.0,169.0,-1
12, 16, 203.0,278.0,1
16, 12, 203.0,278.0,1
12, 12, 0.0,0.0,1
13, 14, 122.0,147.0,-1
14, 13, 122.0,147.0,-1
13, 15, 251.0,301.0,-1
15, 13, 251.0,301.0,-1
13, 16, 523.0,606.0,1
16, 13, 523.0,606.0,1
13, 13, 0.0,0.0,1
14, 15, 372.0,447.0,-1
15, 14, 372.0,447.0,-1
14, 16, 644.0,752.0,-1
16, 14, 644.0,752.0,-1
14, 14, 0.0,0.0,1
15, 16, 274.0,306.0,-1
16, 15, 274.0,306.0,-1
15, 15, 0.0,0.0,1
16, 16, 0.0,0.0,1


<end>