<number of nodes>
16

<ratio of available edges>
0.3

<max length of the drone flight>
100000 

<D 2/3>
1, 2, 3, 4, 5, 6, 7, 8, 14, 15, 16

<V>
2, 6, 8, 14, 15

<coordinates X,Y>
889.7662370226909, 635.8946760380592
387.3970699534873, 475.3312774489338
733.4948607719494, 774.1424312526568
476.51377149563905, 382.5290815586046
632.6578198316514, 762.124055267878
571.7364717986485, 914.5723814747754
149.7059538358009, 351.3617186962166
759.8380282800051, 798.5022008225985
969.9736753776067, 465.1362354074755
694.9334176385355, 800.8040596726568
535.0287751642393, 788.8520623264915
908.2767966006254, 991.8295724684812
96.17778763191666, 49.26845794942375
159.02363401268235, 987.6621464010545
331.31421920817627, 816.0483387300958
155.23170188341743, 909.8431895937352

<adjacency matrix with truck distances>
1, 2, 528.0,663.0,1
2, 1, 528.0,663.0,1
1, 3, 209.0,295.0,-1
3, 1, 209.0,295.0,-1
1, 4, 485.0,667.0,1
4, 1, 485.0,667.0,1
1, 5, 287.0,384.0,-1
5, 1, 287.0,384.0,-1
1, 6, 423.0,597.0,-1
6, 1, 423.0,597.0,-1
1, 7, 793.0,1025.0,-1
7, 1, 793.0,1025.0,-1
1, 8, 209.0,293.0,-1
8, 1, 209.0,293.0,-1
1, 9, 189.0,251.0,-1
9, 1, 189.0,251.0,-1
1, 10, 256.0,360.0,-1
10, 1, 256.0,360.0,-1
1, 11, 387.0,508.0,-1
11, 1, 387.0,508.0,-1
1, 12, 357.0,375.0,1
12, 1, 357.0,375.0,1
1, 13, 987.0,1381.0,1
13, 1, 987.0,1381.0,1
1, 14, 812.0,1083.0,-1
14, 1, 812.0,1083.0,-1
1, 15, 587.0,739.0,-1
15, 1, 587.0,739.0,-1
1, 16, 784.0,1009.0,1
16, 1, 784.0,1009.0,1
1, 1, 0.0,0.0,1
2, 3, 458.0,645.0,-1
3, 2, 458.0,645.0,-1
2, 4, 129.0,182.0,-1
4, 2, 129.0,182.0,-1
2, 5, 378.0,533.0,-1
5, 2, 378.0,533.0,-1
2, 6, 477.0,624.0,-1
6, 2, 477.0,624.0,-1
2, 7, 269.0,362.0,1
7, 2, 269.0,362.0,1
2, 8, 494.0,696.0,-1
8, 2, 494.0,696.0,-1
2, 9, 583.0,593.0,-1
9, 2, 583.0,593.0,-1
2, 10, 448.0,634.0,1
10, 2, 448.0,634.0,1
2, 11, 347.0,462.0,1
11, 2, 347.0,462.0,1
2, 12, 734.0,1038.0,1
12, 2, 734.0,1038.0,1
2, 13, 517.0,718.0,-1
13, 2, 517.0,718.0,-1
2, 14, 561.0,741.0,-1
14, 2, 561.0,741.0,-1
2, 15, 346.0,397.0,1
15, 2, 346.0,397.0,1
2, 16, 493.0,667.0,-1
16, 2, 493.0,667.0,-1
2, 2, 0.0,0.0,1
3, 4, 469.0,649.0,-1
4, 3, 469.0,649.0,-1
3, 5, 102.0,113.0,1
5, 3, 102.0,113.0,1
3, 6, 215.0,303.0,-1
6, 3, 215.0,303.0,-1
3, 7, 721.0,1007.0,1
7, 3, 721.0,1007.0,1
3, 8, 36.0,51.0,1
8, 3, 36.0,51.0,1
3, 9, 390.0,546.0,1
9, 3, 390.0,546.0,1
3, 10, 47.0,66.0,-1
10, 3, 47.0,66.0,-1
3, 11, 200.0,214.0,-1
11, 3, 200.0,214.0,-1
3, 12, 280.0,393.0,-1
12, 3, 280.0,393.0,-1
3, 13, 966.0,1363.0,-1
13, 3, 966.0,1363.0,-1
3, 14, 613.0,788.0,-1
14, 3, 613.0,788.0,-1
3, 15, 405.0,445.0,-1
15, 3, 405.0,445.0,-1
3, 16, 594.0,714.0,1
16, 3, 594.0,714.0,1
3, 3, 0.0,0.0,1
4, 5, 411.0,536.0,1
5, 4, 411.0,536.0,1
4, 6, 541.0,628.0,1
6, 4, 541.0,628.0,1
4, 7, 329.0,358.0,1
7, 4, 329.0,358.0,1
4, 8, 504.0,700.0,-1
8, 4, 504.0,700.0,-1
4, 9, 501.0,577.0,1
9, 4, 501.0,577.0,1
4, 10, 472.0,637.0,-1
10, 4, 472.0,637.0,-1
4, 11, 411.0,465.0,-1
11, 4, 411.0,465.0,-1
4, 12, 747.0,1042.0,-1
12, 4, 747.0,1042.0,-1
4, 13, 506.0,714.0,-1
13, 4, 506.0,714.0,-1
4, 14, 684.0,923.0,-1
14, 4, 684.0,923.0,-1
4, 15, 458.0,579.0,-1
15, 4, 458.0,579.0,-1
4, 16, 618.0,849.0,-1
16, 4, 618.0,849.0,-1
4, 4, 0.0,0.0,1
5, 6, 165.0,214.0,-1
6, 5, 165.0,214.0,-1
5, 7, 635.0,894.0,-1
7, 5, 635.0,894.0,-1
5, 8, 133.0,164.0,1
8, 5, 133.0,164.0,1
5, 9, 450.0,635.0,-1
9, 5, 450.0,635.0,-1
5, 10, 74.0,101.0,-1
10, 5, 74.0,101.0,-1
5, 11, 102.0,125.0,-1
11, 5, 102.0,125.0,-1
5, 12, 359.0,506.0,-1
12, 5, 359.0,506.0,-1
5, 13, 893.0,1250.0,-1
13, 5, 893.0,1250.0,-1
5, 14, 525.0,700.0,-1
14, 5, 525.0,700.0,-1
5, 15, 307.0,356.0,-1
15, 5, 307.0,356.0,-1
5, 16, 500.0,626.0,-1
16, 5, 500.0,626.0,-1
5, 5, 0.0,0.0,1
6, 7, 704.0,986.0,-1
7, 6, 704.0,986.0,-1
6, 8, 222.0,305.0,-1
8, 6, 222.0,305.0,-1
6, 9, 601.0,848.0,-1
9, 6, 601.0,848.0,-1
6, 10, 168.0,237.0,-1
10, 6, 168.0,237.0,-1
6, 11, 131.0,163.0,1
11, 6, 131.0,163.0,1
6, 12, 346.0,414.0,-1
12, 6, 346.0,414.0,-1
6, 13, 988.0,1341.0,1
13, 6, 988.0,1341.0,1
6, 14, 420.0,486.0,1
14, 6, 420.0,486.0,1
6, 15, 260.0,339.0,-1
15, 6, 260.0,339.0,-1
6, 16, 417.0,422.0,-1
16, 6, 417.0,422.0,-1
6, 6, 0.0,0.0,1
7, 8, 757.0,1058.0,-1
8, 7, 757.0,1058.0,-1
7, 9, 829.0,935.0,-1
9, 7, 829.0,935.0,-1
7, 10, 707.0,995.0,1
10, 7, 707.0,995.0,1
7, 11, 583.0,823.0,1
11, 7, 583.0,823.0,1
7, 12, 993.0,1400.0,-1
12, 7, 993.0,1400.0,-1
7, 13, 307.0,356.0,-1
13, 7, 307.0,356.0,-1
7, 14, 637.0,646.0,-1
14, 7, 637.0,646.0,-1
7, 15, 499.0,647.0,1
15, 7, 499.0,647.0,1
7, 16, 559.0,565.0,-1
16, 7, 559.0,565.0,-1
7, 7, 0.0,0.0,1
8, 9, 395.0,544.0,-1
9, 8, 395.0,544.0,-1
8, 10, 65.0,68.0,-1
10, 8, 65.0,68.0,-1
8, 11, 226.0,235.0,-1
11, 8, 226.0,235.0,-1
8, 12, 244.0,342.0,1
12, 8, 244.0,342.0,1
8, 13, 1001.0,1413.0,-1
13, 8, 1001.0,1413.0,-1
8, 14, 630.0,790.0,-1
14, 8, 630.0,790.0,-1
8, 15, 429.0,447.0,-1
15, 8, 429.0,447.0,-1
8, 16, 615.0,716.0,1
16, 8, 615.0,716.0,1
8, 8, 0.0,0.0,1
9, 10, 434.0,611.0,1
10, 9, 434.0,611.0,1
9, 11, 543.0,759.0,1
11, 9, 543.0,759.0,1
9, 12, 531.0,589.0,1
12, 9, 531.0,589.0,1
9, 13, 968.0,1290.0,-1
13, 9, 968.0,1290.0,-1
9, 14, 965.0,1334.0,-1
14, 9, 965.0,1334.0,-1
9, 15, 729.0,990.0,-1
15, 9, 729.0,990.0,-1
9, 16, 929.0,1260.0,-1
16, 9, 929.0,1260.0,-1
9, 9, 0.0,0.0,1
10, 11, 161.0,172.0,1
11, 10, 161.0,172.0,1
10, 12, 287.0,405.0,-1
12, 10, 287.0,405.0,-1
10, 13, 961.0,1351.0,-1
13, 10, 961.0,1351.0,-1
10, 14, 568.0,723.0,-1
14, 10, 568.0,723.0,-1
10, 15, 364.0,379.0,-1
15, 10, 364.0,379.0,-1
10, 16, 551.0,649.0,1
16, 10, 551.0,649.0,1
10, 10, 0.0,0.0,1
11, 12, 425.0,577.0,-1
12, 11, 425.0,577.0,-1
11, 13, 860.0,1179.0,-1
13, 11, 860.0,1179.0,-1
11, 14, 426.0,575.0,1
14, 11, 426.0,575.0,1
11, 15, 206.0,231.0,-1
15, 11, 206.0,231.0,-1
11, 16, 399.0,501.0,-1
16, 11, 399.0,501.0,-1
11, 11, 0.0,0.0,1
12, 13, 1245.0,1755.0,-1
13, 12, 1245.0,1755.0,-1
12, 14, 750.0,754.0,-1
14, 12, 750.0,754.0,-1
12, 15, 604.0,753.0,-1
15, 12, 604.0,753.0,-1
12, 16, 758.0,836.0,-1
16, 12, 758.0,836.0,-1
12, 12, 0.0,0.0,1
13, 14, 941.0,1002.0,-1
14, 13, 941.0,1002.0,-1
13, 15, 803.0,1002.0,-1
15, 13, 803.0,1002.0,-1
13, 16, 863.0,920.0,1
16, 13, 863.0,920.0,1
13, 13, 0.0,0.0,1
14, 15, 244.0,344.0,-1
15, 14, 244.0,344.0,-1
14, 16, 78.0,82.0,-1
16, 14, 78.0,82.0,-1
14, 14, 0.0,0.0,1
15, 16, 200.0,270.0,1
16, 15, 200.0,270.0,1
15, 15, 0.0,0.0,1
16, 16, 0.0,0.0,1


<end>