<number of nodes>
16

<ratio of available edges>
0.3

<max length of the drone flight>
100000 

<D 2/3>
1, 2, 4, 6, 8, 9, 10, 11, 12, 14, 16

<V>
2, 4, 9, 11, 12

<coordinates X,Y>
899.0757095718967, 381.30982158195746
227.1529550301683, 672.8279752312378
114.48689533870362, 442.2944840523199
863.7853060744462, 852.5146998271482
59.04609654631376, 535.4059476787554
767.9918606593753, 311.20924690051595
219.13936557430134, 671.494478346287
875.2885384343904, 647.3747040949892
81.125356243325, 531.1569092077988
500.74600357047666, 963.4801585146432
315.09471694831336, 380.219592870086
957.649701023125, 309.042034275559
870.2045587340941, 397.8908507087133
62.24993039794733, 405.74830856233024
977.6898053784932, 764.2742849217586
835.3013779478075, 338.9463505255158

<adjacency matrix with truck distances>
1, 2, 733.0,964.0,-1
2, 1, 733.0,964.0,-1
1, 3, 787.0,846.0,1
3, 1, 787.0,846.0,1
1, 4, 473.0,507.0,1
4, 1, 473.0,507.0,1
1, 5, 855.0,995.0,-1
5, 1, 855.0,995.0,-1
1, 6, 149.0,202.0,-1
6, 1, 149.0,202.0,-1
1, 7, 740.0,971.0,1
7, 1, 740.0,971.0,1
1, 8, 268.0,290.0,-1
8, 1, 268.0,290.0,-1
1, 9, 832.0,968.0,-1
9, 1, 832.0,968.0,-1
1, 10, 706.0,981.0,-1
10, 1, 706.0,981.0,-1
1, 11, 584.0,586.0,-1
11, 1, 584.0,586.0,-1
1, 12, 94.0,131.0,1
12, 1, 94.0,131.0,1
1, 13, 34.0,46.0,-1
13, 1, 34.0,46.0,-1
1, 14, 838.0,862.0,-1
14, 1, 838.0,862.0,-1
1, 15, 391.0,462.0,1
15, 1, 391.0,462.0,1
1, 16, 77.0,107.0,-1
16, 1, 77.0,107.0,-1
1, 1, 0.0,0.0,1
2, 3, 257.0,344.0,-1
3, 2, 257.0,344.0,-1
2, 4, 662.0,817.0,1
4, 2, 662.0,817.0,1
2, 5, 218.0,306.0,-1
5, 2, 218.0,306.0,-1
2, 6, 651.0,903.0,1
6, 2, 651.0,903.0,1
2, 7, 9.0,10.0,-1
7, 2, 9.0,10.0,-1
2, 8, 649.0,674.0,1
8, 2, 649.0,674.0,1
2, 9, 204.0,288.0,-1
9, 2, 204.0,288.0,-1
2, 10, 400.0,565.0,-1
10, 2, 400.0,565.0,-1
2, 11, 306.0,381.0,-1
11, 2, 306.0,381.0,-1
2, 12, 817.0,1095.0,1
12, 2, 817.0,1095.0,1
2, 13, 700.0,918.0,-1
13, 2, 700.0,918.0,-1
2, 14, 314.0,432.0,-1
14, 2, 314.0,432.0,-1
2, 15, 757.0,842.0,-1
15, 2, 757.0,842.0,-1
2, 16, 694.0,943.0,1
16, 2, 694.0,943.0,1
2, 2, 0.0,0.0,1
3, 4, 855.0,1160.0,-1
4, 3, 855.0,1160.0,-1
3, 5, 109.0,149.0,1
5, 3, 109.0,149.0,1
3, 6, 667.0,785.0,-1
6, 3, 667.0,785.0,-1
3, 7, 252.0,334.0,-1
7, 3, 252.0,334.0,-1
3, 8, 788.0,966.0,1
8, 3, 788.0,966.0,1
3, 9, 95.0,123.0,1
9, 3, 95.0,123.0,1
3, 10, 649.0,908.0,-1
10, 3, 649.0,908.0,-1
3, 11, 210.0,263.0,1
11, 3, 210.0,263.0,1
3, 12, 854.0,977.0,-1
12, 3, 854.0,977.0,-1
3, 13, 758.0,801.0,-1
13, 3, 758.0,801.0,-1
3, 14, 64.0,89.0,1
14, 3, 64.0,89.0,1
3, 15, 922.0,1186.0,-1
15, 3, 922.0,1186.0,-1
3, 16, 729.0,825.0,-1
16, 3, 729.0,825.0,-1
3, 3, 0.0,0.0,1
4, 5, 865.0,1122.0,-1
5, 4, 865.0,1122.0,-1
4, 6, 550.0,638.0,1
6, 4, 550.0,638.0,1
4, 7, 670.0,826.0,-1
7, 4, 670.0,826.0,-1
4, 8, 206.0,217.0,-1
8, 4, 206.0,217.0,-1
4, 9, 847.0,1105.0,-1
9, 4, 847.0,1105.0,-1
4, 10, 380.0,475.0,1
10, 4, 380.0,475.0,1
4, 11, 724.0,1021.0,-1
11, 4, 724.0,1021.0,-1
4, 12, 552.0,638.0,-1
12, 4, 552.0,638.0,-1
4, 13, 455.0,462.0,-1
13, 4, 455.0,462.0,-1
4, 14, 918.0,1249.0,-1
14, 4, 918.0,1249.0,-1
4, 15, 145.0,203.0,-1
15, 4, 145.0,203.0,-1
4, 16, 515.0,543.0,-1
16, 4, 515.0,543.0,-1
4, 4, 0.0,0.0,1
5, 6, 744.0,934.0,-1
6, 5, 744.0,934.0,-1
5, 7, 211.0,297.0,1
7, 5, 211.0,297.0,1
5, 8, 824.0,929.0,1
8, 5, 824.0,929.0,1
5, 9, 23.0,27.0,-1
9, 5, 23.0,27.0,-1
5, 10, 616.0,870.0,-1
10, 5, 616.0,870.0,-1
5, 11, 300.0,412.0,1
11, 5, 300.0,412.0,1
5, 12, 927.0,1125.0,1
12, 5, 927.0,1125.0,1
5, 13, 823.0,949.0,-1
13, 5, 823.0,949.0,-1
5, 14, 130.0,133.0,-1
14, 5, 130.0,133.0,-1
5, 15, 947.0,1148.0,-1
15, 5, 947.0,1148.0,-1
5, 16, 801.0,973.0,-1
16, 5, 801.0,973.0,-1
5, 5, 0.0,0.0,1
6, 7, 657.0,910.0,1
7, 6, 657.0,910.0,1
6, 8, 353.0,444.0,-1
8, 6, 353.0,444.0,-1
6, 9, 722.0,907.0,1
9, 6, 722.0,907.0,1
6, 10, 705.0,920.0,-1
10, 6, 705.0,920.0,-1
6, 11, 459.0,522.0,1
11, 6, 459.0,522.0,1
6, 12, 190.0,192.0,-1
12, 6, 190.0,192.0,-1
6, 13, 135.0,189.0,1
13, 6, 135.0,189.0,1
6, 14, 713.0,801.0,-1
14, 6, 713.0,801.0,-1
6, 15, 500.0,663.0,-1
15, 6, 500.0,663.0,-1
6, 16, 73.0,96.0,-1
16, 6, 73.0,96.0,-1
6, 6, 0.0,0.0,1
7, 8, 657.0,681.0,-1
8, 7, 657.0,681.0,-1
7, 9, 197.0,279.0,-1
9, 7, 197.0,279.0,-1
7, 10, 406.0,574.0,-1
10, 7, 406.0,574.0,-1
7, 11, 307.0,388.0,-1
11, 7, 307.0,388.0,-1
7, 12, 823.0,1101.0,1
12, 7, 823.0,1101.0,1
7, 13, 707.0,925.0,-1
13, 7, 707.0,925.0,-1
7, 14, 309.0,423.0,-1
14, 7, 309.0,423.0,-1
7, 15, 765.0,852.0,-1
15, 7, 765.0,852.0,-1
7, 16, 701.0,949.0,1
16, 7, 701.0,949.0,1
7, 7, 0.0,0.0,1
8, 9, 803.0,911.0,-1
9, 8, 803.0,911.0,-1
8, 10, 491.0,691.0,-1
10, 8, 491.0,691.0,-1
8, 11, 621.0,828.0,-1
11, 8, 621.0,828.0,-1
8, 12, 349.0,421.0,-1
12, 8, 349.0,421.0,-1
8, 13, 250.0,255.0,-1
13, 8, 250.0,255.0,-1
8, 14, 849.0,1055.0,-1
14, 8, 849.0,1055.0,-1
8, 15, 156.0,220.0,1
15, 8, 156.0,220.0,1
8, 16, 312.0,349.0,-1
16, 8, 312.0,349.0,-1
8, 8, 0.0,0.0,1
9, 10, 603.0,852.0,1
10, 9, 603.0,852.0,1
9, 11, 279.0,385.0,-1
11, 9, 279.0,385.0,-1
9, 12, 905.0,1099.0,-1
12, 9, 905.0,1099.0,-1
9, 13, 801.0,923.0,1
13, 9, 801.0,923.0,1
9, 14, 127.0,145.0,-1
14, 9, 127.0,145.0,-1
9, 15, 927.0,1130.0,-1
15, 9, 927.0,1130.0,-1
9, 16, 779.0,947.0,-1
16, 9, 779.0,947.0,-1
9, 9, 0.0,0.0,1
10, 11, 613.0,769.0,-1
11, 10, 613.0,769.0,-1
10, 12, 799.0,1112.0,-1
12, 10, 799.0,1112.0,-1
10, 13, 676.0,936.0,-1
13, 10, 676.0,936.0,-1
10, 14, 710.0,997.0,-1
14, 10, 710.0,997.0,-1
10, 15, 517.0,677.0,1
15, 10, 517.0,677.0,1
10, 16, 709.0,960.0,-1
16, 10, 709.0,960.0,-1
10, 10, 0.0,0.0,1
11, 12, 647.0,714.0,-1
12, 11, 647.0,714.0,-1
11, 13, 556.0,573.0,1
13, 11, 556.0,573.0,1
11, 14, 255.0,279.0,-1
14, 11, 255.0,279.0,-1
11, 15, 766.0,1047.0,1
15, 11, 766.0,1047.0,1
11, 16, 522.0,562.0,1
16, 11, 522.0,562.0,1
11, 11, 0.0,0.0,1
12, 13, 125.0,177.0,-1
13, 12, 125.0,177.0,-1
12, 14, 901.0,993.0,-1
14, 12, 901.0,993.0,-1
12, 15, 456.0,476.0,1
15, 12, 456.0,476.0,1
12, 16, 126.0,153.0,-1
16, 12, 126.0,153.0,-1
12, 12, 0.0,0.0,1
13, 14, 808.0,816.0,-1
14, 13, 808.0,816.0,-1
13, 15, 382.0,474.0,-1
15, 13, 382.0,474.0,-1
13, 16, 69.0,94.0,-1
16, 13, 69.0,94.0,-1
13, 13, 0.0,0.0,1
14, 15, 984.0,1274.0,-1
15, 14, 984.0,1274.0,-1
14, 16, 776.0,840.0,1
16, 14, 776.0,840.0,1
14, 14, 0.0,0.0,1
15, 16, 449.0,568.0,-1
16, 15, 449.0,568.0,-1
15, 15, 0.0,0.0,1
16, 16, 0.0,0.0,1


<end>