<number of nodes>
16

<ratio of available edges>
0.3

<max length of the drone flight>
100000 

<D 2/3>
1, 2, 3, 4, 6, 9, 10, 11, 12, 15, 16

<V>
4, 6, 10, 12, 15

<coordinates X,Y>
678.0368181034057, 929.5353984200996
190.64583446212774, 686.5279126215137
601.5620988874721, 953.9194943759292
392.14967443598044, 320.12210562090314
336.3738216965977, 201.0065060311607
647.1112432605773, 903.4083183341882
225.20172799203687, 644.0714955262661
971.4876456562456, 577.3781660592023
962.7170560882325, 615.0271762115748
455.8554262134714, 818.699830290676
108.27278689026565, 568.6350530126596
450.05229919768647, 444.3983701775969
959.3671588156658, 320.929286904893
59.50632202228719, 12.368939856495752
595.5156655837793, 799.8030409356529
919.888169545991, 371.2000400643361

<adjacency matrix with truck distances>
1, 2, 545.0,731.0,1
2, 1, 545.0,731.0,1
1, 3, 81.0,101.0,-1
3, 1, 81.0,101.0,-1
1, 4, 674.0,896.0,1
4, 1, 674.0,896.0,1
1, 5, 805.0,1071.0,-1
5, 1, 805.0,1071.0,-1
1, 6, 41.0,58.0,1
6, 1, 41.0,58.0,1
1, 7, 536.0,739.0,-1
7, 1, 536.0,739.0,-1
1, 8, 459.0,646.0,-1
8, 1, 459.0,646.0,-1
1, 9, 425.0,600.0,-1
9, 1, 425.0,600.0,-1
1, 10, 249.0,334.0,1
10, 1, 249.0,334.0,1
1, 11, 675.0,931.0,-1
11, 1, 675.0,931.0,-1
1, 12, 537.0,714.0,-1
12, 1, 537.0,714.0,-1
1, 13, 671.0,890.0,-1
13, 1, 671.0,890.0,-1
1, 14, 1107.0,1536.0,1
14, 1, 1107.0,1536.0,1
1, 15, 154.0,213.0,1
15, 1, 154.0,213.0,1
1, 16, 609.0,801.0,-1
16, 1, 609.0,801.0,-1
1, 1, 0.0,0.0,1
2, 3, 491.0,679.0,-1
3, 2, 491.0,679.0,-1
2, 4, 419.0,568.0,1
4, 2, 419.0,568.0,1
2, 5, 507.0,632.0,-1
5, 2, 507.0,632.0,-1
2, 6, 506.0,674.0,-1
6, 2, 506.0,674.0,-1
2, 7, 55.0,78.0,-1
7, 2, 55.0,78.0,-1
2, 8, 789.0,890.0,-1
8, 2, 789.0,890.0,-1
2, 9, 776.0,844.0,1
9, 2, 776.0,844.0,1
2, 10, 297.0,398.0,-1
10, 2, 297.0,398.0,-1
2, 11, 144.0,201.0,-1
11, 2, 144.0,201.0,-1
2, 12, 355.0,502.0,-1
12, 2, 355.0,502.0,-1
2, 13, 852.0,1135.0,1
13, 2, 852.0,1135.0,1
2, 14, 687.0,806.0,1
14, 2, 687.0,806.0,1
2, 15, 421.0,519.0,-1
15, 2, 421.0,519.0,-1
2, 16, 795.0,1045.0,-1
16, 2, 795.0,1045.0,-1
2, 2, 0.0,0.0,1
3, 4, 668.0,844.0,-1
4, 3, 668.0,844.0,-1
3, 5, 799.0,1019.0,-1
5, 3, 799.0,1019.0,-1
3, 6, 69.0,97.0,-1
6, 3, 69.0,97.0,-1
3, 7, 488.0,687.0,-1
7, 3, 488.0,687.0,-1
3, 8, 528.0,747.0,-1
8, 3, 528.0,747.0,-1
3, 9, 496.0,701.0,-1
9, 3, 496.0,701.0,-1
3, 10, 199.0,281.0,-1
10, 3, 199.0,281.0,-1
3, 11, 626.0,879.0,-1
11, 3, 626.0,879.0,-1
3, 12, 532.0,662.0,-1
12, 3, 532.0,662.0,-1
3, 13, 728.0,991.0,1
13, 3, 728.0,991.0,1
3, 14, 1087.0,1484.0,-1
14, 3, 1087.0,1484.0,-1
3, 15, 155.0,161.0,-1
15, 3, 155.0,161.0,-1
3, 16, 664.0,902.0,1
16, 3, 664.0,902.0,1
3, 3, 0.0,0.0,1
4, 5, 132.0,175.0,-1
5, 4, 132.0,175.0,-1
4, 6, 637.0,839.0,-1
6, 4, 637.0,839.0,-1
4, 7, 365.0,491.0,-1
7, 4, 365.0,491.0,-1
4, 8, 634.0,837.0,1
8, 4, 634.0,837.0,1
4, 9, 643.0,866.0,1
9, 4, 643.0,866.0,1
4, 10, 503.0,563.0,-1
10, 4, 503.0,563.0,-1
4, 11, 378.0,533.0,1
11, 4, 378.0,533.0,1
4, 12, 138.0,183.0,-1
12, 4, 138.0,183.0,-1
4, 13, 568.0,569.0,1
13, 4, 568.0,569.0,1
4, 14, 454.0,641.0,1
14, 4, 454.0,641.0,1
4, 15, 522.0,684.0,-1
15, 4, 522.0,684.0,-1
4, 16, 531.0,579.0,-1
16, 4, 531.0,579.0,-1
4, 4, 0.0,0.0,1
5, 6, 769.0,1014.0,-1
6, 5, 769.0,1014.0,-1
5, 7, 457.0,555.0,1
7, 5, 457.0,555.0,1
5, 8, 739.0,1012.0,-1
8, 5, 739.0,1012.0,-1
5, 9, 751.0,1041.0,-1
9, 5, 751.0,1041.0,-1
5, 10, 630.0,738.0,-1
10, 5, 630.0,738.0,-1
5, 11, 433.0,596.0,1
11, 5, 433.0,596.0,1
5, 12, 269.0,358.0,-1
12, 5, 269.0,358.0,-1
5, 13, 635.0,743.0,-1
13, 5, 635.0,743.0,-1
5, 14, 336.0,466.0,-1
14, 5, 336.0,466.0,-1
5, 15, 653.0,858.0,-1
15, 5, 653.0,858.0,-1
5, 16, 608.0,754.0,-1
16, 5, 608.0,754.0,-1
5, 5, 0.0,0.0,1
6, 7, 496.0,682.0,-1
7, 6, 496.0,682.0,-1
6, 8, 460.0,651.0,-1
8, 6, 460.0,651.0,-1
6, 9, 428.0,604.0,-1
9, 6, 428.0,604.0,-1
6, 10, 210.0,276.0,-1
10, 6, 210.0,276.0,-1
6, 11, 635.0,874.0,-1
11, 6, 635.0,874.0,-1
6, 12, 500.0,657.0,-1
12, 6, 500.0,657.0,-1
6, 13, 661.0,895.0,1
13, 6, 661.0,895.0,1
6, 14, 1068.0,1479.0,-1
14, 6, 1068.0,1479.0,-1
6, 15, 116.0,156.0,-1
15, 6, 116.0,156.0,-1
6, 16, 599.0,805.0,1
16, 6, 599.0,805.0,1
6, 6, 0.0,0.0,1
7, 8, 750.0,813.0,-1
8, 7, 750.0,813.0,-1
7, 9, 739.0,767.0,1
9, 7, 739.0,767.0,1
7, 10, 290.0,406.0,-1
10, 7, 290.0,406.0,-1
7, 11, 140.0,193.0,-1
11, 7, 140.0,193.0,-1
7, 12, 301.0,425.0,-1
12, 7, 301.0,425.0,-1
7, 13, 803.0,1058.0,1
13, 7, 803.0,1058.0,1
7, 14, 654.0,798.0,-1
14, 7, 654.0,798.0,-1
7, 15, 402.0,527.0,-1
15, 7, 402.0,527.0,-1
7, 16, 747.0,968.0,-1
16, 7, 747.0,968.0,-1
7, 7, 0.0,0.0,1
8, 9, 39.0,47.0,-1
9, 8, 39.0,47.0,-1
8, 10, 570.0,757.0,1
10, 8, 570.0,757.0,1
8, 11, 864.0,872.0,-1
11, 8, 864.0,872.0,-1
8, 12, 539.0,655.0,-1
12, 8, 539.0,655.0,-1
8, 13, 257.0,269.0,-1
13, 8, 257.0,269.0,-1
8, 14, 1073.0,1477.0,1
14, 8, 1073.0,1477.0,1
8, 15, 437.0,599.0,-1
15, 8, 437.0,599.0,-1
8, 16, 213.0,258.0,-1
16, 8, 213.0,258.0,-1
8, 8, 0.0,0.0,1
9, 10, 547.0,711.0,1
10, 9, 547.0,711.0,1
9, 11, 856.0,901.0,1
11, 9, 856.0,901.0,1
9, 12, 541.0,684.0,-1
12, 9, 541.0,684.0,-1
9, 13, 295.0,298.0,-1
13, 9, 295.0,298.0,-1
9, 14, 1086.0,1506.0,-1
14, 9, 1086.0,1506.0,-1
9, 15, 412.0,552.0,-1
15, 9, 412.0,552.0,-1
9, 16, 248.0,287.0,1
16, 9, 248.0,287.0,1
9, 9, 0.0,0.0,1
10, 11, 429.0,598.0,-1
11, 10, 429.0,598.0,-1
10, 12, 375.0,381.0,1
12, 10, 375.0,381.0,1
10, 13, 709.0,1002.0,1
13, 10, 709.0,1002.0,1
10, 14, 899.0,1203.0,1
14, 10, 899.0,1203.0,1
10, 15, 141.0,159.0,1
15, 10, 141.0,159.0,1
10, 16, 645.0,912.0,-1
16, 10, 645.0,912.0,-1
10, 10, 0.0,0.0,1
11, 12, 364.0,467.0,1
12, 11, 364.0,467.0,1
11, 13, 887.0,1099.0,-1
13, 11, 887.0,1099.0,-1
11, 14, 559.0,606.0,-1
14, 11, 559.0,606.0,-1
11, 15, 540.0,719.0,1
15, 11, 540.0,719.0,1
11, 16, 836.0,1010.0,-1
16, 11, 836.0,1010.0,-1
11, 11, 0.0,0.0,1
12, 13, 525.0,633.0,-1
13, 12, 525.0,633.0,-1
12, 14, 583.0,823.0,-1
14, 12, 583.0,823.0,-1
12, 15, 385.0,501.0,-1
15, 12, 385.0,501.0,-1
12, 16, 476.0,544.0,1
16, 12, 476.0,544.0,1
12, 12, 0.0,0.0,1
13, 14, 952.0,1209.0,-1
14, 13, 952.0,1209.0,-1
13, 15, 602.0,843.0,1
15, 13, 602.0,843.0,1
13, 16, 64.0,90.0,-1
16, 13, 64.0,90.0,-1
13, 13, 0.0,0.0,1
14, 15, 953.0,1324.0,-1
15, 14, 953.0,1324.0,-1
14, 16, 933.0,1220.0,-1
16, 14, 933.0,1220.0,-1
14, 14, 0.0,0.0,1
15, 16, 538.0,753.0,-1
16, 15, 538.0,753.0,-1
15, 15, 0.0,0.0,1
16, 16, 0.0,0.0,1


<end>