<number of nodes>
16

<ratio of available edges>
0.3

<max length of the drone flight>
100000 

<D 2/3>
1, 2, 5, 6, 7, 8, 9, 11, 12, 14, 15

<V>
5, 7, 11, 14, 15

<coordinates X,Y>
697.2894933658662, 649.6202304978864
91.3313035738469, 205.91481670120626
291.8681336653949, 8.509715062721492
742.7189995478057, 220.13590164824552
206.8249536929672, 94.79616437439682
741.2970465698833, 458.04850253123857
17.665800215779367, 189.26486852099472
20.270252277944053, 676.8851663724791
819.1337439278232, 230.13804324355817
180.05576319838178, 309.14055317720937
75.02074715297734, 826.2972888229801
722.398316140558, 483.84750616224744
984.3624352054313, 206.33913514495566
260.42810731595307, 955.3660782506317
827.2222950404619, 74.62193546675427
930.2604688535389, 813.8515974147076

<adjacency matrix with truck distances>
1, 2, 752.0,1050.0,-1
2, 1, 752.0,1050.0,-1
1, 3, 759.0,1047.0,-1
3, 1, 759.0,1047.0,-1
1, 4, 432.0,475.0,1
4, 1, 432.0,475.0,1
1, 5, 741.0,1046.0,-1
5, 1, 741.0,1046.0,-1
1, 6, 197.0,236.0,-1
6, 1, 197.0,236.0,-1
1, 7, 821.0,1140.0,-1
7, 1, 821.0,1140.0,-1
1, 8, 678.0,705.0,1
8, 1, 678.0,705.0,1
1, 9, 437.0,542.0,-1
9, 1, 437.0,542.0,-1
1, 10, 620.0,858.0,1
10, 1, 620.0,858.0,1
1, 11, 647.0,799.0,1
11, 1, 647.0,799.0,1
1, 12, 168.0,191.0,-1
12, 1, 168.0,191.0,-1
1, 13, 529.0,731.0,-1
13, 1, 529.0,731.0,-1
1, 14, 534.0,743.0,1
14, 1, 534.0,743.0,1
1, 15, 590.0,705.0,1
15, 1, 590.0,705.0,1
1, 16, 286.0,398.0,1
16, 1, 286.0,398.0,1
1, 1, 0.0,0.0,1
2, 3, 282.0,398.0,-1
3, 2, 282.0,398.0,-1
2, 4, 652.0,666.0,-1
4, 2, 652.0,666.0,-1
2, 5, 161.0,227.0,-1
5, 2, 161.0,227.0,-1
2, 6, 698.0,903.0,-1
6, 2, 698.0,903.0,-1
2, 7, 76.0,91.0,-1
7, 2, 76.0,91.0,-1
2, 8, 477.0,543.0,-1
8, 2, 477.0,543.0,-1
2, 9, 729.0,753.0,-1
9, 2, 729.0,753.0,-1
2, 10, 137.0,192.0,1
10, 2, 137.0,192.0,1
2, 11, 621.0,637.0,-1
11, 2, 621.0,637.0,-1
2, 12, 690.0,909.0,-1
12, 2, 690.0,909.0,-1
2, 13, 894.0,894.0,-1
13, 2, 894.0,894.0,-1
2, 14, 769.0,919.0,-1
14, 2, 769.0,919.0,-1
2, 15, 748.0,868.0,-1
15, 2, 748.0,868.0,-1
2, 16, 1037.0,1447.0,-1
16, 2, 1037.0,1447.0,-1
2, 2, 0.0,0.0,1
3, 4, 499.0,663.0,-1
4, 3, 499.0,663.0,-1
3, 5, 122.0,172.0,-1
5, 3, 122.0,172.0,-1
3, 6, 636.0,899.0,1
6, 3, 636.0,899.0,1
3, 7, 329.0,455.0,1
7, 3, 329.0,455.0,1
3, 8, 722.0,940.0,-1
8, 3, 722.0,940.0,-1
3, 9, 572.0,749.0,-1
9, 3, 572.0,749.0,-1
3, 10, 321.0,413.0,-1
10, 3, 321.0,413.0,-1
3, 11, 847.0,1035.0,-1
11, 3, 847.0,1035.0,-1
3, 12, 642.0,906.0,-1
12, 3, 642.0,906.0,-1
3, 13, 721.0,891.0,-1
13, 3, 721.0,891.0,-1
3, 14, 948.0,979.0,-1
14, 3, 948.0,979.0,-1
3, 15, 540.0,602.0,-1
15, 3, 540.0,602.0,-1
3, 16, 1028.0,1444.0,-1
16, 3, 1028.0,1444.0,-1
3, 3, 0.0,0.0,1
4, 5, 551.0,662.0,-1
5, 4, 551.0,662.0,-1
4, 6, 238.0,240.0,1
6, 4, 238.0,240.0,1
4, 7, 726.0,756.0,1
7, 4, 726.0,756.0,1
4, 8, 855.0,1180.0,-1
8, 4, 855.0,1180.0,-1
4, 9, 78.0,87.0,-1
9, 4, 78.0,87.0,-1
4, 10, 570.0,652.0,-1
10, 4, 570.0,652.0,-1
4, 11, 902.0,1274.0,-1
11, 4, 902.0,1274.0,-1
4, 12, 265.0,285.0,1
12, 4, 265.0,285.0,1
4, 13, 243.0,256.0,-1
13, 4, 243.0,256.0,-1
4, 14, 880.0,1218.0,-1
14, 4, 880.0,1218.0,-1
4, 15, 169.0,231.0,1
15, 4, 169.0,231.0,1
4, 16, 623.0,782.0,-1
16, 4, 623.0,782.0,-1
4, 4, 0.0,0.0,1
5, 6, 647.0,898.0,1
6, 5, 647.0,898.0,1
5, 7, 212.0,284.0,-1
7, 5, 212.0,284.0,-1
5, 8, 612.0,769.0,1
8, 5, 612.0,769.0,1
5, 9, 628.0,748.0,-1
9, 5, 628.0,748.0,-1
5, 10, 217.0,242.0,-1
10, 5, 217.0,242.0,-1
5, 11, 744.0,864.0,-1
11, 5, 744.0,864.0,-1
5, 12, 646.0,905.0,-1
12, 5, 646.0,905.0,-1
5, 13, 786.0,890.0,-1
13, 5, 786.0,890.0,-1
5, 14, 863.0,915.0,1
14, 5, 863.0,915.0,1
5, 15, 621.0,641.0,-1
15, 5, 621.0,641.0,-1
5, 16, 1020.0,1443.0,1
16, 5, 1020.0,1443.0,1
5, 5, 0.0,0.0,1
6, 7, 772.0,993.0,-1
7, 6, 772.0,993.0,-1
6, 8, 754.0,940.0,-1
8, 6, 754.0,940.0,-1
6, 9, 241.0,306.0,-1
9, 6, 241.0,306.0,-1
6, 10, 581.0,711.0,-1
10, 6, 581.0,711.0,-1
6, 11, 762.0,1035.0,-1
11, 6, 762.0,1035.0,-1
6, 12, 32.0,45.0,1
12, 6, 32.0,45.0,1
6, 13, 350.0,495.0,1
13, 6, 350.0,495.0,1
6, 14, 692.0,979.0,-1
14, 6, 692.0,979.0,-1
6, 15, 393.0,470.0,-1
15, 6, 393.0,470.0,-1
6, 16, 403.0,545.0,1
16, 6, 403.0,545.0,1
6, 6, 0.0,0.0,1
7, 8, 488.0,491.0,-1
8, 7, 488.0,491.0,-1
7, 9, 803.0,843.0,1
9, 7, 803.0,843.0,1
7, 10, 202.0,283.0,-1
10, 7, 202.0,283.0,-1
7, 11, 640.0,695.0,-1
11, 7, 640.0,695.0,-1
7, 12, 764.0,1000.0,1
12, 7, 764.0,1000.0,1
7, 13, 967.0,984.0,-1
13, 7, 967.0,984.0,-1
7, 14, 804.0,1009.0,-1
14, 7, 804.0,1009.0,-1
7, 15, 818.0,925.0,-1
15, 7, 818.0,925.0,-1
7, 16, 1106.0,1538.0,1
16, 7, 1106.0,1538.0,1
7, 7, 0.0,0.0,1
8, 9, 916.0,1246.0,1
9, 8, 916.0,1246.0,1
8, 10, 401.0,528.0,-1
10, 8, 401.0,528.0,-1
8, 11, 160.0,205.0,-1
11, 8, 160.0,205.0,-1
8, 12, 729.0,896.0,1
12, 8, 729.0,896.0,1
8, 13, 1073.0,1435.0,-1
13, 8, 1073.0,1435.0,-1
8, 14, 368.0,519.0,-1
14, 8, 368.0,519.0,-1
8, 15, 1007.0,1410.0,-1
15, 8, 1007.0,1410.0,-1
8, 16, 921.0,1047.0,-1
16, 8, 921.0,1047.0,-1
8, 8, 0.0,0.0,1
9, 10, 644.0,719.0,1
10, 9, 644.0,719.0,1
9, 11, 954.0,1341.0,-1
11, 9, 954.0,1341.0,-1
9, 12, 272.0,351.0,-1
12, 9, 272.0,351.0,-1
9, 13, 167.0,190.0,-1
13, 9, 167.0,190.0,-1
9, 14, 916.0,1284.0,-1
14, 9, 916.0,1284.0,-1
9, 15, 156.0,164.0,1
15, 9, 156.0,164.0,1
9, 16, 595.0,695.0,1
16, 9, 595.0,695.0,1
9, 9, 0.0,0.0,1
10, 11, 528.0,623.0,1
11, 10, 528.0,623.0,1
10, 12, 570.0,718.0,1
12, 10, 570.0,718.0,1
10, 13, 811.0,908.0,-1
13, 10, 811.0,908.0,-1
10, 14, 652.0,727.0,-1
14, 10, 652.0,727.0,-1
10, 15, 689.0,882.0,1
15, 10, 689.0,882.0,1
10, 16, 905.0,1255.0,-1
16, 10, 905.0,1255.0,-1
10, 10, 0.0,0.0,1
11, 12, 733.0,990.0,1
12, 11, 733.0,990.0,1
11, 13, 1101.0,1530.0,1
13, 11, 1101.0,1530.0,1
11, 14, 226.0,315.0,-1
14, 11, 226.0,315.0,-1
11, 15, 1064.0,1504.0,-1
15, 11, 1064.0,1504.0,-1
11, 16, 856.0,868.0,-1
16, 11, 856.0,868.0,-1
11, 11, 0.0,0.0,1
12, 13, 382.0,540.0,-1
13, 12, 382.0,540.0,-1
12, 14, 661.0,934.0,1
14, 12, 661.0,934.0,1
12, 15, 423.0,515.0,-1
15, 12, 423.0,515.0,-1
12, 16, 391.0,538.0,-1
16, 12, 391.0,538.0,-1
12, 12, 0.0,0.0,1
13, 14, 1042.0,1473.0,-1
14, 13, 1042.0,1473.0,-1
13, 15, 206.0,289.0,1
15, 13, 206.0,289.0,1
13, 16, 610.0,662.0,-1
16, 13, 610.0,662.0,-1
13, 13, 0.0,0.0,1
14, 15, 1048.0,1448.0,-1
15, 14, 1048.0,1448.0,-1
14, 16, 685.0,812.0,-1
16, 14, 685.0,812.0,-1
14, 14, 0.0,0.0,1
15, 16, 747.0,843.0,-1
16, 15, 747.0,843.0,-1
15, 15, 0.0,0.0,1
16, 16, 0.0,0.0,1


<end>