<number of nodes>
16

<ratio of available edges>
0.3

<max length of the drone flight>
100000 

<D 2/3>
1, 3, 5, 6, 7, 8, 9, 10, 11, 13, 14

<V>
5, 6, 7, 13, 14

<coordinates X,Y>
5.148225976487103, 975.4799365565513
212.27574244635144, 293.6573503963428
304.3162622682766, 279.8078796955123
431.67466485845483, 662.6146007118069
876.9381350012449, 538.4545174647628
899.2645819961346, 63.463922170595026
445.2313492371595, 24.262175662078025
266.96611612443843, 53.44888488589676
970.6237439984119, 990.2555496825071
224.81039607917128, 850.2681736259808
-0.4006666148666538, 699.0083666561591
431.6377342575333, 136.46387827969542
533.9640938870866, 859.678073156389
88.16102921579476, 683.5422968583229
746.3100531401964, 898.8070948167139
820.3205510047646, 11.11382244827198

<adjacency matrix with truck distances>
1, 2, 713.0,889.0,-1
2, 1, 713.0,889.0,-1
1, 3, 758.0,995.0,1
3, 1, 758.0,995.0,1
1, 4, 529.0,740.0,-1
4, 1, 529.0,740.0,-1
1, 5, 976.0,1309.0,1
5, 1, 976.0,1309.0,1
1, 6, 1278.0,1807.0,-1
6, 1, 1278.0,1807.0,-1
1, 7, 1049.0,1392.0,-1
7, 1, 1049.0,1392.0,-1
1, 8, 959.0,1184.0,-1
8, 1, 959.0,1184.0,-1
1, 9, 966.0,981.0,-1
9, 1, 966.0,981.0,-1
1, 10, 253.0,345.0,1
10, 1, 253.0,345.0,1
1, 11, 277.0,283.0,-1
11, 1, 277.0,283.0,-1
1, 12, 942.0,1266.0,1
12, 1, 942.0,1266.0,1
1, 13, 542.0,645.0,1
13, 1, 542.0,645.0,1
1, 14, 304.0,375.0,-1
14, 1, 304.0,375.0,-1
1, 15, 746.0,818.0,-1
15, 1, 746.0,818.0,-1
1, 16, 1263.0,1780.0,-1
16, 1, 1263.0,1780.0,-1
1, 1, 0.0,0.0,1
2, 3, 94.0,106.0,1
3, 2, 94.0,106.0,1
2, 4, 430.0,589.0,-1
4, 2, 430.0,589.0,-1
2, 5, 709.0,910.0,-1
5, 2, 709.0,910.0,-1
2, 6, 725.0,918.0,-1
6, 2, 725.0,918.0,-1
2, 7, 357.0,503.0,-1
7, 2, 357.0,503.0,-1
2, 8, 247.0,295.0,-1
8, 2, 247.0,295.0,-1
2, 9, 1030.0,1455.0,-1
9, 2, 1030.0,1455.0,-1
2, 10, 557.0,570.0,1
10, 2, 557.0,570.0,1
2, 11, 458.0,619.0,-1
11, 2, 458.0,619.0,-1
2, 12, 270.0,377.0,-1
12, 2, 270.0,377.0,-1
2, 13, 652.0,888.0,-1
13, 2, 652.0,888.0,-1
2, 14, 410.0,514.0,-1
14, 2, 410.0,514.0,-1
2, 15, 808.0,1140.0,-1
15, 2, 808.0,1140.0,-1
2, 16, 671.0,891.0,1
16, 2, 671.0,891.0,1
2, 2, 0.0,0.0,1
3, 4, 404.0,511.0,-1
4, 3, 404.0,511.0,-1
3, 5, 629.0,832.0,1
5, 3, 629.0,832.0,1
3, 6, 634.0,812.0,1
6, 3, 634.0,812.0,1
3, 7, 292.0,397.0,-1
7, 3, 292.0,397.0,-1
3, 8, 230.0,264.0,-1
8, 3, 230.0,264.0,-1
3, 9, 975.0,1377.0,-1
9, 3, 975.0,1377.0,-1
3, 10, 576.0,650.0,-1
10, 3, 576.0,650.0,-1
3, 11, 519.0,724.0,-1
11, 3, 519.0,724.0,-1
3, 12, 192.0,271.0,-1
12, 3, 192.0,271.0,-1
3, 13, 624.0,810.0,-1
13, 3, 624.0,810.0,-1
3, 14, 458.0,620.0,-1
14, 3, 458.0,620.0,-1
3, 15, 761.0,1061.0,1
15, 3, 761.0,1061.0,1
3, 16, 582.0,785.0,1
16, 3, 582.0,785.0,1
3, 3, 0.0,0.0,1
4, 5, 463.0,570.0,-1
5, 4, 463.0,570.0,-1
4, 6, 761.0,1067.0,-1
6, 4, 761.0,1067.0,-1
4, 7, 639.0,652.0,-1
7, 4, 639.0,652.0,-1
4, 8, 632.0,774.0,1
8, 4, 632.0,774.0,1
4, 9, 631.0,867.0,-1
9, 4, 631.0,867.0,-1
4, 10, 280.0,395.0,1
10, 4, 280.0,395.0,1
4, 11, 434.0,469.0,-1
11, 4, 434.0,469.0,-1
4, 12, 527.0,527.0,-1
12, 4, 527.0,527.0,-1
4, 13, 223.0,300.0,1
13, 4, 223.0,300.0,1
4, 14, 345.0,365.0,-1
14, 4, 345.0,365.0,-1
4, 15, 394.0,551.0,-1
15, 4, 394.0,551.0,-1
4, 16, 759.0,1041.0,1
16, 4, 759.0,1041.0,1
4, 4, 0.0,0.0,1
5, 6, 476.0,498.0,1
6, 5, 476.0,498.0,1
5, 7, 672.0,946.0,-1
7, 5, 672.0,946.0,-1
5, 8, 780.0,1095.0,-1
8, 5, 780.0,1095.0,-1
5, 9, 462.0,546.0,-1
9, 5, 462.0,546.0,-1
5, 10, 723.0,964.0,-1
10, 5, 723.0,964.0,-1
5, 11, 892.0,1038.0,-1
11, 5, 892.0,1038.0,-1
5, 12, 600.0,848.0,-1
12, 5, 600.0,848.0,-1
5, 13, 470.0,665.0,-1
13, 5, 470.0,665.0,-1
5, 14, 803.0,934.0,-1
14, 5, 803.0,934.0,-1
5, 15, 384.0,491.0,-1
15, 5, 384.0,491.0,-1
5, 16, 531.0,584.0,1
16, 5, 531.0,584.0,1
5, 5, 0.0,0.0,1
6, 7, 456.0,494.0,1
7, 6, 456.0,494.0,1
6, 8, 633.0,643.0,-1
8, 6, 633.0,643.0,-1
6, 9, 930.0,999.0,1
9, 6, 930.0,999.0,1
6, 10, 1037.0,1462.0,1
10, 6, 1037.0,1462.0,1
6, 11, 1102.0,1536.0,-1
11, 6, 1102.0,1536.0,-1
6, 12, 474.0,541.0,-1
12, 6, 474.0,541.0,-1
6, 13, 877.0,1162.0,-1
13, 6, 877.0,1162.0,-1
6, 14, 1021.0,1432.0,-1
14, 6, 1021.0,1432.0,-1
6, 15, 850.0,989.0,1
15, 6, 850.0,989.0,1
6, 16, 95.0,132.0,-1
16, 6, 95.0,132.0,-1
6, 6, 0.0,0.0,1
7, 8, 181.0,208.0,-1
8, 7, 181.0,208.0,-1
7, 9, 1100.0,1492.0,-1
9, 7, 1100.0,1492.0,-1
7, 10, 855.0,1047.0,-1
10, 7, 855.0,1047.0,-1
7, 11, 809.0,1121.0,1
11, 7, 809.0,1121.0,1
7, 12, 114.0,126.0,-1
12, 7, 114.0,126.0,-1
7, 13, 841.0,925.0,-1
13, 7, 841.0,925.0,-1
7, 14, 750.0,1017.0,1
14, 7, 750.0,1017.0,1
7, 15, 925.0,1176.0,-1
15, 7, 925.0,1176.0,-1
7, 16, 376.0,389.0,-1
16, 7, 376.0,389.0,-1
7, 7, 0.0,0.0,1
8, 9, 1172.0,1641.0,-1
9, 8, 1172.0,1641.0,-1
8, 10, 798.0,839.0,1
10, 8, 798.0,839.0,1
8, 11, 699.0,913.0,-1
11, 8, 699.0,913.0,-1
8, 12, 185.0,248.0,-1
12, 8, 185.0,248.0,-1
8, 13, 850.0,1074.0,1
13, 8, 850.0,1074.0,1
8, 14, 655.0,809.0,-1
14, 8, 655.0,809.0,-1
8, 15, 972.0,1325.0,1
15, 8, 972.0,1325.0,1
8, 16, 555.0,596.0,1
16, 8, 555.0,596.0,1
8, 8, 0.0,0.0,1
9, 10, 759.0,886.0,1
10, 9, 759.0,886.0,1
9, 11, 1014.0,1263.0,-1
11, 9, 1014.0,1263.0,-1
9, 12, 1010.0,1393.0,-1
12, 9, 1010.0,1393.0,-1
9, 13, 456.0,568.0,-1
13, 9, 456.0,568.0,-1
9, 14, 935.0,1190.0,-1
14, 9, 935.0,1190.0,-1
9, 15, 243.0,316.0,-1
15, 9, 243.0,316.0,-1
9, 16, 991.0,1130.0,1
16, 9, 991.0,1130.0,1
9, 9, 0.0,0.0,1
10, 11, 272.0,377.0,-1
11, 10, 272.0,377.0,-1
10, 12, 744.0,921.0,-1
12, 10, 744.0,921.0,-1
10, 13, 310.0,319.0,-1
13, 10, 310.0,319.0,-1
10, 14, 216.0,304.0,-1
14, 10, 216.0,304.0,-1
10, 15, 524.0,571.0,1
15, 10, 524.0,571.0,1
10, 16, 1029.0,1435.0,1
16, 10, 1029.0,1435.0,1
10, 10, 0.0,0.0,1
11, 12, 710.0,995.0,-1
12, 11, 710.0,995.0,-1
11, 13, 558.0,696.0,-1
13, 11, 558.0,696.0,-1
11, 14, 90.0,105.0,-1
14, 11, 90.0,105.0,-1
11, 15, 773.0,947.0,-1
15, 11, 773.0,947.0,-1
11, 16, 1071.0,1509.0,-1
16, 11, 1071.0,1509.0,-1
11, 11, 0.0,0.0,1
12, 13, 731.0,826.0,1
13, 12, 731.0,826.0,1
12, 14, 646.0,891.0,-1
14, 12, 646.0,891.0,-1
12, 15, 825.0,1078.0,-1
15, 12, 825.0,1078.0,-1
12, 16, 409.0,515.0,1
16, 12, 409.0,515.0,1
12, 12, 0.0,0.0,1
13, 14, 480.0,622.0,-1
14, 13, 480.0,622.0,-1
13, 15, 216.0,252.0,-1
15, 13, 216.0,252.0,-1
13, 16, 896.0,1135.0,-1
16, 13, 896.0,1135.0,-1
13, 13, 0.0,0.0,1
14, 15, 693.0,874.0,1
15, 14, 693.0,874.0,1
14, 16, 995.0,1405.0,1
16, 14, 995.0,1405.0,1
14, 14, 0.0,0.0,1
15, 16, 891.0,962.0,-1
16, 15, 891.0,962.0,-1
15, 15, 0.0,0.0,1
16, 16, 0.0,0.0,1


<end>