<number of nodes>
16

<ratio of available edges>
0.3

<max length of the drone flight>
100000 

<D 2/3>
1, 2, 3, 6, 9, 10, 11, 12, 14, 15, 16

<V>
2, 3, 6, 11, 14

<coordinates X,Y>
487.3690080355062, 563.2831909766014
233.00512224550323, 500.5686969997914
858.1672645871763, 251.333635418875
706.2162331019487, 635.3649655536874
352.4921054234589, 448.9444605388086
455.8398756775872, 263.7614114152844
833.1235984909166, 446.37414334663606
177.2640456796876, 816.0416839850247
815.0145392918247, 807.0180303468728
295.9740468532, 439.88021610937886
755.1786425251687, 663.026150220365
309.8286318698554, 530.8071748818754
864.009467034863, 576.781543699163
879.2767534605125, 160.3707296275371
640.7898931248145, 426.7540291321426
915.8695395468762, 537.2860941388118

<adjacency matrix with truck distances>
1, 2, 262.0,318.0,1
2, 1, 262.0,318.0,1
1, 3, 485.0,683.0,-1
3, 1, 485.0,683.0,-1
1, 4, 231.0,291.0,-1
4, 1, 231.0,291.0,-1
1, 5, 177.0,250.0,-1
5, 1, 177.0,250.0,-1
1, 6, 302.0,332.0,1
6, 1, 302.0,332.0,1
1, 7, 365.0,463.0,-1
7, 1, 365.0,463.0,-1
1, 8, 401.0,563.0,-1
8, 1, 401.0,563.0,-1
1, 9, 409.0,572.0,-1
9, 1, 409.0,572.0,-1
1, 10, 228.0,315.0,1
10, 1, 228.0,315.0,1
1, 11, 286.0,368.0,1
11, 1, 286.0,368.0,1
1, 12, 181.0,211.0,1
12, 1, 181.0,211.0,1
1, 13, 377.0,391.0,1
13, 1, 377.0,391.0,1
1, 14, 563.0,795.0,-1
14, 1, 563.0,795.0,-1
1, 15, 206.0,290.0,-1
15, 1, 206.0,290.0,-1
1, 16, 430.0,455.0,-1
16, 1, 430.0,455.0,-1
1, 1, 0.0,0.0,1
2, 3, 674.0,875.0,-1
3, 2, 674.0,875.0,-1
2, 4, 493.0,609.0,1
4, 2, 493.0,609.0,1
2, 5, 131.0,172.0,1
5, 2, 131.0,172.0,1
2, 6, 326.0,460.0,-1
6, 2, 326.0,460.0,-1
2, 7, 603.0,655.0,1
7, 2, 603.0,655.0,1
2, 8, 321.0,372.0,-1
8, 2, 321.0,372.0,-1
2, 9, 658.0,889.0,-1
9, 2, 658.0,889.0,-1
2, 10, 88.0,124.0,-1
10, 2, 88.0,124.0,-1
2, 11, 547.0,685.0,-1
11, 2, 547.0,685.0,-1
2, 12, 83.0,108.0,1
12, 2, 83.0,108.0,1
2, 13, 636.0,708.0,-1
13, 2, 636.0,708.0,-1
2, 14, 731.0,987.0,-1
14, 2, 731.0,987.0,-1
2, 15, 415.0,482.0,-1
15, 2, 415.0,482.0,-1
2, 16, 684.0,720.0,1
16, 2, 684.0,720.0,1
2, 2, 0.0,0.0,1
3, 4, 414.0,536.0,-1
4, 3, 414.0,536.0,-1
3, 5, 543.0,704.0,1
5, 3, 543.0,704.0,1
3, 6, 403.0,415.0,1
6, 3, 403.0,415.0,1
3, 7, 197.0,221.0,-1
7, 3, 197.0,221.0,-1
3, 8, 885.0,1246.0,1
8, 3, 885.0,1246.0,1
3, 9, 558.0,599.0,-1
9, 3, 558.0,599.0,-1
3, 10, 593.0,751.0,-1
10, 3, 593.0,751.0,-1
3, 11, 425.0,515.0,-1
11, 3, 425.0,515.0,-1
3, 12, 616.0,828.0,-1
12, 3, 616.0,828.0,-1
3, 13, 326.0,332.0,-1
13, 3, 326.0,332.0,-1
3, 14, 94.0,113.0,1
14, 3, 94.0,113.0,1
3, 15, 280.0,393.0,1
15, 3, 280.0,393.0,1
3, 16, 292.0,344.0,1
16, 3, 292.0,344.0,1
3, 3, 0.0,0.0,1
4, 5, 400.0,541.0,-1
5, 4, 400.0,541.0,-1
4, 6, 449.0,622.0,1
6, 4, 449.0,622.0,1
4, 7, 228.0,316.0,-1
7, 4, 228.0,316.0,-1
4, 8, 559.0,710.0,-1
8, 4, 559.0,710.0,-1
4, 9, 204.0,281.0,-1
9, 4, 204.0,281.0,-1
4, 10, 455.0,606.0,-1
10, 4, 455.0,606.0,-1
4, 11, 57.0,77.0,1
11, 4, 57.0,77.0,1
4, 12, 410.0,501.0,-1
12, 4, 410.0,501.0,-1
4, 13, 169.0,217.0,-1
13, 4, 169.0,217.0,-1
4, 14, 506.0,649.0,1
14, 4, 506.0,649.0,1
4, 15, 219.0,275.0,-1
15, 4, 219.0,275.0,-1
4, 16, 232.0,308.0,-1
16, 4, 232.0,308.0,-1
4, 4, 0.0,0.0,1
5, 6, 213.0,289.0,-1
6, 5, 213.0,289.0,-1
5, 7, 481.0,484.0,-1
7, 5, 481.0,484.0,-1
5, 8, 407.0,543.0,1
8, 5, 407.0,543.0,1
5, 9, 585.0,821.0,-1
9, 5, 585.0,821.0,-1
5, 10, 58.0,66.0,1
10, 5, 58.0,66.0,1
5, 11, 457.0,617.0,-1
11, 5, 457.0,617.0,-1
5, 12, 93.0,125.0,-1
12, 5, 93.0,125.0,-1
5, 13, 528.0,640.0,1
13, 5, 528.0,640.0,1
5, 14, 601.0,816.0,-1
14, 5, 601.0,816.0,-1
5, 15, 290.0,311.0,1
15, 5, 290.0,311.0,1
5, 16, 571.0,652.0,-1
16, 5, 571.0,652.0,-1
5, 5, 0.0,0.0,1
6, 7, 420.0,560.0,-1
7, 6, 420.0,560.0,-1
6, 8, 619.0,831.0,-1
8, 6, 619.0,831.0,-1
6, 9, 652.0,903.0,-1
9, 6, 652.0,903.0,-1
6, 10, 238.0,336.0,-1
10, 6, 238.0,336.0,-1
6, 11, 500.0,699.0,-1
11, 6, 500.0,699.0,-1
6, 12, 305.0,414.0,-1
12, 6, 305.0,414.0,-1
6, 13, 515.0,722.0,-1
13, 6, 515.0,722.0,-1
6, 14, 436.0,527.0,-1
14, 6, 436.0,527.0,-1
6, 15, 247.0,348.0,-1
15, 6, 247.0,348.0,-1
6, 16, 536.0,734.0,-1
16, 6, 536.0,734.0,-1
6, 6, 0.0,0.0,1
7, 8, 753.0,1026.0,-1
8, 7, 753.0,1026.0,-1
7, 9, 362.0,379.0,-1
9, 7, 362.0,379.0,-1
7, 10, 538.0,544.0,-1
10, 7, 538.0,544.0,-1
7, 11, 231.0,295.0,-1
11, 7, 231.0,295.0,-1
7, 12, 531.0,608.0,-1
12, 7, 531.0,608.0,-1
7, 13, 135.0,162.0,1
13, 7, 135.0,162.0,1
7, 14, 290.0,333.0,1
14, 7, 290.0,333.0,1
7, 15, 194.0,212.0,-1
15, 7, 194.0,212.0,-1
7, 16, 123.0,174.0,-1
16, 7, 123.0,174.0,-1
7, 7, 0.0,0.0,1
8, 9, 638.0,647.0,-1
9, 8, 638.0,647.0,-1
8, 10, 395.0,495.0,-1
10, 8, 395.0,495.0,-1
8, 11, 598.0,731.0,-1
11, 8, 598.0,731.0,-1
8, 12, 315.0,418.0,-1
12, 8, 315.0,418.0,-1
8, 13, 728.0,927.0,-1
13, 8, 728.0,927.0,-1
8, 14, 961.0,1358.0,1
14, 8, 961.0,1358.0,1
8, 15, 606.0,853.0,-1
15, 8, 606.0,853.0,-1
8, 16, 790.0,1018.0,-1
16, 8, 790.0,1018.0,-1
8, 8, 0.0,0.0,1
9, 10, 636.0,887.0,-1
10, 9, 636.0,887.0,-1
9, 11, 156.0,204.0,-1
11, 9, 156.0,204.0,-1
9, 12, 576.0,782.0,-1
12, 9, 576.0,782.0,-1
9, 13, 236.0,280.0,1
13, 9, 236.0,280.0,1
9, 14, 650.0,711.0,-1
14, 9, 650.0,711.0,-1
9, 15, 419.0,555.0,-1
15, 9, 419.0,555.0,-1
9, 16, 288.0,371.0,1
16, 9, 288.0,371.0,1
9, 9, 0.0,0.0,1
10, 11, 511.0,683.0,1
11, 10, 511.0,683.0,1
10, 12, 92.0,105.0,-1
12, 10, 92.0,105.0,-1
10, 13, 585.0,705.0,-1
13, 10, 585.0,705.0,-1
10, 14, 647.0,863.0,1
14, 10, 647.0,863.0,1
10, 15, 346.0,358.0,-1
15, 10, 346.0,358.0,-1
10, 16, 628.0,718.0,-1
16, 10, 628.0,718.0,-1
10, 10, 0.0,0.0,1
11, 12, 465.0,578.0,1
12, 11, 465.0,578.0,1
11, 13, 139.0,196.0,-1
13, 11, 139.0,196.0,-1
11, 14, 518.0,627.0,-1
14, 11, 518.0,627.0,-1
11, 15, 263.0,351.0,-1
15, 11, 263.0,351.0,-1
11, 16, 205.0,287.0,-1
16, 11, 205.0,287.0,-1
11, 11, 0.0,0.0,1
12, 13, 557.0,601.0,1
13, 12, 557.0,601.0,1
12, 14, 680.0,940.0,-1
14, 12, 680.0,940.0,-1
12, 15, 347.0,436.0,1
15, 12, 347.0,436.0,1
12, 16, 607.0,613.0,-1
16, 12, 607.0,613.0,-1
12, 12, 0.0,0.0,1
13, 14, 417.0,432.0,-1
14, 13, 417.0,432.0,-1
13, 15, 269.0,374.0,1
15, 13, 269.0,374.0,1
13, 16, 66.0,92.0,-1
16, 13, 66.0,92.0,-1
13, 13, 0.0,0.0,1
14, 15, 358.0,505.0,-1
15, 14, 358.0,505.0,-1
14, 16, 379.0,414.0,-1
16, 14, 379.0,414.0,-1
14, 14, 0.0,0.0,1
15, 16, 297.0,386.0,1
16, 15, 297.0,386.0,1
15, 15, 0.0,0.0,1
16, 16, 0.0,0.0,1


<end>