<number of nodes>
16

<ratio of available edges>
0.3

<max length of the drone flight>
100000 

<D 2/3>
1, 4, 7, 8, 10, 11, 12, 13, 14, 15, 16

<V>
8, 12, 13, 15, 16

<coordinates X,Y>
451.0505031614732, 846.0509489622732
161.46474037630387, 166.59117760415631
650.1114931064, 198.20037857910822
12.193271976060533, 824.561777741477
665.9393326668468, 105.00490120009378
728.845591091762, 258.0714114034576
50.203245897094824, 385.7338781021291
792.792811419318, 878.9413348950937
366.34738947306084, 837.1312175767005
494.55052663012344, 77.1990697399112
212.74649578508124, 756.8641729880345
787.9497775608689, 165.5004062679046
120.27430741416818, 788.2868933722555
252.8025445631952, 774.3851750734362
37.43139295967882, 409.47552592870346
683.751005634321, 55.468882293491646

<adjacency matrix with truck distances>
1, 2, 739.0,970.0,-1
2, 1, 739.0,970.0,-1
1, 3, 678.0,847.0,-1
3, 1, 678.0,847.0,-1
1, 4, 440.0,461.0,-1
4, 1, 440.0,461.0,-1
1, 5, 772.0,956.0,1
5, 1, 772.0,956.0,1
1, 6, 651.0,866.0,-1
6, 1, 651.0,866.0,-1
1, 7, 611.0,862.0,-1
7, 1, 611.0,862.0,-1
1, 8, 344.0,375.0,1
8, 1, 344.0,375.0,1
1, 9, 86.0,94.0,-1
9, 1, 86.0,94.0,-1
1, 10, 771.0,813.0,-1
10, 1, 771.0,813.0,-1
1, 11, 255.0,328.0,-1
11, 1, 255.0,328.0,-1
1, 12, 760.0,1018.0,1
12, 1, 760.0,1018.0,1
1, 13, 336.0,389.0,1
13, 1, 336.0,389.0,1
1, 14, 211.0,270.0,-1
14, 1, 211.0,270.0,-1
1, 15, 602.0,851.0,-1
15, 1, 602.0,851.0,-1
1, 16, 825.0,1024.0,1
16, 1, 825.0,1024.0,1
1, 1, 0.0,0.0,1
2, 3, 490.0,521.0,-1
3, 2, 490.0,521.0,-1
2, 4, 675.0,808.0,-1
4, 2, 675.0,808.0,-1
2, 5, 509.0,567.0,-1
5, 2, 509.0,567.0,-1
2, 6, 575.0,659.0,-1
6, 2, 575.0,659.0,-1
2, 7, 246.0,331.0,-1
7, 2, 246.0,331.0,-1
2, 8, 952.0,1344.0,-1
8, 2, 952.0,1344.0,-1
2, 9, 702.0,876.0,-1
9, 2, 702.0,876.0,-1
2, 10, 345.0,423.0,-1
10, 2, 345.0,423.0,-1
2, 11, 593.0,642.0,1
11, 2, 593.0,642.0,1
2, 12, 627.0,628.0,-1
12, 2, 627.0,628.0,-1
2, 13, 624.0,663.0,1
13, 2, 624.0,663.0,1
2, 14, 615.0,700.0,-1
14, 2, 615.0,700.0,-1
2, 15, 273.0,367.0,1
15, 2, 273.0,367.0,1
2, 16, 534.0,634.0,-1
16, 2, 534.0,634.0,-1
2, 2, 0.0,0.0,1
3, 4, 895.0,1265.0,-1
4, 3, 895.0,1265.0,-1
3, 5, 95.0,110.0,-1
5, 3, 95.0,110.0,-1
3, 6, 99.0,139.0,1
6, 3, 99.0,139.0,1
3, 7, 629.0,788.0,-1
7, 3, 629.0,788.0,-1
3, 8, 696.0,824.0,-1
8, 3, 696.0,824.0,-1
3, 9, 700.0,923.0,-1
9, 3, 700.0,923.0,-1
3, 10, 198.0,277.0,-1
10, 3, 198.0,277.0,-1
3, 11, 710.0,997.0,-1
11, 3, 710.0,997.0,-1
3, 12, 142.0,171.0,-1
12, 3, 142.0,171.0,-1
3, 13, 794.0,1120.0,1
13, 3, 794.0,1120.0,1
3, 14, 700.0,974.0,1
14, 3, 700.0,974.0,1
3, 15, 649.0,824.0,-1
15, 3, 649.0,824.0,-1
3, 16, 147.0,177.0,1
16, 3, 147.0,177.0,1
3, 3, 0.0,0.0,1
4, 5, 973.0,1374.0,-1
5, 4, 973.0,1374.0,-1
4, 6, 914.0,1284.0,-1
6, 4, 914.0,1284.0,-1
4, 7, 441.0,477.0,-1
7, 4, 441.0,477.0,-1
4, 8, 783.0,835.0,1
8, 4, 783.0,835.0,1
4, 9, 355.0,367.0,1
9, 4, 355.0,367.0,1
4, 10, 890.0,1230.0,-1
10, 4, 890.0,1230.0,-1
4, 11, 212.0,269.0,-1
11, 4, 212.0,269.0,-1
4, 12, 1018.0,1435.0,1
12, 4, 1018.0,1435.0,1
4, 13, 115.0,145.0,1
13, 4, 115.0,145.0,1
4, 14, 246.0,291.0,-1
14, 4, 246.0,291.0,-1
4, 15, 416.0,441.0,-1
15, 4, 416.0,441.0,-1
4, 16, 1022.0,1441.0,-1
16, 4, 1022.0,1441.0,-1
4, 4, 0.0,0.0,1
5, 6, 166.0,216.0,-1
6, 5, 166.0,216.0,-1
5, 7, 677.0,897.0,-1
7, 5, 677.0,897.0,-1
5, 8, 785.0,901.0,-1
8, 5, 785.0,901.0,-1
5, 9, 792.0,1032.0,-1
9, 5, 792.0,1032.0,-1
5, 10, 174.0,200.0,-1
10, 5, 174.0,200.0,-1
5, 11, 794.0,1106.0,-1
11, 5, 794.0,1106.0,-1
5, 12, 137.0,183.0,1
12, 5, 137.0,183.0,1
5, 13, 875.0,1229.0,-1
13, 5, 875.0,1229.0,-1
5, 14, 787.0,1083.0,1
14, 5, 787.0,1083.0,1
5, 15, 699.0,933.0,-1
15, 5, 699.0,933.0,-1
5, 16, 53.0,68.0,-1
16, 5, 53.0,68.0,-1
5, 5, 0.0,0.0,1
6, 7, 691.0,807.0,-1
7, 6, 691.0,807.0,-1
6, 8, 625.0,685.0,1
8, 6, 625.0,685.0,1
6, 9, 684.0,942.0,-1
9, 6, 684.0,942.0,-1
6, 10, 296.0,416.0,-1
10, 6, 296.0,416.0,-1
6, 11, 718.0,1015.0,1
11, 6, 718.0,1015.0,1
6, 12, 110.0,152.0,-1
12, 6, 110.0,152.0,-1
6, 13, 808.0,1139.0,1
13, 6, 808.0,1139.0,1
6, 14, 703.0,993.0,1
14, 6, 703.0,993.0,1
6, 15, 708.0,843.0,-1
15, 6, 708.0,843.0,-1
6, 16, 208.0,248.0,-1
16, 6, 208.0,248.0,-1
6, 6, 0.0,0.0,1
7, 8, 892.0,1236.0,1
8, 7, 892.0,1236.0,1
7, 9, 552.0,768.0,-1
9, 7, 552.0,768.0,-1
7, 10, 541.0,753.0,1
10, 7, 541.0,753.0,1
7, 11, 406.0,534.0,-1
11, 7, 406.0,534.0,-1
7, 12, 770.0,958.0,-1
12, 7, 770.0,958.0,-1
7, 13, 409.0,473.0,1
13, 7, 409.0,473.0,1
7, 14, 439.0,592.0,-1
14, 7, 439.0,592.0,-1
7, 15, 27.0,37.0,1
15, 7, 27.0,37.0,1
7, 16, 715.0,964.0,-1
16, 7, 715.0,964.0,-1
7, 7, 0.0,0.0,1
8, 9, 429.0,469.0,-1
9, 8, 429.0,469.0,-1
8, 10, 856.0,1100.0,1
10, 8, 856.0,1100.0,1
8, 11, 593.0,703.0,-1
11, 8, 593.0,703.0,-1
8, 12, 714.0,719.0,1
12, 8, 714.0,719.0,1
8, 13, 679.0,764.0,-1
13, 8, 679.0,764.0,-1
8, 14, 551.0,645.0,-1
14, 8, 551.0,645.0,-1
8, 15, 890.0,1225.0,1
15, 8, 890.0,1225.0,1
8, 16, 831.0,933.0,-1
16, 8, 831.0,933.0,-1
8, 8, 0.0,0.0,1
9, 10, 771.0,889.0,-1
10, 9, 771.0,889.0,-1
9, 11, 174.0,234.0,-1
11, 9, 174.0,234.0,-1
9, 12, 793.0,1094.0,1
12, 9, 793.0,1094.0,1
9, 13, 251.0,295.0,-1
13, 9, 251.0,295.0,-1
9, 14, 130.0,177.0,-1
14, 9, 130.0,177.0,-1
9, 15, 540.0,757.0,-1
15, 9, 540.0,757.0,-1
9, 16, 844.0,1100.0,-1
16, 9, 844.0,1100.0,-1
9, 9, 0.0,0.0,1
10, 11, 736.0,962.0,-1
11, 10, 736.0,962.0,-1
10, 12, 307.0,382.0,-1
12, 10, 307.0,382.0,-1
10, 13, 804.0,1086.0,1
13, 10, 804.0,1086.0,1
10, 14, 738.0,939.0,1
14, 10, 738.0,939.0,1
10, 15, 566.0,790.0,-1
15, 10, 566.0,790.0,-1
10, 16, 191.0,211.0,-1
16, 10, 191.0,211.0,-1
10, 10, 0.0,0.0,1
11, 12, 825.0,1167.0,-1
12, 11, 825.0,1167.0,-1
11, 13, 98.0,124.0,-1
13, 11, 98.0,124.0,-1
11, 14, 44.0,58.0,1
14, 11, 44.0,58.0,1
11, 15, 390.0,523.0,1
15, 11, 390.0,523.0,1
11, 16, 845.0,1173.0,1
16, 11, 845.0,1173.0,1
11, 11, 0.0,0.0,1
12, 13, 914.0,1291.0,-1
13, 12, 914.0,1291.0,-1
12, 14, 811.0,1145.0,-1
14, 12, 811.0,1145.0,-1
12, 15, 790.0,995.0,-1
15, 12, 790.0,995.0,-1
12, 16, 152.0,215.0,-1
16, 12, 152.0,215.0,-1
12, 12, 0.0,0.0,1
13, 14, 134.0,147.0,1
14, 13, 134.0,147.0,1
13, 15, 388.0,462.0,-1
15, 13, 388.0,462.0,-1
13, 16, 925.0,1297.0,-1
16, 13, 925.0,1297.0,-1
13, 13, 0.0,0.0,1
14, 15, 424.0,581.0,-1
15, 14, 424.0,581.0,-1
14, 16, 839.0,1150.0,-1
16, 14, 839.0,1150.0,-1
14, 14, 0.0,0.0,1
15, 16, 737.0,1001.0,-1
16, 15, 737.0,1001.0,-1
15, 15, 0.0,0.0,1
16, 16, 0.0,0.0,1


<end>