<number of nodes>
16

<ratio of available edges>
0.3

<max length of the drone flight>
100000 

<D 2/3>
1, 2, 4, 5, 6, 7, 8, 12, 13, 14, 15

<V>
4, 6, 8, 12, 15

<coordinates X,Y>
775.4266999544832, 877.5560583417802
924.2035986340721, 4.310229870969401
951.5479115269427, 936.4565758103898
320.8965552913257, 416.07320071929394
22.1792314659931, 399.0008534462624
225.96225959273434, 290.8883120740123
474.5732965956367, 188.522763072449
885.5955861184897, 923.702596034022
248.5117571635724, 678.9719055907485
207.6677228742092, 897.7296398332905
637.4052028702123, 471.8396910093694
723.4223320273735, 51.55353822033941
493.00257572562805, 462.9644808945295
484.88978505883273, 924.9754863793788
674.5711331948197, 494.75526689939153
720.2982817558315, 25.37241622723531

<adjacency matrix with truck distances>
1, 2, 886.0,1023.0,-1
2, 1, 886.0,1023.0,-1
1, 3, 186.0,236.0,-1
3, 1, 186.0,236.0,-1
1, 4, 648.0,917.0,1
4, 1, 648.0,917.0,1
1, 5, 893.0,1232.0,1
5, 1, 893.0,1232.0,1
1, 6, 804.0,1137.0,-1
6, 1, 804.0,1137.0,-1
1, 7, 752.0,990.0,-1
7, 1, 752.0,990.0,-1
1, 8, 120.0,157.0,1
8, 1, 120.0,157.0,1
1, 9, 564.0,726.0,-1
9, 1, 564.0,726.0,-1
1, 10, 569.0,588.0,1
10, 1, 569.0,588.0,1
1, 11, 429.0,544.0,-1
11, 1, 429.0,544.0,-1
1, 12, 828.0,879.0,1
12, 1, 828.0,879.0,1
1, 13, 502.0,698.0,-1
13, 1, 502.0,698.0,-1
1, 14, 295.0,338.0,-1
14, 1, 295.0,338.0,-1
1, 15, 396.0,484.0,-1
15, 1, 396.0,484.0,-1
1, 16, 854.0,908.0,1
16, 1, 854.0,908.0,1
1, 1, 0.0,0.0,1
2, 3, 933.0,960.0,-1
3, 2, 933.0,960.0,-1
2, 4, 731.0,1016.0,1
4, 2, 731.0,1016.0,1
2, 5, 985.0,1297.0,-1
5, 2, 985.0,1297.0,-1
2, 6, 755.0,985.0,1
6, 2, 755.0,985.0,1
2, 7, 486.0,634.0,-1
7, 2, 486.0,634.0,-1
2, 8, 921.0,959.0,1
8, 2, 921.0,959.0,1
2, 9, 955.0,1351.0,-1
9, 2, 955.0,1351.0,-1
2, 10, 1146.0,1610.0,-1
10, 2, 1146.0,1610.0,-1
2, 11, 549.0,755.0,-1
11, 2, 549.0,755.0,-1
2, 12, 207.0,249.0,-1
12, 2, 207.0,249.0,-1
2, 13, 630.0,890.0,-1
13, 2, 630.0,890.0,-1
2, 14, 1021.0,1360.0,-1
14, 2, 1021.0,1360.0,-1
2, 15, 551.0,741.0,-1
15, 2, 551.0,741.0,-1
2, 16, 205.0,225.0,-1
16, 2, 205.0,225.0,-1
2, 2, 0.0,0.0,1
3, 4, 818.0,1152.0,-1
4, 3, 818.0,1152.0,-1
3, 5, 1074.0,1467.0,1
5, 3, 1074.0,1467.0,1
3, 6, 972.0,1372.0,-1
6, 3, 972.0,1372.0,-1
3, 7, 888.0,1225.0,-1
7, 3, 888.0,1225.0,-1
3, 8, 68.0,79.0,-1
8, 3, 68.0,79.0,-1
3, 9, 749.0,961.0,-1
9, 3, 749.0,961.0,-1
3, 10, 745.0,783.0,-1
10, 3, 745.0,783.0,-1
3, 11, 561.0,779.0,-1
11, 3, 561.0,779.0,-1
3, 12, 914.0,1114.0,1
12, 3, 914.0,1114.0,1
3, 13, 660.0,933.0,-1
13, 3, 660.0,933.0,-1
3, 14, 467.0,479.0,-1
14, 3, 467.0,479.0,-1
3, 15, 522.0,719.0,-1
15, 3, 522.0,719.0,-1
3, 16, 940.0,1143.0,-1
16, 3, 940.0,1143.0,-1
3, 3, 0.0,0.0,1
4, 5, 300.0,316.0,-1
5, 4, 300.0,316.0,-1
4, 6, 158.0,221.0,-1
6, 4, 158.0,221.0,-1
4, 7, 275.0,382.0,1
7, 4, 275.0,382.0,1
4, 8, 760.0,1073.0,-1
8, 4, 760.0,1073.0,-1
4, 9, 273.0,336.0,1
9, 4, 273.0,336.0,1
4, 10, 495.0,595.0,-1
10, 4, 495.0,595.0,-1
4, 11, 322.0,373.0,1
11, 4, 322.0,373.0,1
4, 12, 544.0,768.0,1
12, 4, 544.0,768.0,1
4, 13, 179.0,219.0,-1
13, 4, 179.0,219.0,-1
4, 14, 535.0,673.0,-1
14, 4, 535.0,673.0,-1
4, 15, 363.0,433.0,1
15, 4, 363.0,433.0,1
4, 16, 559.0,791.0,-1
16, 4, 559.0,791.0,-1
4, 4, 0.0,0.0,1
5, 6, 231.0,312.0,1
6, 5, 231.0,312.0,1
5, 7, 499.0,663.0,1
7, 5, 499.0,663.0,1
5, 8, 1011.0,1389.0,-1
8, 5, 1011.0,1389.0,-1
5, 9, 361.0,507.0,1
9, 5, 361.0,507.0,1
5, 10, 533.0,685.0,-1
10, 5, 533.0,685.0,-1
5, 11, 620.0,689.0,-1
11, 5, 620.0,689.0,-1
5, 12, 783.0,1049.0,-1
12, 5, 783.0,1049.0,-1
5, 13, 476.0,535.0,-1
13, 5, 476.0,535.0,-1
5, 14, 701.0,989.0,-1
14, 5, 701.0,989.0,-1
5, 15, 660.0,749.0,-1
15, 5, 660.0,749.0,-1
5, 16, 792.0,1072.0,1
16, 5, 792.0,1072.0,1
5, 5, 0.0,0.0,1
6, 7, 269.0,351.0,1
7, 6, 269.0,351.0,1
6, 8, 915.0,1293.0,-1
8, 6, 915.0,1293.0,-1
6, 9, 389.0,411.0,-1
9, 6, 389.0,411.0,-1
6, 10, 608.0,626.0,1
10, 6, 608.0,626.0,1
6, 11, 450.0,593.0,1
11, 6, 450.0,593.0,1
6, 12, 553.0,737.0,-1
12, 6, 553.0,737.0,-1
6, 13, 318.0,440.0,-1
13, 6, 318.0,440.0,-1
6, 14, 685.0,894.0,1
14, 6, 685.0,894.0,1
6, 15, 493.0,653.0,-1
15, 6, 493.0,653.0,-1
6, 16, 562.0,760.0,1
16, 6, 562.0,760.0,1
6, 6, 0.0,0.0,1
7, 8, 843.0,1147.0,-1
8, 7, 843.0,1147.0,-1
7, 9, 541.0,717.0,-1
9, 7, 541.0,717.0,-1
7, 10, 758.0,977.0,-1
10, 7, 758.0,977.0,-1
7, 11, 327.0,447.0,-1
11, 7, 327.0,447.0,-1
7, 12, 285.0,386.0,1
12, 7, 285.0,386.0,1
7, 13, 276.0,293.0,-1
13, 7, 276.0,293.0,-1
7, 14, 737.0,747.0,-1
14, 7, 737.0,747.0,-1
7, 15, 366.0,507.0,-1
15, 7, 366.0,507.0,-1
7, 16, 295.0,409.0,1
16, 7, 295.0,409.0,1
7, 7, 0.0,0.0,1
8, 9, 683.0,882.0,-1
9, 8, 683.0,882.0,-1
8, 10, 679.0,704.0,1
10, 8, 679.0,704.0,1
8, 11, 516.0,701.0,-1
11, 8, 516.0,701.0,-1
8, 12, 888.0,1035.0,-1
12, 8, 888.0,1035.0,-1
8, 13, 606.0,854.0,1
13, 8, 606.0,854.0,1
8, 14, 401.0,402.0,-1
14, 8, 401.0,402.0,-1
8, 15, 479.0,640.0,-1
15, 8, 479.0,640.0,-1
8, 16, 914.0,1064.0,-1
16, 8, 914.0,1064.0,-1
8, 8, 0.0,0.0,1
9, 10, 223.0,260.0,-1
10, 9, 223.0,260.0,-1
9, 11, 441.0,597.0,1
11, 9, 441.0,597.0,1
9, 12, 787.0,1103.0,1
12, 9, 787.0,1103.0,1
9, 13, 327.0,461.0,-1
13, 9, 327.0,461.0,-1
9, 14, 342.0,483.0,1
14, 9, 342.0,483.0,1
9, 15, 465.0,611.0,-1
15, 9, 465.0,611.0,-1
9, 16, 807.0,1126.0,-1
16, 9, 807.0,1126.0,-1
9, 9, 0.0,0.0,1
10, 11, 606.0,856.0,-1
11, 10, 606.0,856.0,-1
10, 12, 991.0,1362.0,-1
12, 10, 991.0,1362.0,-1
10, 13, 521.0,721.0,-1
13, 10, 521.0,721.0,-1
10, 14, 279.0,305.0,-1
14, 10, 279.0,305.0,-1
10, 15, 617.0,870.0,-1
15, 10, 617.0,870.0,-1
10, 16, 1012.0,1385.0,-1
16, 10, 1012.0,1385.0,-1
10, 10, 0.0,0.0,1
11, 12, 429.0,507.0,-1
12, 11, 429.0,507.0,-1
11, 13, 145.0,154.0,-1
13, 11, 145.0,154.0,-1
11, 14, 479.0,606.0,-1
14, 11, 479.0,606.0,-1
11, 15, 44.0,61.0,-1
15, 11, 44.0,61.0,-1
11, 16, 455.0,530.0,1
16, 11, 455.0,530.0,1
11, 11, 0.0,0.0,1
12, 13, 472.0,642.0,-1
13, 12, 472.0,642.0,-1
12, 14, 906.0,1112.0,-1
14, 12, 906.0,1112.0,-1
12, 15, 446.0,493.0,-1
15, 12, 446.0,493.0,-1
12, 16, 27.0,30.0,1
16, 12, 27.0,30.0,1
12, 12, 0.0,0.0,1
13, 14, 463.0,471.0,1
14, 13, 463.0,471.0,1
13, 15, 185.0,214.0,-1
15, 13, 185.0,214.0,-1
13, 16, 494.0,665.0,1
16, 13, 494.0,665.0,1
13, 13, 0.0,0.0,1
14, 15, 471.0,620.0,-1
15, 14, 471.0,620.0,-1
14, 16, 930.0,1136.0,-1
16, 14, 930.0,1136.0,-1
14, 14, 0.0,0.0,1
15, 16, 472.0,516.0,-1
16, 15, 472.0,516.0,-1
15, 15, 0.0,0.0,1
16, 16, 0.0,0.0,1


<end>