<number of nodes>
16

<ratio of available edges>
0.3

<max length of the drone flight>
100000 

<D 2/3>
1, 2, 4, 5, 6, 9, 11, 12, 13, 14, 16

<V>
4, 5, 6, 9, 11

<coordinates X,Y>
143.37095094627512, 254.0304636145076
811.0458595686008, 329.0217078253736
245.5286761854822, 210.89588331517587
190.54371912537766, 581.7445552423087
710.3646900903498, 373.2678214371445
464.90881423381705, 588.7639464005939
59.85645623927775, 336.58786219449837
798.1105912109123, 619.2179046292238
58.33173275625292, 439.1420861256745
673.1408529984135, 798.1341427322783
278.7496026753476, 995.6487146976806
126.57893532489007, 408.5500358878413
666.8971716745584, 969.7160661975288
407.106774497092, 558.9565026331527
416.65990242587355, 893.4728288130657
154.18947223446062, 602.3691350083616

<adjacency matrix with truck distances>
1, 2, 672.0,743.0,1
2, 1, 672.0,743.0,1
1, 3, 111.0,146.0,-1
3, 1, 111.0,146.0,-1
1, 4, 332.0,375.0,-1
4, 1, 332.0,375.0,-1
1, 5, 580.0,687.0,-1
5, 1, 580.0,687.0,-1
1, 6, 465.0,657.0,1
6, 1, 465.0,657.0,1
1, 7, 118.0,167.0,1
7, 1, 118.0,167.0,1
1, 8, 750.0,1020.0,1
8, 1, 750.0,1020.0,1
1, 9, 204.0,271.0,-1
9, 1, 204.0,271.0,-1
1, 10, 760.0,1074.0,1
10, 1, 760.0,1074.0,1
1, 11, 754.0,877.0,1
11, 1, 754.0,877.0,1
1, 12, 156.0,172.0,-1
12, 1, 156.0,172.0,-1
1, 13, 887.0,1240.0,-1
13, 1, 887.0,1240.0,-1
1, 14, 404.0,569.0,-1
14, 1, 404.0,569.0,-1
1, 15, 696.0,913.0,-1
15, 1, 696.0,913.0,-1
1, 16, 349.0,360.0,1
16, 1, 349.0,360.0,1
1, 1, 0.0,0.0,1
2, 3, 578.0,684.0,-1
3, 2, 578.0,684.0,-1
2, 4, 670.0,874.0,-1
4, 2, 670.0,874.0,-1
2, 5, 110.0,145.0,-1
5, 2, 110.0,145.0,-1
2, 6, 433.0,606.0,-1
6, 2, 433.0,606.0,-1
2, 7, 752.0,759.0,-1
7, 2, 752.0,759.0,-1
2, 8, 291.0,304.0,1
8, 2, 291.0,304.0,1
2, 9, 761.0,863.0,1
9, 2, 761.0,863.0,1
2, 10, 489.0,608.0,-1
10, 2, 489.0,608.0,-1
2, 11, 854.0,1199.0,-1
11, 2, 854.0,1199.0,-1
2, 12, 690.0,764.0,1
12, 2, 690.0,764.0,1
2, 13, 657.0,785.0,-1
13, 2, 657.0,785.0,-1
2, 14, 465.0,634.0,-1
14, 2, 465.0,634.0,-1
2, 15, 689.0,959.0,1
15, 2, 689.0,959.0,1
2, 16, 712.0,931.0,-1
16, 2, 712.0,931.0,-1
2, 2, 0.0,0.0,1
3, 4, 375.0,426.0,-1
4, 3, 375.0,426.0,-1
3, 5, 493.0,628.0,-1
5, 3, 493.0,628.0,-1
3, 6, 437.0,598.0,-1
6, 3, 437.0,598.0,-1
3, 7, 225.0,312.0,1
7, 3, 225.0,312.0,1
3, 8, 688.0,961.0,-1
8, 3, 688.0,961.0,-1
3, 9, 296.0,416.0,-1
9, 3, 296.0,416.0,-1
3, 10, 727.0,1015.0,-1
10, 3, 727.0,1015.0,-1
3, 11, 786.0,818.0,-1
11, 3, 786.0,818.0,-1
3, 12, 231.0,317.0,-1
12, 3, 231.0,317.0,-1
3, 13, 868.0,1181.0,1
13, 3, 868.0,1181.0,1
3, 14, 384.0,510.0,-1
14, 3, 384.0,510.0,-1
3, 15, 704.0,854.0,-1
15, 3, 704.0,854.0,-1
3, 16, 402.0,483.0,-1
16, 3, 402.0,483.0,-1
3, 3, 0.0,0.0,1
4, 5, 561.0,729.0,-1
5, 4, 561.0,729.0,-1
4, 6, 275.0,282.0,1
6, 4, 275.0,282.0,1
4, 7, 278.0,376.0,-1
7, 4, 278.0,376.0,-1
4, 8, 609.0,646.0,-1
8, 4, 609.0,646.0,-1
4, 9, 195.0,275.0,-1
9, 4, 195.0,275.0,-1
4, 10, 529.0,699.0,-1
10, 4, 529.0,699.0,-1
4, 11, 424.0,503.0,1
11, 4, 424.0,503.0,1
4, 12, 185.0,238.0,-1
12, 4, 185.0,238.0,-1
4, 13, 615.0,865.0,-1
13, 4, 615.0,865.0,-1
4, 14, 218.0,240.0,-1
14, 4, 218.0,240.0,-1
4, 15, 386.0,538.0,-1
15, 4, 386.0,538.0,-1
4, 16, 42.0,57.0,-1
16, 4, 42.0,57.0,-1
4, 4, 0.0,0.0,1
5, 6, 327.0,461.0,1
6, 5, 327.0,461.0,1
5, 7, 652.0,688.0,1
7, 5, 652.0,688.0,1
5, 8, 262.0,334.0,-1
8, 5, 262.0,334.0,-1
5, 9, 656.0,718.0,-1
9, 5, 656.0,718.0,-1
5, 10, 427.0,463.0,1
10, 5, 427.0,463.0,1
5, 11, 758.0,1054.0,-1
11, 5, 758.0,1054.0,-1
5, 12, 585.0,620.0,-1
12, 5, 585.0,620.0,-1
5, 13, 599.0,640.0,-1
13, 5, 599.0,640.0,-1
5, 14, 356.0,489.0,1
14, 5, 356.0,489.0,1
5, 15, 598.0,814.0,-1
15, 5, 598.0,814.0,-1
5, 16, 602.0,786.0,-1
16, 5, 602.0,786.0,-1
5, 5, 0.0,0.0,1
6, 7, 478.0,658.0,-1
7, 6, 478.0,658.0,-1
6, 8, 335.0,364.0,-1
8, 6, 335.0,364.0,-1
6, 9, 434.0,557.0,1
9, 6, 434.0,557.0,1
6, 10, 296.0,418.0,1
10, 6, 296.0,418.0,1
6, 11, 448.0,594.0,-1
11, 6, 448.0,594.0,-1
6, 12, 384.0,519.0,-1
12, 6, 384.0,519.0,-1
6, 13, 432.0,583.0,-1
13, 6, 432.0,583.0,-1
6, 14, 66.0,88.0,-1
14, 6, 66.0,88.0,-1
6, 15, 309.0,353.0,-1
15, 6, 309.0,353.0,-1
6, 16, 312.0,325.0,1
16, 6, 312.0,325.0,1
6, 6, 0.0,0.0,1
7, 8, 791.0,1021.0,-1
8, 7, 791.0,1021.0,-1
7, 9, 103.0,105.0,-1
9, 7, 103.0,105.0,-1
7, 10, 768.0,1075.0,1
10, 7, 768.0,1075.0,1
7, 11, 695.0,878.0,-1
11, 7, 695.0,878.0,-1
7, 12, 99.0,139.0,-1
12, 7, 99.0,139.0,-1
7, 13, 878.0,1241.0,-1
13, 7, 878.0,1241.0,-1
7, 14, 413.0,570.0,1
14, 7, 413.0,570.0,1
7, 15, 662.0,914.0,-1
15, 7, 662.0,914.0,-1
7, 16, 283.0,361.0,-1
16, 7, 283.0,361.0,-1
7, 7, 0.0,0.0,1
8, 9, 762.0,920.0,1
9, 8, 762.0,920.0,1
8, 10, 219.0,304.0,-1
10, 8, 219.0,304.0,-1
8, 11, 642.0,896.0,-1
11, 8, 642.0,896.0,-1
8, 12, 704.0,883.0,-1
12, 8, 704.0,883.0,-1
8, 13, 375.0,482.0,-1
13, 8, 375.0,482.0,-1
8, 14, 396.0,452.0,1
14, 8, 396.0,452.0,1
8, 15, 470.0,656.0,-1
15, 8, 470.0,656.0,-1
8, 16, 645.0,661.0,-1
16, 8, 645.0,661.0,-1
8, 8, 0.0,0.0,1
9, 10, 712.0,974.0,-1
10, 9, 712.0,974.0,-1
9, 11, 599.0,777.0,-1
11, 9, 599.0,777.0,-1
9, 12, 75.0,99.0,-1
12, 9, 75.0,99.0,-1
9, 13, 808.0,1140.0,1
13, 9, 808.0,1140.0,1
9, 14, 369.0,469.0,-1
14, 9, 369.0,469.0,-1
9, 15, 579.0,813.0,1
15, 9, 579.0,813.0,1
9, 16, 190.0,260.0,-1
16, 9, 190.0,260.0,-1
9, 9, 0.0,0.0,1
10, 11, 442.0,592.0,1
11, 10, 442.0,592.0,1
10, 12, 672.0,937.0,-1
12, 10, 672.0,937.0,-1
10, 13, 172.0,178.0,1
13, 10, 172.0,178.0,1
10, 14, 358.0,506.0,-1
14, 10, 358.0,506.0,-1
10, 15, 274.0,352.0,-1
15, 10, 274.0,352.0,-1
10, 16, 555.0,715.0,1
16, 10, 555.0,715.0,1
10, 10, 0.0,0.0,1
11, 12, 607.0,740.0,-1
12, 11, 607.0,740.0,-1
11, 13, 390.0,415.0,1
13, 11, 390.0,415.0,1
11, 14, 456.0,566.0,-1
14, 11, 456.0,566.0,-1
11, 15, 172.0,241.0,1
15, 11, 172.0,241.0,1
11, 16, 413.0,518.0,-1
16, 11, 413.0,518.0,-1
11, 11, 0.0,0.0,1
12, 13, 780.0,1102.0,-1
13, 12, 780.0,1102.0,-1
12, 14, 319.0,431.0,-1
14, 12, 319.0,431.0,-1
12, 15, 566.0,776.0,-1
15, 12, 566.0,776.0,-1
12, 16, 196.0,222.0,-1
16, 12, 196.0,222.0,-1
12, 12, 0.0,0.0,1
13, 14, 487.0,671.0,-1
14, 13, 487.0,671.0,-1
13, 15, 262.0,327.0,-1
15, 13, 262.0,327.0,-1
13, 16, 631.0,881.0,1
16, 13, 631.0,881.0,1
13, 13, 0.0,0.0,1
14, 15, 335.0,345.0,-1
15, 14, 335.0,345.0,-1
14, 16, 257.0,297.0,1
16, 14, 257.0,297.0,1
14, 14, 0.0,0.0,1
15, 16, 392.0,554.0,1
16, 15, 392.0,554.0,1
15, 15, 0.0,0.0,1
16, 16, 0.0,0.0,1


<end>