<number of nodes>
16

<ratio of available edges>
0.3

<max length of the drone flight>
100000 

<D 2/3>
1, 2, 3, 4, 7, 9, 11, 13, 14, 15, 16

<V>
7, 11, 13, 15, 16

<coordinates X,Y>
194.15111921573856, 739.3470638268202
431.2111462971919, 107.41193355879346
727.3416192899031, 158.92048661443403
994.5099068731063, 306.26676161631326
814.9589772396265, 457.35154021449193
998.0719733930194, 571.7671867143018
59.405295349634955, 970.1320593408527
459.49540936562016, 711.5382735478845
881.288622076986, 694.2731692358009
653.5326259979888, 953.9845558704319
999.6265398036006, 925.8229912156401
718.8414912079479, 674.0855413687739
716.7622490074725, 492.1263544161243
473.2630211473203, 489.81561017143264
810.4253503413731, 76.59330110563599
884.9444508025127, 583.5224122907574

<adjacency matrix with truck distances>
1, 2, 675.0,869.0,-1
2, 1, 675.0,869.0,-1
1, 3, 789.0,1114.0,1
3, 1, 789.0,1114.0,1
1, 4, 911.0,1234.0,-1
4, 1, 911.0,1234.0,-1
1, 5, 682.0,903.0,-1
5, 1, 682.0,903.0,-1
1, 6, 822.0,972.0,-1
6, 1, 822.0,972.0,-1
1, 7, 268.0,366.0,1
7, 1, 268.0,366.0,1
1, 8, 267.0,294.0,-1
8, 1, 267.0,294.0,-1
1, 9, 689.0,733.0,-1
9, 1, 689.0,733.0,-1
1, 10, 508.0,675.0,-1
10, 1, 508.0,675.0,-1
1, 11, 827.0,992.0,-1
11, 1, 827.0,992.0,-1
1, 12, 529.0,590.0,-1
12, 1, 529.0,590.0,-1
1, 13, 579.0,770.0,-1
13, 1, 579.0,770.0,-1
1, 14, 375.0,529.0,1
14, 1, 375.0,529.0,1
1, 15, 906.0,1280.0,1
15, 1, 906.0,1280.0,1
1, 16, 709.0,847.0,-1
16, 1, 709.0,847.0,-1
1, 1, 0.0,0.0,1
2, 3, 301.0,348.0,-1
3, 2, 301.0,348.0,-1
2, 4, 598.0,763.0,-1
4, 2, 598.0,763.0,-1
2, 5, 520.0,734.0,-1
5, 2, 520.0,734.0,-1
2, 6, 733.0,1032.0,-1
6, 2, 733.0,1032.0,-1
2, 7, 940.0,1235.0,-1
7, 2, 940.0,1235.0,-1
2, 8, 605.0,633.0,-1
8, 2, 605.0,633.0,-1
2, 9, 740.0,1037.0,-1
9, 2, 740.0,1037.0,-1
2, 10, 876.0,1069.0,-1
10, 2, 876.0,1069.0,-1
2, 11, 997.0,1387.0,-1
11, 2, 997.0,1387.0,-1
2, 12, 636.0,855.0,1
12, 2, 636.0,855.0,1
2, 13, 480.0,671.0,1
13, 2, 480.0,671.0,1
2, 14, 385.0,425.0,-1
14, 2, 385.0,425.0,-1
2, 15, 381.0,411.0,-1
15, 2, 381.0,411.0,-1
2, 16, 658.0,930.0,-1
16, 2, 658.0,930.0,-1
2, 2, 0.0,0.0,1
3, 4, 306.0,415.0,-1
4, 3, 306.0,415.0,-1
3, 5, 312.0,387.0,1
5, 3, 312.0,387.0,1
3, 6, 494.0,684.0,-1
6, 3, 494.0,684.0,-1
3, 7, 1051.0,1480.0,1
7, 3, 1051.0,1480.0,1
3, 8, 615.0,821.0,-1
8, 3, 615.0,821.0,-1
3, 9, 558.0,690.0,1
9, 3, 558.0,690.0,1
3, 10, 799.0,869.0,1
10, 3, 799.0,869.0,1
3, 11, 814.0,1040.0,-1
11, 3, 814.0,1040.0,-1
3, 12, 516.0,524.0,1
12, 3, 516.0,524.0,1
3, 13, 334.0,344.0,-1
13, 3, 334.0,344.0,-1
3, 14, 418.0,585.0,-1
14, 3, 418.0,585.0,-1
3, 15, 117.0,166.0,-1
15, 3, 117.0,166.0,-1
3, 16, 453.0,583.0,-1
16, 3, 453.0,583.0,-1
3, 3, 0.0,0.0,1
4, 5, 235.0,331.0,-1
5, 4, 235.0,331.0,-1
4, 6, 266.0,270.0,1
6, 4, 266.0,270.0,1
4, 7, 1147.0,1599.0,-1
7, 4, 1147.0,1599.0,-1
4, 8, 672.0,941.0,-1
8, 4, 672.0,941.0,-1
4, 9, 405.0,502.0,1
9, 4, 405.0,502.0,1
4, 10, 732.0,989.0,-1
10, 4, 732.0,989.0,-1
4, 11, 620.0,625.0,-1
11, 4, 620.0,625.0,-1
4, 12, 460.0,644.0,-1
12, 4, 460.0,644.0,-1
4, 13, 335.0,464.0,1
13, 4, 335.0,464.0,1
4, 14, 553.0,705.0,-1
14, 4, 553.0,705.0,-1
4, 15, 295.0,414.0,1
15, 4, 295.0,414.0,1
4, 16, 299.0,387.0,1
16, 4, 299.0,387.0,1
4, 4, 0.0,0.0,1
5, 6, 216.0,298.0,-1
6, 5, 216.0,298.0,-1
5, 7, 914.0,1269.0,-1
7, 5, 914.0,1269.0,-1
5, 8, 437.0,610.0,-1
8, 5, 437.0,610.0,-1
5, 9, 247.0,304.0,1
9, 5, 247.0,304.0,1
5, 10, 523.0,659.0,-1
10, 5, 523.0,659.0,-1
5, 11, 504.0,654.0,-1
11, 5, 504.0,654.0,-1
5, 12, 238.0,313.0,1
12, 5, 238.0,313.0,1
5, 13, 105.0,133.0,-1
13, 5, 105.0,133.0,-1
5, 14, 344.0,375.0,1
14, 5, 344.0,375.0,1
5, 15, 381.0,386.0,1
15, 5, 381.0,386.0,1
5, 16, 145.0,197.0,1
16, 5, 145.0,197.0,1
5, 5, 0.0,0.0,1
6, 7, 1020.0,1338.0,1
7, 6, 1020.0,1338.0,1
6, 8, 557.0,679.0,-1
8, 6, 557.0,679.0,-1
6, 9, 170.0,240.0,-1
9, 6, 170.0,240.0,-1
6, 10, 515.0,727.0,1
10, 6, 515.0,727.0,1
6, 11, 355.0,356.0,-1
11, 6, 355.0,356.0,-1
6, 12, 298.0,382.0,-1
12, 6, 298.0,382.0,-1
6, 13, 293.0,361.0,-1
13, 6, 293.0,361.0,-1
6, 14, 532.0,607.0,-1
14, 6, 532.0,607.0,-1
6, 15, 530.0,683.0,1
15, 6, 530.0,683.0,1
6, 16, 114.0,125.0,1
16, 6, 114.0,125.0,1
6, 6, 0.0,0.0,1
7, 8, 477.0,659.0,-1
8, 7, 477.0,659.0,-1
7, 9, 867.0,1098.0,1
9, 7, 867.0,1098.0,1
7, 10, 595.0,611.0,-1
10, 7, 595.0,611.0,-1
7, 11, 942.0,985.0,1
11, 7, 942.0,985.0,1
7, 12, 723.0,956.0,-1
12, 7, 723.0,956.0,-1
7, 13, 813.0,1136.0,-1
13, 7, 813.0,1136.0,-1
7, 14, 635.0,895.0,1
14, 7, 635.0,895.0,1
7, 15, 1168.0,1645.0,-1
15, 7, 1168.0,1645.0,-1
7, 16, 912.0,1213.0,-1
16, 7, 912.0,1213.0,-1
7, 7, 0.0,0.0,1
8, 9, 423.0,440.0,1
9, 8, 423.0,440.0,1
8, 10, 311.0,437.0,-1
10, 8, 311.0,437.0,-1
8, 11, 582.0,755.0,-1
11, 8, 582.0,755.0,-1
8, 12, 263.0,297.0,-1
12, 8, 263.0,297.0,-1
8, 13, 339.0,477.0,-1
13, 8, 339.0,477.0,-1
8, 14, 223.0,236.0,1
14, 8, 223.0,236.0,1
8, 15, 726.0,986.0,-1
15, 8, 726.0,986.0,-1
8, 16, 445.0,554.0,1
16, 8, 445.0,554.0,1
8, 8, 0.0,0.0,1
9, 10, 346.0,488.0,1
10, 9, 346.0,488.0,1
9, 11, 261.0,350.0,-1
11, 9, 261.0,350.0,-1
9, 12, 164.0,183.0,-1
12, 9, 164.0,183.0,-1
9, 13, 261.0,367.0,-1
13, 9, 261.0,367.0,-1
9, 14, 457.0,613.0,-1
14, 9, 457.0,613.0,-1
9, 15, 622.0,689.0,-1
15, 9, 622.0,689.0,-1
9, 16, 111.0,115.0,-1
16, 9, 111.0,115.0,-1
9, 9, 0.0,0.0,1
10, 11, 348.0,375.0,1
11, 10, 348.0,375.0,1
10, 12, 288.0,346.0,-1
12, 10, 288.0,346.0,-1
10, 13, 467.0,526.0,-1
13, 10, 467.0,526.0,-1
10, 14, 498.0,645.0,-1
14, 10, 498.0,645.0,-1
10, 15, 892.0,1035.0,1
15, 10, 892.0,1035.0,1
10, 16, 437.0,602.0,-1
16, 10, 437.0,602.0,-1
10, 10, 0.0,0.0,1
11, 12, 378.0,533.0,1
12, 11, 378.0,533.0,1
11, 13, 518.0,717.0,-1
13, 11, 518.0,717.0,-1
11, 14, 684.0,963.0,-1
14, 11, 684.0,963.0,-1
11, 15, 871.0,1039.0,-1
15, 11, 871.0,1039.0,-1
11, 16, 362.0,457.0,-1
16, 11, 362.0,457.0,-1
11, 11, 0.0,0.0,1
12, 13, 182.0,185.0,-1
13, 12, 182.0,185.0,-1
12, 14, 308.0,430.0,-1
14, 12, 308.0,430.0,-1
12, 15, 605.0,690.0,-1
15, 12, 605.0,690.0,-1
12, 16, 190.0,257.0,-1
16, 12, 190.0,257.0,-1
12, 12, 0.0,0.0,1
13, 14, 244.0,246.0,1
14, 13, 244.0,246.0,1
13, 15, 426.0,510.0,-1
15, 13, 426.0,510.0,-1
13, 16, 192.0,260.0,-1
16, 13, 192.0,260.0,-1
13, 13, 0.0,0.0,1
14, 15, 534.0,751.0,-1
15, 14, 534.0,751.0,-1
14, 16, 423.0,506.0,-1
16, 14, 423.0,506.0,-1
14, 14, 0.0,0.0,1
15, 16, 513.0,582.0,-1
16, 15, 513.0,582.0,-1
15, 15, 0.0,0.0,1
16, 16, 0.0,0.0,1


<end>