<number of nodes>
16

<ratio of available edges>
0.3

<max length of the drone flight>
100000 

<D 2/3>
1, 2, 3, 4, 5, 7, 8, 9, 10, 13, 15

<V>
3, 4, 5, 9, 13

<coordinates X,Y>
697.8296270908901, 279.11820604755775
582.3508358868373, 505.18097413292315
284.56707280325855, 470.187854766205
308.05811680211144, 439.9302195766212
142.10501183498252, 116.26221326082357
535.6065678281612, 706.0940040068509
112.49177000052113, 476.15286548090023
132.77077275165198, 942.0726718882989
828.2612714126573, 980.8181222400773
149.91433765335626, 369.5982293750475
461.0298244449371, 684.7605048491624
141.78755618982743, 631.3380218449048
450.8666591882371, 681.3615148962016
562.1716493839518, 755.8347944717998
400.6952465254199, 262.16534790813165
38.30314389553542, 488.159379368899

<adjacency matrix with truck distances>
1, 2, 254.0,342.0,-1
2, 1, 254.0,342.0,-1
1, 3, 456.0,605.0,-1
3, 1, 456.0,605.0,-1
1, 4, 422.0,551.0,-1
4, 1, 422.0,551.0,-1
1, 5, 580.0,719.0,-1
5, 1, 580.0,719.0,-1
1, 6, 457.0,590.0,-1
6, 1, 457.0,590.0,-1
1, 7, 618.0,783.0,-1
7, 1, 618.0,783.0,-1
1, 8, 872.0,1229.0,-1
8, 1, 872.0,1229.0,-1
1, 9, 714.0,833.0,-1
9, 1, 714.0,833.0,-1
1, 10, 556.0,639.0,-1
10, 1, 556.0,639.0,-1
1, 11, 470.0,643.0,1
11, 1, 470.0,643.0,1
1, 12, 659.0,909.0,-1
12, 1, 659.0,909.0,-1
1, 13, 473.0,650.0,-1
13, 1, 473.0,650.0,-1
1, 14, 496.0,613.0,-1
14, 1, 496.0,613.0,-1
1, 15, 298.0,315.0,1
15, 1, 298.0,315.0,1
1, 16, 692.0,869.0,-1
16, 1, 692.0,869.0,-1
1, 1, 0.0,0.0,1
2, 3, 300.0,333.0,1
3, 2, 300.0,333.0,1
2, 4, 282.0,340.0,-1
4, 2, 282.0,340.0,-1
2, 5, 588.0,830.0,-1
5, 2, 588.0,830.0,-1
2, 6, 207.0,248.0,-1
6, 2, 207.0,248.0,-1
2, 7, 471.0,499.0,1
7, 2, 471.0,499.0,1
2, 8, 627.0,887.0,-1
8, 2, 627.0,887.0,-1
2, 9, 536.0,722.0,1
9, 2, 536.0,722.0,1
2, 10, 454.0,569.0,-1
10, 2, 454.0,569.0,-1
2, 11, 217.0,301.0,-1
11, 2, 217.0,301.0,-1
2, 12, 459.0,567.0,-1
12, 2, 459.0,567.0,-1
2, 13, 220.0,308.0,-1
13, 2, 220.0,308.0,-1
2, 14, 252.0,271.0,-1
14, 2, 252.0,271.0,-1
2, 15, 304.0,425.0,-1
15, 2, 304.0,425.0,-1
2, 16, 545.0,562.0,1
16, 2, 545.0,562.0,1
2, 2, 0.0,0.0,1
3, 4, 39.0,54.0,-1
4, 3, 39.0,54.0,-1
3, 5, 382.0,497.0,1
5, 3, 382.0,497.0,1
3, 6, 345.0,487.0,-1
6, 3, 345.0,487.0,-1
3, 7, 173.0,179.0,-1
7, 3, 173.0,179.0,-1
3, 8, 496.0,624.0,1
8, 3, 496.0,624.0,1
3, 9, 746.0,1055.0,-1
9, 3, 746.0,1055.0,-1
3, 10, 169.0,236.0,1
10, 3, 169.0,236.0,1
3, 11, 278.0,392.0,-1
11, 3, 278.0,392.0,-1
3, 12, 216.0,304.0,-1
12, 3, 216.0,304.0,-1
3, 13, 269.0,378.0,-1
13, 3, 269.0,378.0,-1
3, 14, 399.0,564.0,1
14, 3, 399.0,564.0,1
3, 15, 239.0,325.0,1
15, 3, 239.0,325.0,1
3, 16, 247.0,265.0,-1
16, 3, 247.0,265.0,-1
3, 3, 0.0,0.0,1
4, 5, 364.0,490.0,-1
5, 4, 364.0,490.0,-1
4, 6, 351.0,494.0,-1
6, 4, 351.0,494.0,-1
4, 7, 199.0,232.0,1
7, 4, 199.0,232.0,1
4, 8, 532.0,678.0,1
8, 4, 532.0,678.0,1
4, 9, 751.0,1062.0,-1
9, 4, 751.0,1062.0,-1
4, 10, 174.0,229.0,-1
10, 4, 174.0,229.0,-1
4, 11, 289.0,398.0,-1
11, 4, 289.0,398.0,-1
4, 12, 254.0,358.0,-1
12, 4, 254.0,358.0,-1
4, 13, 281.0,385.0,-1
13, 4, 281.0,385.0,-1
4, 14, 406.0,571.0,-1
14, 4, 406.0,571.0,-1
4, 15, 201.0,271.0,1
15, 4, 201.0,271.0,1
4, 16, 275.0,318.0,-1
16, 4, 275.0,318.0,-1
4, 4, 0.0,0.0,1
5, 6, 710.0,984.0,-1
6, 5, 710.0,984.0,-1
5, 7, 362.0,390.0,-1
7, 5, 362.0,390.0,-1
5, 8, 826.0,836.0,1
8, 5, 826.0,836.0,1
5, 9, 1104.0,1551.0,-1
9, 5, 1104.0,1551.0,-1
5, 10, 254.0,262.0,1
10, 5, 254.0,262.0,1
5, 11, 652.0,888.0,-1
11, 5, 652.0,888.0,-1
5, 12, 516.0,516.0,1
12, 5, 516.0,516.0,1
5, 13, 644.0,874.0,-1
13, 5, 644.0,874.0,-1
5, 14, 766.0,1060.0,-1
14, 5, 766.0,1060.0,-1
5, 15, 297.0,405.0,-1
15, 5, 297.0,405.0,-1
5, 16, 387.0,476.0,-1
16, 5, 387.0,476.0,-1
5, 5, 0.0,0.0,1
6, 7, 482.0,654.0,1
7, 6, 482.0,654.0,1
6, 8, 467.0,639.0,-1
8, 6, 467.0,639.0,-1
6, 9, 402.0,568.0,1
9, 6, 402.0,568.0,1
6, 10, 512.0,723.0,-1
10, 6, 512.0,723.0,-1
6, 11, 78.0,96.0,-1
11, 6, 78.0,96.0,-1
6, 12, 401.0,469.0,-1
12, 6, 401.0,469.0,-1
6, 13, 89.0,110.0,-1
13, 6, 89.0,110.0,-1
6, 14, 57.0,77.0,-1
14, 6, 57.0,77.0,-1
6, 15, 464.0,579.0,-1
15, 6, 464.0,579.0,-1
6, 16, 543.0,716.0,-1
16, 6, 543.0,716.0,-1
6, 6, 0.0,0.0,1
7, 8, 467.0,487.0,-1
8, 7, 467.0,487.0,-1
7, 9, 876.0,1221.0,1
9, 7, 876.0,1221.0,1
7, 10, 113.0,144.0,-1
10, 7, 113.0,144.0,-1
7, 11, 407.0,558.0,-1
11, 7, 407.0,558.0,-1
7, 12, 158.0,185.0,-1
12, 7, 158.0,185.0,-1
7, 13, 396.0,544.0,1
13, 7, 396.0,544.0,1
7, 14, 530.0,730.0,1
14, 7, 530.0,730.0,1
7, 15, 359.0,503.0,1
15, 7, 359.0,503.0,1
7, 16, 76.0,87.0,1
16, 7, 76.0,87.0,1
7, 7, 0.0,0.0,1
8, 9, 697.0,735.0,1
9, 8, 697.0,735.0,1
8, 10, 573.0,590.0,-1
10, 8, 573.0,590.0,-1
8, 11, 418.0,586.0,1
11, 8, 418.0,586.0,1
8, 12, 311.0,320.0,-1
12, 8, 311.0,320.0,-1
8, 13, 412.0,579.0,-1
13, 8, 412.0,579.0,-1
8, 14, 469.0,616.0,1
14, 8, 469.0,616.0,1
8, 15, 731.0,948.0,-1
15, 8, 731.0,948.0,-1
8, 16, 464.0,549.0,1
16, 8, 464.0,549.0,1
8, 8, 0.0,0.0,1
9, 10, 914.0,1290.0,1
10, 9, 914.0,1290.0,1
9, 11, 472.0,664.0,-1
11, 9, 472.0,664.0,-1
9, 12, 771.0,1036.0,-1
12, 9, 771.0,1036.0,-1
9, 13, 482.0,677.0,1
13, 9, 482.0,677.0,1
9, 14, 349.0,492.0,-1
14, 9, 349.0,492.0,-1
9, 15, 837.0,1147.0,-1
15, 9, 837.0,1147.0,-1
9, 16, 931.0,1283.0,1
16, 9, 931.0,1283.0,1
9, 9, 0.0,0.0,1
10, 11, 443.0,627.0,-1
11, 10, 443.0,627.0,-1
10, 12, 262.0,270.0,-1
12, 10, 262.0,270.0,-1
10, 13, 434.0,613.0,-1
13, 10, 434.0,613.0,-1
10, 14, 565.0,799.0,-1
14, 10, 565.0,799.0,-1
10, 15, 273.0,359.0,-1
15, 10, 273.0,359.0,-1
10, 16, 163.0,231.0,-1
16, 10, 163.0,231.0,-1
10, 10, 0.0,0.0,1
11, 12, 324.0,373.0,-1
12, 11, 324.0,373.0,-1
11, 13, 11.0,14.0,1
13, 11, 11.0,14.0,1
11, 14, 124.0,173.0,-1
14, 11, 124.0,173.0,-1
11, 15, 427.0,483.0,1
15, 11, 427.0,483.0,1
11, 16, 467.0,620.0,-1
16, 11, 467.0,620.0,-1
11, 11, 0.0,0.0,1
12, 13, 314.0,360.0,-1
13, 12, 314.0,360.0,-1
12, 14, 439.0,545.0,1
14, 12, 439.0,545.0,1
12, 15, 451.0,629.0,1
15, 12, 451.0,629.0,1
12, 16, 177.0,247.0,1
16, 12, 177.0,247.0,1
12, 12, 0.0,0.0,1
13, 14, 134.0,186.0,-1
14, 13, 134.0,186.0,-1
13, 15, 423.0,470.0,-1
15, 13, 423.0,470.0,-1
13, 16, 456.0,606.0,-1
16, 13, 456.0,606.0,-1
13, 13, 0.0,0.0,1
14, 15, 520.0,656.0,-1
15, 14, 520.0,656.0,-1
14, 16, 589.0,792.0,-1
16, 14, 589.0,792.0,-1
14, 14, 0.0,0.0,1
15, 16, 428.0,589.0,-1
16, 15, 428.0,589.0,-1
15, 15, 0.0,0.0,1
16, 16, 0.0,0.0,1


<end>