<number of nodes>
16

<ratio of available edges>
0.3

<max length of the drone flight>
100000 

<D 2/3>
1, 4, 5, 7, 9, 10, 11, 13, 14, 15, 16

<V>
4, 5, 7, 9, 10

<coordinates X,Y>
549.1930074588284, 812.3263716813855
826.8596745044939, 351.002630980017
994.221241163408, 815.4913410625672
998.4401776413065, 351.1684159393354
893.8437720115379, 45.85817731057193
537.1457985769075, 45.53557982202808
23.685278630925424, 632.1758498188954
151.2132588768396, 546.701400555646
403.83387444851974, 832.4561567034986
897.0717137326936, 735.9555068173734
337.05805112183833, 377.5787987282089
52.85265690904764, 961.3493034355643
506.9639750694162, 466.2757074392356
798.8292972401631, 710.608700281487
721.2850297284364, 460.56887460895814
892.3842638554308, 152.717578745866

<adjacency matrix with truck distances>
1, 2, 539.0,739.0,-1
2, 1, 539.0,739.0,-1
1, 3, 446.0,449.0,1
3, 1, 446.0,449.0,1
1, 4, 644.0,911.0,1
4, 1, 644.0,911.0,1
1, 5, 841.0,1112.0,-1
5, 1, 841.0,1112.0,-1
1, 6, 767.0,779.0,1
6, 1, 767.0,779.0,1
1, 7, 556.0,706.0,-1
7, 1, 556.0,706.0,-1
1, 8, 479.0,664.0,-1
8, 1, 479.0,664.0,-1
1, 9, 147.0,166.0,-1
9, 1, 147.0,166.0,-1
1, 10, 357.0,425.0,1
10, 1, 357.0,425.0,1
1, 11, 484.0,647.0,-1
11, 1, 484.0,647.0,-1
1, 12, 519.0,646.0,-1
12, 1, 519.0,646.0,-1
1, 13, 349.0,389.0,-1
13, 1, 349.0,389.0,-1
1, 14, 270.0,352.0,-1
14, 1, 270.0,352.0,-1
1, 15, 392.0,524.0,-1
15, 1, 392.0,524.0,-1
1, 16, 744.0,1003.0,-1
16, 1, 744.0,1003.0,-1
1, 1, 0.0,0.0,1
2, 3, 494.0,632.0,-1
3, 2, 494.0,632.0,-1
2, 4, 172.0,172.0,-1
4, 2, 172.0,172.0,-1
2, 5, 313.0,373.0,-1
5, 2, 313.0,373.0,-1
2, 6, 422.0,596.0,-1
6, 2, 422.0,596.0,-1
2, 7, 851.0,1085.0,-1
7, 2, 851.0,1085.0,-1
2, 8, 704.0,872.0,1
8, 2, 704.0,872.0,1
2, 9, 641.0,905.0,-1
9, 2, 641.0,905.0,-1
2, 10, 392.0,456.0,1
10, 2, 392.0,456.0,1
2, 11, 491.0,517.0,-1
11, 2, 491.0,517.0,-1
2, 12, 986.0,1385.0,-1
12, 2, 986.0,1385.0,-1
2, 13, 341.0,436.0,-1
13, 2, 341.0,436.0,-1
2, 14, 361.0,388.0,-1
14, 2, 361.0,388.0,-1
2, 15, 153.0,216.0,-1
15, 2, 153.0,216.0,-1
2, 16, 209.0,264.0,1
16, 2, 209.0,264.0,1
2, 2, 0.0,0.0,1
3, 4, 465.0,469.0,-1
4, 3, 465.0,469.0,-1
3, 5, 777.0,871.0,1
5, 3, 777.0,871.0,1
3, 6, 896.0,1228.0,1
6, 3, 896.0,1228.0,1
3, 7, 988.0,1154.0,-1
7, 3, 988.0,1154.0,-1
3, 8, 885.0,1112.0,-1
8, 3, 885.0,1112.0,-1
3, 9, 591.0,608.0,-1
9, 3, 591.0,608.0,-1
3, 10, 126.0,177.0,-1
10, 3, 126.0,177.0,-1
3, 11, 790.0,1096.0,-1
11, 3, 790.0,1096.0,-1
3, 12, 953.0,1088.0,1
12, 3, 953.0,1088.0,1
3, 13, 600.0,837.0,-1
13, 3, 600.0,837.0,-1
3, 14, 222.0,301.0,1
14, 3, 222.0,301.0,1
3, 15, 448.0,628.0,1
15, 3, 448.0,628.0,1
3, 16, 671.0,765.0,1
16, 3, 671.0,765.0,1
3, 3, 0.0,0.0,1
4, 5, 323.0,410.0,-1
5, 4, 323.0,410.0,-1
4, 6, 554.0,767.0,-1
6, 4, 554.0,767.0,-1
4, 7, 1015.0,1256.0,1
7, 4, 1015.0,1256.0,1
4, 8, 870.0,1043.0,-1
8, 4, 870.0,1043.0,-1
4, 9, 765.0,1076.0,-1
9, 4, 765.0,1076.0,-1
4, 10, 398.0,487.0,1
10, 4, 398.0,487.0,1
4, 11, 662.0,688.0,-1
11, 4, 662.0,688.0,-1
4, 12, 1126.0,1556.0,-1
12, 4, 1126.0,1556.0,-1
4, 13, 505.0,607.0,-1
13, 4, 505.0,607.0,-1
4, 14, 412.0,560.0,1
14, 4, 412.0,560.0,1
4, 15, 298.0,387.0,-1
15, 4, 298.0,387.0,-1
4, 16, 226.0,305.0,1
16, 4, 226.0,305.0,1
4, 4, 0.0,0.0,1
5, 6, 357.0,358.0,1
6, 5, 357.0,358.0,1
5, 7, 1050.0,1457.0,-1
7, 5, 1050.0,1457.0,-1
5, 8, 896.0,1244.0,-1
8, 5, 896.0,1244.0,-1
5, 9, 927.0,1277.0,-1
9, 5, 927.0,1277.0,-1
5, 10, 691.0,694.0,-1
10, 5, 691.0,694.0,-1
5, 11, 649.0,889.0,-1
11, 5, 649.0,889.0,-1
5, 12, 1244.0,1757.0,-1
12, 5, 1244.0,1757.0,-1
5, 13, 572.0,808.0,-1
13, 5, 572.0,808.0,-1
5, 14, 672.0,760.0,1
14, 5, 672.0,760.0,1
5, 15, 450.0,588.0,-1
15, 5, 450.0,588.0,-1
5, 16, 107.0,109.0,-1
16, 5, 107.0,109.0,-1
5, 5, 0.0,0.0,1
6, 7, 780.0,1101.0,-1
7, 6, 780.0,1101.0,-1
6, 8, 633.0,888.0,-1
8, 6, 633.0,888.0,-1
6, 9, 799.0,921.0,-1
9, 6, 799.0,921.0,-1
6, 10, 779.0,1051.0,-1
10, 6, 779.0,1051.0,-1
6, 11, 388.0,533.0,-1
11, 6, 388.0,533.0,-1
6, 12, 1036.0,1401.0,-1
12, 6, 1036.0,1401.0,-1
6, 13, 422.0,451.0,-1
13, 6, 422.0,451.0,-1
6, 14, 715.0,927.0,-1
14, 6, 715.0,927.0,-1
6, 15, 455.0,600.0,-1
15, 6, 455.0,600.0,-1
6, 16, 372.0,463.0,-1
16, 6, 372.0,463.0,-1
6, 6, 0.0,0.0,1
7, 8, 154.0,214.0,-1
8, 7, 154.0,214.0,-1
7, 9, 430.0,581.0,-1
9, 7, 430.0,581.0,-1
7, 10, 880.0,978.0,-1
10, 7, 880.0,978.0,-1
7, 11, 404.0,568.0,-1
11, 7, 404.0,568.0,-1
7, 12, 331.0,359.0,-1
12, 7, 331.0,359.0,-1
7, 13, 511.0,650.0,1
13, 7, 511.0,650.0,1
7, 14, 780.0,854.0,-1
14, 7, 780.0,854.0,-1
7, 15, 719.0,870.0,1
15, 7, 719.0,870.0,1
7, 16, 993.0,1349.0,1
16, 7, 993.0,1349.0,1
7, 7, 0.0,0.0,1
8, 9, 382.0,539.0,1
9, 8, 382.0,539.0,1
8, 10, 770.0,936.0,-1
10, 8, 770.0,936.0,-1
8, 11, 252.0,355.0,-1
11, 8, 252.0,355.0,-1
8, 12, 427.0,514.0,-1
12, 8, 427.0,514.0,-1
8, 13, 365.0,437.0,-1
13, 8, 365.0,437.0,-1
8, 14, 669.0,812.0,1
14, 8, 669.0,812.0,1
8, 15, 577.0,657.0,1
15, 8, 577.0,657.0,1
8, 16, 840.0,1136.0,1
16, 8, 840.0,1136.0,1
8, 8, 0.0,0.0,1
9, 10, 503.0,590.0,-1
10, 9, 503.0,590.0,-1
9, 11, 460.0,522.0,-1
11, 9, 460.0,522.0,-1
9, 12, 374.0,480.0,1
12, 9, 374.0,480.0,1
9, 13, 381.0,470.0,1
13, 9, 381.0,470.0,1
9, 14, 414.0,517.0,-1
14, 9, 414.0,517.0,-1
9, 15, 489.0,690.0,1
15, 9, 489.0,690.0,1
9, 16, 838.0,1169.0,-1
16, 9, 838.0,1169.0,-1
9, 9, 0.0,0.0,1
10, 11, 665.0,919.0,-1
11, 10, 665.0,919.0,-1
10, 12, 874.0,1070.0,-1
12, 10, 874.0,1070.0,-1
10, 13, 475.0,660.0,-1
13, 10, 475.0,660.0,-1
10, 14, 102.0,124.0,1
14, 10, 102.0,124.0,1
10, 15, 327.0,452.0,-1
15, 10, 327.0,452.0,-1
10, 16, 584.0,588.0,-1
16, 10, 584.0,588.0,-1
10, 10, 0.0,0.0,1
11, 12, 650.0,868.0,-1
12, 11, 650.0,868.0,-1
11, 13, 192.0,259.0,1
13, 11, 192.0,259.0,1
11, 14, 570.0,795.0,-1
14, 11, 570.0,795.0,-1
11, 15, 394.0,468.0,-1
15, 11, 394.0,468.0,-1
11, 16, 600.0,781.0,-1
16, 11, 600.0,781.0,-1
11, 11, 0.0,0.0,1
12, 13, 672.0,950.0,-1
13, 12, 672.0,950.0,-1
12, 14, 787.0,997.0,-1
14, 12, 787.0,997.0,-1
12, 15, 836.0,1170.0,-1
15, 12, 836.0,1170.0,-1
12, 16, 1166.0,1649.0,1
16, 12, 1166.0,1649.0,1
12, 12, 0.0,0.0,1
13, 14, 381.0,537.0,1
14, 13, 381.0,537.0,1
13, 15, 215.0,221.0,1
15, 13, 215.0,221.0,1
13, 16, 497.0,699.0,1
16, 13, 497.0,699.0,1
13, 13, 0.0,0.0,1
14, 15, 262.0,328.0,-1
15, 14, 262.0,328.0,-1
14, 16, 566.0,652.0,1
16, 14, 566.0,652.0,1
14, 14, 0.0,0.0,1
15, 16, 353.0,479.0,-1
16, 15, 353.0,479.0,-1
15, 15, 0.0,0.0,1
16, 16, 0.0,0.0,1


<end>