<number of nodes>
16

<ratio of available edges>
0.3

<max length of the drone flight>
100000 

<D 2/3>
1, 3, 5, 6, 8, 9, 11, 12, 14, 15, 16

<V>
8, 11, 14, 15, 16

<coordinates X,Y>
514.1609369183632, 681.4477913868251
214.8708893806309, 189.84195962047713
410.8266996023393, 865.5707600578594
359.2235284086787, 542.5308340273374
658.8480028951778, 95.59378609059407
668.8593804068464, 17.067363548632244
372.64137995320203, 334.11592672536693
803.5909764669898, 826.7089180143894
832.1870828721862, 807.5643972503262
63.268175954564384, 329.78833782089157
545.9767175346695, 542.5103086697874
115.19666552805704, 131.1900081184353
551.1902789559736, 614.9971426075218
811.5564568266498, 464.61015180283005
217.24511461447236, 760.8520438997522
339.8971948623333, 474.2646278589321

<adjacency matrix with truck distances>
1, 2, 576.0,791.0,1
2, 1, 576.0,791.0,1
1, 3, 212.0,288.0,1
3, 1, 212.0,288.0,1
1, 4, 209.0,294.0,-1
4, 1, 209.0,294.0,-1
1, 5, 604.0,731.0,-1
5, 1, 604.0,731.0,-1
1, 6, 683.0,820.0,1
6, 1, 683.0,820.0,1
1, 7, 376.0,489.0,-1
7, 1, 376.0,489.0,-1
1, 8, 324.0,435.0,1
8, 1, 324.0,435.0,1
1, 9, 343.0,445.0,-1
9, 1, 343.0,445.0,-1
1, 10, 572.0,803.0,-1
10, 1, 572.0,803.0,-1
1, 11, 143.0,171.0,1
11, 1, 143.0,171.0,1
1, 12, 680.0,950.0,-1
12, 1, 680.0,950.0,-1
1, 13, 77.0,104.0,-1
13, 1, 77.0,104.0,-1
1, 14, 369.0,515.0,-1
14, 1, 369.0,515.0,-1
1, 15, 308.0,377.0,-1
15, 1, 308.0,377.0,-1
1, 16, 271.0,382.0,-1
16, 1, 271.0,382.0,-1
1, 1, 0.0,0.0,1
2, 3, 704.0,872.0,-1
3, 2, 704.0,872.0,-1
2, 4, 382.0,498.0,-1
4, 2, 382.0,498.0,-1
2, 5, 454.0,539.0,-1
5, 2, 454.0,539.0,-1
2, 6, 486.0,627.0,-1
6, 2, 486.0,627.0,-1
2, 7, 214.0,303.0,-1
7, 2, 214.0,303.0,-1
2, 8, 868.0,1226.0,-1
8, 2, 868.0,1226.0,-1
2, 9, 874.0,1236.0,-1
9, 2, 874.0,1236.0,-1
2, 10, 207.0,292.0,-1
10, 2, 207.0,292.0,-1
2, 11, 484.0,684.0,-1
11, 2, 484.0,684.0,-1
2, 12, 116.0,159.0,-1
12, 2, 116.0,159.0,-1
2, 13, 543.0,762.0,-1
13, 2, 543.0,762.0,-1
2, 14, 657.0,872.0,-1
14, 2, 657.0,872.0,-1
2, 15, 572.0,574.0,-1
15, 2, 572.0,574.0,-1
2, 16, 311.0,410.0,-1
16, 2, 311.0,410.0,-1
2, 2, 0.0,0.0,1
3, 4, 328.0,375.0,-1
4, 3, 328.0,375.0,-1
3, 5, 809.0,1018.0,1
5, 3, 809.0,1018.0,1
3, 6, 887.0,1107.0,-1
6, 3, 887.0,1107.0,-1
3, 7, 533.0,570.0,-1
7, 3, 533.0,570.0,-1
3, 8, 395.0,432.0,1
8, 3, 395.0,432.0,1
3, 9, 426.0,480.0,-1
9, 3, 426.0,480.0,-1
3, 10, 639.0,884.0,-1
10, 3, 639.0,884.0,-1
3, 11, 351.0,459.0,-1
11, 3, 351.0,459.0,-1
3, 12, 792.0,1031.0,1
12, 3, 792.0,1031.0,1
3, 13, 288.0,391.0,-1
13, 3, 288.0,391.0,-1
3, 14, 567.0,802.0,-1
14, 3, 567.0,802.0,-1
3, 15, 221.0,299.0,-1
15, 3, 221.0,299.0,-1
3, 16, 398.0,463.0,-1
16, 3, 398.0,463.0,-1
3, 3, 0.0,0.0,1
4, 5, 539.0,747.0,1
5, 4, 539.0,747.0,1
4, 6, 610.0,836.0,1
6, 4, 610.0,836.0,1
4, 7, 209.0,222.0,-1
7, 4, 209.0,222.0,-1
4, 8, 528.0,729.0,-1
8, 4, 528.0,729.0,-1
4, 9, 543.0,738.0,1
9, 4, 543.0,738.0,1
4, 10, 365.0,509.0,1
10, 4, 365.0,509.0,1
4, 11, 187.0,187.0,1
11, 4, 187.0,187.0,1
4, 12, 479.0,656.0,-1
12, 4, 479.0,656.0,-1
4, 13, 206.0,265.0,-1
13, 4, 206.0,265.0,-1
4, 14, 459.0,531.0,1
14, 4, 459.0,531.0,1
4, 15, 261.0,361.0,-1
15, 4, 261.0,361.0,-1
4, 16, 71.0,88.0,-1
16, 4, 71.0,88.0,-1
4, 4, 0.0,0.0,1
5, 6, 80.0,89.0,1
6, 5, 80.0,89.0,1
5, 7, 373.0,525.0,-1
7, 5, 373.0,525.0,-1
5, 8, 746.0,876.0,-1
8, 5, 746.0,876.0,-1
5, 9, 733.0,886.0,1
9, 5, 733.0,886.0,1
5, 10, 640.0,830.0,-1
10, 5, 640.0,830.0,-1
5, 11, 461.0,560.0,1
11, 5, 461.0,560.0,1
5, 12, 545.0,580.0,-1
12, 5, 545.0,580.0,-1
5, 13, 531.0,628.0,-1
13, 5, 531.0,628.0,-1
5, 14, 400.0,522.0,-1
14, 5, 400.0,522.0,-1
5, 15, 799.0,1107.0,-1
15, 5, 799.0,1107.0,-1
5, 16, 496.0,698.0,1
16, 5, 496.0,698.0,1
5, 5, 0.0,0.0,1
6, 7, 434.0,614.0,1
7, 6, 434.0,614.0,1
6, 8, 821.0,945.0,-1
8, 6, 821.0,945.0,-1
6, 9, 808.0,954.0,1
9, 6, 808.0,954.0,1
6, 10, 682.0,919.0,-1
10, 6, 682.0,919.0,-1
6, 11, 540.0,649.0,-1
11, 6, 540.0,649.0,-1
6, 12, 566.0,668.0,1
12, 6, 566.0,668.0,1
6, 13, 610.0,716.0,-1
13, 6, 610.0,716.0,-1
6, 14, 470.0,591.0,-1
14, 6, 470.0,591.0,-1
6, 15, 871.0,1196.0,1
15, 6, 871.0,1196.0,1
6, 16, 564.0,787.0,-1
16, 6, 564.0,787.0,-1
6, 6, 0.0,0.0,1
7, 8, 655.0,924.0,-1
8, 7, 655.0,924.0,-1
7, 9, 660.0,933.0,-1
9, 7, 660.0,933.0,-1
7, 10, 310.0,314.0,1
10, 7, 310.0,314.0,1
7, 11, 272.0,382.0,1
11, 7, 272.0,382.0,1
7, 12, 328.0,461.0,-1
12, 7, 328.0,461.0,-1
7, 13, 333.0,460.0,-1
13, 7, 333.0,460.0,-1
7, 14, 458.0,570.0,1
14, 7, 458.0,570.0,1
7, 15, 455.0,583.0,1
15, 7, 455.0,583.0,1
7, 16, 144.0,173.0,1
16, 7, 144.0,173.0,1
7, 7, 0.0,0.0,1
8, 9, 35.0,48.0,1
9, 8, 35.0,48.0,1
8, 10, 892.0,1238.0,-1
10, 8, 892.0,1238.0,-1
8, 11, 384.0,542.0,-1
11, 8, 384.0,542.0,-1
8, 12, 979.0,1384.0,-1
12, 8, 979.0,1384.0,-1
8, 13, 330.0,465.0,-1
13, 8, 330.0,465.0,-1
8, 14, 363.0,371.0,-1
14, 8, 363.0,371.0,-1
8, 15, 591.0,653.0,-1
15, 8, 591.0,653.0,-1
8, 16, 583.0,817.0,-1
16, 8, 583.0,817.0,-1
8, 8, 0.0,0.0,1
9, 10, 906.0,1247.0,-1
10, 9, 906.0,1247.0,-1
9, 11, 391.0,552.0,-1
11, 9, 391.0,552.0,-1
9, 12, 986.0,1394.0,1
12, 9, 986.0,1394.0,1
9, 13, 341.0,474.0,-1
13, 9, 341.0,474.0,-1
9, 14, 344.0,364.0,-1
14, 9, 344.0,364.0,-1
9, 15, 617.0,662.0,-1
15, 9, 617.0,662.0,-1
9, 16, 595.0,826.0,-1
16, 9, 595.0,826.0,-1
9, 9, 0.0,0.0,1
10, 11, 528.0,696.0,-1
11, 10, 528.0,696.0,-1
10, 12, 206.0,251.0,-1
12, 10, 206.0,251.0,-1
10, 13, 566.0,774.0,-1
13, 10, 566.0,774.0,-1
10, 14, 761.0,884.0,-1
14, 10, 761.0,884.0,-1
10, 15, 458.0,586.0,1
15, 10, 458.0,586.0,1
10, 16, 313.0,422.0,-1
16, 10, 313.0,422.0,-1
10, 10, 0.0,0.0,1
11, 12, 596.0,843.0,1
12, 11, 596.0,843.0,1
11, 13, 73.0,78.0,-1
13, 11, 73.0,78.0,-1
11, 14, 277.0,344.0,-1
14, 11, 277.0,344.0,-1
11, 15, 395.0,548.0,-1
15, 11, 395.0,548.0,-1
11, 16, 218.0,275.0,1
16, 11, 218.0,275.0,1
11, 11, 0.0,0.0,1
12, 13, 652.0,920.0,-1
13, 12, 652.0,920.0,-1
12, 14, 773.0,1030.0,1
14, 12, 773.0,1030.0,1
12, 15, 638.0,732.0,1
15, 12, 638.0,732.0,1
12, 16, 411.0,568.0,-1
16, 12, 411.0,568.0,-1
12, 12, 0.0,0.0,1
13, 14, 301.0,411.0,1
14, 13, 301.0,411.0,1
13, 15, 365.0,480.0,-1
15, 13, 365.0,480.0,-1
13, 16, 254.0,353.0,-1
16, 13, 254.0,353.0,-1
13, 13, 0.0,0.0,1
14, 15, 665.0,891.0,-1
15, 14, 665.0,891.0,-1
14, 16, 472.0,482.0,1
16, 14, 472.0,482.0,1
14, 14, 0.0,0.0,1
15, 16, 312.0,410.0,-1
16, 15, 312.0,410.0,-1
15, 15, 0.0,0.0,1
16, 16, 0.0,0.0,1


<end>