<number of nodes>
16

<ratio of available edges>
0.3

<max length of the drone flight>
100000 

<D 2/3>
1, 2, 3, 4, 5, 7, 10, 12, 14, 15, 16

<V>
4, 5, 7, 10, 14

<coordinates X,Y>
813.8636587549794, 625.0056805941758
378.8333707955043, 48.06086500899336
340.4658166889288, 991.6727371646499
252.27377500045418, 903.8535183088753
614.7426471703703, 448.13011780242823
87.94172973549804, 252.91231247711025
382.94415913704563, 435.86003101978946
261.06197190843244, 181.90548284900123
40.36051023123449, 46.9345502895147
414.4407082514101, 903.7039291641531
668.953345301296, 619.8334140367407
685.731022422461, 419.5886692901144
953.8406843184246, 732.2697913696667
997.3014417770513, 747.2749332192972
985.3714566349934, 600.9487401036278
656.3443845208567, 724.587689431761

<adjacency matrix with truck distances>
1, 2, 723.0,1012.0,1
2, 1, 723.0,1012.0,1
1, 3, 599.0,841.0,-1
3, 1, 599.0,841.0,-1
1, 4, 628.0,841.0,-1
4, 1, 628.0,841.0,-1
1, 5, 267.0,376.0,1
5, 1, 267.0,376.0,1
1, 6, 816.0,1099.0,1
6, 1, 816.0,1099.0,1
1, 7, 471.0,621.0,-1
7, 1, 471.0,621.0,-1
1, 8, 709.0,996.0,-1
8, 1, 709.0,996.0,-1
1, 9, 966.0,1352.0,-1
9, 1, 966.0,1352.0,-1
1, 10, 488.0,679.0,-1
10, 1, 488.0,679.0,-1
1, 11, 146.0,151.0,1
11, 1, 146.0,151.0,1
1, 12, 243.0,334.0,-1
12, 1, 243.0,334.0,-1
1, 13, 177.0,248.0,-1
13, 1, 177.0,248.0,-1
1, 14, 221.0,306.0,1
14, 1, 221.0,306.0,1
1, 15, 174.0,196.0,-1
15, 1, 174.0,196.0,-1
1, 16, 187.0,258.0,1
16, 1, 187.0,258.0,1
1, 1, 0.0,0.0,1
2, 3, 945.0,982.0,1
3, 2, 945.0,982.0,1
2, 4, 866.0,983.0,-1
4, 2, 866.0,983.0,-1
2, 5, 465.0,636.0,1
5, 2, 465.0,636.0,1
2, 6, 356.0,496.0,-1
6, 2, 356.0,496.0,-1
2, 7, 388.0,392.0,-1
7, 2, 388.0,392.0,-1
2, 8, 179.0,252.0,-1
8, 2, 179.0,252.0,-1
2, 9, 339.0,340.0,1
9, 2, 339.0,340.0,1
2, 10, 857.0,892.0,-1
10, 2, 857.0,892.0,-1
2, 11, 642.0,862.0,1
11, 2, 642.0,862.0,1
2, 12, 482.0,679.0,-1
12, 2, 482.0,679.0,-1
2, 13, 894.0,1260.0,-1
13, 2, 894.0,1260.0,-1
2, 14, 934.0,1318.0,-1
14, 2, 934.0,1318.0,-1
2, 15, 821.0,1160.0,1
15, 2, 821.0,1160.0,1
2, 16, 732.0,955.0,-1
16, 2, 732.0,955.0,-1
2, 2, 0.0,0.0,1
3, 4, 125.0,177.0,-1
4, 3, 125.0,177.0,-1
3, 5, 609.0,818.0,1
5, 3, 609.0,818.0,1
3, 6, 781.0,992.0,1
6, 3, 781.0,992.0,1
3, 7, 558.0,599.0,-1
7, 3, 558.0,599.0,-1
3, 8, 814.0,890.0,-1
8, 3, 814.0,890.0,-1
3, 9, 992.0,1245.0,1
9, 3, 992.0,1245.0,1
3, 10, 115.0,162.0,-1
10, 3, 115.0,162.0,-1
3, 11, 497.0,701.0,1
11, 3, 497.0,701.0,1
3, 12, 669.0,918.0,-1
12, 3, 669.0,918.0,-1
3, 13, 666.0,873.0,-1
13, 3, 666.0,873.0,-1
3, 14, 701.0,902.0,-1
14, 3, 701.0,902.0,-1
3, 15, 755.0,1036.0,-1
15, 3, 755.0,1036.0,-1
3, 16, 414.0,583.0,-1
16, 3, 414.0,583.0,-1
3, 3, 0.0,0.0,1
4, 5, 583.0,819.0,1
5, 4, 583.0,819.0,1
4, 6, 672.0,816.0,-1
6, 4, 672.0,816.0,-1
4, 7, 486.0,599.0,-1
7, 4, 486.0,599.0,-1
4, 8, 723.0,731.0,-1
8, 4, 723.0,731.0,-1
4, 9, 883.0,1069.0,-1
9, 4, 883.0,1069.0,-1
4, 10, 163.0,163.0,-1
10, 4, 163.0,163.0,-1
4, 11, 505.0,701.0,1
11, 4, 505.0,701.0,1
4, 12, 650.0,918.0,1
12, 4, 650.0,918.0,1
4, 13, 723.0,874.0,-1
13, 4, 723.0,874.0,-1
4, 14, 762.0,902.0,-1
14, 4, 762.0,902.0,-1
4, 15, 794.0,1037.0,-1
15, 4, 794.0,1037.0,-1
4, 16, 443.0,584.0,-1
16, 4, 443.0,584.0,-1
4, 4, 0.0,0.0,1
5, 6, 562.0,723.0,-1
6, 5, 562.0,723.0,-1
5, 7, 233.0,245.0,-1
7, 5, 233.0,245.0,-1
5, 8, 443.0,620.0,-1
8, 5, 443.0,620.0,-1
5, 9, 701.0,976.0,-1
9, 5, 701.0,976.0,-1
5, 10, 498.0,656.0,-1
10, 5, 498.0,656.0,-1
5, 11, 181.0,226.0,-1
11, 5, 181.0,226.0,-1
5, 12, 77.0,100.0,1
12, 5, 77.0,100.0,1
5, 13, 443.0,624.0,1
13, 5, 443.0,624.0,1
5, 14, 486.0,682.0,-1
14, 5, 486.0,682.0,-1
5, 15, 401.0,524.0,-1
15, 5, 401.0,524.0,-1
5, 16, 280.0,319.0,-1
16, 5, 280.0,319.0,-1
5, 5, 0.0,0.0,1
6, 7, 348.0,478.0,-1
7, 6, 348.0,478.0,-1
6, 8, 188.0,245.0,-1
8, 6, 188.0,245.0,-1
6, 9, 212.0,254.0,-1
9, 6, 212.0,254.0,-1
6, 10, 729.0,978.0,-1
10, 6, 729.0,978.0,-1
6, 11, 688.0,948.0,-1
11, 6, 688.0,948.0,-1
6, 12, 621.0,765.0,-1
12, 6, 621.0,765.0,-1
6, 13, 990.0,1346.0,-1
13, 6, 990.0,1346.0,-1
6, 14, 1036.0,1404.0,-1
14, 6, 1036.0,1404.0,-1
6, 15, 963.0,1246.0,1
15, 6, 963.0,1246.0,1
6, 16, 739.0,1041.0,-1
16, 6, 739.0,1041.0,-1
6, 6, 0.0,0.0,1
7, 8, 282.0,376.0,1
8, 7, 282.0,376.0,1
7, 9, 519.0,732.0,-1
9, 7, 519.0,732.0,-1
7, 10, 469.0,500.0,-1
10, 7, 469.0,500.0,-1
7, 11, 341.0,470.0,1
11, 7, 341.0,470.0,1
7, 12, 304.0,320.0,-1
12, 7, 304.0,320.0,-1
7, 13, 644.0,868.0,-1
13, 7, 644.0,868.0,-1
7, 14, 689.0,926.0,-1
14, 7, 689.0,926.0,-1
7, 15, 625.0,768.0,1
15, 7, 625.0,768.0,1
7, 16, 398.0,563.0,1
16, 7, 398.0,563.0,1
7, 7, 0.0,0.0,1
8, 9, 259.0,356.0,1
9, 8, 259.0,356.0,1
8, 10, 738.0,876.0,1
10, 8, 738.0,876.0,1
8, 11, 599.0,846.0,-1
11, 8, 599.0,846.0,-1
8, 12, 487.0,663.0,1
12, 8, 487.0,663.0,1
8, 13, 885.0,1244.0,-1
13, 8, 885.0,1244.0,-1
8, 14, 929.0,1302.0,-1
14, 8, 929.0,1302.0,-1
8, 15, 837.0,1144.0,-1
15, 8, 837.0,1144.0,-1
8, 16, 672.0,938.0,-1
16, 8, 672.0,938.0,-1
8, 8, 0.0,0.0,1
9, 10, 935.0,1231.0,-1
10, 9, 935.0,1231.0,-1
9, 11, 851.0,1202.0,-1
11, 9, 851.0,1202.0,-1
9, 12, 746.0,1019.0,1
12, 9, 746.0,1019.0,1
9, 13, 1142.0,1599.0,-1
13, 9, 1142.0,1599.0,-1
9, 14, 1186.0,1658.0,-1
14, 9, 1186.0,1658.0,-1
9, 15, 1096.0,1500.0,1
15, 9, 1096.0,1500.0,1
9, 16, 916.0,1294.0,1
16, 9, 916.0,1294.0,1
9, 9, 0.0,0.0,1
10, 11, 382.0,539.0,-1
11, 10, 382.0,539.0,-1
10, 12, 555.0,756.0,-1
12, 10, 555.0,756.0,-1
10, 13, 566.0,711.0,-1
13, 10, 566.0,711.0,-1
10, 14, 604.0,740.0,-1
14, 10, 604.0,740.0,-1
10, 15, 647.0,874.0,-1
15, 10, 647.0,874.0,-1
10, 16, 301.0,422.0,-1
16, 10, 301.0,422.0,-1
10, 10, 0.0,0.0,1
11, 12, 201.0,218.0,-1
12, 11, 201.0,218.0,-1
11, 13, 307.0,398.0,1
13, 11, 307.0,398.0,1
11, 14, 353.0,456.0,-1
14, 11, 353.0,456.0,-1
11, 15, 317.0,336.0,-1
15, 11, 317.0,336.0,-1
11, 16, 106.0,118.0,-1
16, 11, 106.0,118.0,-1
11, 11, 0.0,0.0,1
12, 13, 412.0,581.0,1
13, 12, 412.0,581.0,1
12, 14, 453.0,640.0,-1
14, 12, 453.0,640.0,-1
12, 15, 351.0,482.0,-1
15, 12, 351.0,482.0,-1
12, 16, 307.0,335.0,-1
16, 12, 307.0,335.0,-1
12, 12, 0.0,0.0,1
13, 14, 46.0,59.0,1
14, 13, 46.0,59.0,1
13, 15, 136.0,163.0,-1
15, 13, 136.0,163.0,-1
13, 16, 298.0,306.0,-1
16, 13, 298.0,306.0,-1
13, 13, 0.0,0.0,1
14, 15, 147.0,159.0,-1
15, 14, 147.0,159.0,-1
14, 16, 342.0,364.0,1
16, 14, 342.0,364.0,1
14, 14, 0.0,0.0,1
15, 16, 352.0,453.0,1
16, 15, 352.0,453.0,1
15, 15, 0.0,0.0,1
16, 16, 0.0,0.0,1


<end>