<number of nodes>
16

<ratio of available edges>
0.3

<max length of the drone flight>
100000 

<D 2/3>
1, 2, 4, 5, 8, 10, 11, 12, 13, 15, 16

<V>
4, 5, 8, 12, 15

<coordinates X,Y>
148.46535097326947, 676.472025969709
379.7426670152377, 924.6484989332251
739.7568314889588, 300.53092892065155
271.2160200708428, 787.7246432240013
132.7008700557674, 764.9280466883523
127.56526445987396, 789.3190992354139
732.0159064191924, 691.2953703792714
48.93172911497913, 807.0728138805893
591.5041025503658, 958.2582083435345
743.6471897671648, 52.46405115138749
166.02968649434152, 592.2034897033033
59.2780769799458, 253.06546268331164
518.942748809321, 657.3413386513405
524.5691525356189, 420.543656398715
282.068899237469, 863.5227378153866
224.32370822957876, 670.9857266250228

<adjacency matrix with truck distances>
1, 2, 340.0,480.0,-1
2, 1, 340.0,480.0,-1
1, 3, 701.0,968.0,-1
3, 1, 701.0,968.0,-1
1, 4, 166.0,235.0,-1
4, 1, 166.0,235.0,-1
1, 5, 90.0,105.0,1
5, 1, 90.0,105.0,1
1, 6, 115.0,134.0,1
6, 1, 115.0,134.0,1
1, 7, 584.0,599.0,-1
7, 1, 584.0,599.0,-1
1, 8, 165.0,231.0,-1
8, 1, 165.0,231.0,-1
1, 9, 526.0,725.0,-1
9, 1, 526.0,725.0,-1
1, 10, 863.0,1220.0,-1
10, 1, 863.0,1220.0,-1
1, 11, 87.0,102.0,-1
11, 1, 87.0,102.0,-1
1, 12, 433.0,513.0,1
12, 1, 433.0,513.0,1
1, 13, 371.0,390.0,-1
13, 1, 371.0,390.0,-1
1, 14, 455.0,633.0,-1
14, 1, 455.0,633.0,-1
1, 15, 230.0,321.0,-1
15, 1, 230.0,321.0,-1
1, 16, 77.0,82.0,1
16, 1, 77.0,82.0,1
1, 1, 0.0,0.0,1
2, 3, 721.0,985.0,1
3, 2, 721.0,985.0,1
2, 4, 175.0,246.0,1
4, 2, 175.0,246.0,1
2, 5, 295.0,407.0,-1
5, 2, 295.0,407.0,-1
2, 6, 287.0,388.0,-1
6, 2, 287.0,388.0,-1
2, 7, 423.0,586.0,-1
7, 2, 423.0,586.0,-1
2, 8, 352.0,449.0,1
8, 2, 352.0,449.0,1
2, 9, 215.0,246.0,-1
9, 2, 215.0,246.0,-1
2, 10, 946.0,1237.0,-1
10, 2, 946.0,1237.0,-1
2, 11, 396.0,547.0,1
11, 2, 396.0,547.0,1
2, 12, 745.0,993.0,1
12, 2, 745.0,993.0,1
2, 13, 302.0,407.0,-1
13, 2, 302.0,407.0,-1
2, 14, 525.0,649.0,-1
14, 2, 525.0,649.0,-1
2, 15, 116.0,159.0,-1
15, 2, 116.0,159.0,-1
2, 16, 298.0,410.0,-1
16, 2, 298.0,410.0,-1
2, 2, 0.0,0.0,1
3, 4, 676.0,956.0,-1
4, 3, 676.0,956.0,-1
3, 5, 765.0,1072.0,1
5, 3, 765.0,1072.0,1
3, 6, 784.0,1101.0,-1
6, 3, 784.0,1101.0,-1
3, 7, 391.0,399.0,-1
7, 3, 391.0,399.0,-1
3, 8, 857.0,1198.0,-1
8, 3, 857.0,1198.0,-1
3, 9, 675.0,806.0,-1
9, 3, 675.0,806.0,-1
3, 10, 249.0,252.0,1
10, 3, 249.0,252.0,1
3, 11, 644.0,866.0,-1
11, 3, 644.0,866.0,-1
3, 12, 683.0,728.0,1
12, 3, 683.0,728.0,1
3, 13, 420.0,578.0,1
13, 3, 420.0,578.0,1
3, 14, 247.0,336.0,-1
14, 3, 247.0,336.0,-1
3, 15, 726.0,1021.0,-1
15, 3, 726.0,1021.0,-1
3, 16, 635.0,886.0,-1
16, 3, 635.0,886.0,-1
3, 3, 0.0,0.0,1
4, 5, 141.0,162.0,-1
5, 4, 141.0,162.0,-1
4, 6, 144.0,146.0,-1
6, 4, 144.0,146.0,-1
4, 7, 471.0,558.0,1
7, 4, 471.0,558.0,1
4, 8, 224.0,242.0,-1
8, 4, 224.0,242.0,-1
4, 9, 363.0,491.0,-1
9, 4, 363.0,491.0,-1
4, 10, 874.0,1208.0,-1
10, 4, 874.0,1208.0,-1
4, 11, 223.0,301.0,-1
11, 4, 223.0,301.0,-1
4, 12, 576.0,747.0,-1
12, 4, 576.0,747.0,-1
4, 13, 280.0,379.0,-1
13, 4, 280.0,379.0,-1
4, 14, 447.0,621.0,1
14, 4, 447.0,621.0,1
4, 15, 77.0,87.0,-1
15, 4, 77.0,87.0,-1
4, 16, 126.0,164.0,-1
16, 4, 126.0,164.0,-1
4, 4, 0.0,0.0,1
5, 6, 25.0,30.0,1
6, 5, 25.0,30.0,1
5, 7, 604.0,673.0,-1
7, 5, 604.0,673.0,-1
5, 8, 94.0,126.0,-1
8, 5, 94.0,126.0,-1
5, 9, 498.0,653.0,-1
9, 5, 498.0,653.0,-1
5, 10, 939.0,1324.0,-1
10, 5, 939.0,1324.0,-1
5, 11, 176.0,207.0,1
11, 5, 176.0,207.0,1
5, 12, 518.0,586.0,-1
12, 5, 518.0,586.0,-1
5, 13, 401.0,494.0,-1
13, 5, 401.0,494.0,-1
5, 14, 522.0,737.0,-1
14, 5, 522.0,737.0,-1
5, 15, 179.0,248.0,1
15, 5, 179.0,248.0,1
5, 16, 132.0,186.0,-1
16, 5, 132.0,186.0,-1
5, 5, 0.0,0.0,1
6, 7, 613.0,703.0,-1
7, 6, 613.0,703.0,-1
6, 8, 81.0,97.0,1
8, 6, 81.0,97.0,1
6, 9, 494.0,633.0,-1
9, 6, 494.0,633.0,-1
6, 10, 961.0,1353.0,1
10, 6, 961.0,1353.0,1
6, 11, 201.0,236.0,-1
11, 6, 201.0,236.0,-1
6, 12, 541.0,605.0,-1
12, 6, 541.0,605.0,-1
6, 13, 414.0,524.0,-1
13, 6, 414.0,524.0,-1
6, 14, 542.0,766.0,-1
14, 6, 542.0,766.0,-1
6, 15, 172.0,229.0,1
15, 6, 172.0,229.0,1
6, 16, 153.0,216.0,-1
16, 6, 153.0,216.0,-1
6, 6, 0.0,0.0,1
7, 8, 693.0,799.0,1
8, 7, 693.0,799.0,1
7, 9, 302.0,408.0,-1
9, 7, 302.0,408.0,-1
7, 10, 639.0,651.0,-1
10, 7, 639.0,651.0,-1
7, 11, 575.0,666.0,-1
11, 7, 575.0,666.0,-1
7, 12, 803.0,1111.0,-1
12, 7, 803.0,1111.0,-1
7, 13, 216.0,248.0,-1
13, 7, 216.0,248.0,-1
7, 14, 342.0,479.0,-1
14, 7, 342.0,479.0,-1
7, 15, 482.0,623.0,-1
15, 7, 482.0,623.0,-1
7, 16, 509.0,529.0,1
16, 7, 509.0,529.0,1
7, 7, 0.0,0.0,1
8, 9, 564.0,694.0,1
9, 8, 564.0,694.0,1
8, 10, 1026.0,1450.0,-1
10, 8, 1026.0,1450.0,-1
8, 11, 245.0,332.0,-1
11, 8, 245.0,332.0,-1
8, 12, 555.0,565.0,-1
12, 8, 555.0,565.0,-1
8, 13, 494.0,620.0,-1
13, 8, 494.0,620.0,-1
8, 14, 613.0,863.0,-1
14, 8, 613.0,863.0,-1
8, 15, 240.0,290.0,1
15, 8, 240.0,290.0,1
8, 16, 222.0,312.0,-1
16, 8, 222.0,312.0,-1
8, 8, 0.0,0.0,1
9, 10, 919.0,1058.0,1
10, 9, 919.0,1058.0,1
9, 11, 562.0,792.0,1
11, 9, 562.0,792.0,1
9, 12, 884.0,1238.0,-1
12, 9, 884.0,1238.0,-1
9, 13, 310.0,374.0,-1
13, 9, 310.0,374.0,-1
9, 14, 542.0,605.0,-1
14, 9, 542.0,605.0,-1
9, 15, 324.0,405.0,-1
15, 9, 324.0,405.0,-1
9, 16, 467.0,655.0,-1
16, 9, 467.0,655.0,-1
9, 9, 0.0,0.0,1
10, 11, 791.0,1118.0,1
11, 10, 791.0,1118.0,1
10, 12, 714.0,885.0,-1
12, 10, 714.0,885.0,-1
10, 13, 646.0,830.0,1
13, 10, 646.0,830.0,1
10, 14, 429.0,588.0,-1
14, 10, 429.0,588.0,-1
10, 15, 934.0,1273.0,1
15, 10, 934.0,1273.0,1
10, 16, 808.0,1138.0,-1
16, 10, 808.0,1138.0,-1
10, 10, 0.0,0.0,1
11, 12, 356.0,446.0,-1
12, 11, 356.0,446.0,-1
11, 13, 359.0,419.0,-1
13, 11, 359.0,419.0,-1
11, 14, 398.0,531.0,-1
14, 11, 398.0,531.0,-1
11, 15, 296.0,388.0,-1
15, 11, 296.0,388.0,-1
11, 16, 99.0,138.0,1
16, 11, 99.0,138.0,1
11, 11, 0.0,0.0,1
12, 13, 613.0,864.0,1
13, 12, 613.0,864.0,1
12, 14, 495.0,633.0,1
14, 12, 495.0,633.0,1
12, 15, 650.0,834.0,1
15, 12, 650.0,834.0,1
12, 16, 450.0,583.0,-1
16, 12, 450.0,583.0,-1
12, 12, 0.0,0.0,1
13, 14, 237.0,243.0,-1
14, 13, 237.0,243.0,-1
13, 15, 315.0,444.0,-1
15, 13, 315.0,444.0,-1
13, 16, 295.0,309.0,1
16, 13, 295.0,309.0,1
13, 13, 0.0,0.0,1
14, 15, 506.0,686.0,-1
15, 14, 506.0,686.0,-1
14, 16, 391.0,551.0,-1
16, 14, 391.0,551.0,-1
14, 14, 0.0,0.0,1
15, 16, 202.0,251.0,1
16, 15, 202.0,251.0,1
15, 15, 0.0,0.0,1
16, 16, 0.0,0.0,1


<end>