<number of nodes>
16

<ratio of available edges>
0.3

<max length of the drone flight>
100000 

<D 2/3>
1, 3, 4, 6, 7, 9, 11, 12, 13, 15, 16

<V>
3, 9, 13, 15, 16

<coordinates X,Y>
899.6200028078913, 287.282483228298
784.9043913858269, 372.443227549136
156.69426110159293, 558.1625435907949
832.8429665272835, 976.5907008838196
275.3517258655479, 804.794007293899
930.2557471419515, 100.44944479466834
58.18562047682587, 892.7234025694901
390.2870106244013, 402.59786891438296
400.1084758270133, 71.76681799740982
119.04806436057436, 587.6471203494251
173.02333716813624, 676.9929258868904
608.7900522218417, 708.0978143725077
134.69986340356698, 328.14116855908264
268.21952886254854, 494.21779330952455
15.669610011201003, 539.1588169834743
401.69808970240325, 707.5432236257797

<adjacency matrix with truck distances>
1, 2, 143.0,200.0,-1
2, 1, 143.0,200.0,-1
1, 3, 791.0,1014.0,1
3, 1, 791.0,1014.0,1
1, 4, 693.0,757.0,1
4, 1, 693.0,757.0,1
1, 5, 811.0,1142.0,-1
5, 1, 811.0,1142.0,-1
1, 6, 190.0,218.0,-1
6, 1, 190.0,218.0,-1
1, 7, 1037.0,1447.0,-1
7, 1, 1037.0,1447.0,-1
1, 8, 523.0,625.0,-1
8, 1, 523.0,625.0,-1
1, 9, 545.0,716.0,-1
9, 1, 545.0,716.0,-1
1, 10, 837.0,1081.0,-1
10, 1, 837.0,1081.0,-1
1, 11, 825.0,1117.0,-1
11, 1, 825.0,1117.0,-1
1, 12, 512.0,712.0,1
12, 1, 512.0,712.0,1
1, 13, 767.0,806.0,-1
13, 1, 767.0,806.0,-1
1, 14, 665.0,839.0,-1
14, 1, 665.0,839.0,-1
1, 15, 920.0,1136.0,-1
15, 1, 920.0,1136.0,-1
1, 16, 652.0,919.0,-1
16, 1, 652.0,919.0,-1
1, 1, 0.0,0.0,1
2, 3, 656.0,814.0,-1
3, 2, 656.0,814.0,-1
2, 4, 607.0,653.0,-1
4, 2, 607.0,653.0,-1
2, 5, 669.0,942.0,1
5, 2, 669.0,942.0,1
2, 6, 309.0,418.0,-1
6, 2, 309.0,418.0,-1
2, 7, 894.0,1247.0,-1
7, 2, 894.0,1247.0,-1
2, 8, 396.0,425.0,-1
8, 2, 396.0,425.0,-1
2, 9, 489.0,686.0,-1
9, 2, 489.0,686.0,-1
2, 10, 700.0,882.0,-1
10, 2, 700.0,882.0,-1
2, 11, 684.0,917.0,1
11, 2, 684.0,917.0,1
2, 12, 380.0,512.0,-1
12, 2, 380.0,512.0,-1
2, 13, 652.0,695.0,-1
13, 2, 652.0,695.0,-1
2, 14, 531.0,639.0,-1
14, 2, 531.0,639.0,-1
2, 15, 788.0,936.0,1
15, 2, 788.0,936.0,1
2, 16, 510.0,719.0,1
16, 2, 510.0,719.0,1
2, 2, 0.0,0.0,1
3, 4, 796.0,1095.0,-1
4, 3, 796.0,1095.0,-1
3, 5, 274.0,366.0,-1
5, 3, 274.0,366.0,-1
3, 6, 899.0,1232.0,1
6, 3, 899.0,1232.0,1
3, 7, 349.0,434.0,-1
7, 3, 349.0,434.0,-1
3, 8, 281.0,390.0,-1
8, 3, 281.0,390.0,-1
3, 9, 544.0,730.0,1
9, 3, 544.0,730.0,1
3, 10, 48.0,68.0,1
10, 3, 48.0,68.0,1
3, 11, 120.0,136.0,-1
11, 3, 120.0,136.0,-1
3, 12, 477.0,603.0,-1
12, 3, 477.0,603.0,-1
3, 13, 232.0,253.0,-1
13, 3, 232.0,253.0,-1
3, 14, 129.0,176.0,-1
14, 3, 129.0,176.0,-1
3, 15, 143.0,161.0,-1
15, 3, 143.0,161.0,-1
3, 16, 287.0,395.0,-1
16, 3, 287.0,395.0,-1
3, 3, 0.0,0.0,1
4, 5, 584.0,730.0,-1
5, 4, 584.0,730.0,-1
4, 6, 882.0,974.0,-1
6, 4, 882.0,974.0,-1
4, 7, 780.0,859.0,-1
7, 4, 780.0,859.0,-1
4, 8, 725.0,1017.0,1
8, 4, 725.0,1017.0,1
4, 9, 1003.0,1338.0,-1
9, 4, 1003.0,1338.0,-1
4, 10, 813.0,1103.0,-1
10, 4, 813.0,1103.0,-1
4, 11, 725.0,960.0,-1
11, 4, 725.0,960.0,-1
4, 12, 350.0,493.0,1
12, 4, 350.0,493.0,1
4, 13, 953.0,1347.0,1
13, 4, 953.0,1347.0,1
4, 14, 743.0,1047.0,-1
14, 4, 743.0,1047.0,-1
4, 15, 927.0,1255.0,-1
15, 4, 927.0,1255.0,-1
4, 16, 509.0,701.0,-1
16, 4, 509.0,701.0,-1
4, 4, 0.0,0.0,1
5, 6, 962.0,1360.0,-1
6, 5, 962.0,1360.0,-1
5, 7, 235.0,306.0,1
7, 5, 235.0,306.0,1
5, 8, 419.0,518.0,-1
8, 5, 419.0,518.0,-1
5, 9, 744.0,858.0,1
9, 5, 744.0,858.0,1
5, 10, 268.0,374.0,-1
10, 5, 268.0,374.0,-1
5, 11, 164.0,231.0,-1
11, 5, 164.0,231.0,-1
5, 12, 348.0,431.0,-1
12, 5, 348.0,431.0,-1
5, 13, 497.0,618.0,-1
13, 5, 497.0,618.0,-1
5, 14, 311.0,318.0,-1
14, 5, 311.0,318.0,-1
5, 15, 372.0,526.0,-1
15, 5, 372.0,526.0,-1
5, 16, 160.0,224.0,-1
16, 5, 160.0,224.0,-1
5, 5, 0.0,0.0,1
6, 7, 1179.0,1665.0,1
7, 6, 1179.0,1665.0,1
6, 8, 619.0,843.0,1
8, 6, 619.0,843.0,1
6, 9, 531.0,559.0,-1
9, 6, 531.0,559.0,-1
6, 10, 947.0,1299.0,1
10, 6, 947.0,1299.0,1
6, 11, 952.0,1334.0,1
11, 6, 952.0,1334.0,1
6, 12, 688.0,930.0,1
12, 6, 688.0,930.0,1
6, 13, 828.0,1024.0,1
13, 6, 828.0,1024.0,1
6, 14, 771.0,1056.0,-1
14, 6, 771.0,1056.0,-1
6, 15, 1015.0,1354.0,1
15, 6, 1015.0,1354.0,1
6, 16, 805.0,1136.0,-1
16, 6, 805.0,1136.0,-1
6, 6, 0.0,0.0,1
7, 8, 593.0,823.0,-1
8, 7, 593.0,823.0,-1
7, 9, 890.0,1163.0,1
9, 7, 890.0,1163.0,1
7, 10, 312.0,366.0,1
10, 7, 312.0,366.0,1
7, 11, 245.0,331.0,-1
11, 7, 245.0,331.0,-1
7, 12, 581.0,736.0,-1
12, 7, 581.0,736.0,-1
7, 13, 570.0,642.0,-1
13, 7, 570.0,642.0,-1
7, 14, 451.0,609.0,-1
14, 7, 451.0,609.0,-1
7, 15, 357.0,397.0,-1
15, 7, 357.0,397.0,-1
7, 16, 391.0,529.0,-1
16, 7, 391.0,529.0,-1
7, 7, 0.0,0.0,1
8, 9, 331.0,341.0,-1
9, 8, 331.0,341.0,-1
8, 10, 329.0,457.0,-1
10, 8, 329.0,457.0,-1
8, 11, 350.0,492.0,-1
11, 8, 350.0,492.0,-1
8, 12, 376.0,525.0,1
12, 8, 376.0,525.0,1
8, 13, 267.0,331.0,1
13, 8, 267.0,331.0,1
8, 14, 153.0,214.0,-1
14, 8, 153.0,214.0,-1
8, 15, 399.0,512.0,-1
15, 8, 399.0,512.0,-1
8, 16, 306.0,317.0,-1
16, 8, 306.0,317.0,-1
8, 8, 0.0,0.0,1
9, 10, 588.0,797.0,-1
10, 9, 588.0,797.0,-1
9, 11, 647.0,833.0,-1
11, 9, 647.0,833.0,-1
9, 12, 670.0,846.0,1
12, 9, 670.0,846.0,1
9, 13, 370.0,522.0,-1
13, 9, 370.0,522.0,-1
9, 14, 443.0,555.0,-1
14, 9, 443.0,555.0,-1
9, 15, 606.0,852.0,-1
15, 9, 606.0,852.0,-1
9, 16, 636.0,638.0,1
16, 9, 636.0,638.0,1
9, 9, 0.0,0.0,1
10, 11, 105.0,144.0,1
11, 10, 105.0,144.0,1
10, 12, 505.0,611.0,-1
12, 10, 505.0,611.0,-1
10, 13, 260.0,276.0,1
13, 10, 260.0,276.0,1
10, 14, 177.0,243.0,-1
14, 10, 177.0,243.0,-1
10, 15, 115.0,152.0,-1
15, 10, 115.0,152.0,-1
10, 16, 308.0,403.0,-1
16, 10, 308.0,403.0,-1
10, 10, 0.0,0.0,1
11, 12, 437.0,467.0,1
12, 11, 437.0,467.0,1
11, 13, 351.0,388.0,-1
13, 11, 351.0,388.0,-1
11, 14, 207.0,278.0,-1
14, 11, 207.0,278.0,-1
11, 15, 210.0,296.0,-1
15, 11, 210.0,296.0,-1
11, 16, 231.0,260.0,1
16, 11, 231.0,260.0,1
11, 11, 0.0,0.0,1
12, 13, 608.0,855.0,-1
13, 12, 608.0,855.0,-1
12, 14, 403.0,555.0,-1
14, 12, 403.0,555.0,-1
12, 15, 617.0,763.0,1
15, 12, 617.0,763.0,1
12, 16, 208.0,208.0,-1
16, 12, 208.0,208.0,-1
12, 12, 0.0,0.0,1
13, 14, 214.0,300.0,-1
14, 13, 214.0,300.0,-1
13, 15, 243.0,331.0,1
15, 13, 243.0,331.0,1
13, 16, 464.0,647.0,-1
16, 13, 464.0,647.0,-1
13, 13, 0.0,0.0,1
14, 15, 257.0,298.0,1
15, 14, 257.0,298.0,1
14, 16, 252.0,347.0,1
16, 14, 252.0,347.0,1
14, 14, 0.0,0.0,1
15, 16, 422.0,555.0,-1
16, 15, 422.0,555.0,-1
15, 15, 0.0,0.0,1
16, 16, 0.0,0.0,1


<end>