<number of nodes>
16

<ratio of available edges>
0.3

<max length of the drone flight>
100000 

<D 2/3>
1, 4, 6, 7, 8, 9, 10, 11, 13, 14, 15

<V>
6, 10, 11, 14, 15

<coordinates X,Y>
103.03212510169071, 212.3427276951663
117.82104534252628, 952.3208684105688
823.9748020542363, 774.9019421235838
608.4503196284752, 550.4980186047196
954.9357992386838, 555.3731517380251
856.0207000423226, 954.350505456053
605.8236519950906, 581.478945590889
853.7819870100767, 405.37747320645445
646.3403409552996, 592.1312059505433
715.6681344352, 907.5284061422157
758.9658356599189, 18.305527542194536
969.5216138700533, 620.4814968866925
791.0539281073957, 546.0204133190962
990.6144030462839, 676.8561009993309
568.08790944856, 837.7155847992174
249.10234954126562, 967.4648238434422

<adjacency matrix with truck distances>
1, 2, 741.0,755.0,-1
2, 1, 741.0,755.0,-1
1, 3, 915.0,1284.0,1
3, 1, 915.0,1284.0,1
1, 4, 609.0,844.0,-1
4, 1, 609.0,844.0,-1
1, 5, 919.0,1195.0,-1
5, 1, 919.0,1195.0,-1
1, 6, 1058.0,1495.0,-1
6, 1, 1058.0,1495.0,-1
1, 7, 624.0,872.0,-1
7, 1, 624.0,872.0,-1
1, 8, 776.0,944.0,-1
8, 1, 776.0,944.0,-1
1, 9, 663.0,924.0,1
9, 1, 663.0,924.0,1
1, 10, 927.0,1308.0,-1
10, 1, 927.0,1308.0,-1
1, 11, 685.0,850.0,-1
11, 1, 685.0,850.0,-1
1, 12, 958.0,1275.0,-1
12, 1, 958.0,1275.0,-1
1, 13, 765.0,1022.0,1
13, 1, 765.0,1022.0,1
1, 14, 1002.0,1353.0,1
14, 1, 1002.0,1353.0,1
1, 15, 780.0,1091.0,-1
15, 1, 780.0,1091.0,-1
1, 16, 770.0,902.0,-1
16, 1, 770.0,902.0,-1
1, 1, 0.0,0.0,1
2, 3, 729.0,884.0,-1
3, 2, 729.0,884.0,-1
2, 4, 635.0,893.0,-1
4, 2, 635.0,893.0,-1
2, 5, 927.0,1235.0,1
5, 2, 927.0,1235.0,1
2, 6, 739.0,741.0,-1
6, 2, 739.0,741.0,-1
2, 7, 613.0,859.0,-1
7, 2, 613.0,859.0,-1
2, 8, 917.0,1283.0,-1
8, 2, 917.0,1283.0,-1
2, 9, 640.0,889.0,1
9, 2, 640.0,889.0,1
2, 10, 600.0,643.0,-1
10, 2, 600.0,643.0,-1
2, 11, 1133.0,1576.0,1
11, 2, 1133.0,1576.0,1
2, 12, 915.0,1184.0,-1
12, 2, 915.0,1184.0,-1
2, 13, 787.0,1080.0,1
13, 2, 787.0,1080.0,1
2, 14, 916.0,1149.0,-1
14, 2, 916.0,1149.0,-1
2, 15, 465.0,565.0,1
15, 2, 465.0,565.0,1
2, 16, 133.0,147.0,1
16, 2, 133.0,147.0,1
2, 2, 0.0,0.0,1
3, 4, 312.0,440.0,1
4, 3, 312.0,440.0,1
3, 5, 256.0,351.0,-1
5, 3, 256.0,351.0,-1
3, 6, 183.0,212.0,-1
6, 3, 183.0,212.0,-1
3, 7, 292.0,412.0,1
7, 3, 292.0,412.0,1
3, 8, 371.0,400.0,1
8, 3, 371.0,400.0,1
3, 9, 255.0,361.0,-1
9, 3, 255.0,361.0,-1
3, 10, 172.0,241.0,1
10, 3, 172.0,241.0,1
3, 11, 760.0,822.0,1
11, 3, 760.0,822.0,1
3, 12, 213.0,300.0,-1
12, 3, 213.0,300.0,-1
3, 13, 232.0,262.0,1
13, 3, 232.0,262.0,1
3, 14, 194.0,265.0,-1
14, 3, 194.0,265.0,-1
3, 15, 264.0,319.0,-1
15, 3, 264.0,319.0,-1
3, 16, 607.0,768.0,1
16, 3, 607.0,768.0,1
3, 3, 0.0,0.0,1
4, 5, 347.0,352.0,1
5, 4, 347.0,352.0,1
4, 6, 474.0,652.0,-1
6, 4, 474.0,652.0,-1
4, 7, 32.0,34.0,-1
7, 4, 32.0,34.0,-1
4, 8, 286.0,391.0,-1
8, 4, 286.0,391.0,-1
4, 9, 57.0,80.0,-1
9, 4, 57.0,80.0,-1
4, 10, 373.0,465.0,1
10, 4, 373.0,465.0,1
4, 11, 554.0,683.0,-1
11, 4, 554.0,683.0,-1
4, 12, 368.0,432.0,-1
12, 4, 368.0,432.0,-1
4, 13, 183.0,188.0,-1
13, 4, 183.0,188.0,-1
4, 14, 403.0,509.0,-1
14, 4, 403.0,509.0,-1
4, 15, 291.0,328.0,1
15, 4, 291.0,328.0,1
4, 16, 551.0,777.0,-1
16, 4, 551.0,777.0,-1
4, 4, 0.0,0.0,1
5, 6, 412.0,498.0,-1
6, 5, 412.0,498.0,-1
5, 7, 351.0,376.0,-1
7, 5, 351.0,376.0,-1
5, 8, 181.0,252.0,-1
8, 5, 181.0,252.0,-1
5, 9, 311.0,346.0,1
9, 5, 311.0,346.0,1
5, 10, 426.0,592.0,1
10, 5, 426.0,592.0,1
5, 11, 572.0,734.0,-1
11, 5, 572.0,734.0,-1
5, 12, 67.0,80.0,1
12, 5, 67.0,80.0,1
5, 13, 165.0,174.0,-1
13, 5, 165.0,174.0,-1
5, 14, 127.0,158.0,-1
14, 5, 127.0,158.0,-1
5, 15, 479.0,670.0,-1
15, 5, 479.0,670.0,-1
5, 16, 818.0,1118.0,1
16, 5, 818.0,1118.0,1
5, 5, 0.0,0.0,1
6, 7, 450.0,624.0,-1
7, 6, 450.0,624.0,-1
6, 8, 549.0,552.0,-1
8, 6, 549.0,552.0,-1
6, 9, 419.0,572.0,-1
9, 6, 419.0,572.0,-1
6, 10, 148.0,188.0,-1
10, 6, 148.0,188.0,-1
6, 11, 942.0,1034.0,-1
11, 6, 942.0,1034.0,-1
6, 12, 353.0,448.0,-1
12, 6, 353.0,448.0,-1
6, 13, 414.0,474.0,-1
13, 6, 414.0,474.0,-1
6, 14, 309.0,413.0,1
14, 6, 309.0,413.0,1
6, 15, 311.0,405.0,1
15, 6, 311.0,405.0,1
6, 16, 608.0,621.0,-1
16, 6, 608.0,621.0,-1
6, 6, 0.0,0.0,1
7, 8, 305.0,425.0,-1
8, 7, 305.0,425.0,-1
7, 9, 42.0,52.0,1
9, 7, 42.0,52.0,1
7, 10, 345.0,436.0,-1
10, 7, 345.0,436.0,-1
7, 11, 584.0,717.0,-1
11, 7, 584.0,717.0,-1
7, 12, 366.0,403.0,-1
12, 7, 366.0,403.0,-1
7, 13, 189.0,221.0,-1
13, 7, 189.0,221.0,-1
7, 14, 397.0,481.0,1
14, 7, 397.0,481.0,1
7, 15, 260.0,294.0,1
15, 7, 260.0,294.0,1
7, 16, 526.0,743.0,-1
16, 7, 526.0,743.0,-1
7, 7, 0.0,0.0,1
8, 9, 280.0,395.0,-1
9, 8, 280.0,395.0,-1
8, 10, 521.0,641.0,-1
10, 8, 521.0,641.0,-1
8, 11, 399.0,482.0,1
11, 8, 399.0,482.0,1
8, 12, 245.0,331.0,1
12, 8, 245.0,331.0,1
8, 13, 154.0,204.0,-1
13, 8, 154.0,204.0,-1
8, 14, 305.0,409.0,-1
14, 8, 305.0,409.0,-1
8, 15, 519.0,719.0,-1
15, 8, 519.0,719.0,-1
8, 16, 826.0,1167.0,-1
16, 8, 826.0,1167.0,-1
8, 8, 0.0,0.0,1
9, 10, 323.0,385.0,-1
10, 9, 323.0,385.0,-1
9, 11, 585.0,687.0,-1
11, 9, 585.0,687.0,-1
9, 12, 325.0,352.0,1
12, 9, 325.0,352.0,1
9, 13, 152.0,191.0,-1
13, 9, 152.0,191.0,-1
9, 14, 355.0,429.0,-1
14, 9, 355.0,429.0,-1
9, 15, 258.0,324.0,-1
15, 9, 258.0,324.0,-1
9, 16, 547.0,773.0,-1
16, 9, 547.0,773.0,-1
9, 9, 0.0,0.0,1
10, 11, 891.0,933.0,-1
11, 10, 891.0,933.0,-1
10, 12, 384.0,541.0,1
12, 10, 384.0,541.0,1
10, 13, 370.0,437.0,-1
13, 10, 370.0,437.0,-1
10, 14, 359.0,506.0,-1
14, 10, 359.0,506.0,-1
10, 15, 164.0,218.0,1
15, 10, 164.0,218.0,1
10, 16, 471.0,527.0,-1
16, 10, 471.0,527.0,-1
10, 10, 0.0,0.0,1
11, 12, 638.0,813.0,-1
12, 11, 638.0,813.0,-1
11, 13, 529.0,560.0,-1
13, 11, 529.0,560.0,-1
11, 14, 699.0,891.0,-1
14, 11, 699.0,891.0,-1
11, 15, 842.0,1011.0,-1
15, 11, 842.0,1011.0,-1
11, 16, 1078.0,1460.0,-1
16, 11, 1078.0,1460.0,-1
11, 11, 0.0,0.0,1
12, 13, 194.0,253.0,1
13, 12, 194.0,253.0,1
12, 14, 61.0,78.0,-1
14, 12, 61.0,78.0,-1
12, 15, 457.0,619.0,-1
15, 12, 457.0,619.0,-1
12, 16, 800.0,1068.0,-1
16, 12, 800.0,1068.0,-1
12, 12, 0.0,0.0,1
13, 14, 239.0,331.0,-1
14, 13, 239.0,331.0,-1
13, 15, 368.0,515.0,-1
15, 13, 368.0,515.0,-1
13, 16, 687.0,964.0,-1
16, 13, 687.0,964.0,-1
13, 13, 0.0,0.0,1
14, 15, 453.0,584.0,-1
15, 14, 453.0,584.0,-1
14, 16, 797.0,1033.0,1
16, 14, 797.0,1033.0,1
14, 14, 0.0,0.0,1
15, 16, 345.0,449.0,-1
16, 15, 345.0,449.0,-1
15, 15, 0.0,0.0,1
16, 16, 0.0,0.0,1


<end>