<number of nodes>
16

<ratio of available edges>
0.3

<max length of the drone flight>
100000 

<D 2/3>
1, 2, 4, 5, 7, 8, 9, 11, 13, 15, 16

<V>
4, 7, 9, 13, 16

<coordinates X,Y>
899.5053686563045, 76.45761350005797
234.84814472534535, 713.2030603800384
834.2683591571742, 602.6159209965089
575.4623352494154, 453.3823762578156
43.074985880079566, 853.4541817545124
79.61201470042792, 644.9206249400771
931.2072130752083, 886.9099548541251
104.11414988259008, 251.99028946068276
266.6568120873942, 30.99545974433252
45.27665406749669, 360.33777687621125
574.6312732224472, 142.25305192554487
929.7866605132904, 111.61054761236178
267.70346319869844, 177.19614510268826
193.8558481309074, 69.41041164064174
980.3703862771945, 567.6182861409014
177.9077237206163, 586.6823267422951

<adjacency matrix with truck distances>
1, 2, 921.0,1302.0,-1
2, 1, 921.0,1302.0,-1
1, 3, 531.0,592.0,-1
3, 1, 531.0,592.0,-1
1, 4, 498.0,701.0,-1
4, 1, 498.0,701.0,-1
1, 5, 1157.0,1634.0,1
5, 1, 1157.0,1634.0,1
1, 6, 998.0,1389.0,-1
6, 1, 998.0,1389.0,-1
1, 7, 812.0,843.0,1
7, 1, 812.0,843.0,1
1, 8, 815.0,971.0,-1
8, 1, 815.0,971.0,-1
1, 9, 635.0,679.0,1
9, 1, 635.0,679.0,1
1, 10, 901.0,1139.0,-1
10, 1, 901.0,1139.0,-1
1, 11, 332.0,391.0,1
11, 1, 332.0,391.0,1
1, 12, 47.0,66.0,1
12, 1, 47.0,66.0,1
1, 13, 640.0,733.0,-1
13, 1, 640.0,733.0,-1
1, 14, 706.0,713.0,-1
14, 1, 706.0,713.0,-1
1, 15, 498.0,573.0,-1
15, 1, 498.0,573.0,-1
1, 16, 884.0,1232.0,-1
16, 1, 884.0,1232.0,-1
1, 1, 0.0,0.0,1
2, 3, 610.0,711.0,-1
3, 2, 610.0,711.0,-1
2, 4, 429.0,601.0,-1
4, 2, 429.0,601.0,-1
2, 5, 238.0,333.0,1
5, 2, 238.0,333.0,1
2, 6, 170.0,224.0,-1
6, 2, 170.0,224.0,-1
2, 7, 718.0,871.0,-1
7, 2, 718.0,871.0,-1
2, 8, 480.0,592.0,-1
8, 2, 480.0,592.0,-1
2, 9, 683.0,715.0,-1
9, 2, 683.0,715.0,-1
2, 10, 401.0,543.0,-1
10, 2, 401.0,543.0,-1
2, 11, 665.0,911.0,-1
11, 2, 665.0,911.0,-1
2, 12, 920.0,1297.0,-1
12, 2, 920.0,1297.0,-1
2, 13, 538.0,569.0,-1
13, 2, 538.0,569.0,-1
2, 14, 646.0,685.0,-1
14, 2, 646.0,685.0,-1
2, 15, 760.0,892.0,1
15, 2, 760.0,892.0,1
2, 16, 139.0,184.0,1
16, 2, 139.0,184.0,1
2, 2, 0.0,0.0,1
3, 4, 299.0,409.0,-1
4, 3, 299.0,409.0,-1
3, 5, 831.0,1043.0,-1
5, 3, 831.0,1043.0,-1
3, 6, 756.0,797.0,1
6, 3, 756.0,797.0,1
3, 7, 301.0,382.0,1
7, 3, 301.0,382.0,1
3, 8, 810.0,1081.0,1
8, 3, 810.0,1081.0,1
3, 9, 806.0,1140.0,-1
9, 3, 806.0,1140.0,-1
3, 10, 826.0,1032.0,1
10, 3, 826.0,1032.0,1
3, 11, 529.0,720.0,-1
11, 3, 529.0,720.0,-1
3, 12, 501.0,587.0,-1
12, 3, 501.0,587.0,-1
3, 13, 709.0,992.0,1
13, 3, 709.0,992.0,1
3, 14, 834.0,1174.0,-1
14, 3, 834.0,1174.0,-1
3, 15, 151.0,182.0,-1
15, 3, 151.0,182.0,-1
3, 16, 657.0,673.0,-1
16, 3, 657.0,673.0,-1
3, 3, 0.0,0.0,1
4, 5, 666.0,933.0,1
5, 4, 666.0,933.0,1
4, 6, 532.0,688.0,-1
6, 4, 532.0,688.0,-1
4, 7, 561.0,790.0,-1
7, 4, 561.0,790.0,-1
4, 8, 513.0,673.0,-1
8, 4, 513.0,673.0,-1
4, 9, 524.0,732.0,-1
9, 4, 524.0,732.0,-1
4, 10, 539.0,624.0,1
10, 4, 539.0,624.0,1
4, 11, 312.0,312.0,-1
11, 4, 312.0,312.0,-1
4, 12, 493.0,697.0,-1
12, 4, 493.0,697.0,-1
4, 13, 414.0,584.0,-1
13, 4, 414.0,584.0,-1
4, 14, 542.0,766.0,-1
14, 4, 542.0,766.0,-1
4, 15, 421.0,520.0,1
15, 4, 421.0,520.0,1
4, 16, 420.0,531.0,1
16, 4, 420.0,531.0,1
4, 4, 0.0,0.0,1
5, 6, 212.0,246.0,-1
6, 5, 212.0,246.0,-1
5, 7, 889.0,922.0,-1
7, 5, 889.0,922.0,-1
5, 8, 605.0,663.0,-1
8, 5, 605.0,663.0,-1
5, 9, 853.0,1047.0,1
9, 5, 853.0,1047.0,1
5, 10, 494.0,496.0,-1
10, 5, 494.0,496.0,-1
5, 11, 888.0,1243.0,-1
11, 5, 888.0,1243.0,-1
5, 12, 1157.0,1629.0,-1
12, 5, 1157.0,1629.0,-1
5, 13, 713.0,901.0,-1
13, 5, 713.0,901.0,-1
5, 14, 799.0,935.0,-1
14, 5, 799.0,935.0,-1
5, 15, 980.0,1224.0,-1
15, 5, 980.0,1224.0,-1
5, 16, 299.0,402.0,-1
16, 5, 299.0,402.0,-1
5, 5, 0.0,0.0,1
6, 7, 886.0,1094.0,-1
7, 6, 886.0,1094.0,-1
6, 8, 394.0,418.0,-1
8, 6, 394.0,418.0,-1
6, 9, 642.0,801.0,-1
9, 6, 642.0,801.0,-1
6, 10, 287.0,319.0,1
10, 6, 287.0,319.0,1
6, 11, 706.0,998.0,-1
11, 6, 706.0,998.0,-1
6, 12, 1004.0,1384.0,-1
12, 6, 1004.0,1384.0,-1
6, 13, 505.0,656.0,-1
13, 6, 505.0,656.0,-1
6, 14, 587.0,690.0,1
14, 6, 587.0,690.0,1
6, 15, 905.0,979.0,-1
15, 6, 905.0,979.0,-1
6, 16, 115.0,157.0,-1
16, 6, 115.0,157.0,-1
6, 6, 0.0,0.0,1
7, 8, 1043.0,1463.0,1
8, 7, 1043.0,1463.0,1
7, 9, 1084.0,1521.0,-1
9, 7, 1084.0,1521.0,-1
7, 10, 1031.0,1413.0,-1
10, 7, 1031.0,1413.0,-1
7, 11, 826.0,1102.0,1
11, 7, 826.0,1102.0,1
7, 12, 776.0,777.0,1
12, 7, 776.0,777.0,1
7, 13, 972.0,1374.0,-1
13, 7, 972.0,1374.0,-1
7, 14, 1101.0,1555.0,-1
14, 7, 1101.0,1555.0,-1
7, 15, 324.0,369.0,-1
15, 7, 324.0,369.0,-1
7, 16, 811.0,1054.0,-1
16, 7, 811.0,1054.0,-1
7, 7, 0.0,0.0,1
8, 9, 275.0,384.0,-1
9, 8, 275.0,384.0,-1
8, 10, 124.0,168.0,-1
10, 8, 124.0,168.0,-1
8, 11, 484.0,581.0,-1
11, 8, 484.0,581.0,-1
8, 12, 838.0,967.0,-1
12, 8, 838.0,967.0,-1
8, 13, 180.0,239.0,-1
13, 8, 180.0,239.0,-1
8, 14, 204.0,273.0,1
14, 8, 204.0,273.0,1
8, 15, 932.0,1192.0,-1
15, 8, 932.0,1192.0,-1
8, 16, 343.0,409.0,-1
16, 8, 343.0,409.0,-1
8, 8, 0.0,0.0,1
9, 10, 397.0,551.0,1
10, 9, 397.0,551.0,1
9, 11, 328.0,420.0,-1
11, 9, 328.0,420.0,-1
9, 12, 669.0,744.0,-1
12, 9, 669.0,744.0,-1
9, 13, 147.0,148.0,1
13, 9, 147.0,148.0,1
9, 14, 83.0,112.0,1
14, 9, 83.0,112.0,1
9, 15, 893.0,1251.0,1
15, 9, 893.0,1251.0,1
9, 16, 563.0,645.0,1
16, 9, 563.0,645.0,1
9, 9, 0.0,0.0,1
10, 11, 573.0,748.0,-1
11, 10, 573.0,748.0,-1
10, 12, 919.0,1134.0,-1
12, 10, 919.0,1134.0,-1
10, 13, 289.0,406.0,-1
13, 10, 289.0,406.0,-1
10, 14, 327.0,440.0,1
14, 10, 327.0,440.0,1
10, 15, 958.0,1143.0,1
15, 10, 958.0,1143.0,1
10, 16, 263.0,359.0,1
16, 10, 263.0,359.0,1
10, 10, 0.0,0.0,1
11, 12, 357.0,386.0,-1
12, 11, 357.0,386.0,-1
11, 13, 309.0,342.0,1
13, 11, 309.0,342.0,1
11, 14, 388.0,454.0,1
14, 11, 388.0,454.0,1
11, 15, 588.0,832.0,-1
15, 11, 588.0,832.0,-1
11, 16, 596.0,842.0,-1
16, 11, 596.0,842.0,-1
11, 11, 0.0,0.0,1
12, 13, 666.0,728.0,-1
13, 12, 666.0,728.0,-1
12, 14, 738.0,779.0,-1
14, 12, 738.0,779.0,-1
12, 15, 459.0,507.0,1
15, 12, 459.0,507.0,1
12, 16, 890.0,1227.0,-1
16, 12, 890.0,1227.0,-1
12, 12, 0.0,0.0,1
13, 14, 131.0,182.0,-1
14, 13, 131.0,182.0,-1
13, 15, 813.0,1104.0,-1
15, 13, 813.0,1104.0,-1
13, 16, 420.0,500.0,1
16, 13, 420.0,500.0,1
13, 13, 0.0,0.0,1
14, 15, 932.0,1285.0,-1
15, 14, 932.0,1285.0,-1
14, 16, 518.0,534.0,-1
16, 14, 518.0,534.0,-1
14, 14, 0.0,0.0,1
15, 16, 803.0,822.0,-1
16, 15, 803.0,822.0,-1
15, 15, 0.0,0.0,1
16, 16, 0.0,0.0,1


<end>