<number of nodes>
16

<ratio of available edges>
0.3

<max length of the drone flight>
100000 

<D 2/3>
1, 3, 4, 6, 7, 9, 10, 11, 12, 13, 14

<V>
3, 4, 6, 9, 11

<coordinates X,Y>
490.29329415767495, 359.92259634257243
299.03773521321875, 442.44127794458285
469.9965440850296, 158.62071016517564
428.65810466893276, 903.5792026393999
600.8303044511889, 252.87226609516514
147.06408004330595, 945.488234940457
913.5345340442257, 624.4066363737812
893.5608179952851, 904.8492187904167
448.60894340600794, 913.4097181701769
120.92189821434742, 33.058344233156454
835.4241329971557, 4.437936721177202
824.4460432653219, 118.05071228353852
101.58391180753809, 175.87116049352503
692.3987568461531, 975.8220012744031
551.7323473028641, 86.26109735433637
819.2131882862947, 721.7250100270707

<adjacency matrix with truck distances>
1, 2, 209.0,274.0,-1
2, 1, 209.0,274.0,-1
1, 3, 203.0,222.0,1
3, 1, 203.0,222.0,1
1, 4, 548.0,606.0,1
4, 1, 548.0,606.0,1
1, 5, 154.0,218.0,-1
5, 1, 154.0,218.0,-1
1, 6, 679.0,929.0,1
6, 1, 679.0,929.0,1
1, 7, 500.0,688.0,-1
7, 1, 500.0,688.0,-1
1, 8, 678.0,949.0,-1
8, 1, 678.0,949.0,-1
1, 9, 556.0,596.0,-1
9, 1, 556.0,596.0,-1
1, 10, 494.0,697.0,-1
10, 1, 494.0,697.0,-1
1, 11, 496.0,701.0,-1
11, 1, 496.0,701.0,-1
1, 12, 413.0,577.0,-1
12, 1, 413.0,577.0,-1
1, 13, 431.0,573.0,1
13, 1, 431.0,573.0,1
1, 14, 649.0,819.0,-1
14, 1, 649.0,819.0,-1
1, 15, 281.0,336.0,-1
15, 1, 281.0,336.0,-1
1, 16, 489.0,691.0,-1
16, 1, 489.0,691.0,-1
1, 1, 0.0,0.0,1
2, 3, 332.0,455.0,1
3, 2, 332.0,455.0,1
2, 4, 480.0,591.0,-1
4, 2, 480.0,591.0,-1
2, 5, 357.0,492.0,-1
5, 2, 357.0,492.0,-1
2, 6, 526.0,656.0,-1
6, 2, 526.0,656.0,-1
2, 7, 641.0,797.0,-1
7, 2, 641.0,797.0,-1
2, 8, 754.0,1057.0,1
8, 2, 754.0,1057.0,1
2, 9, 495.0,621.0,-1
9, 2, 495.0,621.0,-1
2, 10, 447.0,588.0,-1
10, 2, 447.0,588.0,-1
2, 11, 693.0,975.0,1
11, 2, 693.0,975.0,1
2, 12, 618.0,850.0,-1
12, 2, 618.0,850.0,-1
2, 13, 332.0,465.0,-1
13, 2, 332.0,465.0,-1
2, 14, 663.0,927.0,-1
14, 2, 663.0,927.0,-1
2, 15, 437.0,609.0,-1
15, 2, 437.0,609.0,-1
2, 16, 591.0,800.0,1
16, 2, 591.0,800.0,1
2, 2, 0.0,0.0,1
3, 4, 747.0,787.0,-1
4, 3, 747.0,787.0,-1
3, 5, 162.0,226.0,-1
5, 3, 162.0,226.0,-1
3, 6, 851.0,1110.0,-1
6, 3, 851.0,1110.0,-1
3, 7, 644.0,910.0,-1
7, 3, 644.0,910.0,-1
3, 8, 859.0,1170.0,-1
8, 3, 859.0,1170.0,-1
3, 9, 756.0,777.0,-1
9, 3, 756.0,777.0,-1
3, 10, 371.0,475.0,-1
10, 3, 371.0,475.0,-1
3, 11, 397.0,520.0,1
11, 3, 397.0,520.0,1
3, 12, 357.0,396.0,-1
12, 3, 357.0,396.0,-1
3, 13, 369.0,386.0,-1
13, 3, 369.0,386.0,-1
3, 14, 847.0,1040.0,-1
14, 3, 847.0,1040.0,-1
3, 15, 110.0,155.0,-1
15, 3, 110.0,155.0,-1
3, 16, 663.0,913.0,1
16, 3, 663.0,913.0,1
3, 3, 0.0,0.0,1
4, 5, 674.0,823.0,-1
5, 4, 674.0,823.0,-1
4, 6, 285.0,324.0,-1
6, 4, 285.0,324.0,-1
4, 7, 560.0,765.0,1
7, 4, 560.0,765.0,1
4, 8, 465.0,467.0,1
8, 4, 465.0,467.0,1
4, 9, 23.0,30.0,1
9, 4, 23.0,30.0,1
4, 10, 924.0,1179.0,-1
10, 4, 924.0,1179.0,-1
4, 11, 987.0,1306.0,1
11, 4, 987.0,1306.0,1
4, 12, 880.0,1182.0,-1
12, 4, 880.0,1182.0,-1
4, 13, 798.0,1055.0,-1
13, 4, 798.0,1055.0,-1
4, 14, 274.0,336.0,1
14, 4, 274.0,336.0,1
4, 15, 827.0,941.0,-1
15, 4, 827.0,941.0,-1
4, 16, 431.0,573.0,-1
16, 4, 431.0,573.0,-1
4, 4, 0.0,0.0,1
5, 6, 829.0,1147.0,1
6, 5, 829.0,1147.0,1
5, 7, 486.0,685.0,-1
7, 5, 486.0,685.0,-1
5, 8, 715.0,945.0,1
8, 5, 715.0,945.0,1
5, 9, 678.0,813.0,-1
9, 5, 678.0,813.0,-1
5, 10, 528.0,700.0,-1
10, 5, 528.0,700.0,-1
5, 11, 342.0,484.0,-1
11, 5, 342.0,484.0,-1
5, 12, 262.0,359.0,-1
12, 5, 262.0,359.0,-1
5, 13, 506.0,577.0,1
13, 5, 506.0,577.0,1
5, 14, 729.0,815.0,1
14, 5, 729.0,815.0,1
5, 15, 174.0,216.0,-1
15, 5, 174.0,216.0,-1
5, 16, 518.0,688.0,-1
16, 5, 518.0,688.0,-1
5, 5, 0.0,0.0,1
6, 7, 832.0,1088.0,-1
7, 6, 832.0,1088.0,-1
6, 8, 748.0,788.0,1
8, 6, 748.0,788.0,1
6, 9, 304.0,334.0,-1
9, 6, 304.0,334.0,-1
6, 10, 913.0,939.0,1
10, 6, 913.0,939.0,1
6, 11, 1166.0,1630.0,-1
11, 6, 1166.0,1630.0,-1
6, 12, 1070.0,1505.0,-1
12, 6, 1070.0,1505.0,-1
6, 13, 771.0,816.0,-1
13, 6, 771.0,816.0,-1
6, 14, 547.0,576.0,1
14, 6, 547.0,576.0,1
6, 15, 950.0,1264.0,1
15, 6, 950.0,1264.0,1
6, 16, 709.0,896.0,-1
16, 6, 709.0,896.0,-1
6, 6, 0.0,0.0,1
7, 8, 282.0,301.0,-1
8, 7, 282.0,301.0,-1
7, 9, 548.0,754.0,1
9, 7, 548.0,754.0,1
7, 10, 989.0,1384.0,-1
10, 7, 989.0,1384.0,-1
7, 11, 625.0,699.0,-1
11, 7, 625.0,699.0,-1
7, 12, 515.0,596.0,-1
12, 7, 515.0,596.0,-1
7, 13, 928.0,1261.0,-1
13, 7, 928.0,1261.0,-1
7, 14, 416.0,573.0,-1
14, 7, 416.0,573.0,-1
7, 15, 649.0,900.0,1
15, 7, 649.0,900.0,1
7, 16, 136.0,192.0,-1
16, 7, 136.0,192.0,-1
7, 7, 0.0,0.0,1
8, 9, 446.0,454.0,-1
9, 8, 446.0,454.0,-1
8, 10, 1165.0,1645.0,1
10, 8, 1165.0,1645.0,1
8, 11, 903.0,959.0,-1
11, 8, 903.0,959.0,-1
8, 12, 790.0,856.0,-1
12, 8, 790.0,856.0,-1
8, 13, 1077.0,1521.0,-1
13, 8, 1077.0,1521.0,-1
8, 14, 214.0,273.0,-1
14, 8, 214.0,273.0,-1
8, 15, 888.0,1161.0,-1
15, 8, 888.0,1161.0,-1
8, 16, 198.0,258.0,1
16, 8, 198.0,258.0,1
8, 8, 0.0,0.0,1
9, 10, 940.0,1209.0,-1
10, 9, 940.0,1209.0,-1
9, 11, 988.0,1296.0,1
11, 9, 988.0,1296.0,1
9, 12, 880.0,1172.0,-1
12, 9, 880.0,1172.0,-1
9, 13, 816.0,1085.0,-1
13, 9, 816.0,1085.0,-1
9, 14, 252.0,307.0,-1
14, 9, 252.0,307.0,-1
9, 15, 834.0,931.0,1
15, 9, 834.0,931.0,1
9, 16, 418.0,563.0,1
16, 9, 418.0,563.0,1
9, 9, 0.0,0.0,1
10, 11, 716.0,744.0,-1
11, 10, 716.0,744.0,-1
10, 12, 709.0,789.0,1
12, 10, 709.0,789.0,1
10, 13, 145.0,163.0,-1
13, 10, 145.0,163.0,-1
10, 14, 1103.0,1515.0,-1
14, 10, 1103.0,1515.0,-1
10, 15, 435.0,485.0,-1
15, 10, 435.0,485.0,-1
10, 16, 981.0,1387.0,-1
16, 10, 981.0,1387.0,-1
10, 10, 0.0,0.0,1
11, 12, 115.0,125.0,1
12, 11, 115.0,125.0,1
11, 13, 754.0,906.0,-1
13, 11, 754.0,906.0,-1
11, 14, 982.0,1115.0,1
14, 11, 982.0,1115.0,1
11, 15, 296.0,366.0,1
15, 11, 296.0,366.0,1
11, 16, 718.0,734.0,-1
16, 11, 718.0,734.0,-1
11, 11, 0.0,0.0,1
12, 13, 726.0,781.0,1
13, 12, 726.0,781.0,1
12, 14, 868.0,990.0,-1
14, 12, 868.0,990.0,-1
12, 15, 275.0,305.0,1
15, 12, 275.0,305.0,1
12, 16, 604.0,609.0,-1
16, 12, 604.0,609.0,-1
12, 12, 0.0,0.0,1
13, 14, 995.0,1391.0,-1
14, 13, 995.0,1391.0,-1
13, 15, 459.0,540.0,-1
15, 13, 459.0,540.0,-1
13, 16, 902.0,1264.0,-1
16, 13, 902.0,1264.0,-1
13, 13, 0.0,0.0,1
14, 15, 901.0,1031.0,-1
15, 14, 901.0,1031.0,-1
14, 16, 284.0,381.0,-1
16, 14, 284.0,381.0,-1
14, 14, 0.0,0.0,1
15, 16, 690.0,903.0,-1
16, 15, 690.0,903.0,-1
15, 15, 0.0,0.0,1
16, 16, 0.0,0.0,1


<end>