<number of nodes>
16

<ratio of available edges>
0.3

<max length of the drone flight>
100000 

<D 2/3>
1, 2, 3, 5, 6, 8, 10, 11, 12, 13, 15

<V>
3, 6, 8, 13, 15

<coordinates X,Y>
88.136804619026, 644.0901406796942
39.832825056320914, 335.2351513012059
323.29580146132383, 177.58400197478608
802.9226028999805, 130.86899900102438
791.8326146206316, 245.99058221397442
135.7995480371158, 303.9637114325394
579.7713572505207, 438.42501620488054
32.28699948838688, 246.65739696339932
57.54099189463619, 752.7367755187339
54.78600848673275, 805.9608556303723
106.53102783756512, 882.1237678608818
833.8355021668035, 233.7022858392809
571.159482864011, 563.7169257755396
853.6496828937214, 880.176279108864
616.4811595289115, 483.0320283086146
210.41625231511242, 697.1892807267352

<adjacency matrix with truck distances>
1, 2, 313.0,358.0,1
2, 1, 313.0,358.0,1
1, 3, 523.0,702.0,-1
3, 1, 523.0,702.0,-1
1, 4, 880.0,1229.0,-1
4, 1, 880.0,1229.0,-1
1, 5, 809.0,1102.0,1
5, 1, 809.0,1102.0,1
1, 6, 344.0,388.0,1
6, 1, 344.0,388.0,1
1, 7, 533.0,698.0,-1
7, 1, 533.0,698.0,-1
1, 8, 402.0,454.0,1
8, 1, 402.0,454.0,1
1, 9, 113.0,140.0,1
9, 1, 113.0,140.0,1
1, 10, 166.0,196.0,1
10, 1, 166.0,196.0,1
1, 11, 239.0,257.0,1
11, 1, 239.0,257.0,1
1, 12, 852.0,1157.0,-1
12, 1, 852.0,1157.0,-1
1, 13, 490.0,564.0,-1
13, 1, 490.0,564.0,-1
1, 14, 802.0,1002.0,-1
14, 1, 802.0,1002.0,-1
1, 15, 553.0,690.0,1
15, 1, 553.0,690.0,1
1, 16, 134.0,176.0,-1
16, 1, 134.0,176.0,-1
1, 1, 0.0,0.0,1
2, 3, 325.0,442.0,-1
3, 2, 325.0,442.0,-1
2, 4, 790.0,968.0,-1
4, 2, 790.0,968.0,-1
2, 5, 758.0,842.0,-1
5, 2, 758.0,842.0,-1
2, 6, 101.0,128.0,-1
6, 2, 101.0,128.0,-1
2, 7, 550.0,644.0,-1
7, 2, 550.0,644.0,-1
2, 8, 89.0,97.0,-1
8, 2, 89.0,97.0,-1
2, 9, 418.0,436.0,-1
9, 2, 418.0,436.0,-1
2, 10, 471.0,486.0,-1
10, 2, 471.0,486.0,-1
2, 11, 551.0,614.0,1
11, 2, 551.0,614.0,1
2, 12, 801.0,896.0,-1
12, 2, 801.0,896.0,-1
2, 13, 579.0,760.0,-1
13, 2, 579.0,760.0,-1
2, 14, 980.0,1359.0,-1
14, 2, 980.0,1359.0,-1
2, 15, 596.0,725.0,-1
15, 2, 596.0,725.0,-1
2, 16, 401.0,533.0,-1
16, 2, 401.0,533.0,-1
2, 2, 0.0,0.0,1
3, 4, 482.0,527.0,-1
4, 3, 482.0,527.0,-1
3, 5, 474.0,537.0,-1
5, 3, 474.0,537.0,-1
3, 6, 227.0,314.0,-1
6, 3, 227.0,314.0,-1
3, 7, 366.0,518.0,-1
7, 3, 366.0,518.0,-1
3, 8, 300.0,361.0,-1
8, 3, 300.0,361.0,-1
3, 9, 634.0,841.0,-1
9, 3, 634.0,841.0,-1
3, 10, 684.0,897.0,-1
10, 3, 684.0,897.0,-1
3, 11, 738.0,922.0,-1
11, 3, 738.0,922.0,-1
3, 12, 514.0,567.0,1
12, 3, 514.0,567.0,1
3, 13, 459.0,634.0,-1
13, 3, 459.0,634.0,-1
3, 14, 881.0,1233.0,-1
14, 3, 881.0,1233.0,-1
3, 15, 424.0,599.0,-1
15, 3, 424.0,599.0,-1
3, 16, 532.0,633.0,-1
16, 3, 532.0,633.0,-1
3, 3, 0.0,0.0,1
4, 5, 116.0,127.0,-1
5, 4, 116.0,127.0,-1
4, 6, 690.0,841.0,-1
6, 4, 690.0,841.0,-1
4, 7, 380.0,531.0,1
7, 4, 380.0,531.0,1
4, 8, 780.0,887.0,-1
8, 4, 780.0,887.0,-1
4, 9, 971.0,1368.0,-1
9, 4, 971.0,1368.0,-1
4, 10, 1008.0,1424.0,-1
10, 4, 1008.0,1424.0,-1
4, 11, 1025.0,1448.0,-1
11, 4, 1025.0,1448.0,-1
4, 12, 108.0,134.0,1
12, 4, 108.0,134.0,1
4, 13, 491.0,665.0,1
13, 4, 491.0,665.0,1
4, 14, 752.0,801.0,-1
14, 4, 752.0,801.0,-1
4, 15, 399.0,539.0,-1
15, 4, 399.0,539.0,-1
4, 16, 820.0,1159.0,-1
16, 4, 820.0,1159.0,-1
4, 4, 0.0,0.0,1
5, 6, 659.0,715.0,-1
6, 5, 659.0,715.0,-1
5, 7, 287.0,405.0,-1
7, 5, 287.0,405.0,-1
5, 8, 760.0,761.0,-1
8, 5, 760.0,761.0,-1
5, 9, 893.0,1242.0,-1
9, 5, 893.0,1242.0,-1
5, 10, 926.0,1298.0,-1
10, 5, 926.0,1298.0,-1
5, 11, 936.0,1322.0,-1
11, 5, 936.0,1322.0,-1
5, 12, 44.0,55.0,1
12, 5, 44.0,55.0,1
5, 13, 387.0,539.0,-1
13, 5, 387.0,539.0,-1
5, 14, 638.0,697.0,1
14, 5, 638.0,697.0,1
5, 15, 295.0,413.0,1
15, 5, 295.0,413.0,1
5, 16, 736.0,1033.0,-1
16, 5, 736.0,1033.0,-1
5, 5, 0.0,0.0,1
6, 7, 464.0,579.0,1
7, 6, 464.0,579.0,1
6, 8, 119.0,161.0,1
8, 6, 119.0,161.0,1
6, 9, 456.0,528.0,1
9, 6, 456.0,528.0,1
6, 10, 509.0,584.0,-1
10, 6, 509.0,584.0,-1
6, 11, 579.0,608.0,-1
11, 6, 579.0,608.0,-1
6, 12, 702.0,769.0,1
12, 6, 702.0,769.0,1
6, 13, 507.0,696.0,-1
13, 6, 507.0,696.0,-1
6, 14, 921.0,1295.0,-1
14, 6, 921.0,1295.0,-1
6, 15, 513.0,660.0,-1
15, 6, 513.0,660.0,-1
6, 16, 401.0,468.0,1
16, 6, 401.0,468.0,1
6, 6, 0.0,0.0,1
7, 8, 581.0,740.0,-1
8, 7, 581.0,740.0,-1
7, 9, 610.0,837.0,1
9, 7, 610.0,837.0,1
7, 10, 641.0,893.0,-1
10, 7, 641.0,893.0,-1
7, 11, 649.0,917.0,-1
11, 7, 649.0,917.0,-1
7, 12, 327.0,459.0,-1
12, 7, 327.0,459.0,-1
7, 13, 126.0,134.0,-1
13, 7, 126.0,134.0,-1
7, 14, 520.0,716.0,-1
14, 7, 520.0,716.0,-1
7, 15, 58.0,82.0,-1
15, 7, 58.0,82.0,-1
7, 16, 451.0,629.0,-1
16, 7, 451.0,629.0,-1
7, 7, 0.0,0.0,1
8, 9, 507.0,532.0,-1
9, 8, 507.0,532.0,-1
8, 10, 560.0,582.0,1
10, 8, 560.0,582.0,1
8, 11, 640.0,710.0,-1
11, 8, 640.0,710.0,-1
8, 12, 802.0,815.0,1
12, 8, 802.0,815.0,1
8, 13, 626.0,856.0,1
13, 8, 626.0,856.0,1
8, 14, 1038.0,1455.0,1
14, 8, 1038.0,1455.0,1
8, 15, 631.0,821.0,1
15, 8, 631.0,821.0,1
8, 16, 485.0,629.0,-1
16, 8, 485.0,629.0,-1
8, 8, 0.0,0.0,1
9, 10, 54.0,56.0,-1
10, 9, 54.0,56.0,-1
9, 11, 139.0,179.0,-1
11, 9, 139.0,179.0,-1
9, 12, 934.0,1296.0,-1
12, 9, 934.0,1296.0,-1
9, 13, 548.0,703.0,-1
13, 9, 548.0,703.0,-1
9, 14, 807.0,924.0,-1
14, 9, 807.0,924.0,-1
9, 15, 621.0,829.0,1
15, 9, 621.0,829.0,1
9, 16, 163.0,209.0,-1
16, 9, 163.0,209.0,-1
9, 9, 0.0,0.0,1
10, 11, 93.0,128.0,1
11, 10, 93.0,128.0,1
10, 12, 967.0,1352.0,-1
12, 10, 967.0,1352.0,-1
10, 13, 571.0,759.0,1
13, 10, 571.0,759.0,1
10, 14, 803.0,874.0,-1
14, 10, 803.0,874.0,-1
10, 15, 648.0,885.0,1
15, 10, 648.0,885.0,1
10, 16, 190.0,265.0,-1
16, 10, 190.0,265.0,-1
10, 10, 0.0,0.0,1
11, 12, 975.0,1376.0,-1
12, 11, 975.0,1376.0,-1
11, 13, 564.0,784.0,-1
13, 11, 564.0,784.0,-1
11, 14, 748.0,750.0,-1
14, 11, 748.0,750.0,-1
11, 15, 648.0,910.0,1
15, 11, 648.0,910.0,1
11, 16, 213.0,289.0,1
16, 11, 213.0,289.0,1
11, 11, 0.0,0.0,1
12, 13, 422.0,593.0,-1
13, 12, 422.0,593.0,-1
12, 14, 647.0,667.0,-1
14, 12, 647.0,667.0,-1
12, 15, 331.0,467.0,1
15, 12, 331.0,467.0,1
12, 16, 777.0,1087.0,1
16, 12, 777.0,1087.0,1
12, 12, 0.0,0.0,1
13, 14, 425.0,599.0,-1
14, 13, 425.0,599.0,-1
13, 15, 93.0,127.0,-1
15, 13, 93.0,127.0,-1
13, 16, 385.0,495.0,1
16, 13, 385.0,495.0,1
13, 13, 0.0,0.0,1
14, 15, 463.0,635.0,-1
15, 14, 463.0,635.0,-1
14, 16, 669.0,827.0,-1
16, 14, 669.0,827.0,-1
14, 14, 0.0,0.0,1
15, 16, 460.0,621.0,-1
16, 15, 460.0,621.0,-1
15, 15, 0.0,0.0,1
16, 16, 0.0,0.0,1


<end>