<number of nodes>
16

<ratio of available edges>
0.3

<max length of the drone flight>
100000 

<D 2/3>
1, 2, 3, 4, 5, 7, 9, 10, 12, 13, 15

<V>
3, 5, 7, 10, 13

<coordinates X,Y>
648.6882855789992, 571.1592184761695
331.4325843555268, 344.20610024442533
531.3733642964867, 409.26449927725855
721.5447899173388, 736.2186746972984
282.1427695532492, 918.844198356645
354.0998632059517, 466.41276981514125
449.7954202155111, 893.2503819497114
255.66551067910828, 452.2095061081682
38.33786575257318, 425.2611323682613
698.6006233018227, 830.8501463180719
876.847824357363, 453.6913350998096
416.5213240159141, 586.5646695978414
793.1177908484203, 479.0560632395389
292.5019604001747, 722.5849822091553
722.4037062008496, 369.2782858923899
422.2128034488056, 781.9113706207761

<adjacency matrix with truck distances>
1, 2, 391.0,545.0,-1
2, 1, 391.0,545.0,-1
1, 3, 200.0,280.0,1
3, 1, 200.0,280.0,1
1, 4, 181.0,238.0,-1
4, 1, 181.0,238.0,-1
1, 5, 506.0,715.0,1
5, 1, 506.0,715.0,1
1, 6, 313.0,400.0,-1
6, 1, 313.0,400.0,-1
1, 7, 379.0,521.0,-1
7, 1, 379.0,521.0,-1
1, 8, 411.0,512.0,-1
8, 1, 411.0,512.0,-1
1, 9, 628.0,757.0,-1
9, 1, 628.0,757.0,-1
1, 10, 265.0,310.0,-1
10, 1, 265.0,310.0,-1
1, 11, 257.0,346.0,-1
11, 1, 257.0,346.0,-1
1, 12, 233.0,248.0,1
12, 1, 233.0,248.0,1
1, 13, 172.0,237.0,-1
13, 1, 172.0,237.0,-1
1, 14, 388.0,508.0,-1
14, 1, 388.0,508.0,-1
1, 15, 215.0,276.0,-1
15, 1, 215.0,276.0,-1
1, 16, 310.0,438.0,-1
16, 1, 310.0,438.0,-1
1, 1, 0.0,0.0,1
2, 3, 211.0,265.0,1
3, 2, 211.0,265.0,1
2, 4, 554.0,783.0,-1
4, 2, 554.0,783.0,-1
2, 5, 577.0,624.0,1
5, 2, 577.0,624.0,1
2, 6, 125.0,145.0,-1
6, 2, 125.0,145.0,-1
2, 7, 562.0,668.0,-1
7, 2, 562.0,668.0,-1
2, 8, 132.0,184.0,-1
8, 2, 132.0,184.0,-1
2, 9, 305.0,375.0,1
9, 2, 305.0,375.0,1
2, 10, 610.0,854.0,-1
10, 2, 610.0,854.0,-1
2, 11, 557.0,655.0,1
11, 2, 557.0,655.0,1
2, 12, 257.0,328.0,1
12, 2, 257.0,328.0,1
2, 13, 481.0,597.0,-1
13, 2, 481.0,597.0,-1
2, 14, 381.0,418.0,1
14, 2, 381.0,418.0,1
2, 15, 392.0,417.0,-1
15, 2, 392.0,417.0,-1
2, 16, 448.0,529.0,-1
16, 2, 448.0,529.0,-1
2, 2, 0.0,0.0,1
3, 4, 379.0,518.0,1
4, 3, 379.0,518.0,1
3, 5, 568.0,759.0,-1
5, 3, 568.0,759.0,-1
3, 6, 187.0,235.0,1
6, 3, 187.0,235.0,1
3, 7, 491.0,566.0,-1
7, 3, 491.0,566.0,-1
3, 8, 280.0,319.0,-1
8, 3, 280.0,319.0,-1
3, 9, 494.0,510.0,1
9, 3, 494.0,510.0,1
3, 10, 454.0,589.0,-1
10, 3, 454.0,589.0,-1
3, 11, 349.0,390.0,1
11, 3, 349.0,390.0,1
3, 12, 212.0,293.0,-1
12, 3, 212.0,293.0,-1
3, 13, 271.0,332.0,-1
13, 3, 271.0,332.0,-1
3, 14, 394.0,553.0,-1
14, 3, 394.0,553.0,-1
3, 15, 196.0,232.0,1
15, 3, 196.0,232.0,1
3, 16, 389.0,482.0,-1
16, 3, 389.0,482.0,-1
3, 3, 0.0,0.0,1
4, 5, 476.0,623.0,1
5, 4, 476.0,623.0,1
4, 6, 456.0,638.0,-1
6, 4, 456.0,638.0,-1
4, 7, 314.0,429.0,-1
7, 4, 314.0,429.0,-1
4, 8, 546.0,750.0,1
8, 4, 546.0,750.0,1
4, 9, 751.0,995.0,-1
9, 4, 751.0,995.0,-1
4, 10, 98.0,118.0,-1
10, 4, 98.0,118.0,-1
4, 11, 323.0,438.0,1
11, 4, 323.0,438.0,1
4, 12, 340.0,455.0,1
12, 4, 340.0,455.0,1
4, 13, 267.0,329.0,-1
13, 4, 267.0,329.0,-1
4, 14, 430.0,443.0,-1
14, 4, 430.0,443.0,-1
4, 15, 367.0,368.0,1
15, 4, 367.0,368.0,1
4, 16, 303.0,346.0,-1
16, 4, 303.0,346.0,-1
4, 4, 0.0,0.0,1
5, 6, 459.0,525.0,-1
6, 5, 459.0,525.0,-1
5, 7, 170.0,194.0,-1
7, 5, 170.0,194.0,-1
5, 8, 468.0,494.0,-1
8, 5, 468.0,494.0,-1
5, 9, 551.0,738.0,-1
9, 5, 551.0,738.0,-1
5, 10, 426.0,505.0,-1
10, 5, 426.0,505.0,-1
5, 11, 756.0,1060.0,-1
11, 5, 756.0,1060.0,-1
5, 12, 359.0,467.0,-1
12, 5, 359.0,467.0,-1
5, 13, 675.0,951.0,-1
13, 5, 675.0,951.0,-1
5, 14, 197.0,207.0,1
14, 5, 197.0,207.0,1
5, 15, 705.0,990.0,-1
15, 5, 705.0,990.0,-1
5, 16, 196.0,278.0,-1
16, 5, 196.0,278.0,-1
5, 5, 0.0,0.0,1
6, 7, 438.0,523.0,-1
7, 6, 438.0,523.0,-1
6, 8, 100.0,113.0,-1
8, 6, 100.0,113.0,-1
6, 9, 319.0,357.0,-1
9, 6, 319.0,357.0,-1
6, 10, 502.0,709.0,1
10, 6, 502.0,709.0,1
6, 11, 523.0,536.0,-1
11, 6, 523.0,536.0,-1
6, 12, 136.0,183.0,-1
12, 6, 136.0,183.0,-1
6, 13, 440.0,452.0,-1
13, 6, 440.0,452.0,-1
6, 14, 264.0,318.0,-1
14, 6, 264.0,318.0,-1
6, 15, 381.0,466.0,1
15, 6, 381.0,466.0,1
6, 16, 323.0,384.0,-1
16, 6, 323.0,384.0,-1
6, 6, 0.0,0.0,1
7, 8, 482.0,636.0,-1
8, 7, 482.0,636.0,-1
7, 9, 624.0,880.0,-1
9, 7, 624.0,880.0,-1
7, 10, 257.0,312.0,-1
10, 7, 257.0,312.0,-1
7, 11, 613.0,867.0,1
11, 7, 613.0,867.0,1
7, 12, 309.0,340.0,-1
12, 7, 309.0,340.0,-1
7, 13, 538.0,758.0,-1
13, 7, 538.0,758.0,-1
7, 14, 233.0,328.0,-1
14, 7, 233.0,328.0,-1
7, 15, 591.0,797.0,1
15, 7, 591.0,797.0,1
7, 16, 115.0,139.0,1
16, 7, 115.0,139.0,1
7, 7, 0.0,0.0,1
8, 9, 219.0,245.0,1
9, 8, 219.0,245.0,1
8, 10, 583.0,822.0,1
10, 8, 583.0,822.0,1
8, 11, 622.0,623.0,-1
11, 8, 622.0,623.0,-1
8, 12, 210.0,296.0,-1
12, 8, 210.0,296.0,-1
8, 13, 539.0,565.0,1
13, 8, 539.0,565.0,1
8, 14, 273.0,308.0,-1
14, 8, 273.0,308.0,-1
8, 15, 475.0,550.0,1
15, 8, 475.0,550.0,1
8, 16, 370.0,497.0,1
16, 8, 370.0,497.0,1
8, 8, 0.0,0.0,1
9, 10, 775.0,1066.0,-1
10, 9, 775.0,1066.0,-1
9, 11, 839.0,867.0,-1
11, 9, 839.0,867.0,-1
9, 12, 412.0,540.0,-1
12, 9, 412.0,540.0,-1
9, 13, 757.0,809.0,1
13, 9, 757.0,809.0,1
9, 14, 392.0,552.0,1
14, 9, 392.0,552.0,1
9, 15, 687.0,741.0,-1
15, 9, 687.0,741.0,-1
9, 16, 524.0,741.0,-1
16, 9, 524.0,741.0,-1
9, 9, 0.0,0.0,1
10, 11, 418.0,556.0,-1
11, 10, 418.0,556.0,-1
10, 12, 374.0,527.0,-1
12, 10, 374.0,527.0,-1
10, 13, 365.0,447.0,1
13, 10, 365.0,447.0,1
10, 14, 421.0,515.0,-1
14, 10, 421.0,515.0,-1
10, 15, 463.0,486.0,-1
15, 10, 463.0,486.0,-1
10, 16, 281.0,326.0,-1
16, 10, 281.0,326.0,-1
10, 10, 0.0,0.0,1
11, 12, 480.0,594.0,-1
12, 11, 480.0,594.0,-1
11, 13, 88.0,110.0,1
13, 11, 88.0,110.0,1
11, 14, 644.0,854.0,1
14, 11, 644.0,854.0,1
11, 15, 177.0,239.0,-1
15, 11, 177.0,239.0,-1
11, 16, 561.0,783.0,-1
16, 11, 561.0,783.0,-1
11, 11, 0.0,0.0,1
12, 13, 392.0,485.0,-1
13, 12, 392.0,485.0,-1
12, 14, 185.0,261.0,-1
14, 12, 185.0,261.0,-1
12, 15, 376.0,524.0,1
15, 12, 376.0,524.0,1
12, 16, 196.0,202.0,-1
16, 12, 196.0,202.0,-1
12, 12, 0.0,0.0,1
13, 14, 557.0,745.0,-1
14, 13, 557.0,745.0,-1
13, 15, 131.0,181.0,-1
15, 13, 131.0,181.0,-1
13, 16, 479.0,674.0,-1
16, 13, 479.0,674.0,-1
13, 13, 0.0,0.0,1
14, 15, 557.0,784.0,-1
15, 14, 557.0,784.0,-1
14, 16, 143.0,190.0,-1
16, 14, 143.0,190.0,-1
14, 14, 0.0,0.0,1
15, 16, 511.0,713.0,-1
16, 15, 511.0,713.0,-1
15, 15, 0.0,0.0,1
16, 16, 0.0,0.0,1


<end>