<number of nodes>
16

<ratio of available edges>
0.3

<max length of the drone flight>
100000 

<D 2/3>
1, 3, 5, 6, 9, 11, 12, 13, 14, 15, 16

<V>
11, 12, 13, 14, 16

<coordinates X,Y>
679.9984470061901, 996.9879672637475
730.908836823608, 761.4731081839487
193.02572406841676, 685.5753502683443
15.452289490253122, 585.1471671972947
405.1090523013024, 159.74259610172163
640.8209191797133, 396.64369644977404
273.99992953523235, 618.9755464566766
157.59801292861678, 454.4049158356439
652.1131518477556, 970.8859995241748
913.7576472785124, 29.08206423444523
811.111621536805, 295.06332749378277
720.4517011876267, 590.0795473185458
620.0742086730761, 3.643829128395666
923.9443340932296, 333.8871306961482
950.6193700267453, 792.9318656601596
714.0933714686834, 801.940553404296

<adjacency matrix with truck distances>
1, 2, 241.0,287.0,-1
2, 1, 241.0,287.0,-1
1, 3, 579.0,799.0,1
3, 1, 579.0,799.0,1
1, 4, 782.0,1077.0,-1
4, 1, 782.0,1077.0,-1
1, 5, 882.0,1113.0,-1
5, 1, 882.0,1113.0,-1
1, 6, 602.0,640.0,-1
6, 1, 602.0,640.0,-1
1, 7, 555.0,785.0,-1
7, 1, 555.0,785.0,-1
1, 8, 754.0,1065.0,1
8, 1, 754.0,1065.0,1
1, 9, 39.0,54.0,-1
9, 1, 39.0,54.0,-1
1, 10, 996.0,1202.0,-1
10, 1, 996.0,1202.0,-1
1, 11, 715.0,834.0,1
11, 1, 715.0,834.0,1
1, 12, 409.0,448.0,-1
12, 1, 409.0,448.0,-1
1, 13, 996.0,1054.0,-1
13, 1, 996.0,1054.0,-1
1, 14, 707.0,908.0,-1
14, 1, 707.0,908.0,-1
1, 15, 339.0,475.0,-1
15, 1, 339.0,475.0,-1
1, 16, 199.0,230.0,1
16, 1, 199.0,230.0,1
1, 1, 0.0,0.0,1
2, 3, 544.0,614.0,1
3, 2, 544.0,614.0,1
2, 4, 737.0,892.0,-1
4, 2, 737.0,892.0,-1
2, 5, 685.0,928.0,-1
5, 2, 685.0,928.0,-1
2, 6, 376.0,455.0,-1
6, 2, 376.0,455.0,-1
2, 7, 479.0,600.0,1
7, 2, 479.0,600.0,1
2, 8, 651.0,881.0,-1
8, 2, 651.0,881.0,-1
2, 9, 224.0,289.0,-1
9, 2, 224.0,289.0,-1
2, 10, 755.0,916.0,1
10, 2, 755.0,916.0,1
2, 11, 474.0,547.0,-1
11, 2, 474.0,547.0,-1
2, 12, 172.0,182.0,-1
12, 2, 172.0,182.0,-1
2, 13, 766.0,869.0,-1
13, 2, 766.0,869.0,-1
2, 14, 470.0,621.0,1
14, 2, 470.0,621.0,1
2, 15, 222.0,252.0,-1
15, 2, 222.0,252.0,-1
2, 16, 44.0,58.0,-1
16, 2, 44.0,58.0,-1
2, 2, 0.0,0.0,1
3, 4, 205.0,279.0,-1
4, 3, 205.0,279.0,-1
3, 5, 567.0,738.0,-1
5, 3, 567.0,738.0,-1
3, 6, 533.0,737.0,1
6, 3, 533.0,737.0,1
3, 7, 105.0,148.0,-1
7, 3, 105.0,148.0,-1
3, 8, 234.0,267.0,-1
8, 3, 234.0,267.0,-1
3, 9, 541.0,745.0,1
9, 3, 541.0,745.0,1
3, 10, 975.0,1378.0,-1
10, 3, 975.0,1378.0,-1
3, 11, 732.0,1009.0,-1
11, 3, 732.0,1009.0,-1
3, 12, 537.0,623.0,1
12, 3, 537.0,623.0,1
3, 13, 805.0,1109.0,-1
13, 3, 805.0,1109.0,-1
3, 14, 812.0,1083.0,1
14, 3, 812.0,1083.0,1
3, 15, 766.0,865.0,-1
15, 3, 766.0,865.0,-1
3, 16, 534.0,638.0,-1
16, 3, 534.0,638.0,-1
3, 3, 0.0,0.0,1
4, 5, 577.0,816.0,-1
5, 4, 577.0,816.0,-1
4, 6, 654.0,814.0,1
6, 4, 654.0,814.0,1
4, 7, 261.0,293.0,1
7, 4, 261.0,293.0,1
4, 8, 194.0,273.0,1
8, 4, 194.0,273.0,1
4, 9, 745.0,1023.0,1
9, 4, 745.0,1023.0,1
4, 10, 1057.0,1455.0,1
10, 4, 1057.0,1455.0,1
4, 11, 847.0,1086.0,-1
11, 4, 847.0,1086.0,-1
4, 12, 706.0,710.0,1
12, 4, 706.0,710.0,1
4, 13, 839.0,1187.0,1
13, 4, 839.0,1187.0,1
4, 14, 943.0,1160.0,-1
14, 4, 943.0,1160.0,-1
4, 15, 958.0,1143.0,-1
15, 4, 958.0,1143.0,-1
4, 16, 732.0,916.0,-1
16, 4, 732.0,916.0,-1
4, 4, 0.0,0.0,1
5, 6, 335.0,473.0,-1
6, 5, 335.0,473.0,-1
5, 7, 478.0,591.0,-1
7, 5, 478.0,591.0,-1
5, 8, 385.0,543.0,-1
8, 5, 385.0,543.0,-1
5, 9, 848.0,1059.0,-1
9, 5, 848.0,1059.0,-1
5, 10, 526.0,640.0,-1
10, 5, 526.0,640.0,-1
5, 11, 428.0,542.0,-1
11, 5, 428.0,542.0,-1
5, 12, 534.0,746.0,1
12, 5, 534.0,746.0,1
5, 13, 266.0,372.0,-1
13, 5, 266.0,372.0,-1
5, 14, 548.0,693.0,-1
14, 5, 548.0,693.0,-1
5, 15, 836.0,1179.0,-1
15, 5, 836.0,1179.0,-1
5, 16, 713.0,952.0,-1
16, 5, 713.0,952.0,-1
5, 5, 0.0,0.0,1
6, 7, 429.0,590.0,-1
7, 6, 429.0,590.0,-1
6, 8, 487.0,541.0,-1
8, 6, 487.0,541.0,-1
6, 9, 575.0,586.0,1
9, 6, 575.0,586.0,1
6, 10, 458.0,641.0,-1
10, 6, 458.0,641.0,-1
6, 11, 199.0,272.0,-1
11, 6, 199.0,272.0,-1
6, 12, 210.0,274.0,-1
12, 6, 210.0,274.0,-1
6, 13, 394.0,414.0,-1
13, 6, 394.0,414.0,-1
6, 14, 290.0,346.0,1
14, 6, 290.0,346.0,1
6, 15, 504.0,707.0,-1
15, 6, 504.0,707.0,-1
6, 16, 412.0,479.0,1
16, 6, 412.0,479.0,1
6, 6, 0.0,0.0,1
7, 8, 202.0,281.0,-1
8, 7, 202.0,281.0,-1
7, 9, 517.0,731.0,-1
9, 7, 517.0,731.0,-1
7, 10, 871.0,1230.0,-1
10, 7, 871.0,1230.0,-1
7, 11, 628.0,862.0,-1
11, 7, 628.0,862.0,-1
7, 12, 448.0,476.0,1
12, 7, 448.0,476.0,1
7, 13, 706.0,962.0,1
13, 7, 706.0,962.0,1
7, 14, 710.0,936.0,-1
14, 7, 710.0,936.0,-1
7, 15, 699.0,851.0,-1
15, 7, 699.0,851.0,-1
7, 16, 477.0,624.0,-1
16, 7, 477.0,624.0,-1
7, 7, 0.0,0.0,1
8, 9, 716.0,1011.0,-1
9, 8, 716.0,1011.0,-1
8, 10, 868.0,1182.0,-1
10, 8, 868.0,1182.0,-1
8, 11, 673.0,813.0,1
11, 8, 673.0,813.0,1
8, 12, 579.0,699.0,-1
12, 8, 579.0,699.0,-1
8, 13, 646.0,914.0,-1
13, 8, 646.0,914.0,-1
8, 14, 776.0,887.0,-1
14, 8, 776.0,887.0,-1
8, 15, 863.0,1132.0,-1
15, 8, 863.0,1132.0,-1
8, 16, 657.0,905.0,1
16, 8, 657.0,905.0,1
8, 8, 0.0,0.0,1
9, 10, 978.0,1204.0,1
10, 9, 978.0,1204.0,1
9, 11, 695.0,835.0,1
11, 9, 695.0,835.0,1
9, 12, 387.0,450.0,-1
12, 9, 387.0,450.0,-1
9, 13, 968.0,1000.0,-1
13, 9, 968.0,1000.0,-1
9, 14, 693.0,909.0,-1
14, 9, 693.0,909.0,-1
9, 15, 348.0,477.0,-1
15, 9, 348.0,477.0,-1
9, 16, 180.0,231.0,-1
16, 9, 180.0,231.0,-1
9, 9, 0.0,0.0,1
10, 11, 286.0,369.0,1
11, 10, 286.0,369.0,1
10, 12, 594.0,755.0,1
12, 10, 594.0,755.0,1
10, 13, 295.0,320.0,-1
13, 10, 295.0,320.0,-1
10, 14, 305.0,315.0,1
14, 10, 305.0,315.0,1
10, 15, 765.0,801.0,1
15, 10, 765.0,801.0,1
10, 16, 799.0,973.0,-1
16, 10, 799.0,973.0,-1
10, 10, 0.0,0.0,1
11, 12, 309.0,386.0,-1
12, 11, 309.0,386.0,-1
11, 13, 349.0,483.0,-1
13, 11, 349.0,483.0,-1
11, 14, 120.0,152.0,1
14, 11, 120.0,152.0,1
11, 15, 518.0,638.0,-1
15, 11, 518.0,638.0,-1
11, 16, 517.0,604.0,-1
16, 11, 517.0,604.0,-1
11, 11, 0.0,0.0,1
12, 13, 595.0,687.0,-1
13, 12, 595.0,687.0,-1
12, 14, 328.0,460.0,-1
14, 12, 328.0,460.0,-1
12, 15, 307.0,434.0,-1
15, 12, 307.0,434.0,-1
12, 16, 212.0,219.0,-1
16, 12, 212.0,219.0,-1
12, 12, 0.0,0.0,1
13, 14, 449.0,635.0,1
14, 13, 449.0,635.0,1
13, 15, 856.0,1120.0,-1
15, 13, 856.0,1120.0,-1
13, 16, 804.0,893.0,-1
16, 13, 804.0,893.0,-1
13, 13, 0.0,0.0,1
14, 15, 460.0,486.0,-1
15, 14, 460.0,486.0,-1
14, 16, 513.0,678.0,1
16, 14, 513.0,678.0,1
14, 14, 0.0,0.0,1
15, 16, 237.0,246.0,-1
16, 15, 237.0,246.0,-1
15, 15, 0.0,0.0,1
16, 16, 0.0,0.0,1


<end>