<number of nodes>
16

<ratio of available edges>
0.3

<max length of the drone flight>
100000 

<D 2/3>
1, 2, 4, 5, 9, 11, 12, 13, 14, 15, 16

<V>
4, 5, 11, 15, 16

<coordinates X,Y>
955.9666877354244, 712.1392920504454
27.597906863311884, 930.6382184590701
551.6370254724492, 930.8205215449054
956.6337813437613, 342.9864438453939
76.83545993176287, 498.0352283901435
859.7394209151834, 661.7030042695089
309.39281117582453, 275.76170117706323
507.74028252454656, 609.6295647992383
570.2211331309561, 864.3431256765923
114.55224312588257, 666.632134136805
188.50281352859295, 885.7763292332312
371.40200717237116, 613.8918449521192
209.76033696008759, 596.064664236637
19.46883469393971, 362.1078536395989
141.70152050544903, 996.1843133865733
118.36221242372758, 78.66703245486605

<adjacency matrix with truck distances>
1, 2, 954.0,1147.0,1
2, 1, 954.0,1147.0,1
1, 3, 460.0,624.0,-1
3, 1, 460.0,624.0,-1
1, 4, 370.0,370.0,-1
4, 1, 370.0,370.0,-1
1, 5, 905.0,1094.0,-1
5, 1, 905.0,1094.0,-1
1, 6, 109.0,147.0,-1
6, 1, 109.0,147.0,-1
1, 7, 781.0,1083.0,1
7, 1, 781.0,1083.0,1
1, 8, 460.0,551.0,-1
8, 1, 460.0,551.0,-1
1, 9, 415.0,538.0,1
9, 1, 415.0,538.0,1
1, 10, 843.0,887.0,-1
10, 1, 843.0,887.0,-1
1, 11, 787.0,942.0,1
11, 1, 787.0,942.0,1
1, 12, 593.0,683.0,-1
12, 1, 593.0,683.0,-1
1, 13, 756.0,863.0,-1
13, 1, 756.0,863.0,-1
1, 14, 1000.0,1287.0,-1
14, 1, 1000.0,1287.0,-1
1, 15, 863.0,1099.0,-1
15, 1, 863.0,1099.0,-1
1, 16, 1051.0,1472.0,1
16, 1, 1051.0,1472.0,1
1, 1, 0.0,0.0,1
2, 3, 525.0,525.0,-1
3, 2, 525.0,525.0,-1
2, 4, 1100.0,1517.0,-1
4, 2, 1100.0,1517.0,-1
2, 5, 436.0,482.0,1
5, 2, 436.0,482.0,1
2, 6, 875.0,1102.0,-1
6, 2, 875.0,1102.0,-1
2, 7, 713.0,937.0,-1
7, 2, 713.0,937.0,-1
2, 8, 578.0,802.0,-1
8, 2, 578.0,802.0,-1
2, 9, 547.0,609.0,-1
9, 2, 547.0,609.0,-1
2, 10, 278.0,351.0,-1
10, 2, 278.0,351.0,-1
2, 11, 168.0,206.0,-1
11, 2, 168.0,206.0,-1
2, 12, 468.0,661.0,-1
12, 2, 468.0,661.0,-1
2, 13, 381.0,517.0,1
13, 2, 381.0,517.0,1
2, 14, 569.0,577.0,-1
14, 2, 569.0,577.0,-1
2, 15, 132.0,180.0,-1
15, 2, 132.0,180.0,-1
2, 16, 857.0,943.0,-1
16, 2, 857.0,943.0,-1
2, 2, 0.0,0.0,1
3, 4, 714.0,993.0,1
4, 3, 714.0,993.0,1
3, 5, 643.0,908.0,1
5, 3, 643.0,908.0,1
3, 6, 410.0,578.0,-1
6, 3, 410.0,578.0,-1
3, 7, 699.0,898.0,-1
7, 3, 699.0,898.0,-1
3, 8, 325.0,366.0,-1
8, 3, 325.0,366.0,-1
3, 9, 70.0,86.0,-1
9, 3, 70.0,86.0,-1
3, 10, 511.0,702.0,-1
10, 3, 511.0,702.0,-1
3, 11, 366.0,409.0,-1
11, 3, 366.0,409.0,-1
3, 12, 365.0,498.0,-1
12, 3, 365.0,498.0,-1
3, 13, 479.0,677.0,-1
13, 3, 479.0,677.0,-1
3, 14, 779.0,1101.0,-1
14, 3, 779.0,1101.0,-1
3, 15, 416.0,476.0,-1
15, 3, 416.0,476.0,-1
3, 16, 956.0,1286.0,-1
16, 3, 956.0,1286.0,-1
3, 3, 0.0,0.0,1
4, 5, 894.0,1035.0,-1
5, 4, 894.0,1035.0,-1
4, 6, 334.0,416.0,-1
6, 4, 334.0,416.0,-1
4, 7, 651.0,715.0,-1
7, 4, 651.0,715.0,-1
4, 8, 523.0,716.0,-1
8, 4, 523.0,716.0,-1
4, 9, 649.0,908.0,-1
9, 4, 649.0,908.0,-1
4, 10, 903.0,1166.0,1
10, 4, 903.0,1166.0,1
4, 11, 941.0,1311.0,-1
11, 4, 941.0,1311.0,-1
4, 12, 645.0,857.0,-1
12, 4, 645.0,857.0,-1
4, 13, 789.0,1000.0,-1
13, 4, 789.0,1000.0,-1
4, 14, 938.0,957.0,-1
14, 4, 938.0,957.0,-1
4, 15, 1045.0,1469.0,1
15, 4, 1045.0,1469.0,1
4, 16, 879.0,1103.0,1
16, 4, 879.0,1103.0,1
4, 4, 0.0,0.0,1
5, 6, 800.0,947.0,-1
6, 5, 800.0,947.0,-1
5, 7, 322.0,455.0,-1
7, 5, 322.0,455.0,-1
5, 8, 446.0,543.0,1
8, 5, 446.0,543.0,1
5, 9, 615.0,860.0,-1
9, 5, 615.0,860.0,-1
5, 10, 173.0,207.0,-1
10, 5, 173.0,207.0,-1
5, 11, 404.0,500.0,-1
11, 5, 404.0,500.0,-1
5, 12, 317.0,411.0,-1
12, 5, 317.0,411.0,-1
5, 13, 166.0,231.0,1
13, 5, 166.0,231.0,1
5, 14, 148.0,194.0,1
14, 5, 148.0,194.0,1
5, 15, 503.0,564.0,1
15, 5, 503.0,564.0,1
5, 16, 422.0,461.0,-1
16, 5, 422.0,461.0,-1
5, 5, 0.0,0.0,1
6, 7, 673.0,937.0,-1
7, 6, 673.0,937.0,-1
6, 8, 356.0,405.0,1
8, 6, 356.0,405.0,1
6, 9, 354.0,493.0,1
9, 6, 354.0,493.0,1
6, 10, 746.0,751.0,-1
10, 6, 746.0,751.0,-1
6, 11, 708.0,896.0,-1
11, 6, 708.0,896.0,-1
6, 12, 491.0,537.0,-1
12, 6, 491.0,537.0,-1
6, 13, 654.0,716.0,-1
13, 6, 654.0,716.0,-1
6, 14, 893.0,1140.0,-1
14, 6, 893.0,1140.0,-1
6, 15, 793.0,1053.0,-1
15, 6, 793.0,1053.0,-1
6, 16, 944.0,1325.0,-1
16, 6, 944.0,1325.0,-1
6, 6, 0.0,0.0,1
7, 8, 389.0,533.0,1
8, 7, 389.0,533.0,1
7, 9, 644.0,850.0,1
9, 7, 644.0,850.0,1
7, 10, 437.0,586.0,-1
10, 7, 437.0,586.0,-1
7, 11, 622.0,731.0,-1
11, 7, 622.0,731.0,-1
7, 12, 344.0,401.0,-1
12, 7, 344.0,401.0,-1
7, 13, 336.0,420.0,1
13, 7, 336.0,420.0,1
7, 14, 303.0,377.0,1
14, 7, 303.0,377.0,1
7, 15, 740.0,889.0,1
15, 7, 740.0,889.0,1
7, 16, 275.0,389.0,-1
16, 7, 275.0,389.0,-1
7, 7, 0.0,0.0,1
8, 9, 263.0,318.0,1
9, 8, 263.0,318.0,1
8, 10, 398.0,451.0,-1
10, 8, 398.0,451.0,-1
8, 11, 423.0,596.0,-1
11, 8, 423.0,596.0,-1
8, 12, 137.0,141.0,-1
12, 8, 137.0,141.0,-1
8, 13, 299.0,312.0,-1
13, 8, 299.0,312.0,-1
8, 14, 548.0,736.0,-1
14, 8, 548.0,736.0,-1
8, 15, 533.0,753.0,1
15, 8, 533.0,753.0,1
8, 16, 659.0,921.0,-1
16, 8, 659.0,921.0,-1
8, 8, 0.0,0.0,1
9, 10, 497.0,654.0,-1
10, 9, 497.0,654.0,-1
9, 11, 383.0,404.0,-1
11, 9, 383.0,404.0,-1
9, 12, 320.0,450.0,-1
12, 9, 320.0,450.0,-1
9, 13, 450.0,629.0,-1
13, 9, 450.0,629.0,-1
9, 14, 746.0,1053.0,1
14, 9, 746.0,1053.0,1
9, 15, 449.0,561.0,-1
15, 9, 449.0,561.0,-1
9, 16, 907.0,1238.0,-1
16, 9, 907.0,1238.0,-1
9, 9, 0.0,0.0,1
10, 11, 232.0,294.0,1
11, 10, 232.0,294.0,1
10, 12, 263.0,310.0,-1
12, 10, 263.0,310.0,-1
10, 13, 119.0,166.0,1
13, 10, 119.0,166.0,1
10, 14, 320.0,400.0,-1
14, 10, 320.0,400.0,-1
10, 15, 331.0,357.0,1
15, 10, 331.0,357.0,1
10, 16, 588.0,592.0,1
16, 10, 588.0,592.0,1
10, 10, 0.0,0.0,1
11, 12, 328.0,455.0,1
12, 11, 328.0,455.0,1
11, 13, 291.0,311.0,-1
13, 11, 291.0,311.0,-1
11, 14, 551.0,693.0,-1
14, 11, 551.0,693.0,-1
11, 15, 120.0,158.0,1
15, 11, 120.0,158.0,1
11, 16, 811.0,878.0,-1
16, 11, 811.0,878.0,-1
11, 11, 0.0,0.0,1
12, 13, 163.0,180.0,-1
13, 12, 163.0,180.0,-1
12, 14, 433.0,604.0,1
14, 12, 433.0,604.0,1
12, 15, 446.0,612.0,-1
15, 12, 446.0,612.0,-1
12, 16, 593.0,789.0,-1
16, 12, 593.0,789.0,-1
12, 12, 0.0,0.0,1
13, 14, 302.0,425.0,1
14, 13, 302.0,425.0,1
13, 15, 406.0,469.0,1
15, 13, 406.0,469.0,1
13, 16, 526.0,609.0,-1
16, 13, 526.0,609.0,-1
13, 13, 0.0,0.0,1
14, 15, 646.0,757.0,1
15, 14, 646.0,757.0,1
14, 16, 301.0,383.0,-1
16, 14, 301.0,383.0,-1
14, 14, 0.0,0.0,1
15, 16, 918.0,941.0,-1
16, 15, 918.0,941.0,-1
15, 15, 0.0,0.0,1
16, 16, 0.0,0.0,1


<end>