<number of nodes>
16

<ratio of available edges>
0.3

<max length of the drone flight>
100000 

<D 2/3>
1, 2, 3, 4, 7, 8, 9, 10, 11, 13, 15

<V>
3, 8, 11, 13, 15

<coordinates X,Y>
378.3979725175788, 297.430677254606
932.1456879905126, 636.3310423445756
296.474904172527, 193.01711696076768
891.971381067609, 999.4718058513183
986.6503354077388, 409.40317802291935
346.3814045545589, 125.45437788775418
953.6065300166663, 450.61304121514786
719.5327333512058, 752.3337683080368
650.5301924488152, 271.0617479157619
885.3881951380516, 174.39581221626207
665.3958792286343, 537.7940071727907
845.5840316959403, 376.08097816782873
340.6240365573298, 16.71857537699948
197.3560024642637, 721.9039071259533
381.7532097381594, 353.1638326314345
147.73984177299496, 627.2313754134975

<adjacency matrix with truck distances>
1, 2, 650.0,893.0,-1
2, 1, 650.0,893.0,-1
1, 3, 133.0,187.0,-1
3, 1, 133.0,187.0,-1
1, 4, 870.0,1216.0,-1
4, 1, 870.0,1216.0,-1
1, 5, 619.0,721.0,-1
5, 1, 619.0,721.0,-1
1, 6, 175.0,204.0,-1
6, 1, 175.0,204.0,-1
1, 7, 596.0,729.0,-1
7, 1, 596.0,729.0,-1
1, 8, 569.0,797.0,-1
8, 1, 569.0,797.0,-1
1, 9, 274.0,299.0,-1
9, 1, 274.0,299.0,-1
1, 10, 522.0,631.0,1
10, 1, 522.0,631.0,1
1, 11, 375.0,528.0,-1
11, 1, 375.0,528.0,-1
1, 12, 474.0,546.0,-1
12, 1, 474.0,546.0,-1
1, 13, 284.0,319.0,-1
13, 1, 284.0,319.0,-1
1, 14, 462.0,606.0,-1
14, 1, 462.0,606.0,-1
1, 15, 56.0,60.0,1
15, 1, 56.0,60.0,1
1, 16, 403.0,561.0,-1
16, 1, 403.0,561.0,-1
1, 1, 0.0,0.0,1
2, 3, 775.0,1079.0,-1
3, 2, 775.0,1079.0,-1
2, 4, 366.0,404.0,-1
4, 2, 366.0,404.0,-1
2, 5, 234.0,282.0,1
5, 2, 234.0,282.0,1
2, 6, 778.0,1097.0,-1
6, 2, 778.0,1097.0,-1
2, 7, 187.0,208.0,-1
7, 2, 187.0,208.0,-1
2, 8, 243.0,329.0,-1
8, 2, 243.0,329.0,-1
2, 9, 462.0,647.0,1
9, 2, 462.0,647.0,1
2, 10, 465.0,509.0,-1
10, 2, 465.0,509.0,-1
2, 11, 285.0,366.0,-1
11, 2, 285.0,366.0,-1
2, 12, 275.0,347.0,-1
12, 2, 275.0,347.0,-1
2, 13, 857.0,1212.0,-1
13, 2, 857.0,1212.0,-1
2, 14, 740.0,821.0,1
14, 2, 740.0,821.0,1
2, 15, 619.0,834.0,1
15, 2, 619.0,834.0,1
2, 16, 785.0,794.0,-1
16, 2, 785.0,794.0,-1
2, 2, 0.0,0.0,1
3, 4, 1003.0,1402.0,-1
4, 3, 1003.0,1402.0,-1
3, 5, 724.0,907.0,-1
5, 3, 724.0,907.0,-1
3, 6, 84.0,118.0,-1
6, 3, 84.0,118.0,-1
3, 7, 706.0,915.0,1
7, 3, 706.0,915.0,1
3, 8, 702.0,983.0,-1
8, 3, 702.0,983.0,-1
3, 9, 363.0,433.0,-1
9, 3, 363.0,433.0,-1
3, 10, 590.0,608.0,-1
10, 3, 590.0,608.0,-1
3, 11, 505.0,714.0,1
11, 3, 505.0,714.0,1
3, 12, 579.0,733.0,-1
12, 3, 579.0,733.0,-1
3, 13, 182.0,221.0,-1
13, 3, 182.0,221.0,-1
3, 14, 539.0,629.0,-1
14, 3, 539.0,629.0,-1
3, 15, 182.0,246.0,1
15, 3, 182.0,246.0,1
3, 16, 459.0,583.0,-1
16, 3, 459.0,583.0,-1
3, 3, 0.0,0.0,1
4, 5, 598.0,685.0,-1
5, 4, 598.0,685.0,-1
4, 6, 1031.0,1420.0,-1
6, 4, 1031.0,1420.0,-1
4, 7, 553.0,611.0,-1
7, 4, 553.0,611.0,-1
4, 8, 302.0,420.0,-1
8, 4, 302.0,420.0,-1
4, 9, 768.0,970.0,1
9, 4, 768.0,970.0,1
4, 10, 826.0,832.0,-1
10, 4, 826.0,832.0,-1
4, 11, 515.0,689.0,-1
11, 4, 515.0,689.0,-1
4, 12, 626.0,670.0,-1
12, 4, 626.0,670.0,-1
4, 13, 1127.0,1535.0,1
13, 4, 1127.0,1535.0,1
4, 14, 749.0,973.0,1
14, 4, 749.0,973.0,1
4, 15, 824.0,1157.0,-1
15, 4, 824.0,1157.0,-1
4, 16, 833.0,1117.0,-1
16, 4, 833.0,1117.0,-1
4, 4, 0.0,0.0,1
5, 6, 701.0,925.0,-1
6, 5, 701.0,925.0,-1
5, 7, 53.0,75.0,-1
7, 5, 53.0,75.0,-1
5, 8, 435.0,611.0,1
8, 5, 435.0,611.0,1
5, 9, 364.0,475.0,-1
9, 5, 364.0,475.0,-1
5, 10, 256.0,337.0,-1
10, 5, 256.0,337.0,-1
5, 11, 346.0,450.0,-1
11, 5, 346.0,450.0,-1
5, 12, 145.0,175.0,-1
12, 5, 145.0,175.0,-1
5, 13, 757.0,1039.0,-1
13, 5, 757.0,1039.0,-1
5, 14, 849.0,1102.0,1
14, 5, 849.0,1102.0,1
5, 15, 608.0,662.0,-1
15, 5, 608.0,662.0,-1
5, 16, 867.0,1057.0,-1
16, 5, 867.0,1057.0,-1
5, 5, 0.0,0.0,1
6, 7, 689.0,933.0,-1
7, 6, 689.0,933.0,-1
6, 8, 730.0,1001.0,1
8, 6, 730.0,1001.0,1
6, 9, 338.0,450.0,-1
9, 6, 338.0,450.0,-1
6, 10, 542.0,588.0,1
10, 6, 542.0,588.0,1
6, 11, 522.0,732.0,-1
11, 6, 522.0,732.0,-1
6, 12, 559.0,750.0,-1
12, 6, 559.0,750.0,-1
6, 13, 109.0,115.0,1
13, 6, 109.0,115.0,1
6, 14, 615.0,746.0,-1
14, 6, 615.0,746.0,-1
6, 15, 231.0,264.0,1
15, 6, 231.0,264.0,1
6, 16, 540.0,701.0,1
16, 6, 540.0,701.0,1
6, 6, 0.0,0.0,1
7, 8, 382.0,536.0,1
8, 7, 382.0,536.0,1
7, 9, 353.0,483.0,-1
9, 7, 353.0,483.0,-1
7, 10, 285.0,345.0,-1
10, 7, 285.0,345.0,-1
7, 11, 302.0,376.0,-1
11, 7, 302.0,376.0,-1
7, 12, 132.0,183.0,-1
12, 7, 132.0,183.0,-1
7, 13, 752.0,1047.0,1
13, 7, 752.0,1047.0,1
7, 14, 804.0,1028.0,1
14, 7, 804.0,1028.0,1
7, 15, 581.0,670.0,-1
15, 7, 581.0,670.0,-1
7, 16, 825.0,983.0,1
16, 7, 825.0,983.0,1
7, 7, 0.0,0.0,1
8, 9, 487.0,551.0,1
9, 8, 487.0,551.0,1
8, 10, 602.0,744.0,-1
10, 8, 602.0,744.0,-1
8, 11, 222.0,269.0,-1
11, 8, 222.0,269.0,-1
8, 12, 397.0,503.0,-1
12, 8, 397.0,503.0,-1
8, 13, 828.0,1115.0,1
13, 8, 828.0,1115.0,1
8, 14, 524.0,553.0,1
14, 8, 524.0,553.0,1
8, 15, 523.0,737.0,1
15, 8, 523.0,737.0,1
8, 16, 586.0,697.0,-1
16, 8, 586.0,697.0,-1
8, 8, 0.0,0.0,1
9, 10, 254.0,332.0,-1
10, 9, 254.0,332.0,-1
9, 11, 268.0,282.0,-1
11, 9, 268.0,282.0,-1
9, 12, 222.0,301.0,-1
12, 9, 222.0,301.0,-1
9, 13, 401.0,565.0,-1
13, 9, 401.0,565.0,-1
9, 14, 640.0,905.0,1
14, 9, 640.0,905.0,1
9, 15, 282.0,351.0,-1
15, 9, 282.0,351.0,-1
9, 16, 617.0,859.0,1
16, 9, 617.0,859.0,1
9, 9, 0.0,0.0,1
10, 11, 425.0,584.0,-1
11, 10, 425.0,584.0,-1
10, 12, 206.0,242.0,1
12, 10, 206.0,242.0,1
10, 13, 568.0,703.0,-1
13, 10, 568.0,703.0,-1
10, 14, 880.0,1236.0,-1
14, 10, 880.0,1236.0,-1
10, 15, 535.0,683.0,1
15, 10, 535.0,683.0,1
10, 16, 866.0,1191.0,1
16, 10, 866.0,1191.0,1
10, 10, 0.0,0.0,1
11, 12, 243.0,342.0,-1
12, 11, 243.0,342.0,-1
11, 13, 615.0,846.0,-1
13, 11, 615.0,846.0,-1
11, 14, 503.0,653.0,-1
14, 11, 503.0,653.0,-1
11, 15, 339.0,469.0,-1
15, 11, 339.0,469.0,-1
11, 16, 526.0,608.0,-1
16, 11, 526.0,608.0,-1
11, 11, 0.0,0.0,1
12, 13, 620.0,865.0,1
13, 12, 620.0,865.0,1
12, 14, 735.0,995.0,-1
14, 12, 735.0,995.0,-1
12, 15, 465.0,487.0,1
15, 12, 465.0,487.0,1
12, 16, 742.0,949.0,-1
16, 12, 742.0,949.0,-1
12, 12, 0.0,0.0,1
13, 14, 720.0,849.0,-1
14, 13, 720.0,849.0,-1
13, 15, 339.0,378.0,1
15, 13, 339.0,378.0,1
13, 16, 641.0,804.0,-1
16, 13, 641.0,804.0,-1
13, 13, 0.0,0.0,1
14, 15, 413.0,554.0,1
15, 14, 413.0,554.0,1
14, 16, 107.0,145.0,-1
16, 14, 107.0,145.0,-1
14, 14, 0.0,0.0,1
15, 16, 361.0,509.0,-1
16, 15, 361.0,509.0,-1
15, 15, 0.0,0.0,1
16, 16, 0.0,0.0,1


<end>