<number of nodes>
16

<ratio of available edges>
0.3

<max length of the drone flight>
100000 

<D 2/3>
1, 2, 3, 4, 5, 6, 8, 12, 13, 14, 15

<V>
2, 3, 4, 12, 14

<coordinates X,Y>
203.12147940686438, 777.4259811171407
763.5139212818268, 471.57112947896616
852.3873108803461, 404.8602010929981
265.5338393921138, 90.77411608574853
152.42958158490586, 613.0345059036287
526.9539408333296, 536.343645256072
450.19026747427085, 47.64462574699919
407.03349090422705, 739.2373137036875
994.805618420826, 663.8670070646542
96.55675760974907, 167.2903776770882
935.5227194831424, 813.2839489024005
931.5018871910802, 469.42927781188365
976.0941292339788, 631.5504772544477
223.2672231175487, 824.6242086021673
963.8092869595271, 789.5793060321413
710.9672487275648, 173.65123288431212

<adjacency matrix with truck distances>
1, 2, 639.0,867.0,-1
2, 1, 639.0,867.0,-1
1, 3, 749.0,1022.0,-1
3, 1, 749.0,1022.0,-1
1, 4, 690.0,750.0,-1
4, 1, 690.0,750.0,-1
1, 5, 173.0,216.0,-1
5, 1, 173.0,216.0,-1
1, 6, 404.0,565.0,1
6, 1, 404.0,565.0,1
1, 7, 771.0,977.0,1
7, 1, 771.0,977.0,1
1, 8, 208.0,243.0,1
8, 1, 208.0,243.0,1
1, 9, 800.0,906.0,-1
9, 1, 800.0,906.0,-1
1, 10, 620.0,717.0,-1
10, 1, 620.0,717.0,-1
1, 11, 734.0,769.0,-1
11, 1, 734.0,769.0,-1
1, 12, 791.0,1037.0,-1
12, 1, 791.0,1037.0,-1
1, 13, 787.0,919.0,-1
13, 1, 787.0,919.0,-1
1, 14, 52.0,68.0,1
14, 1, 52.0,68.0,1
1, 15, 761.0,773.0,1
15, 1, 761.0,773.0,1
1, 16, 789.0,1112.0,-1
16, 1, 789.0,1112.0,-1
1, 1, 0.0,0.0,1
2, 3, 112.0,156.0,1
3, 2, 112.0,156.0,1
2, 4, 627.0,879.0,-1
4, 2, 627.0,879.0,-1
2, 5, 628.0,753.0,1
5, 2, 628.0,753.0,1
2, 6, 246.0,302.0,-1
6, 2, 246.0,302.0,-1
2, 7, 528.0,738.0,-1
7, 2, 528.0,738.0,-1
2, 8, 446.0,625.0,-1
8, 2, 446.0,625.0,-1
2, 9, 301.0,424.0,-1
9, 2, 301.0,424.0,-1
2, 10, 734.0,972.0,1
10, 2, 734.0,972.0,1
2, 11, 383.0,514.0,1
11, 2, 383.0,514.0,1
2, 12, 169.0,171.0,1
12, 2, 169.0,171.0,1
2, 13, 267.0,373.0,-1
13, 2, 267.0,373.0,-1
2, 14, 646.0,894.0,1
14, 2, 646.0,894.0,1
2, 15, 376.0,519.0,1
15, 2, 376.0,519.0,1
2, 16, 303.0,351.0,-1
16, 2, 303.0,351.0,-1
2, 2, 0.0,0.0,1
3, 4, 666.0,901.0,1
4, 3, 666.0,901.0,1
3, 5, 731.0,909.0,-1
5, 3, 731.0,909.0,-1
3, 6, 351.0,457.0,1
6, 3, 351.0,457.0,1
3, 7, 538.0,760.0,-1
7, 3, 538.0,760.0,-1
3, 8, 557.0,780.0,1
8, 3, 557.0,780.0,1
3, 9, 296.0,402.0,1
9, 3, 296.0,402.0,1
3, 10, 793.0,994.0,-1
10, 3, 793.0,994.0,-1
3, 11, 417.0,492.0,-1
11, 3, 417.0,492.0,-1
3, 12, 103.0,144.0,1
12, 3, 103.0,144.0,1
3, 13, 259.0,351.0,-1
13, 3, 259.0,351.0,-1
3, 14, 757.0,1049.0,-1
14, 3, 757.0,1049.0,-1
3, 15, 401.0,497.0,-1
15, 3, 401.0,497.0,-1
3, 16, 272.0,373.0,-1
16, 3, 272.0,373.0,-1
3, 3, 0.0,0.0,1
4, 5, 535.0,636.0,-1
5, 4, 535.0,636.0,-1
4, 6, 517.0,707.0,1
6, 4, 517.0,707.0,1
4, 7, 190.0,228.0,1
7, 4, 190.0,228.0,1
4, 8, 664.0,790.0,-1
8, 4, 664.0,790.0,-1
4, 9, 928.0,1303.0,1
9, 4, 928.0,1303.0,1
4, 10, 186.0,246.0,-1
10, 4, 186.0,246.0,-1
4, 11, 986.0,1393.0,-1
11, 4, 986.0,1393.0,-1
4, 12, 767.0,1045.0,-1
12, 4, 767.0,1045.0,-1
4, 13, 893.0,1252.0,-1
13, 4, 893.0,1252.0,-1
4, 14, 736.0,777.0,-1
14, 4, 736.0,777.0,-1
4, 15, 988.0,1398.0,-1
15, 4, 988.0,1398.0,-1
4, 16, 454.0,529.0,1
16, 4, 454.0,529.0,1
4, 4, 0.0,0.0,1
5, 6, 383.0,452.0,-1
6, 5, 383.0,452.0,-1
5, 7, 640.0,864.0,-1
7, 5, 640.0,864.0,-1
5, 8, 285.0,381.0,-1
8, 5, 285.0,381.0,-1
5, 9, 844.0,894.0,-1
9, 5, 844.0,894.0,-1
5, 10, 450.0,502.0,-1
10, 5, 450.0,502.0,-1
5, 11, 809.0,984.0,-1
11, 5, 809.0,984.0,-1
5, 12, 793.0,923.0,-1
12, 5, 793.0,923.0,-1
5, 13, 824.0,843.0,1
13, 5, 824.0,843.0,1
5, 14, 224.0,283.0,-1
14, 5, 224.0,283.0,-1
5, 15, 831.0,988.0,-1
15, 5, 831.0,988.0,-1
5, 16, 711.0,998.0,1
16, 5, 711.0,998.0,1
5, 5, 0.0,0.0,1
6, 7, 495.0,566.0,-1
7, 6, 495.0,566.0,-1
6, 8, 236.0,323.0,-1
8, 6, 236.0,323.0,-1
6, 9, 485.0,596.0,-1
9, 6, 485.0,596.0,-1
6, 10, 567.0,800.0,-1
10, 6, 567.0,800.0,-1
6, 11, 494.0,686.0,1
11, 6, 494.0,686.0,1
6, 12, 411.0,472.0,-1
12, 6, 411.0,472.0,-1
6, 13, 460.0,545.0,1
13, 6, 460.0,545.0,1
6, 14, 419.0,592.0,-1
14, 6, 419.0,592.0,-1
6, 15, 505.0,691.0,-1
15, 6, 505.0,691.0,-1
6, 16, 407.0,547.0,-1
16, 6, 407.0,547.0,-1
6, 6, 0.0,0.0,1
7, 8, 693.0,735.0,-1
8, 7, 693.0,735.0,-1
7, 9, 823.0,1161.0,-1
9, 7, 823.0,1161.0,-1
7, 10, 374.0,474.0,1
10, 7, 374.0,474.0,1
7, 11, 907.0,1251.0,1
11, 7, 907.0,1251.0,1
7, 12, 640.0,904.0,1
12, 7, 640.0,904.0,1
7, 13, 786.0,1110.0,-1
13, 7, 786.0,1110.0,-1
7, 14, 810.0,1004.0,-1
14, 7, 810.0,1004.0,-1
7, 15, 903.0,1256.0,-1
15, 7, 903.0,1256.0,-1
7, 16, 290.0,387.0,-1
16, 7, 290.0,387.0,-1
7, 7, 0.0,0.0,1
8, 9, 593.0,664.0,1
9, 8, 593.0,664.0,1
8, 10, 651.0,883.0,-1
10, 8, 651.0,883.0,-1
8, 11, 534.0,603.0,-1
11, 8, 534.0,603.0,-1
8, 12, 590.0,795.0,1
12, 8, 590.0,795.0,1
8, 13, 580.0,677.0,1
13, 8, 580.0,677.0,1
8, 14, 203.0,270.0,-1
14, 8, 203.0,270.0,-1
8, 15, 560.0,608.0,-1
15, 8, 560.0,608.0,-1
8, 16, 643.0,870.0,-1
16, 8, 643.0,870.0,-1
8, 8, 0.0,0.0,1
9, 10, 1027.0,1395.0,-1
10, 9, 1027.0,1395.0,-1
9, 11, 161.0,209.0,-1
11, 9, 161.0,209.0,-1
9, 12, 205.0,258.0,1
12, 9, 205.0,258.0,1
9, 13, 38.0,52.0,-1
13, 9, 38.0,52.0,-1
9, 14, 789.0,933.0,-1
14, 9, 789.0,933.0,-1
9, 15, 130.0,157.0,-1
15, 9, 130.0,157.0,-1
9, 16, 567.0,775.0,-1
16, 9, 567.0,775.0,-1
9, 9, 0.0,0.0,1
10, 11, 1059.0,1485.0,1
11, 10, 1059.0,1485.0,1
10, 12, 888.0,1138.0,1
12, 10, 888.0,1138.0,1
10, 13, 995.0,1344.0,-1
13, 10, 995.0,1344.0,-1
10, 14, 670.0,785.0,-1
14, 10, 670.0,785.0,-1
10, 15, 1068.0,1490.0,-1
15, 10, 1068.0,1490.0,-1
10, 16, 615.0,621.0,-1
16, 10, 615.0,621.0,-1
10, 10, 0.0,0.0,1
11, 12, 344.0,348.0,-1
12, 11, 344.0,348.0,-1
11, 13, 187.0,223.0,-1
13, 11, 187.0,223.0,-1
11, 14, 713.0,724.0,-1
14, 11, 713.0,724.0,-1
11, 15, 37.0,52.0,-1
15, 11, 37.0,52.0,-1
11, 16, 678.0,865.0,-1
16, 11, 678.0,865.0,-1
11, 11, 0.0,0.0,1
12, 13, 169.0,207.0,-1
13, 12, 169.0,207.0,-1
12, 14, 793.0,1064.0,1
14, 12, 793.0,1064.0,1
12, 15, 322.0,353.0,-1
15, 12, 322.0,353.0,-1
12, 16, 369.0,517.0,-1
16, 12, 369.0,517.0,-1
12, 12, 0.0,0.0,1
13, 14, 778.0,946.0,1
14, 13, 778.0,946.0,1
13, 15, 159.0,171.0,-1
15, 13, 159.0,171.0,-1
13, 16, 530.0,724.0,-1
16, 13, 530.0,724.0,-1
13, 13, 0.0,0.0,1
14, 15, 742.0,776.0,-1
15, 14, 742.0,776.0,-1
14, 16, 814.0,1139.0,-1
16, 14, 814.0,1139.0,-1
14, 14, 0.0,0.0,1
15, 16, 666.0,869.0,-1
16, 15, 666.0,869.0,-1
15, 15, 0.0,0.0,1
16, 16, 0.0,0.0,1


<end>