<number of nodes>
16

<ratio of available edges>
0.3

<max length of the drone flight>
100000 

<D 2/3>
1, 2, 6, 7, 8, 9, 10, 12, 14, 15, 16

<V>
2, 6, 7, 8, 16

<coordinates X,Y>
108.22019138598719, 380.0512344043584
779.752578427832, 866.772908589723
874.9176829236909, 440.34936567634094
866.7990138871547, 782.5105419683372
194.77827546867198, 212.03968348242554
659.6232770971338, 806.242800392522
194.5674646482384, 552.9033255029213
482.98672772069585, 283.44960807246554
680.9712045157344, 988.3373744725639
530.813667299017, 199.3289051262496
476.6486982086409, 597.6238347871173
0.8436560690333305, 206.55831968359098
675.1248323794543, 423.4717582574828
132.47832956083795, 645.4107846649133
754.7806761946497, 780.125327372514
891.3353487440213, 53.65981094275734

<adjacency matrix with truck distances>
1, 2, 830.0,1159.0,-1
2, 1, 830.0,1159.0,-1
1, 3, 770.0,827.0,-1
3, 1, 770.0,827.0,-1
1, 4, 859.0,1162.0,-1
4, 1, 859.0,1162.0,-1
1, 5, 189.0,255.0,-1
5, 1, 189.0,255.0,-1
1, 6, 697.0,978.0,-1
6, 1, 697.0,978.0,-1
1, 7, 194.0,260.0,1
7, 1, 194.0,260.0,1
1, 8, 388.0,472.0,1
8, 1, 388.0,472.0,1
1, 9, 836.0,1182.0,-1
9, 1, 836.0,1182.0,-1
1, 10, 460.0,604.0,-1
10, 1, 460.0,604.0,-1
1, 11, 428.0,587.0,-1
11, 1, 428.0,587.0,-1
1, 12, 205.0,281.0,-1
12, 1, 205.0,281.0,-1
1, 13, 569.0,611.0,1
13, 1, 569.0,611.0,1
1, 14, 267.0,290.0,1
14, 1, 267.0,290.0,1
1, 15, 761.0,1047.0,1
15, 1, 761.0,1047.0,1
1, 16, 849.0,1110.0,-1
16, 1, 849.0,1110.0,-1
1, 1, 0.0,0.0,1
2, 3, 437.0,522.0,-1
3, 2, 437.0,522.0,-1
2, 4, 122.0,172.0,-1
4, 2, 122.0,172.0,-1
2, 5, 878.0,1240.0,1
5, 2, 878.0,1240.0,1
2, 6, 135.0,181.0,-1
6, 2, 135.0,181.0,-1
2, 7, 665.0,900.0,-1
7, 2, 665.0,900.0,-1
2, 8, 655.0,881.0,1
8, 2, 655.0,881.0,1
2, 9, 157.0,221.0,-1
9, 2, 157.0,221.0,-1
2, 10, 713.0,917.0,-1
10, 2, 713.0,917.0,-1
2, 11, 406.0,573.0,-1
11, 2, 406.0,573.0,-1
2, 12, 1022.0,1440.0,-1
12, 2, 1022.0,1440.0,-1
2, 13, 456.0,548.0,-1
13, 2, 456.0,548.0,-1
2, 14, 685.0,869.0,1
14, 2, 685.0,869.0,1
2, 15, 91.0,112.0,-1
15, 2, 91.0,112.0,-1
2, 16, 821.0,925.0,1
16, 2, 821.0,925.0,1
2, 2, 0.0,0.0,1
3, 4, 343.0,351.0,1
4, 3, 343.0,351.0,1
3, 5, 718.0,909.0,-1
5, 3, 718.0,909.0,-1
3, 6, 425.0,582.0,1
6, 3, 425.0,582.0,1
3, 7, 690.0,793.0,-1
7, 3, 690.0,793.0,-1
3, 8, 423.0,549.0,-1
8, 3, 423.0,549.0,-1
3, 9, 582.0,742.0,1
9, 3, 582.0,742.0,1
3, 10, 421.0,586.0,-1
10, 3, 421.0,586.0,-1
3, 11, 429.0,556.0,-1
11, 3, 429.0,556.0,-1
3, 12, 905.0,1108.0,1
12, 3, 905.0,1108.0,1
3, 13, 201.0,217.0,-1
13, 3, 201.0,217.0,-1
3, 14, 771.0,948.0,-1
14, 3, 771.0,948.0,-1
3, 15, 361.0,460.0,1
15, 3, 361.0,460.0,1
3, 16, 388.0,404.0,-1
16, 3, 388.0,404.0,-1
3, 3, 0.0,0.0,1
4, 5, 882.0,1243.0,-1
5, 4, 882.0,1243.0,-1
4, 6, 209.0,231.0,-1
6, 4, 209.0,231.0,-1
4, 7, 711.0,902.0,-1
7, 4, 711.0,902.0,-1
4, 8, 630.0,883.0,1
8, 4, 630.0,883.0,1
4, 9, 278.0,392.0,-1
9, 4, 278.0,392.0,-1
4, 10, 674.0,920.0,1
10, 4, 674.0,920.0,1
4, 11, 432.0,576.0,-1
11, 4, 432.0,576.0,-1
4, 12, 1040.0,1442.0,-1
12, 4, 1040.0,1442.0,-1
4, 13, 407.0,551.0,-1
13, 4, 407.0,551.0,-1
4, 14, 748.0,872.0,-1
14, 4, 748.0,872.0,-1
4, 15, 113.0,115.0,1
15, 4, 113.0,115.0,1
4, 16, 730.0,754.0,-1
16, 4, 730.0,754.0,-1
4, 4, 0.0,0.0,1
5, 6, 755.0,1060.0,-1
6, 5, 755.0,1060.0,-1
5, 7, 341.0,342.0,-1
7, 5, 341.0,342.0,-1
5, 8, 297.0,360.0,1
8, 5, 297.0,360.0,1
5, 9, 916.0,1263.0,1
9, 5, 916.0,1263.0,1
5, 10, 337.0,349.0,-1
10, 5, 337.0,349.0,-1
5, 11, 478.0,668.0,-1
11, 5, 478.0,668.0,-1
5, 12, 195.0,200.0,-1
12, 5, 195.0,200.0,-1
5, 13, 525.0,692.0,-1
13, 5, 525.0,692.0,-1
5, 14, 438.0,496.0,-1
14, 5, 438.0,496.0,-1
5, 15, 798.0,1129.0,-1
15, 5, 798.0,1129.0,-1
5, 16, 715.0,855.0,1
16, 5, 715.0,855.0,1
5, 5, 0.0,0.0,1
6, 7, 530.0,719.0,1
7, 6, 530.0,719.0,1
6, 8, 552.0,700.0,-1
8, 6, 552.0,700.0,-1
6, 9, 184.0,204.0,1
9, 6, 184.0,204.0,1
6, 10, 621.0,736.0,-1
10, 6, 621.0,736.0,-1
6, 11, 278.0,392.0,-1
11, 6, 278.0,392.0,-1
6, 12, 891.0,1259.0,-1
12, 6, 891.0,1259.0,-1
6, 13, 384.0,399.0,-1
13, 6, 384.0,399.0,-1
6, 14, 552.0,688.0,-1
14, 6, 552.0,688.0,-1
6, 15, 99.0,122.0,-1
15, 6, 99.0,122.0,-1
6, 16, 788.0,985.0,-1
16, 6, 788.0,985.0,-1
6, 6, 0.0,0.0,1
7, 8, 395.0,558.0,-1
8, 7, 395.0,558.0,-1
7, 9, 653.0,922.0,1
9, 7, 653.0,922.0,1
7, 10, 488.0,690.0,1
10, 7, 488.0,690.0,1
7, 11, 286.0,327.0,1
11, 7, 286.0,327.0,1
7, 12, 397.0,541.0,-1
12, 7, 397.0,541.0,-1
7, 13, 498.0,610.0,-1
13, 7, 498.0,610.0,-1
7, 14, 112.0,155.0,-1
14, 7, 112.0,155.0,-1
7, 15, 605.0,788.0,1
15, 7, 605.0,788.0,1
7, 16, 858.0,1197.0,-1
16, 7, 858.0,1197.0,-1
7, 7, 0.0,0.0,1
8, 9, 733.0,903.0,-1
9, 8, 733.0,903.0,-1
8, 10, 97.0,132.0,-1
10, 8, 97.0,132.0,-1
8, 11, 315.0,321.0,-1
11, 8, 315.0,321.0,-1
8, 12, 489.0,560.0,1
12, 8, 489.0,560.0,1
8, 13, 238.0,333.0,-1
13, 8, 238.0,333.0,-1
8, 14, 504.0,713.0,-1
14, 8, 504.0,713.0,-1
8, 15, 567.0,769.0,-1
15, 8, 567.0,769.0,-1
8, 16, 469.0,639.0,1
16, 8, 469.0,639.0,1
8, 8, 0.0,0.0,1
9, 10, 804.0,940.0,-1
10, 9, 804.0,940.0,-1
9, 11, 441.0,596.0,1
11, 9, 441.0,596.0,1
9, 12, 1037.0,1462.0,-1
12, 9, 1037.0,1462.0,-1
9, 13, 565.0,571.0,-1
13, 9, 565.0,571.0,-1
9, 14, 647.0,892.0,-1
14, 9, 647.0,892.0,-1
9, 15, 221.0,283.0,-1
15, 9, 221.0,283.0,-1
9, 16, 959.0,1146.0,-1
16, 9, 959.0,1146.0,-1
9, 9, 0.0,0.0,1
10, 11, 402.0,453.0,-1
11, 10, 402.0,453.0,-1
10, 12, 531.0,538.0,-1
12, 10, 531.0,538.0,-1
10, 13, 267.0,369.0,-1
13, 10, 267.0,369.0,-1
10, 14, 599.0,845.0,1
14, 10, 599.0,845.0,1
10, 15, 623.0,805.0,-1
15, 10, 623.0,805.0,-1
10, 16, 389.0,507.0,-1
16, 10, 389.0,507.0,-1
10, 10, 0.0,0.0,1
11, 12, 616.0,867.0,-1
12, 11, 616.0,867.0,-1
11, 13, 265.0,373.0,-1
13, 11, 265.0,373.0,-1
11, 14, 348.0,392.0,-1
14, 11, 348.0,392.0,-1
11, 15, 333.0,461.0,-1
15, 11, 333.0,461.0,-1
11, 16, 685.0,959.0,-1
16, 11, 685.0,959.0,-1
11, 11, 0.0,0.0,1
12, 13, 709.0,892.0,1
13, 12, 709.0,892.0,1
12, 14, 459.0,571.0,-1
14, 12, 459.0,571.0,-1
12, 15, 948.0,1328.0,-1
15, 12, 948.0,1328.0,-1
12, 16, 904.0,1044.0,-1
16, 12, 904.0,1044.0,-1
12, 12, 0.0,0.0,1
13, 14, 587.0,765.0,1
14, 13, 587.0,765.0,1
13, 15, 366.0,437.0,1
15, 13, 366.0,437.0,1
13, 16, 429.0,587.0,1
16, 13, 429.0,587.0,1
13, 13, 0.0,0.0,1
14, 15, 637.0,758.0,1
15, 14, 637.0,758.0,1
14, 16, 963.0,1351.0,-1
16, 14, 963.0,1351.0,-1
14, 14, 0.0,0.0,1
15, 16, 740.0,864.0,1
16, 15, 740.0,864.0,1
15, 15, 0.0,0.0,1
16, 16, 0.0,0.0,1


<end>