<number of nodes>
16

<ratio of available edges>
0.3

<max length of the drone flight>
100000 

<D 2/3>
1, 2, 4, 5, 9, 10, 11, 12, 13, 15, 16

<V>
2, 4, 9, 12, 13

<coordinates X,Y>
680.7868927469458, 900.3196665452066
240.49578338494135, 25.85883970449007
317.4822142982013, 920.8891870995327
763.3697595383854, 732.7805957640602
696.5149949863708, 237.53735128786414
151.08229333519463, 511.98305675057384
317.87759331473717, 220.05240327336853
94.4817508960475, 727.8028564240386
680.686977903016, 994.256589833159
902.0990303732113, 911.8687018383717
989.319710231395, 982.5749622016351
698.01740295367, 693.1681787236059
358.3072337467621, 967.7349832094634
926.6150114825417, 411.48989529618297
735.5043515372781, 200.31809318016883
394.1713142178472, 361.25478762684253

<adjacency matrix with truck distances>
1, 2, 980.0,1315.0,1
2, 1, 980.0,1315.0,1
1, 3, 364.0,384.0,-1
3, 1, 364.0,384.0,-1
1, 4, 187.0,251.0,-1
4, 1, 187.0,251.0,-1
1, 5, 663.0,679.0,1
5, 1, 663.0,679.0,1
1, 6, 657.0,919.0,-1
6, 1, 657.0,919.0,-1
1, 7, 772.0,1044.0,1
7, 1, 772.0,1044.0,1
1, 8, 612.0,759.0,-1
8, 1, 612.0,759.0,-1
1, 9, 94.0,95.0,-1
9, 1, 94.0,95.0,-1
1, 10, 222.0,233.0,-1
10, 1, 222.0,233.0,-1
1, 11, 320.0,391.0,1
11, 1, 320.0,391.0,1
1, 12, 208.0,225.0,-1
12, 1, 208.0,225.0,-1
1, 13, 330.0,390.0,-1
13, 1, 330.0,390.0,-1
1, 14, 548.0,735.0,-1
14, 1, 548.0,735.0,-1
1, 15, 703.0,755.0,1
15, 1, 703.0,755.0,1
1, 16, 611.0,826.0,1
16, 1, 611.0,826.0,1
1, 1, 0.0,0.0,1
2, 3, 899.0,973.0,1
3, 2, 899.0,973.0,1
2, 4, 880.0,1230.0,-1
4, 2, 880.0,1230.0,-1
2, 5, 503.0,668.0,-1
5, 2, 503.0,668.0,-1
2, 6, 495.0,576.0,1
6, 2, 495.0,576.0,1
2, 7, 210.0,272.0,1
7, 2, 210.0,272.0,1
2, 8, 717.0,848.0,1
8, 2, 717.0,848.0,1
2, 9, 1064.0,1409.0,1
9, 2, 1064.0,1409.0,1
2, 10, 1106.0,1548.0,-1
10, 2, 1106.0,1548.0,-1
2, 11, 1215.0,1706.0,-1
11, 2, 1215.0,1706.0,-1
2, 12, 810.0,1125.0,-1
12, 2, 810.0,1125.0,-1
2, 13, 950.0,1060.0,-1
13, 2, 950.0,1060.0,-1
2, 14, 788.0,1072.0,1
14, 2, 788.0,1072.0,1
2, 15, 525.0,670.0,1
15, 2, 525.0,670.0,1
2, 16, 369.0,490.0,-1
16, 2, 369.0,490.0,-1
2, 2, 0.0,0.0,1
3, 4, 484.0,634.0,-1
4, 3, 484.0,634.0,-1
3, 5, 782.0,1063.0,1
5, 3, 782.0,1063.0,1
3, 6, 442.0,576.0,-1
6, 3, 442.0,576.0,-1
3, 7, 701.0,702.0,1
7, 3, 701.0,702.0,1
3, 8, 295.0,417.0,-1
8, 3, 295.0,417.0,-1
3, 9, 371.0,437.0,-1
9, 3, 371.0,437.0,-1
3, 10, 585.0,594.0,-1
10, 3, 585.0,594.0,-1
3, 11, 675.0,734.0,-1
11, 3, 675.0,734.0,-1
3, 12, 444.0,609.0,1
12, 3, 444.0,609.0,1
3, 13, 63.0,88.0,-1
13, 3, 63.0,88.0,-1
3, 14, 795.0,1119.0,-1
14, 3, 795.0,1119.0,-1
3, 15, 834.0,1139.0,-1
15, 3, 834.0,1139.0,-1
3, 16, 565.0,637.0,1
16, 3, 565.0,637.0,1
3, 3, 0.0,0.0,1
4, 5, 500.0,563.0,-1
5, 4, 500.0,563.0,-1
4, 6, 651.0,834.0,-1
6, 4, 651.0,834.0,-1
4, 7, 680.0,959.0,1
7, 4, 680.0,959.0,1
4, 8, 669.0,674.0,-1
8, 4, 669.0,674.0,-1
4, 9, 275.0,345.0,-1
9, 4, 275.0,345.0,-1
4, 10, 227.0,318.0,-1
10, 4, 227.0,318.0,-1
4, 11, 337.0,476.0,-1
11, 4, 337.0,476.0,-1
4, 12, 77.0,105.0,1
12, 4, 77.0,105.0,1
4, 13, 469.0,641.0,1
13, 4, 469.0,641.0,1
4, 14, 361.0,485.0,-1
14, 4, 361.0,485.0,-1
4, 15, 534.0,561.0,-1
15, 4, 534.0,561.0,-1
4, 16, 524.0,741.0,1
16, 4, 524.0,741.0,1
4, 4, 0.0,0.0,1
5, 6, 611.0,820.0,-1
6, 5, 611.0,820.0,-1
5, 7, 380.0,397.0,1
7, 5, 380.0,397.0,1
5, 8, 777.0,1093.0,-1
8, 5, 777.0,1093.0,-1
5, 9, 757.0,773.0,-1
9, 5, 757.0,773.0,-1
5, 10, 705.0,880.0,1
10, 5, 705.0,880.0,1
5, 11, 801.0,1038.0,-1
11, 5, 801.0,1038.0,-1
5, 12, 456.0,458.0,-1
12, 5, 456.0,458.0,-1
5, 13, 805.0,1069.0,-1
13, 5, 805.0,1069.0,-1
5, 14, 289.0,405.0,-1
14, 5, 289.0,405.0,-1
5, 15, 54.0,77.0,-1
15, 5, 54.0,77.0,-1
5, 16, 327.0,427.0,1
16, 5, 327.0,427.0,1
5, 5, 0.0,0.0,1
6, 7, 337.0,459.0,-1
7, 6, 337.0,459.0,-1
6, 8, 224.0,273.0,-1
8, 6, 224.0,273.0,-1
6, 9, 717.0,1012.0,-1
9, 6, 717.0,1012.0,-1
6, 10, 851.0,1151.0,-1
10, 6, 851.0,1151.0,-1
6, 11, 962.0,1309.0,1
11, 6, 962.0,1309.0,1
6, 12, 577.0,729.0,-1
12, 6, 577.0,729.0,-1
6, 13, 501.0,663.0,-1
13, 6, 501.0,663.0,-1
6, 14, 783.0,877.0,-1
14, 6, 783.0,877.0,-1
6, 15, 663.0,897.0,-1
15, 6, 663.0,897.0,-1
6, 16, 287.0,394.0,-1
16, 6, 287.0,394.0,-1
6, 6, 0.0,0.0,1
7, 8, 555.0,732.0,-1
8, 7, 555.0,732.0,-1
7, 9, 855.0,1138.0,-1
9, 7, 855.0,1138.0,-1
7, 10, 906.0,1277.0,-1
10, 7, 906.0,1277.0,-1
7, 11, 1017.0,1434.0,-1
11, 7, 1017.0,1434.0,-1
7, 12, 607.0,854.0,-1
12, 7, 607.0,854.0,-1
7, 13, 749.0,789.0,1
13, 7, 749.0,789.0,1
7, 14, 639.0,801.0,-1
14, 7, 639.0,801.0,-1
7, 15, 419.0,438.0,-1
15, 7, 419.0,438.0,-1
7, 16, 161.0,218.0,-1
16, 7, 161.0,218.0,-1
7, 7, 0.0,0.0,1
8, 9, 644.0,853.0,-1
9, 8, 644.0,853.0,-1
8, 10, 829.0,992.0,-1
10, 8, 829.0,992.0,-1
8, 11, 931.0,1150.0,-1
11, 8, 931.0,1150.0,-1
8, 12, 605.0,639.0,-1
12, 8, 605.0,639.0,-1
8, 13, 357.0,504.0,-1
13, 8, 357.0,504.0,-1
8, 14, 891.0,1149.0,-1
14, 8, 891.0,1149.0,-1
8, 15, 831.0,1169.0,-1
15, 8, 831.0,1169.0,-1
8, 16, 474.0,667.0,-1
16, 8, 474.0,667.0,-1
8, 8, 0.0,0.0,1
9, 10, 237.0,304.0,1
10, 9, 237.0,304.0,1
9, 11, 309.0,321.0,-1
11, 9, 309.0,321.0,-1
9, 12, 302.0,319.0,1
12, 9, 302.0,319.0,1
9, 13, 324.0,349.0,-1
13, 9, 324.0,349.0,-1
9, 14, 633.0,829.0,1
14, 9, 633.0,829.0,1
9, 15, 796.0,849.0,1
15, 9, 796.0,849.0,1
9, 16, 695.0,920.0,-1
16, 9, 695.0,920.0,-1
9, 9, 0.0,0.0,1
10, 11, 113.0,158.0,1
11, 10, 113.0,158.0,1
10, 12, 300.0,423.0,-1
12, 10, 300.0,423.0,-1
10, 13, 547.0,600.0,-1
13, 10, 547.0,600.0,-1
10, 14, 501.0,525.0,1
14, 10, 501.0,525.0,1
10, 15, 731.0,879.0,-1
15, 10, 731.0,879.0,-1
10, 16, 750.0,1059.0,-1
16, 10, 750.0,1059.0,-1
10, 10, 0.0,0.0,1
11, 12, 411.0,581.0,-1
12, 11, 411.0,581.0,-1
11, 13, 632.0,646.0,-1
13, 11, 632.0,646.0,-1
11, 14, 575.0,634.0,1
14, 11, 575.0,634.0,1
11, 15, 823.0,1037.0,-1
15, 11, 823.0,1037.0,-1
11, 16, 861.0,1217.0,1
16, 11, 861.0,1217.0,1
11, 11, 0.0,0.0,1
12, 13, 437.0,615.0,-1
13, 12, 437.0,615.0,-1
12, 14, 363.0,511.0,-1
14, 12, 363.0,511.0,-1
12, 15, 495.0,531.0,1
15, 12, 495.0,531.0,1
12, 16, 450.0,636.0,-1
16, 12, 450.0,636.0,-1
12, 12, 0.0,0.0,1
13, 14, 796.0,1125.0,-1
14, 13, 796.0,1125.0,-1
13, 15, 856.0,1145.0,-1
15, 13, 856.0,1145.0,-1
13, 16, 608.0,643.0,1
16, 13, 608.0,643.0,1
13, 13, 0.0,0.0,1
14, 15, 285.0,403.0,-1
15, 14, 285.0,403.0,-1
14, 16, 535.0,583.0,-1
16, 14, 535.0,583.0,-1
14, 14, 0.0,0.0,1
15, 16, 378.0,503.0,-1
16, 15, 378.0,503.0,-1
15, 15, 0.0,0.0,1
16, 16, 0.0,0.0,1


<end>