<number of nodes>
16

<ratio of available edges>
0.3

<max length of the drone flight>
100000 

<D 2/3>
1, 2, 4, 5, 6, 7, 8, 10, 12, 13, 15

<V>
4, 7, 8, 13, 15

<coordinates X,Y>
83.59984582027472, 933.3366664009429
598.5883660171775, 1.3010768149598908
57.77937018148828, 396.6944441617343
759.3063533412907, 129.39123673152963
362.7374145866634, 103.18985649018542
708.155632598383, 571.0943249479449
762.4612567832716, 840.0321266138732
556.2067191679444, 137.99081356696374
299.0046245721803, 851.031397865448
535.0617288175525, 245.30290711203367
51.487459904168965, 549.5974640593709
813.2970710983643, 938.7854398788306
60.0350296876086, 992.7215213375281
518.7005777464319, 427.19136852453613
29.046075563689556, 698.6038355995707
202.2558078188315, 91.63418537539349

<adjacency matrix with truck distances>
1, 2, 1065.0,1448.0,1
2, 1, 1065.0,1448.0,1
1, 3, 538.0,563.0,1
3, 1, 538.0,563.0,1
1, 4, 1051.0,1480.0,1
4, 1, 1051.0,1480.0,1
1, 5, 876.0,1110.0,-1
5, 1, 876.0,1110.0,-1
1, 6, 723.0,987.0,-1
6, 1, 723.0,987.0,-1
1, 7, 686.0,773.0,-1
7, 1, 686.0,773.0,-1
1, 8, 926.0,1268.0,1
8, 1, 926.0,1268.0,1
1, 9, 231.0,298.0,1
9, 1, 231.0,298.0,1
1, 10, 823.0,1140.0,-1
10, 1, 823.0,1140.0,-1
1, 11, 386.0,416.0,1
11, 1, 386.0,416.0,1
1, 12, 730.0,736.0,1
12, 1, 730.0,736.0,1
1, 13, 64.0,83.0,-1
13, 1, 64.0,83.0,-1
1, 14, 668.0,942.0,-1
14, 1, 668.0,942.0,-1
1, 15, 241.0,290.0,-1
15, 1, 241.0,290.0,-1
1, 16, 851.0,961.0,-1
16, 1, 851.0,961.0,-1
1, 1, 0.0,0.0,1
2, 3, 670.0,937.0,-1
3, 2, 670.0,937.0,-1
2, 4, 206.0,289.0,-1
4, 2, 206.0,289.0,-1
2, 5, 257.0,338.0,1
5, 2, 257.0,338.0,1
2, 6, 581.0,680.0,1
6, 2, 581.0,680.0,1
2, 7, 855.0,1003.0,-1
7, 2, 855.0,1003.0,-1
2, 8, 144.0,180.0,-1
8, 2, 144.0,180.0,-1
2, 9, 901.0,1150.0,-1
9, 2, 901.0,1150.0,-1
2, 10, 253.0,308.0,-1
10, 2, 253.0,308.0,-1
2, 11, 775.0,1096.0,-1
11, 2, 775.0,1096.0,-1
2, 12, 962.0,1153.0,-1
12, 2, 962.0,1153.0,-1
2, 13, 1129.0,1530.0,-1
13, 2, 1129.0,1530.0,-1
2, 14, 434.0,506.0,-1
14, 2, 434.0,506.0,-1
2, 15, 901.0,1267.0,-1
15, 2, 901.0,1267.0,-1
2, 16, 407.0,487.0,1
16, 2, 407.0,487.0,1
2, 2, 0.0,0.0,1
3, 4, 751.0,969.0,-1
4, 3, 751.0,969.0,-1
3, 5, 424.0,599.0,-1
5, 3, 424.0,599.0,-1
3, 6, 674.0,825.0,1
6, 3, 674.0,825.0,1
3, 7, 833.0,1149.0,-1
7, 3, 833.0,1149.0,-1
3, 8, 562.0,758.0,-1
8, 3, 562.0,758.0,-1
3, 9, 515.0,696.0,1
9, 3, 515.0,696.0,1
3, 10, 501.0,629.0,1
10, 3, 501.0,629.0,1
3, 11, 154.0,160.0,-1
11, 3, 154.0,160.0,-1
3, 12, 930.0,1298.0,-1
12, 3, 930.0,1298.0,-1
3, 13, 597.0,599.0,-1
13, 3, 597.0,599.0,-1
3, 14, 462.0,492.0,1
14, 3, 462.0,492.0,1
3, 15, 304.0,331.0,1
15, 3, 304.0,331.0,1
3, 16, 338.0,450.0,-1
16, 3, 338.0,450.0,-1
3, 3, 0.0,0.0,1
4, 5, 398.0,423.0,1
5, 4, 398.0,423.0,1
4, 6, 445.0,493.0,1
6, 4, 445.0,493.0,1
4, 7, 711.0,714.0,1
7, 4, 711.0,714.0,1
4, 8, 204.0,212.0,-1
8, 4, 204.0,212.0,-1
4, 9, 856.0,1182.0,-1
9, 4, 856.0,1182.0,-1
4, 10, 253.0,341.0,-1
10, 4, 253.0,341.0,-1
4, 11, 824.0,1129.0,1
11, 4, 824.0,1129.0,1
4, 12, 812.0,864.0,-1
12, 4, 812.0,864.0,-1
4, 13, 1111.0,1563.0,1
13, 4, 1111.0,1563.0,1
4, 14, 383.0,539.0,-1
14, 4, 383.0,539.0,-1
4, 15, 926.0,1300.0,-1
15, 4, 926.0,1300.0,-1
4, 16, 559.0,595.0,1
16, 4, 559.0,595.0,1
4, 4, 0.0,0.0,1
5, 6, 582.0,814.0,-1
6, 5, 582.0,814.0,-1
5, 7, 839.0,1137.0,1
7, 5, 839.0,1137.0,1
5, 8, 197.0,229.0,-1
8, 5, 197.0,229.0,-1
5, 9, 751.0,812.0,1
9, 5, 751.0,812.0,1
5, 10, 224.0,315.0,1
10, 5, 224.0,315.0,1
5, 11, 545.0,758.0,-1
11, 5, 545.0,758.0,-1
5, 12, 950.0,1287.0,-1
12, 5, 950.0,1287.0,-1
5, 13, 940.0,1193.0,-1
13, 5, 940.0,1193.0,-1
5, 14, 360.0,480.0,1
14, 5, 360.0,480.0,1
5, 15, 683.0,930.0,-1
15, 5, 683.0,930.0,-1
5, 16, 161.0,173.0,1
16, 5, 161.0,173.0,1
5, 5, 0.0,0.0,1
6, 7, 275.0,324.0,-1
7, 6, 275.0,324.0,-1
6, 8, 459.0,586.0,-1
8, 6, 459.0,586.0,-1
6, 9, 496.0,690.0,-1
9, 6, 496.0,690.0,-1
6, 10, 369.0,499.0,1
10, 6, 369.0,499.0,1
6, 11, 658.0,679.0,-1
11, 6, 658.0,679.0,-1
6, 12, 383.0,473.0,-1
12, 6, 383.0,473.0,-1
6, 13, 774.0,1070.0,-1
13, 6, 774.0,1070.0,-1
6, 14, 238.0,334.0,-1
14, 6, 238.0,334.0,-1
6, 15, 691.0,807.0,-1
15, 6, 691.0,807.0,-1
6, 16, 698.0,986.0,-1
16, 6, 698.0,986.0,-1
6, 6, 0.0,0.0,1
7, 8, 732.0,909.0,-1
8, 7, 732.0,909.0,-1
7, 9, 464.0,475.0,-1
9, 7, 464.0,475.0,-1
7, 10, 637.0,823.0,1
10, 7, 637.0,823.0,1
7, 11, 769.0,1002.0,1
11, 7, 769.0,1002.0,1
7, 12, 112.0,150.0,-1
12, 7, 112.0,150.0,-1
7, 13, 719.0,856.0,-1
13, 7, 719.0,856.0,-1
7, 14, 480.0,657.0,-1
14, 7, 480.0,657.0,-1
7, 15, 747.0,875.0,-1
15, 7, 747.0,875.0,-1
7, 16, 935.0,1309.0,-1
16, 7, 935.0,1309.0,-1
7, 7, 0.0,0.0,1
8, 9, 759.0,971.0,-1
9, 8, 759.0,971.0,-1
8, 10, 110.0,129.0,-1
10, 8, 110.0,129.0,-1
8, 11, 652.0,917.0,-1
11, 8, 652.0,917.0,-1
8, 12, 842.0,1058.0,-1
12, 8, 842.0,1058.0,-1
8, 13, 989.0,1351.0,1
13, 8, 989.0,1351.0,1
8, 14, 292.0,327.0,-1
14, 8, 292.0,327.0,-1
8, 15, 770.0,1088.0,-1
15, 8, 770.0,1088.0,-1
8, 16, 357.0,401.0,-1
16, 8, 357.0,401.0,-1
8, 8, 0.0,0.0,1
9, 10, 651.0,842.0,-1
10, 9, 651.0,842.0,-1
9, 11, 391.0,549.0,1
11, 9, 391.0,549.0,1
9, 12, 522.0,603.0,1
12, 9, 522.0,603.0,1
9, 13, 278.0,381.0,-1
13, 9, 278.0,381.0,-1
9, 14, 478.0,644.0,-1
14, 9, 478.0,644.0,-1
9, 15, 311.0,423.0,-1
15, 9, 311.0,423.0,-1
9, 16, 766.0,857.0,-1
16, 9, 766.0,857.0,-1
9, 9, 0.0,0.0,1
10, 11, 572.0,788.0,-1
11, 10, 572.0,788.0,-1
10, 12, 748.0,972.0,-1
12, 10, 748.0,972.0,-1
10, 13, 886.0,1223.0,-1
13, 10, 886.0,1223.0,-1
10, 14, 183.0,199.0,-1
14, 10, 183.0,199.0,-1
10, 15, 680.0,960.0,-1
15, 10, 680.0,960.0,-1
10, 16, 367.0,487.0,-1
16, 10, 367.0,487.0,-1
10, 10, 0.0,0.0,1
11, 12, 856.0,1151.0,-1
12, 11, 856.0,1151.0,-1
11, 13, 444.0,452.0,1
13, 11, 444.0,452.0,1
11, 14, 483.0,590.0,-1
14, 11, 483.0,590.0,-1
11, 15, 151.0,172.0,1
15, 11, 151.0,172.0,1
11, 16, 483.0,609.0,-1
16, 11, 483.0,609.0,-1
11, 11, 0.0,0.0,1
12, 13, 756.0,808.0,1
13, 12, 756.0,808.0,1
12, 14, 591.0,807.0,-1
14, 12, 591.0,807.0,-1
12, 15, 821.0,1025.0,-1
15, 12, 821.0,1025.0,-1
12, 16, 1045.0,1459.0,-1
16, 12, 1045.0,1459.0,-1
12, 12, 0.0,0.0,1
13, 14, 729.0,1025.0,1
14, 13, 729.0,1025.0,1
13, 15, 296.0,326.0,-1
15, 13, 296.0,326.0,-1
13, 16, 913.0,1044.0,-1
16, 13, 913.0,1044.0,-1
13, 13, 0.0,0.0,1
14, 15, 560.0,762.0,-1
15, 14, 560.0,762.0,-1
14, 16, 462.0,653.0,-1
16, 14, 462.0,653.0,-1
14, 14, 0.0,0.0,1
15, 16, 632.0,781.0,-1
16, 15, 632.0,781.0,-1
15, 15, 0.0,0.0,1
16, 16, 0.0,0.0,1


<end>