<number of nodes>
16

<ratio of available edges>
0.3

<max length of the drone flight>
100000 

<D 2/3>
1, 3, 4, 6, 7, 8, 10, 12, 13, 14, 15

<V>
8, 10, 13, 14, 15

<coordinates X,Y>
814.2445921386973, 669.0976475870633
264.8454777627512, 1.5420045606394914
100.28010979822865, 164.24562950432784
917.8220777800748, 209.54336174468486
55.53774953476957, 957.0022515761451
756.3143462663621, 337.8237550703712
943.9583550816765, 209.48803279593827
159.842727109666, 810.2965365454407
37.61123561488163, 212.49483301595887
170.17626265661318, 973.6962771734046
249.5939149199814, 898.3412582465745
428.9124958290761, 541.1867721956779
699.5965514211425, 856.8425627140908
532.162101769674, 689.825538015799
473.6572583832897, 384.39392320876294
848.6990112505642, 595.2381182298302

<adjacency matrix with truck distances>
1, 2, 865.0,1217.0,-1
2, 1, 865.0,1217.0,-1
1, 3, 875.0,1219.0,-1
3, 1, 875.0,1219.0,-1
1, 4, 472.0,564.0,-1
4, 1, 472.0,564.0,-1
1, 5, 812.0,1047.0,-1
5, 1, 812.0,1047.0,-1
1, 6, 337.0,390.0,1
6, 1, 337.0,390.0,1
1, 7, 478.0,590.0,1
7, 1, 478.0,590.0,1
1, 8, 670.0,796.0,1
8, 1, 670.0,796.0,1
1, 9, 901.0,1234.0,-1
9, 1, 901.0,1234.0,-1
1, 10, 713.0,949.0,-1
10, 1, 713.0,949.0,-1
1, 11, 610.0,794.0,-1
11, 1, 610.0,794.0,-1
1, 12, 407.0,514.0,-1
12, 1, 407.0,514.0,-1
1, 13, 220.0,303.0,-1
13, 1, 220.0,303.0,-1
1, 14, 283.0,303.0,1
14, 1, 283.0,303.0,1
1, 15, 444.0,626.0,-1
15, 1, 444.0,626.0,-1
1, 16, 82.0,109.0,1
16, 1, 82.0,109.0,1
1, 1, 0.0,0.0,1
2, 3, 232.0,328.0,1
3, 2, 232.0,328.0,1
2, 4, 686.0,861.0,-1
4, 2, 686.0,861.0,-1
2, 5, 979.0,1165.0,-1
5, 2, 979.0,1165.0,-1
2, 6, 596.0,828.0,1
6, 2, 596.0,828.0,1
2, 7, 711.0,888.0,-1
7, 2, 711.0,888.0,-1
2, 8, 816.0,914.0,-1
8, 2, 816.0,914.0,-1
2, 9, 311.0,439.0,1
9, 2, 311.0,439.0,1
2, 10, 977.0,1067.0,-1
10, 2, 977.0,1067.0,-1
2, 11, 897.0,913.0,-1
11, 2, 897.0,913.0,-1
2, 12, 565.0,704.0,-1
12, 2, 565.0,704.0,-1
2, 13, 960.0,1291.0,1
13, 2, 960.0,1291.0,1
2, 14, 739.0,956.0,1
14, 2, 739.0,956.0,1
2, 15, 437.0,592.0,1
15, 2, 437.0,592.0,1
2, 16, 833.0,1178.0,1
16, 2, 833.0,1178.0,1
2, 2, 0.0,0.0,1
3, 4, 819.0,863.0,1
4, 3, 819.0,863.0,1
3, 5, 795.0,838.0,-1
5, 3, 795.0,838.0,-1
3, 6, 679.0,830.0,-1
6, 3, 679.0,830.0,-1
3, 7, 845.0,889.0,-1
7, 3, 845.0,889.0,-1
3, 8, 649.0,706.0,1
8, 3, 649.0,706.0,1
3, 9, 80.0,111.0,1
9, 3, 80.0,111.0,1
3, 10, 813.0,880.0,1
10, 3, 813.0,880.0,1
3, 11, 750.0,884.0,-1
11, 3, 750.0,884.0,-1
3, 12, 501.0,706.0,-1
12, 3, 501.0,706.0,-1
3, 13, 916.0,1292.0,1
13, 3, 916.0,1292.0,1
3, 14, 681.0,958.0,-1
14, 3, 681.0,958.0,-1
3, 15, 434.0,594.0,-1
15, 3, 434.0,594.0,-1
3, 16, 864.0,1180.0,-1
16, 3, 864.0,1180.0,-1
3, 3, 0.0,0.0,1
4, 5, 1142.0,1610.0,-1
5, 4, 1142.0,1610.0,-1
4, 6, 207.0,290.0,1
6, 4, 207.0,290.0,1
4, 7, 27.0,27.0,-1
7, 4, 27.0,27.0,-1
4, 8, 968.0,1359.0,-1
8, 4, 968.0,1359.0,-1
4, 9, 881.0,884.0,-1
9, 4, 881.0,884.0,-1
4, 10, 1070.0,1512.0,-1
10, 4, 1070.0,1512.0,-1
4, 11, 960.0,1358.0,-1
11, 4, 960.0,1358.0,-1
4, 12, 591.0,821.0,-1
12, 4, 591.0,821.0,-1
4, 13, 684.0,866.0,-1
13, 4, 684.0,866.0,-1
4, 14, 616.0,866.0,1
14, 4, 616.0,866.0,1
4, 15, 478.0,620.0,1
15, 4, 478.0,620.0,1
4, 16, 392.0,455.0,-1
16, 4, 392.0,455.0,-1
4, 4, 0.0,0.0,1
5, 6, 936.0,1320.0,-1
6, 5, 936.0,1320.0,-1
5, 7, 1162.0,1636.0,1
7, 5, 1162.0,1636.0,1
5, 8, 181.0,252.0,-1
8, 5, 181.0,252.0,-1
5, 9, 745.0,763.0,-1
9, 5, 745.0,763.0,-1
5, 10, 116.0,132.0,-1
10, 5, 116.0,132.0,-1
5, 11, 203.0,253.0,1
11, 5, 203.0,253.0,1
5, 12, 559.0,790.0,-1
12, 5, 559.0,790.0,-1
5, 13, 652.0,745.0,-1
13, 5, 652.0,745.0,-1
5, 14, 547.0,744.0,-1
14, 5, 547.0,744.0,-1
5, 15, 710.0,991.0,-1
15, 5, 710.0,991.0,-1
5, 16, 872.0,1155.0,-1
16, 5, 872.0,1155.0,-1
5, 5, 0.0,0.0,1
6, 7, 228.0,316.0,-1
7, 6, 228.0,316.0,-1
6, 8, 761.0,1069.0,-1
8, 6, 761.0,1069.0,-1
6, 9, 730.0,845.0,1
9, 6, 730.0,845.0,1
6, 10, 865.0,1223.0,-1
10, 6, 865.0,1223.0,-1
6, 11, 756.0,1068.0,-1
11, 6, 756.0,1068.0,-1
6, 12, 386.0,531.0,1
12, 6, 386.0,531.0,1
6, 13, 523.0,576.0,-1
13, 6, 523.0,576.0,-1
6, 14, 418.0,577.0,-1
14, 6, 418.0,577.0,-1
6, 15, 287.0,330.0,-1
15, 6, 287.0,330.0,-1
6, 16, 274.0,350.0,-1
16, 6, 274.0,350.0,-1
6, 6, 0.0,0.0,1
7, 8, 988.0,1385.0,1
8, 7, 988.0,1385.0,1
7, 9, 907.0,910.0,-1
9, 7, 907.0,910.0,-1
7, 10, 1088.0,1538.0,-1
10, 7, 1088.0,1538.0,-1
7, 11, 979.0,1384.0,-1
11, 7, 979.0,1384.0,-1
7, 12, 613.0,847.0,-1
12, 7, 613.0,847.0,-1
7, 13, 692.0,892.0,-1
13, 7, 692.0,892.0,-1
7, 14, 633.0,893.0,1
14, 7, 633.0,893.0,1
7, 15, 502.0,646.0,1
15, 7, 502.0,646.0,1
7, 16, 398.0,482.0,-1
16, 7, 398.0,482.0,-1
7, 7, 0.0,0.0,1
8, 9, 611.0,721.0,-1
9, 8, 611.0,721.0,-1
8, 10, 164.0,174.0,-1
10, 8, 164.0,174.0,-1
8, 11, 126.0,178.0,1
11, 8, 126.0,178.0,1
8, 12, 381.0,539.0,-1
12, 8, 381.0,539.0,-1
8, 13, 542.0,587.0,-1
13, 8, 542.0,587.0,-1
8, 14, 392.0,493.0,-1
14, 8, 392.0,493.0,-1
8, 15, 530.0,740.0,-1
15, 8, 530.0,740.0,-1
8, 16, 722.0,904.0,-1
16, 8, 722.0,904.0,-1
8, 8, 0.0,0.0,1
9, 10, 773.0,894.0,1
10, 9, 773.0,894.0,1
9, 11, 718.0,898.0,-1
11, 9, 718.0,898.0,-1
9, 12, 512.0,720.0,-1
12, 9, 512.0,720.0,-1
9, 13, 924.0,1307.0,1
13, 9, 924.0,1307.0,1
9, 14, 688.0,972.0,-1
14, 9, 688.0,972.0,-1
9, 15, 469.0,608.0,-1
15, 9, 469.0,608.0,-1
9, 16, 897.0,1194.0,-1
16, 9, 897.0,1194.0,-1
9, 9, 0.0,0.0,1
10, 11, 110.0,155.0,-1
11, 10, 110.0,155.0,-1
10, 12, 504.0,692.0,-1
12, 10, 504.0,692.0,-1
10, 13, 543.0,647.0,-1
13, 10, 543.0,647.0,-1
10, 14, 461.0,646.0,-1
14, 10, 461.0,646.0,-1
10, 15, 663.0,893.0,-1
15, 10, 663.0,893.0,-1
10, 16, 777.0,1057.0,-1
16, 10, 777.0,1057.0,-1
10, 10, 0.0,0.0,1
11, 12, 400.0,537.0,-1
12, 11, 400.0,537.0,-1
11, 13, 452.0,492.0,-1
13, 11, 452.0,492.0,-1
11, 14, 352.0,492.0,-1
14, 11, 352.0,492.0,-1
11, 15, 561.0,739.0,1
15, 11, 561.0,739.0,1
11, 16, 672.0,903.0,-1
16, 11, 672.0,903.0,-1
11, 11, 0.0,0.0,1
12, 13, 416.0,587.0,-1
13, 12, 416.0,587.0,-1
12, 14, 181.0,252.0,-1
14, 12, 181.0,252.0,-1
12, 15, 164.0,202.0,1
15, 12, 164.0,202.0,1
12, 16, 424.0,474.0,-1
16, 12, 424.0,474.0,-1
12, 12, 0.0,0.0,1
13, 14, 237.0,335.0,-1
14, 13, 237.0,335.0,-1
13, 15, 524.0,699.0,-1
15, 13, 524.0,699.0,-1
13, 16, 302.0,411.0,1
16, 13, 302.0,411.0,1
13, 13, 0.0,0.0,1
14, 15, 311.0,364.0,1
15, 14, 311.0,364.0,1
14, 16, 331.0,412.0,1
16, 14, 331.0,412.0,1
14, 14, 0.0,0.0,1
15, 16, 431.0,586.0,1
16, 15, 431.0,586.0,1
15, 15, 0.0,0.0,1
16, 16, 0.0,0.0,1


<end>