<number of nodes>
16

<ratio of available edges>
0.3

<max length of the drone flight>
100000 

<D 2/3>
1, 3, 5, 7, 8, 10, 11, 12, 13, 15, 16

<V>
3, 7, 8, 13, 15

<coordinates X,Y>
868.0156226658164, 86.62443343220924
956.2799159844136, 867.9684901918266
912.073931065456, 993.049394403599
521.3654745044748, 753.4351017017071
233.84603187671598, 267.451922677021
902.8286306816468, 455.89955033621004
672.1996022587253, 113.65803521536624
631.1889396354826, 257.7523941761023
188.02550514254858, 130.0907562068928
426.4609956965679, 873.2259546685625
631.3791286167259, 519.7023439138022
308.7700795030784, 806.7848524307469
994.2486483113283, 873.3668129898064
286.1790386894858, 422.66704476350435
949.2888443608028, 881.1140133675431
157.51094651122924, 962.638654617831

<adjacency matrix with truck distances>
1, 2, 787.0,870.0,-1
2, 1, 787.0,870.0,-1
1, 3, 908.0,951.0,-1
3, 1, 908.0,951.0,-1
1, 4, 752.0,1014.0,1
4, 1, 752.0,1014.0,1
1, 5, 660.0,815.0,-1
5, 1, 660.0,815.0,-1
1, 6, 371.0,405.0,-1
6, 1, 371.0,405.0,-1
1, 7, 198.0,223.0,-1
7, 1, 198.0,223.0,-1
1, 8, 293.0,408.0,-1
8, 1, 293.0,408.0,-1
1, 9, 682.0,724.0,1
9, 1, 682.0,724.0,1
1, 10, 903.0,1229.0,-1
10, 1, 903.0,1229.0,-1
1, 11, 494.0,670.0,-1
11, 1, 494.0,670.0,-1
1, 12, 912.0,1280.0,-1
12, 1, 912.0,1280.0,-1
1, 13, 797.0,913.0,-1
13, 1, 797.0,913.0,-1
1, 14, 672.0,918.0,-1
14, 1, 672.0,918.0,-1
1, 15, 799.0,876.0,-1
15, 1, 799.0,876.0,-1
1, 16, 1128.0,1587.0,-1
16, 1, 1128.0,1587.0,-1
1, 1, 0.0,0.0,1
2, 3, 133.0,170.0,1
3, 2, 133.0,170.0,1
2, 4, 450.0,550.0,1
4, 2, 450.0,550.0,1
2, 5, 940.0,1323.0,-1
5, 2, 940.0,1323.0,-1
2, 6, 416.0,466.0,1
6, 2, 416.0,466.0,1
2, 7, 807.0,1039.0,-1
7, 2, 807.0,1039.0,-1
2, 8, 692.0,936.0,-1
8, 2, 692.0,936.0,-1
2, 9, 1066.0,1507.0,1
9, 2, 1066.0,1507.0,1
2, 10, 530.0,536.0,-1
10, 2, 530.0,536.0,-1
2, 11, 477.0,674.0,-1
11, 2, 477.0,674.0,-1
2, 12, 651.0,709.0,1
12, 2, 651.0,709.0,1
2, 13, 39.0,44.0,-1
13, 2, 39.0,44.0,-1
2, 14, 805.0,1116.0,-1
14, 2, 805.0,1116.0,-1
2, 15, 15.0,21.0,-1
15, 2, 15.0,21.0,-1
2, 16, 805.0,894.0,1
16, 2, 805.0,894.0,1
2, 2, 0.0,0.0,1
3, 4, 459.0,631.0,1
4, 3, 459.0,631.0,1
3, 5, 994.0,1404.0,-1
5, 3, 994.0,1404.0,-1
3, 6, 538.0,547.0,-1
6, 3, 538.0,547.0,-1
3, 7, 912.0,1120.0,-1
7, 3, 912.0,1120.0,-1
3, 8, 788.0,1017.0,-1
8, 3, 788.0,1017.0,-1
3, 9, 1127.0,1588.0,-1
9, 3, 1127.0,1588.0,-1
3, 10, 501.0,606.0,-1
10, 3, 501.0,606.0,-1
3, 11, 551.0,755.0,-1
11, 3, 551.0,755.0,-1
3, 12, 632.0,790.0,1
12, 3, 632.0,790.0,1
3, 13, 146.0,202.0,-1
13, 3, 146.0,202.0,-1
3, 14, 847.0,1197.0,-1
14, 3, 847.0,1197.0,-1
3, 15, 118.0,150.0,-1
15, 3, 118.0,150.0,-1
3, 16, 756.0,785.0,-1
16, 3, 756.0,785.0,-1
3, 3, 0.0,0.0,1
4, 5, 565.0,774.0,-1
5, 4, 565.0,774.0,-1
4, 6, 484.0,679.0,1
6, 4, 484.0,679.0,1
4, 7, 658.0,791.0,1
7, 4, 658.0,791.0,1
4, 8, 508.0,606.0,-1
8, 4, 508.0,606.0,-1
4, 9, 707.0,957.0,1
9, 4, 707.0,957.0,1
4, 10, 153.0,215.0,-1
10, 4, 153.0,215.0,-1
4, 11, 259.0,344.0,-1
11, 4, 259.0,344.0,-1
4, 12, 220.0,266.0,1
12, 4, 220.0,266.0,1
4, 13, 488.0,593.0,-1
13, 4, 488.0,593.0,-1
4, 14, 406.0,566.0,-1
14, 4, 406.0,566.0,-1
4, 15, 447.0,556.0,-1
15, 4, 447.0,556.0,-1
4, 16, 420.0,574.0,-1
16, 4, 420.0,574.0,-1
4, 4, 0.0,0.0,1
5, 6, 696.0,858.0,1
6, 5, 696.0,858.0,1
5, 7, 465.0,593.0,-1
7, 5, 465.0,593.0,-1
5, 8, 398.0,408.0,-1
8, 5, 398.0,408.0,-1
5, 9, 145.0,184.0,-1
9, 5, 145.0,184.0,-1
5, 10, 636.0,799.0,1
10, 5, 636.0,799.0,1
5, 11, 471.0,650.0,1
11, 5, 471.0,650.0,1
5, 12, 545.0,615.0,-1
12, 5, 545.0,615.0,-1
5, 13, 973.0,1367.0,-1
13, 5, 973.0,1367.0,-1
5, 14, 164.0,208.0,-1
14, 5, 164.0,208.0,-1
5, 15, 943.0,1330.0,1
15, 5, 943.0,1330.0,1
5, 16, 700.0,772.0,-1
16, 5, 700.0,772.0,-1
5, 5, 0.0,0.0,1
6, 7, 413.0,573.0,1
7, 6, 413.0,573.0,1
6, 8, 337.0,470.0,1
8, 6, 337.0,470.0,1
6, 9, 786.0,1041.0,1
9, 6, 786.0,1041.0,1
6, 10, 634.0,894.0,-1
10, 6, 634.0,894.0,-1
6, 11, 279.0,336.0,-1
11, 6, 279.0,336.0,-1
6, 12, 690.0,945.0,1
12, 6, 690.0,945.0,1
6, 13, 428.0,509.0,1
13, 6, 428.0,509.0,1
6, 14, 618.0,650.0,-1
14, 6, 618.0,650.0,-1
6, 15, 428.0,472.0,-1
15, 6, 428.0,472.0,-1
6, 16, 902.0,1253.0,1
16, 6, 902.0,1253.0,1
6, 6, 0.0,0.0,1
7, 8, 150.0,186.0,-1
8, 7, 150.0,186.0,-1
7, 9, 485.0,501.0,-1
9, 7, 485.0,501.0,-1
7, 10, 799.0,1006.0,-1
10, 7, 799.0,1006.0,-1
7, 11, 409.0,447.0,1
11, 7, 409.0,447.0,1
7, 12, 783.0,1057.0,1
12, 7, 783.0,1057.0,1
7, 13, 826.0,1082.0,1
13, 7, 826.0,1082.0,1
7, 14, 495.0,696.0,-1
14, 7, 495.0,696.0,-1
7, 15, 816.0,1045.0,-1
15, 7, 816.0,1045.0,-1
7, 16, 993.0,1364.0,-1
16, 7, 993.0,1364.0,-1
7, 7, 0.0,0.0,1
8, 9, 462.0,571.0,-1
9, 8, 462.0,571.0,-1
8, 10, 649.0,821.0,1
10, 8, 649.0,821.0,1
8, 11, 262.0,263.0,-1
11, 8, 262.0,263.0,-1
8, 12, 637.0,872.0,-1
12, 8, 637.0,872.0,-1
8, 13, 715.0,979.0,-1
13, 8, 715.0,979.0,-1
8, 14, 383.0,510.0,-1
14, 8, 383.0,510.0,-1
8, 15, 700.0,942.0,1
15, 8, 700.0,942.0,1
8, 16, 850.0,1179.0,-1
16, 8, 850.0,1179.0,-1
8, 8, 0.0,0.0,1
9, 10, 781.0,982.0,-1
10, 9, 781.0,982.0,-1
9, 11, 591.0,833.0,-1
11, 9, 591.0,833.0,-1
9, 12, 688.0,798.0,1
12, 9, 688.0,798.0,1
9, 13, 1097.0,1550.0,-1
13, 9, 1097.0,1550.0,-1
9, 14, 309.0,391.0,1
14, 9, 309.0,391.0,1
9, 15, 1070.0,1513.0,-1
15, 9, 1070.0,1513.0,-1
9, 16, 834.0,864.0,-1
16, 9, 834.0,864.0,-1
9, 9, 0.0,0.0,1
10, 11, 409.0,559.0,-1
11, 10, 409.0,559.0,-1
10, 12, 136.0,185.0,-1
12, 10, 136.0,185.0,-1
10, 13, 568.0,568.0,-1
13, 10, 568.0,568.0,-1
10, 14, 472.0,591.0,1
14, 10, 472.0,591.0,1
10, 15, 523.0,531.0,-1
15, 10, 523.0,531.0,-1
10, 16, 284.0,359.0,-1
16, 10, 284.0,359.0,-1
10, 10, 0.0,0.0,1
11, 12, 432.0,610.0,-1
12, 11, 432.0,610.0,-1
11, 13, 507.0,717.0,-1
13, 11, 507.0,717.0,-1
11, 14, 359.0,443.0,-1
14, 11, 359.0,443.0,-1
11, 15, 482.0,680.0,-1
15, 11, 482.0,680.0,-1
11, 16, 649.0,917.0,-1
16, 11, 649.0,917.0,-1
11, 11, 0.0,0.0,1
12, 13, 689.0,753.0,-1
13, 12, 689.0,753.0,-1
12, 14, 385.0,407.0,-1
14, 12, 385.0,407.0,-1
12, 15, 645.0,715.0,-1
15, 12, 645.0,715.0,-1
12, 16, 218.0,308.0,1
16, 12, 218.0,308.0,1
12, 12, 0.0,0.0,1
13, 14, 840.0,1159.0,-1
14, 13, 840.0,1159.0,-1
13, 15, 46.0,53.0,-1
15, 13, 46.0,53.0,-1
13, 16, 842.0,927.0,1
16, 13, 842.0,927.0,1
13, 13, 0.0,0.0,1
14, 15, 807.0,1122.0,1
15, 14, 807.0,1122.0,1
14, 16, 556.0,669.0,1
16, 14, 556.0,669.0,1
14, 14, 0.0,0.0,1
15, 16, 796.0,874.0,-1
16, 15, 796.0,874.0,-1
15, 15, 0.0,0.0,1
16, 16, 0.0,0.0,1


<end>