<number of nodes>
16

<ratio of available edges>
0.3

<max length of the drone flight>
100000 

<D 2/3>
1, 2, 4, 5, 6, 7, 8, 9, 11, 13, 16

<V>
2, 4, 5, 9, 13

<coordinates X,Y>
569.8338669470679, 713.7610267528587
316.6288439952338, 829.8481959568342
132.6115633736826, 109.18915642325771
997.8507259413549, 172.79544521829462
125.1226190058788, 703.4486822525535
637.5914164645831, 286.2654651541152
251.05091963453717, 425.62616975317144
240.9363459993531, 287.5291086492817
153.87958200620508, 916.4170962965476
4.135924810819646, 563.4289066161866
755.1544106382862, 328.5466618911223
221.16176544283294, 29.43082303435385
4.5642232968592555, 29.035816869240584
354.2211898212685, 788.1750048019683
942.1261203805446, 817.2951010400653
540.8769228597114, 421.24625112946654

<adjacency matrix with truck distances>
1, 2, 279.0,370.0,-1
2, 1, 279.0,370.0,-1
1, 3, 747.0,1042.0,-1
3, 1, 747.0,1042.0,-1
1, 4, 690.0,969.0,1
4, 1, 690.0,969.0,1
1, 5, 445.0,456.0,-1
5, 1, 445.0,456.0,-1
1, 6, 433.0,496.0,-1
6, 1, 433.0,496.0,-1
1, 7, 430.0,607.0,-1
7, 1, 430.0,607.0,-1
1, 8, 539.0,756.0,-1
8, 1, 539.0,756.0,-1
1, 9, 463.0,619.0,-1
9, 1, 463.0,619.0,-1
1, 10, 586.0,717.0,-1
10, 1, 586.0,717.0,-1
1, 11, 428.0,571.0,1
11, 1, 428.0,571.0,1
1, 12, 769.0,1034.0,-1
12, 1, 769.0,1034.0,-1
1, 13, 888.0,1250.0,1
13, 1, 888.0,1250.0,1
1, 14, 229.0,291.0,-1
14, 1, 229.0,291.0,-1
1, 15, 387.0,476.0,-1
15, 1, 387.0,476.0,-1
1, 16, 294.0,322.0,1
16, 1, 294.0,322.0,1
1, 1, 0.0,0.0,1
2, 3, 744.0,905.0,-1
3, 2, 744.0,905.0,-1
2, 4, 947.0,1339.0,-1
4, 2, 947.0,1339.0,-1
2, 5, 230.0,318.0,-1
5, 2, 230.0,318.0,-1
2, 6, 632.0,865.0,-1
6, 2, 632.0,865.0,-1
2, 7, 410.0,470.0,-1
7, 2, 410.0,470.0,-1
2, 8, 548.0,619.0,1
8, 2, 548.0,619.0,1
2, 9, 185.0,250.0,-1
9, 2, 185.0,250.0,-1
2, 10, 411.0,579.0,-1
10, 2, 411.0,579.0,-1
2, 11, 667.0,940.0,1
11, 2, 667.0,940.0,1
2, 12, 807.0,896.0,1
12, 2, 807.0,896.0,1
2, 13, 860.0,1113.0,-1
13, 2, 860.0,1113.0,-1
2, 14, 57.0,80.0,1
14, 2, 57.0,80.0,1
2, 15, 626.0,639.0,-1
15, 2, 626.0,639.0,-1
2, 16, 467.0,633.0,-1
16, 2, 467.0,633.0,-1
2, 2, 0.0,0.0,1
3, 4, 868.0,929.0,1
4, 3, 868.0,929.0,1
3, 5, 595.0,602.0,-1
5, 3, 595.0,602.0,-1
3, 6, 536.0,683.0,-1
6, 3, 536.0,683.0,-1
3, 7, 338.0,435.0,-1
7, 3, 338.0,435.0,-1
3, 8, 209.0,287.0,1
8, 3, 209.0,287.0,1
3, 9, 808.0,829.0,-1
9, 3, 808.0,829.0,-1
3, 10, 473.0,583.0,-1
10, 3, 473.0,583.0,-1
3, 11, 661.0,842.0,1
11, 3, 661.0,842.0,1
3, 12, 120.0,169.0,-1
12, 3, 120.0,169.0,-1
3, 13, 152.0,209.0,-1
13, 3, 152.0,209.0,-1
3, 14, 715.0,901.0,-1
14, 3, 715.0,901.0,-1
3, 15, 1076.0,1518.0,1
15, 3, 1076.0,1518.0,1
3, 16, 514.0,721.0,1
16, 3, 514.0,721.0,1
3, 3, 0.0,0.0,1
4, 5, 1022.0,1404.0,-1
5, 4, 1022.0,1404.0,-1
4, 6, 378.0,474.0,-1
6, 4, 378.0,474.0,-1
4, 7, 789.0,1000.0,-1
7, 4, 789.0,1000.0,-1
4, 8, 766.0,872.0,1
8, 4, 766.0,872.0,1
4, 9, 1125.0,1588.0,1
9, 4, 1125.0,1588.0,1
4, 10, 1068.0,1385.0,-1
10, 4, 1068.0,1385.0,-1
4, 11, 289.0,399.0,-1
11, 4, 289.0,399.0,-1
4, 12, 790.0,921.0,-1
12, 4, 790.0,921.0,-1
4, 13, 1004.0,1138.0,-1
13, 4, 1004.0,1138.0,-1
4, 14, 891.0,1260.0,-1
14, 4, 891.0,1260.0,-1
4, 15, 647.0,701.0,-1
15, 4, 647.0,701.0,-1
4, 16, 521.0,706.0,1
16, 4, 521.0,706.0,1
4, 4, 0.0,0.0,1
5, 6, 661.0,930.0,-1
6, 5, 661.0,930.0,-1
5, 7, 306.0,404.0,-1
7, 5, 306.0,404.0,-1
5, 8, 432.0,532.0,-1
8, 5, 432.0,532.0,-1
5, 9, 215.0,242.0,-1
9, 5, 215.0,242.0,-1
5, 10, 186.0,262.0,-1
10, 5, 186.0,262.0,-1
5, 11, 734.0,1005.0,-1
11, 5, 734.0,1005.0,-1
5, 12, 681.0,771.0,-1
12, 5, 681.0,771.0,-1
5, 13, 686.0,795.0,1
13, 5, 686.0,795.0,1
5, 14, 245.0,314.0,-1
14, 5, 245.0,314.0,-1
5, 15, 825.0,931.0,-1
15, 5, 825.0,931.0,-1
5, 16, 503.0,698.0,-1
16, 5, 503.0,698.0,-1
5, 5, 0.0,0.0,1
6, 7, 411.0,526.0,-1
7, 6, 411.0,526.0,-1
6, 8, 397.0,398.0,1
8, 6, 397.0,398.0,1
6, 9, 795.0,1114.0,-1
9, 6, 795.0,1114.0,-1
6, 10, 692.0,911.0,-1
10, 6, 692.0,911.0,-1
6, 11, 125.0,160.0,-1
11, 6, 125.0,160.0,-1
6, 12, 490.0,674.0,1
12, 6, 490.0,674.0,1
6, 13, 684.0,891.0,-1
13, 6, 684.0,891.0,-1
6, 14, 577.0,786.0,1
14, 6, 577.0,786.0,1
6, 15, 613.0,836.0,-1
15, 6, 613.0,836.0,-1
6, 16, 167.0,232.0,-1
16, 6, 167.0,232.0,-1
6, 6, 0.0,0.0,1
7, 8, 139.0,149.0,-1
8, 7, 139.0,149.0,-1
7, 9, 501.0,588.0,-1
9, 7, 501.0,588.0,-1
7, 10, 283.0,385.0,1
10, 7, 283.0,385.0,1
7, 11, 514.0,602.0,1
11, 7, 514.0,602.0,1
7, 12, 398.0,427.0,-1
12, 7, 398.0,427.0,-1
7, 13, 467.0,644.0,1
13, 7, 467.0,644.0,1
7, 14, 377.0,466.0,1
14, 7, 377.0,466.0,1
7, 15, 795.0,1083.0,-1
15, 7, 795.0,1083.0,-1
7, 16, 290.0,295.0,-1
16, 7, 290.0,295.0,-1
7, 7, 0.0,0.0,1
8, 9, 635.0,716.0,1
9, 8, 635.0,716.0,1
8, 10, 364.0,513.0,-1
10, 8, 364.0,513.0,-1
8, 11, 516.0,556.0,1
11, 8, 516.0,556.0,1
8, 12, 259.0,278.0,-1
12, 8, 259.0,278.0,-1
8, 13, 351.0,495.0,-1
13, 8, 351.0,495.0,-1
8, 14, 514.0,614.0,1
14, 8, 514.0,614.0,1
8, 15, 879.0,1231.0,1
15, 8, 879.0,1231.0,1
8, 16, 329.0,434.0,-1
16, 8, 329.0,434.0,-1
8, 8, 0.0,0.0,1
9, 10, 384.0,503.0,-1
10, 9, 384.0,503.0,-1
9, 11, 841.0,1190.0,-1
11, 9, 841.0,1190.0,-1
9, 12, 890.0,955.0,-1
12, 9, 890.0,955.0,-1
9, 13, 900.0,1037.0,1
13, 9, 900.0,1037.0,1
9, 14, 238.0,329.0,1
14, 9, 238.0,329.0,1
9, 15, 795.0,888.0,-1
15, 9, 795.0,888.0,-1
9, 16, 629.0,883.0,-1
16, 9, 629.0,883.0,-1
9, 9, 0.0,0.0,1
10, 11, 787.0,986.0,-1
11, 10, 787.0,986.0,-1
10, 12, 577.0,752.0,1
12, 10, 577.0,752.0,1
10, 13, 535.0,535.0,1
13, 10, 535.0,535.0,1
10, 14, 417.0,575.0,1
14, 10, 417.0,575.0,1
10, 15, 972.0,1192.0,-1
15, 10, 972.0,1192.0,-1
10, 16, 556.0,679.0,-1
16, 10, 556.0,679.0,-1
10, 10, 0.0,0.0,1
11, 12, 613.0,834.0,1
12, 11, 613.0,834.0,1
11, 13, 809.0,1051.0,-1
13, 11, 809.0,1051.0,-1
11, 14, 610.0,861.0,-1
14, 11, 610.0,861.0,-1
11, 15, 524.0,676.0,-1
15, 11, 524.0,676.0,-1
11, 16, 234.0,307.0,-1
16, 11, 234.0,307.0,-1
11, 11, 0.0,0.0,1
12, 13, 217.0,217.0,-1
13, 12, 217.0,217.0,-1
12, 14, 771.0,892.0,-1
14, 12, 771.0,892.0,-1
12, 15, 1068.0,1509.0,-1
15, 12, 1068.0,1509.0,-1
12, 16, 506.0,712.0,-1
16, 12, 506.0,712.0,-1
12, 12, 0.0,0.0,1
13, 14, 836.0,1109.0,-1
14, 13, 836.0,1109.0,-1
13, 15, 1225.0,1726.0,-1
15, 13, 1225.0,1726.0,-1
13, 16, 665.0,929.0,1
16, 13, 665.0,929.0,1
13, 13, 0.0,0.0,1
14, 15, 589.0,618.0,1
15, 14, 589.0,618.0,1
14, 16, 412.0,554.0,-1
16, 14, 412.0,554.0,-1
14, 14, 0.0,0.0,1
15, 16, 564.0,798.0,-1
16, 15, 564.0,798.0,-1
15, 15, 0.0,0.0,1
16, 16, 0.0,0.0,1


<end>