<number of nodes>
16

<ratio of available edges>
0.3

<max length of the drone flight>
100000 

<D 2/3>
1, 5, 6, 7, 8, 9, 10, 12, 13, 14, 15

<V>
6, 7, 9, 12, 15

<coordinates X,Y>
242.0521733981003, 558.2943266168855
213.83394519452509, 667.8238092698642
137.8952064758836, 727.6806080098975
882.9977709712175, 577.1142947391025
488.269486132087, 414.7091765624254
451.8888752094525, 14.977599917388197
553.9296997369875, 266.2355328152339
43.18065237963059, 768.0644448937493
114.20708348849907, 428.736693865181
198.20679806342983, 408.55387270898996
960.0873179751372, 287.4879550588264
12.807762622712882, 398.5723931314214
973.913106559397, 481.96150483579447
429.32949643227306, 357.9700035453356
587.9054435726194, 70.0625408048732
812.3091082931826, 466.0146009362174

<adjacency matrix with truck distances>
1, 2, 114.0,138.0,-1
2, 1, 114.0,138.0,-1
1, 3, 199.0,274.0,-1
3, 1, 199.0,274.0,-1
1, 4, 642.0,660.0,-1
4, 1, 642.0,660.0,-1
1, 5, 286.0,390.0,-1
5, 1, 286.0,390.0,-1
1, 6, 583.0,754.0,-1
6, 1, 583.0,754.0,-1
1, 7, 428.0,604.0,-1
7, 1, 428.0,604.0,-1
1, 8, 290.0,409.0,-1
8, 1, 290.0,409.0,-1
1, 9, 183.0,258.0,-1
9, 1, 183.0,258.0,-1
1, 10, 157.0,194.0,-1
10, 1, 157.0,194.0,-1
1, 11, 768.0,989.0,1
11, 1, 768.0,989.0,1
1, 12, 280.0,389.0,-1
12, 1, 280.0,389.0,-1
1, 13, 736.0,809.0,-1
13, 1, 736.0,809.0,-1
1, 14, 275.0,388.0,-1
14, 1, 275.0,388.0,-1
1, 15, 599.0,835.0,-1
15, 1, 599.0,835.0,-1
1, 16, 578.0,663.0,1
16, 1, 578.0,663.0,1
1, 1, 0.0,0.0,1
2, 3, 97.0,136.0,-1
3, 2, 97.0,136.0,-1
2, 4, 676.0,760.0,-1
4, 2, 676.0,760.0,-1
2, 5, 374.0,528.0,-1
5, 2, 374.0,528.0,-1
2, 6, 695.0,891.0,-1
6, 2, 695.0,891.0,-1
2, 7, 527.0,742.0,-1
7, 2, 527.0,742.0,-1
2, 8, 198.0,271.0,-1
8, 2, 198.0,271.0,-1
2, 9, 260.0,339.0,-1
9, 2, 260.0,339.0,-1
2, 10, 260.0,275.0,1
10, 2, 260.0,275.0,1
2, 11, 838.0,1127.0,-1
11, 2, 838.0,1127.0,-1
2, 12, 337.0,471.0,-1
12, 2, 337.0,471.0,-1
2, 13, 783.0,946.0,-1
13, 2, 783.0,946.0,-1
2, 14, 378.0,526.0,1
14, 2, 378.0,526.0,1
2, 15, 706.0,972.0,-1
15, 2, 706.0,972.0,-1
2, 16, 632.0,801.0,-1
16, 2, 632.0,801.0,-1
2, 2, 0.0,0.0,1
3, 4, 761.0,896.0,-1
4, 3, 761.0,896.0,-1
3, 5, 470.0,664.0,-1
5, 3, 470.0,664.0,-1
3, 6, 779.0,1027.0,1
6, 3, 779.0,1027.0,1
3, 7, 622.0,878.0,-1
7, 3, 622.0,878.0,-1
3, 8, 103.0,136.0,-1
8, 3, 103.0,136.0,-1
3, 9, 300.0,323.0,-1
9, 3, 300.0,323.0,-1
3, 10, 325.0,380.0,-1
10, 3, 325.0,380.0,-1
3, 11, 933.0,1263.0,-1
11, 3, 933.0,1263.0,-1
3, 12, 353.0,455.0,1
12, 3, 353.0,455.0,1
3, 13, 872.0,1082.0,1
13, 3, 872.0,1082.0,1
3, 14, 471.0,662.0,-1
14, 3, 471.0,662.0,-1
3, 15, 797.0,1108.0,-1
15, 3, 797.0,1108.0,-1
3, 16, 724.0,937.0,-1
16, 3, 724.0,937.0,-1
3, 3, 0.0,0.0,1
4, 5, 427.0,558.0,-1
5, 4, 427.0,558.0,-1
4, 6, 709.0,994.0,-1
6, 4, 709.0,994.0,-1
4, 7, 453.0,640.0,1
7, 4, 453.0,640.0,1
4, 8, 862.0,1031.0,-1
8, 4, 862.0,1031.0,-1
4, 9, 783.0,918.0,-1
9, 4, 783.0,918.0,-1
4, 10, 706.0,854.0,1
10, 4, 706.0,854.0,1
4, 11, 300.0,367.0,1
11, 4, 300.0,367.0,1
4, 12, 889.0,1049.0,-1
12, 4, 889.0,1049.0,-1
4, 13, 132.0,187.0,-1
13, 4, 132.0,187.0,-1
4, 14, 504.0,673.0,1
14, 4, 504.0,673.0,1
4, 15, 587.0,803.0,-1
15, 4, 587.0,803.0,-1
4, 16, 132.0,182.0,-1
16, 4, 132.0,182.0,-1
4, 4, 0.0,0.0,1
5, 6, 402.0,437.0,1
6, 5, 402.0,437.0,1
5, 7, 163.0,215.0,-1
7, 5, 163.0,215.0,-1
5, 8, 569.0,799.0,-1
8, 5, 569.0,799.0,-1
5, 9, 375.0,389.0,-1
9, 5, 375.0,389.0,-1
5, 10, 291.0,297.0,-1
10, 5, 291.0,297.0,-1
5, 11, 489.0,600.0,-1
11, 5, 489.0,600.0,-1
5, 12, 476.0,492.0,-1
12, 5, 476.0,492.0,-1
5, 13, 491.0,553.0,-1
13, 5, 491.0,553.0,-1
5, 14, 82.0,116.0,-1
14, 5, 82.0,116.0,-1
5, 15, 359.0,445.0,-1
15, 5, 359.0,445.0,-1
5, 16, 329.0,376.0,-1
16, 5, 329.0,376.0,-1
5, 5, 0.0,0.0,1
6, 7, 272.0,354.0,-1
7, 6, 272.0,354.0,-1
6, 8, 857.0,1162.0,1
8, 6, 857.0,1162.0,1
6, 9, 535.0,752.0,-1
9, 6, 535.0,752.0,-1
6, 10, 469.0,648.0,1
10, 6, 469.0,648.0,1
6, 11, 577.0,781.0,-1
11, 6, 577.0,781.0,-1
6, 12, 584.0,823.0,1
12, 6, 584.0,823.0,1
6, 13, 701.0,990.0,-1
13, 6, 701.0,990.0,-1
6, 14, 344.0,366.0,-1
14, 6, 344.0,366.0,-1
6, 15, 147.0,192.0,1
15, 6, 147.0,192.0,1
6, 16, 578.0,812.0,-1
16, 6, 578.0,812.0,-1
6, 6, 0.0,0.0,1
7, 8, 717.0,1013.0,-1
8, 7, 717.0,1013.0,-1
7, 9, 469.0,603.0,1
9, 7, 469.0,603.0,1
7, 10, 384.0,499.0,1
10, 7, 384.0,499.0,1
7, 11, 407.0,428.0,1
11, 7, 407.0,428.0,1
7, 12, 558.0,674.0,-1
12, 7, 558.0,674.0,-1
7, 13, 473.0,636.0,-1
13, 7, 473.0,636.0,-1
7, 14, 155.0,217.0,1
14, 7, 155.0,217.0,1
7, 15, 200.0,231.0,-1
15, 7, 200.0,231.0,-1
7, 16, 327.0,459.0,1
16, 7, 327.0,459.0,1
7, 7, 0.0,0.0,1
8, 9, 347.0,411.0,-1
9, 8, 347.0,411.0,-1
8, 10, 392.0,515.0,1
10, 8, 392.0,515.0,1
8, 11, 1036.0,1398.0,-1
11, 8, 1036.0,1398.0,-1
8, 12, 371.0,400.0,-1
12, 8, 371.0,400.0,-1
8, 13, 974.0,1217.0,1
13, 8, 974.0,1217.0,1
8, 14, 564.0,797.0,1
14, 8, 564.0,797.0,1
8, 15, 886.0,1243.0,-1
15, 8, 886.0,1243.0,-1
8, 16, 827.0,1072.0,-1
16, 8, 827.0,1072.0,-1
8, 8, 0.0,0.0,1
9, 10, 87.0,105.0,-1
10, 9, 87.0,105.0,-1
9, 11, 858.0,988.0,-1
11, 9, 858.0,988.0,-1
9, 12, 106.0,132.0,-1
12, 9, 106.0,132.0,-1
9, 13, 862.0,913.0,-1
13, 9, 862.0,913.0,-1
9, 14, 323.0,386.0,-1
14, 9, 323.0,386.0,-1
9, 15, 595.0,833.0,1
15, 9, 595.0,833.0,1
9, 16, 700.0,736.0,1
16, 9, 700.0,736.0,1
9, 9, 0.0,0.0,1
10, 11, 772.0,883.0,1
11, 10, 772.0,883.0,1
10, 12, 186.0,196.0,-1
12, 10, 186.0,196.0,-1
10, 13, 780.0,850.0,-1
13, 10, 780.0,850.0,-1
10, 14, 237.0,282.0,1
14, 10, 237.0,282.0,1
10, 15, 517.0,729.0,1
15, 10, 517.0,729.0,1
10, 16, 617.0,672.0,-1
16, 10, 617.0,672.0,-1
10, 10, 0.0,0.0,1
11, 12, 954.0,1059.0,-1
12, 11, 954.0,1059.0,-1
11, 13, 195.0,209.0,-1
13, 11, 195.0,209.0,-1
11, 14, 536.0,602.0,-1
14, 11, 536.0,602.0,-1
11, 15, 432.0,590.0,1
15, 11, 432.0,590.0,1
11, 16, 232.0,327.0,-1
16, 11, 232.0,327.0,-1
11, 11, 0.0,0.0,1
12, 13, 965.0,1045.0,1
13, 12, 965.0,1045.0,1
12, 14, 419.0,458.0,1
14, 12, 419.0,458.0,1
12, 15, 663.0,904.0,1
15, 12, 663.0,904.0,1
12, 16, 803.0,867.0,1
16, 12, 803.0,867.0,1
12, 12, 0.0,0.0,1
13, 14, 559.0,669.0,-1
14, 13, 559.0,669.0,-1
13, 15, 565.0,798.0,1
15, 13, 565.0,798.0,1
13, 16, 163.0,178.0,-1
16, 13, 163.0,178.0,-1
13, 13, 0.0,0.0,1
14, 15, 329.0,447.0,-1
15, 14, 329.0,447.0,-1
14, 16, 398.0,492.0,-1
16, 14, 398.0,492.0,-1
14, 14, 0.0,0.0,1
15, 16, 456.0,621.0,1
16, 15, 456.0,621.0,1
15, 15, 0.0,0.0,1
16, 16, 0.0,0.0,1


<end>