<number of nodes>
16

<ratio of available edges>
0.3

<max length of the drone flight>
100000 

<D 2/3>
1, 2, 4, 5, 8, 9, 12, 13, 14, 15, 16

<V>
5, 8, 13, 15, 16

<coordinates X,Y>
38.49103931220421, 640.8390155589773
211.00697347636927, 264.01397858777034
926.2054780068071, 305.926393857399
959.9925701804755, 698.16700242535
316.24334310120923, 665.5659703330355
205.65685628932513, 506.7911307125818
29.214842479928016, 68.52273895794532
365.0838760673377, 749.5314059380696
240.04607982097198, 184.24578991847085
581.0707577964739, 5.527557495276071
361.94978238664453, 760.3008327809259
368.1384249377579, 170.8901200671617
728.3620707097865, 923.4545950559838
141.99452264629565, 873.6899980423133
857.0510469632796, 513.6068556407171
183.25712999495963, 235.63907221471328

<adjacency matrix with truck distances>
1, 2, 415.0,550.0,1
2, 1, 415.0,550.0,1
1, 3, 949.0,1223.0,-1
3, 1, 949.0,1223.0,-1
1, 4, 924.0,979.0,-1
4, 1, 924.0,979.0,-1
1, 5, 279.0,303.0,-1
5, 1, 279.0,303.0,-1
1, 6, 215.0,302.0,-1
6, 1, 215.0,302.0,-1
1, 7, 573.0,582.0,-1
7, 1, 573.0,582.0,-1
1, 8, 345.0,436.0,1
8, 1, 345.0,436.0,1
1, 9, 500.0,659.0,-1
9, 1, 500.0,659.0,-1
1, 10, 836.0,1178.0,-1
10, 1, 836.0,1178.0,-1
1, 11, 345.0,443.0,1
11, 1, 345.0,443.0,1
1, 12, 575.0,800.0,1
12, 1, 575.0,800.0,1
1, 13, 746.0,973.0,-1
13, 1, 746.0,973.0,-1
1, 14, 255.0,337.0,-1
14, 1, 255.0,337.0,-1
1, 15, 829.0,946.0,-1
15, 1, 829.0,946.0,-1
1, 16, 431.0,550.0,-1
16, 1, 431.0,550.0,-1
1, 1, 0.0,0.0,1
2, 3, 717.0,758.0,-1
3, 2, 717.0,758.0,-1
2, 4, 866.0,1184.0,-1
4, 2, 866.0,1184.0,-1
2, 5, 416.0,507.0,-1
5, 2, 416.0,507.0,-1
2, 6, 243.0,249.0,-1
6, 2, 243.0,249.0,-1
2, 7, 267.0,378.0,-1
7, 2, 267.0,378.0,-1
2, 8, 510.0,640.0,-1
8, 2, 510.0,640.0,-1
2, 9, 85.0,109.0,-1
9, 2, 85.0,109.0,-1
2, 10, 452.0,629.0,-1
10, 2, 452.0,629.0,-1
2, 11, 519.0,648.0,-1
11, 2, 519.0,648.0,-1
2, 12, 183.0,251.0,-1
12, 2, 183.0,251.0,-1
2, 13, 839.0,1177.0,-1
13, 2, 839.0,1177.0,-1
2, 14, 614.0,679.0,-1
14, 2, 614.0,679.0,-1
2, 15, 693.0,896.0,-1
15, 2, 693.0,896.0,-1
2, 16, 40.0,57.0,-1
16, 2, 40.0,57.0,-1
2, 2, 0.0,0.0,1
3, 4, 394.0,427.0,-1
4, 3, 394.0,427.0,-1
3, 5, 709.0,970.0,-1
5, 3, 709.0,970.0,-1
3, 6, 749.0,922.0,-1
6, 3, 749.0,922.0,-1
3, 7, 928.0,1135.0,-1
7, 3, 928.0,1135.0,-1
3, 8, 716.0,1005.0,-1
8, 3, 716.0,1005.0,-1
3, 9, 697.0,808.0,-1
9, 3, 697.0,808.0,-1
3, 10, 458.0,646.0,1
10, 3, 458.0,646.0,1
3, 11, 725.0,1019.0,-1
11, 3, 725.0,1019.0,-1
3, 12, 575.0,694.0,1
12, 3, 575.0,694.0,1
3, 13, 649.0,816.0,-1
13, 3, 649.0,816.0,-1
3, 14, 969.0,1352.0,1
14, 3, 969.0,1352.0,1
3, 15, 219.0,277.0,-1
15, 3, 219.0,277.0,-1
3, 16, 747.0,814.0,1
16, 3, 747.0,814.0,1
3, 3, 0.0,0.0,1
4, 5, 645.0,677.0,-1
5, 4, 645.0,677.0,-1
4, 6, 779.0,946.0,-1
6, 4, 779.0,946.0,-1
4, 7, 1124.0,1561.0,-1
7, 4, 1124.0,1561.0,-1
4, 8, 598.0,647.0,1
8, 4, 598.0,647.0,1
4, 9, 885.0,1234.0,1
9, 4, 885.0,1234.0,1
4, 10, 790.0,1072.0,-1
10, 4, 790.0,1072.0,-1
4, 11, 602.0,661.0,-1
11, 4, 602.0,661.0,-1
4, 12, 793.0,1120.0,-1
12, 4, 793.0,1120.0,-1
4, 13, 324.0,457.0,1
13, 4, 324.0,457.0,1
4, 14, 837.0,994.0,-1
14, 4, 837.0,994.0,-1
4, 15, 212.0,288.0,1
15, 4, 212.0,288.0,1
4, 16, 905.0,1240.0,-1
16, 4, 905.0,1240.0,-1
4, 4, 0.0,0.0,1
5, 6, 194.0,270.0,1
6, 5, 194.0,270.0,1
5, 7, 663.0,885.0,1
7, 5, 663.0,885.0,1
5, 8, 98.0,133.0,-1
8, 5, 98.0,133.0,-1
5, 9, 488.0,558.0,1
9, 5, 488.0,558.0,1
5, 10, 712.0,925.0,1
10, 5, 712.0,925.0,1
5, 11, 106.0,141.0,-1
11, 5, 106.0,141.0,-1
5, 12, 498.0,547.0,1
12, 5, 498.0,547.0,1
5, 13, 487.0,671.0,-1
13, 5, 487.0,671.0,-1
5, 14, 272.0,383.0,-1
14, 5, 272.0,383.0,-1
5, 15, 562.0,693.0,-1
15, 5, 562.0,693.0,-1
5, 16, 451.0,563.0,-1
16, 5, 451.0,563.0,-1
5, 5, 0.0,0.0,1
6, 7, 473.0,615.0,-1
7, 6, 473.0,615.0,-1
6, 8, 291.0,403.0,-1
8, 6, 291.0,403.0,-1
6, 9, 325.0,357.0,-1
9, 6, 325.0,357.0,-1
6, 10, 627.0,877.0,1
10, 6, 627.0,877.0,1
6, 11, 298.0,410.0,-1
11, 6, 298.0,410.0,-1
6, 12, 374.0,499.0,1
12, 6, 374.0,499.0,1
6, 13, 669.0,940.0,-1
13, 6, 669.0,940.0,-1
6, 14, 373.0,431.0,-1
14, 6, 373.0,431.0,-1
6, 15, 652.0,659.0,-1
15, 6, 652.0,659.0,-1
6, 16, 273.0,294.0,1
16, 6, 273.0,294.0,1
6, 6, 0.0,0.0,1
7, 8, 760.0,1017.0,1
8, 7, 760.0,1017.0,1
7, 9, 241.0,327.0,-1
9, 7, 241.0,327.0,-1
7, 10, 556.0,615.0,-1
10, 7, 556.0,615.0,-1
7, 11, 768.0,1025.0,-1
11, 7, 768.0,1025.0,-1
7, 12, 355.0,442.0,1
12, 7, 355.0,442.0,1
7, 13, 1105.0,1555.0,-1
13, 7, 1105.0,1555.0,-1
7, 14, 814.0,918.0,-1
14, 7, 814.0,918.0,-1
7, 15, 940.0,1273.0,-1
15, 7, 940.0,1273.0,-1
7, 16, 228.0,322.0,-1
16, 7, 228.0,322.0,-1
7, 7, 0.0,0.0,1
8, 9, 579.0,691.0,-1
9, 8, 579.0,691.0,-1
8, 10, 775.0,960.0,-1
10, 8, 775.0,960.0,-1
8, 11, 12.0,14.0,-1
11, 8, 12.0,14.0,-1
8, 12, 579.0,582.0,1
12, 8, 579.0,582.0,1
8, 13, 403.0,538.0,1
13, 8, 403.0,538.0,1
8, 14, 256.0,348.0,-1
14, 8, 256.0,348.0,-1
8, 15, 546.0,728.0,-1
15, 8, 546.0,728.0,-1
8, 16, 546.0,696.0,1
16, 8, 546.0,696.0,1
8, 8, 0.0,0.0,1
9, 10, 386.0,520.0,1
10, 9, 386.0,520.0,1
9, 11, 589.0,698.0,-1
11, 9, 589.0,698.0,-1
9, 12, 129.0,142.0,1
12, 9, 129.0,142.0,1
9, 13, 886.0,1228.0,1
13, 9, 886.0,1228.0,1
9, 14, 697.0,788.0,1
14, 9, 697.0,788.0,1
9, 15, 700.0,947.0,-1
15, 9, 700.0,947.0,-1
9, 16, 77.0,109.0,-1
16, 9, 77.0,109.0,-1
9, 9, 0.0,0.0,1
10, 11, 786.0,974.0,1
11, 10, 786.0,974.0,1
10, 12, 270.0,379.0,-1
12, 10, 270.0,379.0,-1
10, 13, 930.0,1066.0,1
13, 10, 930.0,1066.0,1
10, 14, 973.0,1308.0,-1
14, 10, 973.0,1308.0,-1
10, 15, 579.0,785.0,-1
15, 10, 579.0,785.0,-1
10, 16, 460.0,628.0,-1
16, 10, 460.0,628.0,-1
10, 10, 0.0,0.0,1
11, 12, 590.0,596.0,-1
12, 11, 590.0,596.0,-1
11, 13, 402.0,530.0,1
13, 11, 402.0,530.0,1
11, 14, 248.0,334.0,-1
14, 11, 248.0,334.0,-1
11, 15, 554.0,742.0,-1
15, 11, 554.0,742.0,-1
11, 16, 555.0,704.0,1
16, 11, 555.0,704.0,1
11, 11, 0.0,0.0,1
12, 13, 835.0,1113.0,1
13, 12, 835.0,1113.0,1
12, 14, 739.0,929.0,-1
14, 12, 739.0,929.0,-1
12, 15, 598.0,832.0,-1
15, 12, 598.0,832.0,-1
12, 16, 196.0,250.0,-1
16, 12, 196.0,250.0,-1
12, 12, 0.0,0.0,1
13, 14, 589.0,637.0,-1
14, 13, 589.0,637.0,-1
13, 15, 430.0,539.0,1
15, 13, 430.0,539.0,1
13, 16, 878.0,1233.0,-1
16, 13, 878.0,1233.0,-1
13, 13, 0.0,0.0,1
14, 15, 801.0,1076.0,1
15, 14, 801.0,1076.0,1
14, 16, 640.0,680.0,-1
16, 14, 640.0,680.0,-1
14, 14, 0.0,0.0,1
15, 16, 729.0,952.0,-1
16, 15, 729.0,952.0,-1
15, 15, 0.0,0.0,1
16, 16, 0.0,0.0,1


<end>