<number of nodes>
16

<ratio of available edges>
0.3

<max length of the drone flight>
100000 

<D 2/3>
1, 3, 4, 6, 8, 9, 10, 12, 13, 14, 16

<V>
3, 8, 12, 13, 14

<coordinates X,Y>
843.0377409462773, 53.29765992312879
822.4790645295943, 736.7875910329684
287.5321316328298, 757.0763066172894
31.596447731744412, 48.69087683066625
462.3399223587292, 248.63430644356555
335.3608553548511, 16.801861702428674
998.6533201393594, 180.47414719018545
893.6646232674605, 494.40493081212855
756.8450018944798, 322.9875886174786
213.10147070338235, 50.20513931934227
558.5006178681249, 162.43103156681767
723.883459311232, 201.39172841852158
598.6495060697569, 67.41765399621966
255.7445222823144, 871.7017285842445
843.9056059092032, 785.9726517221563
156.2180433729416, 887.017805036133

<adjacency matrix with truck distances>
1, 2, 684.0,705.0,-1
2, 1, 684.0,705.0,-1
1, 3, 897.0,1260.0,1
3, 1, 897.0,1260.0,1
1, 4, 812.0,817.0,-1
4, 1, 812.0,817.0,-1
1, 5, 428.0,577.0,-1
5, 1, 428.0,577.0,-1
1, 6, 509.0,545.0,1
6, 1, 509.0,545.0,1
1, 7, 201.0,283.0,-1
7, 1, 201.0,283.0,-1
1, 8, 445.0,492.0,1
8, 1, 445.0,492.0,1
1, 9, 284.0,356.0,-1
9, 1, 284.0,356.0,-1
1, 10, 630.0,634.0,-1
10, 1, 630.0,634.0,-1
1, 11, 305.0,394.0,1
11, 1, 305.0,394.0,1
1, 12, 191.0,268.0,1
12, 1, 191.0,268.0,1
1, 13, 245.0,259.0,-1
13, 1, 245.0,259.0,-1
1, 14, 1008.0,1406.0,1
14, 1, 1008.0,1406.0,1
1, 15, 733.0,734.0,-1
15, 1, 733.0,734.0,-1
1, 16, 1081.0,1521.0,1
16, 1, 1081.0,1521.0,1
1, 1, 0.0,0.0,1
2, 3, 536.0,556.0,-1
3, 2, 536.0,556.0,-1
2, 4, 1049.0,1479.0,1
4, 2, 1049.0,1479.0,1
2, 5, 607.0,849.0,-1
5, 2, 607.0,849.0,-1
2, 6, 870.0,1208.0,1
6, 2, 870.0,1208.0,1
2, 7, 584.0,733.0,-1
7, 2, 584.0,733.0,-1
2, 8, 253.0,314.0,1
8, 2, 253.0,314.0,1
2, 9, 419.0,480.0,-1
9, 2, 419.0,480.0,-1
2, 10, 919.0,1296.0,-1
10, 2, 919.0,1296.0,-1
2, 11, 633.0,839.0,1
11, 2, 633.0,839.0,1
2, 12, 545.0,634.0,-1
12, 2, 545.0,634.0,-1
2, 13, 706.0,894.0,-1
13, 2, 706.0,894.0,-1
2, 14, 583.0,702.0,-1
14, 2, 583.0,702.0,-1
2, 15, 54.0,71.0,-1
15, 2, 54.0,71.0,-1
2, 16, 683.0,817.0,1
16, 2, 683.0,817.0,1
2, 2, 0.0,0.0,1
3, 4, 754.0,965.0,-1
4, 3, 754.0,965.0,-1
3, 5, 538.0,684.0,-1
5, 3, 538.0,684.0,-1
3, 6, 742.0,789.0,-1
6, 3, 742.0,789.0,-1
3, 7, 916.0,1288.0,-1
7, 3, 916.0,1288.0,-1
3, 8, 661.0,869.0,-1
8, 3, 661.0,869.0,-1
3, 9, 640.0,904.0,-1
9, 3, 640.0,904.0,-1
3, 10, 711.0,782.0,-1
10, 3, 711.0,782.0,-1
3, 11, 654.0,866.0,1
11, 3, 654.0,866.0,1
3, 12, 707.0,993.0,-1
12, 3, 707.0,993.0,-1
3, 13, 757.0,1001.0,-1
13, 3, 757.0,1001.0,-1
3, 14, 119.0,147.0,-1
14, 3, 119.0,147.0,-1
3, 15, 558.0,586.0,-1
15, 3, 558.0,586.0,-1
3, 16, 185.0,262.0,-1
16, 3, 185.0,262.0,-1
3, 3, 0.0,0.0,1
4, 5, 475.0,631.0,-1
5, 4, 475.0,631.0,-1
4, 6, 306.0,336.0,-1
6, 4, 306.0,336.0,-1
4, 7, 976.0,1099.0,-1
7, 4, 976.0,1099.0,-1
4, 8, 971.0,1308.0,-1
8, 4, 971.0,1308.0,-1
4, 9, 776.0,1000.0,1
9, 4, 776.0,1000.0,1
4, 10, 182.0,184.0,-1
10, 4, 182.0,184.0,-1
4, 11, 540.0,641.0,1
11, 4, 540.0,641.0,1
4, 12, 709.0,845.0,1
12, 4, 709.0,845.0,1
4, 13, 568.0,586.0,-1
13, 4, 568.0,586.0,-1
4, 14, 853.0,1048.0,-1
14, 4, 853.0,1048.0,-1
4, 15, 1098.0,1550.0,-1
15, 4, 1098.0,1550.0,-1
4, 16, 848.0,963.0,-1
16, 4, 848.0,963.0,-1
4, 4, 0.0,0.0,1
5, 6, 265.0,359.0,-1
6, 5, 265.0,359.0,-1
5, 7, 541.0,605.0,-1
7, 5, 541.0,605.0,-1
5, 8, 497.0,678.0,-1
8, 5, 497.0,678.0,-1
5, 9, 304.0,369.0,1
9, 5, 304.0,369.0,1
5, 10, 319.0,448.0,-1
10, 5, 319.0,448.0,-1
5, 11, 130.0,183.0,-1
11, 5, 130.0,183.0,-1
5, 12, 266.0,309.0,-1
12, 5, 266.0,309.0,-1
5, 13, 227.0,318.0,1
13, 5, 227.0,318.0,1
5, 14, 657.0,830.0,-1
14, 5, 657.0,830.0,-1
5, 15, 660.0,919.0,-1
15, 5, 660.0,919.0,-1
5, 16, 708.0,945.0,1
16, 5, 708.0,945.0,1
5, 5, 0.0,0.0,1
6, 7, 684.0,827.0,1
7, 6, 684.0,827.0,1
6, 8, 735.0,1036.0,1
8, 6, 735.0,1036.0,1
6, 9, 521.0,728.0,1
9, 6, 521.0,728.0,1
6, 10, 127.0,156.0,-1
10, 6, 127.0,156.0,-1
6, 11, 267.0,369.0,-1
11, 6, 267.0,369.0,-1
6, 12, 431.0,574.0,-1
12, 6, 431.0,574.0,-1
6, 13, 269.0,314.0,-1
13, 6, 269.0,314.0,-1
6, 14, 859.0,935.0,1
14, 6, 859.0,935.0,1
6, 15, 923.0,1278.0,1
15, 6, 923.0,1278.0,1
6, 16, 889.0,1050.0,-1
16, 6, 889.0,1050.0,-1
6, 6, 0.0,0.0,1
7, 8, 332.0,419.0,-1
8, 7, 332.0,419.0,-1
7, 9, 281.0,385.0,1
9, 7, 281.0,385.0,1
7, 10, 797.0,916.0,-1
10, 7, 797.0,916.0,-1
7, 11, 441.0,459.0,1
11, 7, 441.0,459.0,1
7, 12, 276.0,296.0,-1
12, 7, 276.0,296.0,-1
7, 13, 416.0,514.0,-1
13, 7, 416.0,514.0,-1
7, 14, 1015.0,1435.0,1
14, 7, 1015.0,1435.0,1
7, 15, 625.0,761.0,-1
15, 7, 625.0,761.0,-1
7, 16, 1100.0,1549.0,1
16, 7, 1100.0,1549.0,1
7, 7, 0.0,0.0,1
8, 9, 220.0,309.0,-1
9, 8, 220.0,309.0,-1
8, 10, 813.0,1125.0,-1
10, 8, 813.0,1125.0,-1
8, 11, 472.0,668.0,1
11, 8, 472.0,668.0,1
8, 12, 339.0,463.0,-1
12, 8, 339.0,463.0,-1
8, 13, 519.0,723.0,-1
13, 8, 519.0,723.0,-1
8, 14, 742.0,1016.0,-1
14, 8, 742.0,1016.0,-1
8, 15, 296.0,342.0,1
15, 8, 296.0,342.0,1
8, 16, 836.0,1131.0,-1
16, 8, 836.0,1131.0,-1
8, 8, 0.0,0.0,1
9, 10, 609.0,817.0,-1
10, 9, 609.0,817.0,-1
9, 11, 256.0,359.0,1
11, 9, 256.0,359.0,1
9, 12, 126.0,155.0,-1
12, 9, 126.0,155.0,-1
9, 13, 301.0,414.0,-1
13, 9, 301.0,414.0,-1
9, 14, 744.0,1050.0,-1
14, 9, 744.0,1050.0,-1
9, 15, 472.0,551.0,-1
15, 9, 472.0,551.0,-1
9, 16, 824.0,1165.0,-1
16, 9, 824.0,1165.0,-1
9, 9, 0.0,0.0,1
10, 11, 364.0,458.0,-1
11, 10, 364.0,458.0,-1
10, 12, 533.0,662.0,-1
12, 10, 533.0,662.0,-1
10, 13, 386.0,403.0,1
13, 10, 386.0,403.0,1
10, 14, 823.0,865.0,-1
14, 10, 823.0,865.0,-1
10, 15, 970.0,1367.0,-1
15, 10, 970.0,1367.0,-1
10, 16, 839.0,894.0,-1
16, 10, 839.0,894.0,-1
10, 10, 0.0,0.0,1
11, 12, 170.0,205.0,-1
12, 11, 170.0,205.0,-1
11, 13, 104.0,136.0,-1
13, 11, 104.0,136.0,-1
11, 14, 772.0,1013.0,-1
14, 11, 772.0,1013.0,-1
11, 15, 686.0,909.0,-1
15, 11, 686.0,909.0,-1
11, 16, 829.0,1127.0,1
16, 11, 829.0,1127.0,1
11, 11, 0.0,0.0,1
12, 13, 184.0,260.0,1
13, 12, 184.0,260.0,1
12, 14, 818.0,1139.0,-1
14, 12, 818.0,1139.0,-1
12, 15, 597.0,705.0,1
15, 12, 597.0,705.0,1
12, 16, 891.0,1254.0,-1
16, 12, 891.0,1254.0,-1
12, 12, 0.0,0.0,1
13, 14, 875.0,1148.0,-1
14, 13, 875.0,1148.0,-1
13, 15, 760.0,964.0,1
15, 13, 760.0,964.0,1
13, 16, 932.0,1263.0,-1
16, 13, 932.0,1263.0,-1
13, 13, 0.0,0.0,1
14, 15, 595.0,674.0,-1
15, 14, 595.0,674.0,-1
14, 16, 101.0,115.0,-1
16, 14, 101.0,115.0,-1
14, 14, 0.0,0.0,1
15, 16, 696.0,789.0,-1
16, 15, 696.0,789.0,-1
15, 15, 0.0,0.0,1
16, 16, 0.0,0.0,1


<end>