<number of nodes>
16

<ratio of available edges>
0.3

<max length of the drone flight>
100000 

<D 2/3>
1, 2, 3, 6, 9, 10, 11, 12, 14, 15, 16

<V>
2, 9, 12, 14, 16

<coordinates X,Y>
676.2867862372435, 168.25829660222277
421.28843235074595, 297.95790090246976
343.4083116313306, 747.5648930875242
694.5370209234977, 103.10656626359346
694.8944421806331, 930.9578864499928
680.2622286224919, 579.4539519455817
820.3887537782583, 785.9218923979524
89.09286685276679, 517.8206957875321
422.0116160455637, 806.7894260380409
371.39363552755407, 954.2051591355614
695.8698878026236, 891.1516431851694
382.5697587303776, 452.7415779599053
964.4501892624836, 531.853262607268
31.424762463489472, 737.3549047281332
21.520641447106165, 449.8519828786087
577.0316772813737, 590.8711292890308

<adjacency matrix with truck distances>
1, 2, 287.0,385.0,-1
2, 1, 287.0,385.0,-1
1, 3, 669.0,913.0,1
3, 1, 669.0,913.0,1
1, 4, 68.0,84.0,1
4, 1, 68.0,84.0,1
1, 5, 763.0,782.0,-1
5, 1, 763.0,782.0,-1
1, 6, 412.0,416.0,-1
6, 1, 412.0,416.0,-1
1, 7, 635.0,762.0,-1
7, 1, 635.0,762.0,-1
1, 8, 684.0,937.0,1
8, 1, 684.0,937.0,1
1, 9, 688.0,893.0,-1
9, 1, 688.0,893.0,-1
1, 10, 844.0,1091.0,1
10, 1, 844.0,1091.0,1
1, 11, 724.0,743.0,1
11, 1, 724.0,743.0,1
1, 12, 409.0,579.0,-1
12, 1, 409.0,579.0,-1
1, 13, 464.0,652.0,-1
13, 1, 464.0,652.0,-1
1, 14, 861.0,1214.0,1
14, 1, 861.0,1214.0,1
1, 15, 713.0,937.0,-1
15, 1, 713.0,937.0,-1
1, 16, 435.0,522.0,-1
16, 1, 435.0,522.0,-1
1, 1, 0.0,0.0,1
2, 3, 457.0,528.0,1
3, 2, 457.0,528.0,1
2, 4, 336.0,469.0,1
4, 2, 336.0,469.0,1
2, 5, 690.0,907.0,1
5, 2, 690.0,907.0,1
2, 6, 383.0,541.0,-1
6, 2, 383.0,541.0,-1
2, 7, 631.0,888.0,-1
7, 2, 631.0,888.0,-1
2, 8, 399.0,553.0,-1
8, 2, 399.0,553.0,-1
2, 9, 509.0,510.0,-1
9, 2, 509.0,510.0,-1
2, 10, 659.0,707.0,1
10, 2, 659.0,707.0,1
2, 11, 654.0,868.0,-1
11, 2, 654.0,868.0,-1
2, 12, 160.0,194.0,-1
12, 2, 160.0,194.0,-1
2, 13, 592.0,778.0,1
13, 2, 592.0,778.0,1
2, 14, 588.0,830.0,-1
14, 2, 588.0,830.0,-1
2, 15, 428.0,552.0,-1
15, 2, 428.0,552.0,-1
2, 16, 332.0,449.0,1
16, 2, 332.0,449.0,1
2, 2, 0.0,0.0,1
3, 4, 734.0,996.0,1
4, 3, 734.0,996.0,1
3, 5, 397.0,535.0,1
5, 3, 397.0,535.0,1
3, 6, 377.0,505.0,-1
6, 3, 377.0,505.0,-1
3, 7, 479.0,516.0,1
7, 3, 479.0,516.0,1
3, 8, 343.0,485.0,1
8, 3, 343.0,485.0,1
3, 9, 99.0,138.0,-1
9, 3, 99.0,138.0,-1
3, 10, 209.0,235.0,1
10, 3, 209.0,235.0,1
3, 11, 381.0,497.0,1
11, 3, 381.0,497.0,1
3, 12, 298.0,334.0,-1
12, 3, 298.0,334.0,-1
3, 13, 658.0,837.0,-1
13, 3, 658.0,837.0,-1
3, 14, 313.0,323.0,-1
14, 3, 313.0,323.0,-1
3, 15, 439.0,620.0,-1
15, 3, 439.0,620.0,-1
3, 16, 282.0,391.0,-1
16, 3, 282.0,391.0,-1
3, 3, 0.0,0.0,1
4, 5, 828.0,829.0,-1
5, 4, 828.0,829.0,-1
4, 6, 477.0,491.0,-1
6, 4, 477.0,491.0,-1
4, 7, 695.0,809.0,1
7, 4, 695.0,809.0,1
4, 8, 734.0,1021.0,-1
8, 4, 734.0,1021.0,-1
4, 9, 755.0,977.0,-1
9, 4, 755.0,977.0,-1
4, 10, 911.0,1175.0,-1
10, 4, 911.0,1175.0,-1
4, 11, 789.0,790.0,-1
11, 4, 789.0,790.0,-1
4, 12, 469.0,662.0,-1
12, 4, 469.0,662.0,-1
4, 13, 507.0,699.0,1
13, 4, 507.0,699.0,1
4, 14, 918.0,1298.0,-1
14, 4, 918.0,1298.0,-1
4, 15, 758.0,1020.0,-1
15, 4, 758.0,1020.0,-1
4, 16, 502.0,606.0,-1
16, 4, 502.0,606.0,-1
4, 4, 0.0,0.0,1
5, 6, 352.0,367.0,-1
6, 5, 352.0,367.0,-1
5, 7, 192.0,271.0,-1
7, 5, 192.0,271.0,-1
5, 8, 734.0,1019.0,-1
8, 5, 734.0,1019.0,-1
5, 9, 300.0,398.0,-1
9, 5, 300.0,398.0,-1
5, 10, 325.0,347.0,1
10, 5, 325.0,347.0,1
5, 11, 40.0,41.0,-1
11, 5, 40.0,41.0,-1
5, 12, 572.0,791.0,1
12, 5, 572.0,791.0,1
5, 13, 482.0,669.0,-1
13, 5, 482.0,669.0,-1
5, 14, 692.0,858.0,-1
14, 5, 692.0,858.0,-1
5, 15, 828.0,1155.0,-1
15, 5, 828.0,1155.0,-1
5, 16, 360.0,458.0,1
16, 5, 360.0,458.0,1
5, 5, 0.0,0.0,1
6, 7, 250.0,347.0,1
7, 6, 250.0,347.0,1
6, 8, 595.0,653.0,-1
8, 6, 595.0,653.0,-1
6, 9, 345.0,486.0,-1
9, 6, 345.0,486.0,-1
6, 10, 486.0,684.0,-1
10, 6, 486.0,684.0,-1
6, 11, 313.0,328.0,-1
11, 6, 313.0,328.0,-1
6, 12, 324.0,425.0,-1
12, 6, 324.0,425.0,-1
6, 13, 289.0,332.0,-1
13, 6, 289.0,332.0,-1
6, 14, 668.0,807.0,1
14, 6, 668.0,807.0,1
6, 15, 672.0,789.0,-1
15, 6, 672.0,789.0,-1
6, 16, 104.0,115.0,-1
16, 6, 104.0,115.0,-1
6, 6, 0.0,0.0,1
7, 8, 779.0,1000.0,-1
8, 7, 779.0,1000.0,-1
7, 9, 399.0,420.0,-1
9, 7, 399.0,420.0,-1
7, 10, 480.0,618.0,-1
10, 7, 480.0,618.0,-1
7, 11, 164.0,230.0,-1
11, 7, 164.0,230.0,-1
7, 12, 551.0,771.0,-1
12, 7, 551.0,771.0,-1
7, 13, 293.0,399.0,-1
13, 7, 293.0,399.0,-1
7, 14, 791.0,838.0,-1
14, 7, 791.0,838.0,-1
7, 15, 867.0,1135.0,-1
15, 7, 867.0,1135.0,-1
7, 16, 312.0,439.0,-1
16, 7, 312.0,439.0,-1
7, 7, 0.0,0.0,1
8, 9, 441.0,622.0,1
9, 8, 441.0,622.0,1
8, 10, 520.0,719.0,1
10, 8, 520.0,719.0,1
8, 11, 713.0,981.0,-1
11, 8, 713.0,981.0,-1
8, 12, 301.0,359.0,1
12, 8, 301.0,359.0,1
8, 13, 876.0,890.0,-1
13, 8, 876.0,890.0,-1
8, 14, 227.0,278.0,-1
14, 8, 227.0,278.0,-1
8, 15, 96.0,136.0,-1
15, 8, 96.0,136.0,-1
8, 16, 494.0,561.0,-1
16, 8, 494.0,561.0,-1
8, 8, 0.0,0.0,1
9, 10, 156.0,199.0,-1
10, 9, 156.0,199.0,-1
9, 11, 287.0,359.0,-1
11, 9, 287.0,359.0,-1
9, 12, 357.0,394.0,-1
12, 9, 357.0,394.0,-1
9, 13, 609.0,818.0,-1
13, 9, 609.0,818.0,-1
9, 14, 397.0,461.0,-1
14, 9, 397.0,461.0,-1
9, 15, 537.0,758.0,-1
15, 9, 537.0,758.0,-1
9, 16, 266.0,371.0,-1
16, 9, 266.0,371.0,-1
9, 9, 0.0,0.0,1
10, 11, 331.0,388.0,-1
11, 10, 331.0,388.0,-1
10, 12, 502.0,513.0,1
12, 10, 502.0,513.0,1
10, 13, 729.0,1016.0,-1
13, 10, 729.0,1016.0,-1
10, 14, 404.0,557.0,1
14, 10, 404.0,557.0,1
10, 15, 614.0,855.0,1
15, 10, 614.0,855.0,1
10, 16, 418.0,569.0,-1
16, 10, 418.0,569.0,-1
10, 10, 0.0,0.0,1
11, 12, 539.0,752.0,-1
12, 11, 539.0,752.0,-1
11, 13, 449.0,628.0,-1
13, 11, 449.0,628.0,-1
11, 14, 683.0,819.0,1
14, 11, 683.0,819.0,1
11, 15, 806.0,1116.0,1
15, 11, 806.0,1116.0,1
11, 16, 323.0,420.0,-1
16, 11, 323.0,420.0,-1
11, 11, 0.0,0.0,1
12, 13, 588.0,661.0,-1
13, 12, 588.0,661.0,-1
12, 14, 453.0,636.0,1
14, 12, 453.0,636.0,1
12, 15, 362.0,364.0,1
15, 12, 362.0,364.0,1
12, 16, 239.0,333.0,-1
16, 12, 239.0,333.0,-1
12, 12, 0.0,0.0,1
13, 14, 956.0,1139.0,-1
14, 13, 956.0,1139.0,-1
13, 15, 947.0,1025.0,-1
15, 13, 947.0,1025.0,-1
13, 16, 392.0,447.0,-1
16, 13, 392.0,447.0,-1
13, 13, 0.0,0.0,1
14, 15, 288.0,298.0,-1
15, 14, 288.0,298.0,-1
14, 16, 565.0,693.0,1
16, 14, 565.0,693.0,1
14, 14, 0.0,0.0,1
15, 16, 574.0,697.0,-1
16, 15, 574.0,697.0,-1
15, 15, 0.0,0.0,1
16, 16, 0.0,0.0,1


<end>