<number of nodes>
16

<ratio of available edges>
0.3

<max length of the drone flight>
100000 

<D 2/3>
1, 2, 5, 6, 8, 9, 10, 12, 13, 14, 15

<V>
5, 9, 12, 13, 15

<coordinates X,Y>
502.500108859675, 185.53631008968173
306.29293324439794, 596.1508394293069
352.22784362701856, 623.2200575735759
208.62576816181695, 698.7295788287739
239.46999298098785, 384.90115325437836
855.3165831025566, 662.8394041370946
854.0623648741807, 923.3190582715067
88.3182444964644, 905.51505417653
502.3538265433004, 974.2619213506742
624.7561212705054, 935.8397791647025
858.8111741181419, 414.61907508506437
890.215238114995, 139.58319724122916
356.12697651909974, 27.73788023449568
166.54540403886006, 546.1804302560244
455.2259306728551, 856.7944637904085
789.6357053908721, 364.55263148177164

<adjacency matrix with truck distances>
1, 2, 456.0,607.0,1
2, 1, 456.0,607.0,1
1, 3, 463.0,588.0,1
3, 1, 463.0,588.0,1
1, 4, 592.0,808.0,1
4, 1, 592.0,808.0,1
1, 5, 331.0,463.0,-1
5, 1, 331.0,463.0,-1
1, 6, 594.0,831.0,-1
6, 1, 594.0,831.0,-1
1, 7, 818.0,1090.0,-1
7, 1, 818.0,1090.0,-1
1, 8, 831.0,1135.0,-1
8, 1, 831.0,1135.0,-1
1, 9, 789.0,789.0,-1
9, 1, 789.0,789.0,-1
1, 10, 761.0,873.0,-1
10, 1, 761.0,873.0,-1
1, 11, 424.0,586.0,-1
11, 1, 424.0,586.0,-1
1, 12, 391.0,434.0,-1
12, 1, 391.0,434.0,-1
1, 13, 216.0,305.0,-1
13, 1, 216.0,305.0,-1
1, 14, 493.0,697.0,-1
14, 1, 493.0,697.0,-1
1, 15, 673.0,719.0,-1
15, 1, 673.0,719.0,-1
1, 16, 339.0,467.0,-1
16, 1, 339.0,467.0,-1
1, 1, 0.0,0.0,1
2, 3, 54.0,74.0,-1
3, 2, 54.0,74.0,-1
2, 4, 142.0,201.0,-1
4, 2, 142.0,201.0,-1
2, 5, 222.0,279.0,-1
5, 2, 222.0,279.0,-1
2, 6, 554.0,616.0,-1
6, 2, 554.0,616.0,-1
2, 7, 639.0,875.0,1
7, 2, 639.0,875.0,1
2, 8, 379.0,528.0,1
8, 2, 379.0,528.0,1
2, 9, 426.0,575.0,1
9, 2, 426.0,575.0,1
2, 10, 466.0,659.0,-1
10, 2, 466.0,659.0,-1
2, 11, 582.0,735.0,1
11, 2, 582.0,735.0,1
2, 12, 742.0,1041.0,1
12, 2, 742.0,1041.0,1
2, 13, 571.0,619.0,1
13, 2, 571.0,619.0,1
2, 14, 149.0,190.0,1
14, 2, 149.0,190.0,1
2, 15, 301.0,410.0,1
15, 2, 301.0,410.0,1
2, 16, 536.0,715.0,-1
16, 2, 536.0,715.0,-1
2, 2, 0.0,0.0,1
3, 4, 163.0,220.0,-1
4, 3, 163.0,220.0,-1
3, 5, 264.0,352.0,1
5, 3, 264.0,352.0,1
3, 6, 505.0,543.0,-1
6, 3, 505.0,543.0,-1
3, 7, 585.0,802.0,-1
7, 3, 585.0,802.0,-1
3, 8, 387.0,547.0,-1
8, 3, 387.0,547.0,-1
3, 9, 382.0,502.0,-1
9, 3, 382.0,502.0,-1
3, 10, 415.0,586.0,-1
10, 3, 415.0,586.0,-1
3, 11, 548.0,716.0,1
11, 3, 548.0,716.0,1
3, 12, 724.0,1022.0,-1
12, 3, 724.0,1022.0,-1
3, 13, 596.0,600.0,-1
13, 3, 596.0,600.0,-1
3, 14, 202.0,263.0,-1
14, 3, 202.0,263.0,-1
3, 15, 256.0,337.0,1
15, 3, 256.0,337.0,1
3, 16, 509.0,697.0,-1
16, 3, 509.0,697.0,-1
3, 3, 0.0,0.0,1
4, 5, 316.0,345.0,1
5, 4, 316.0,345.0,1
4, 6, 648.0,683.0,-1
6, 4, 648.0,683.0,-1
4, 7, 684.0,871.0,-1
7, 4, 684.0,871.0,-1
4, 8, 240.0,328.0,-1
8, 4, 240.0,328.0,-1
4, 9, 403.0,570.0,-1
9, 4, 403.0,570.0,-1
4, 10, 479.0,654.0,-1
10, 4, 479.0,654.0,-1
4, 11, 710.0,935.0,1
11, 4, 710.0,935.0,1
4, 12, 882.0,1241.0,-1
12, 4, 882.0,1241.0,-1
4, 13, 688.0,819.0,-1
13, 4, 688.0,819.0,-1
4, 14, 159.0,195.0,1
14, 4, 159.0,195.0,1
4, 15, 293.0,405.0,-1
15, 4, 293.0,405.0,-1
4, 16, 671.0,916.0,-1
16, 4, 671.0,916.0,-1
4, 4, 0.0,0.0,1
5, 6, 676.0,894.0,-1
6, 5, 676.0,894.0,-1
5, 7, 818.0,1154.0,-1
7, 5, 818.0,1154.0,-1
5, 8, 543.0,672.0,-1
8, 5, 543.0,672.0,-1
5, 9, 646.0,853.0,-1
9, 5, 646.0,853.0,-1
5, 10, 673.0,937.0,1
10, 5, 673.0,937.0,1
5, 11, 621.0,650.0,-1
11, 5, 621.0,650.0,-1
5, 12, 696.0,897.0,-1
12, 5, 696.0,897.0,-1
5, 13, 376.0,474.0,-1
13, 5, 376.0,474.0,-1
5, 14, 178.0,235.0,1
14, 5, 178.0,235.0,1
5, 15, 519.0,688.0,-1
15, 5, 519.0,688.0,-1
5, 16, 551.0,571.0,-1
16, 5, 551.0,571.0,-1
5, 5, 0.0,0.0,1
6, 7, 261.0,262.0,-1
7, 6, 261.0,262.0,-1
6, 8, 805.0,1010.0,-1
8, 6, 805.0,1010.0,-1
6, 9, 471.0,665.0,1
9, 6, 471.0,665.0,1
6, 10, 358.0,504.0,-1
10, 6, 358.0,504.0,-1
6, 11, 249.0,252.0,1
11, 6, 249.0,252.0,1
6, 12, 525.0,559.0,-1
12, 6, 525.0,559.0,-1
6, 13, 808.0,1135.0,-1
13, 6, 808.0,1135.0,-1
6, 14, 699.0,806.0,-1
14, 6, 699.0,806.0,-1
6, 15, 445.0,595.0,-1
15, 6, 445.0,595.0,-1
6, 16, 306.0,364.0,-1
16, 6, 306.0,364.0,-1
6, 6, 0.0,0.0,1
7, 8, 766.0,784.0,-1
8, 7, 766.0,784.0,-1
7, 9, 356.0,403.0,-1
9, 7, 356.0,403.0,-1
7, 10, 230.0,242.0,-1
10, 7, 230.0,242.0,-1
7, 11, 509.0,514.0,-1
11, 7, 509.0,514.0,-1
7, 12, 785.0,820.0,-1
12, 7, 785.0,820.0,-1
7, 13, 1025.0,1394.0,1
13, 7, 1025.0,1394.0,1
7, 14, 785.0,1065.0,-1
14, 7, 785.0,1065.0,-1
7, 15, 405.0,466.0,-1
15, 7, 405.0,466.0,-1
7, 16, 563.0,624.0,1
16, 7, 563.0,624.0,1
7, 7, 0.0,0.0,1
8, 9, 420.0,483.0,-1
9, 8, 420.0,483.0,-1
8, 10, 538.0,567.0,-1
10, 8, 538.0,567.0,-1
8, 11, 914.0,1262.0,1
11, 8, 914.0,1262.0,1
8, 12, 1109.0,1568.0,1
12, 8, 1109.0,1568.0,1
8, 13, 918.0,1146.0,-1
13, 8, 918.0,1146.0,-1
8, 14, 368.0,438.0,-1
14, 8, 368.0,438.0,-1
8, 15, 371.0,416.0,-1
15, 8, 371.0,416.0,-1
8, 16, 886.0,1243.0,1
16, 8, 886.0,1243.0,1
8, 8, 0.0,0.0,1
9, 10, 129.0,161.0,-1
10, 9, 129.0,161.0,-1
9, 11, 664.0,917.0,-1
11, 9, 664.0,917.0,-1
9, 12, 921.0,1223.0,1
12, 9, 921.0,1223.0,1
9, 13, 958.0,1093.0,-1
13, 9, 958.0,1093.0,-1
9, 14, 545.0,764.0,-1
14, 9, 545.0,764.0,-1
9, 15, 127.0,165.0,-1
15, 9, 127.0,165.0,-1
9, 16, 675.0,897.0,1
16, 9, 675.0,897.0,1
9, 9, 0.0,0.0,1
10, 11, 572.0,756.0,-1
11, 10, 572.0,756.0,-1
10, 12, 840.0,1062.0,1
12, 10, 840.0,1062.0,1
10, 13, 948.0,1177.0,-1
13, 10, 948.0,1177.0,-1
10, 14, 602.0,848.0,-1
14, 10, 602.0,848.0,-1
10, 15, 188.0,249.0,1
15, 10, 188.0,249.0,1
10, 16, 595.0,737.0,-1
16, 10, 595.0,737.0,-1
10, 10, 0.0,0.0,1
11, 12, 277.0,307.0,1
12, 11, 277.0,307.0,1
11, 13, 635.0,890.0,1
13, 11, 635.0,890.0,1
11, 14, 705.0,824.0,-1
14, 11, 705.0,824.0,-1
11, 15, 599.0,846.0,1
15, 11, 599.0,846.0,1
11, 16, 86.0,120.0,-1
16, 11, 86.0,120.0,-1
11, 11, 0.0,0.0,1
12, 13, 546.0,646.0,-1
13, 12, 546.0,646.0,-1
12, 14, 831.0,1131.0,-1
14, 12, 831.0,1131.0,-1
12, 15, 839.0,1153.0,-1
15, 12, 839.0,1153.0,-1
12, 16, 247.0,326.0,-1
16, 12, 247.0,326.0,-1
12, 12, 0.0,0.0,1
13, 14, 553.0,709.0,-1
14, 13, 553.0,709.0,-1
13, 15, 835.0,929.0,-1
15, 13, 835.0,929.0,-1
13, 16, 549.0,771.0,1
16, 13, 549.0,771.0,1
13, 13, 0.0,0.0,1
14, 15, 425.0,600.0,1
15, 14, 425.0,600.0,1
14, 16, 650.0,805.0,1
16, 14, 650.0,805.0,1
14, 14, 0.0,0.0,1
15, 16, 596.0,827.0,-1
16, 15, 596.0,827.0,-1
15, 15, 0.0,0.0,1
16, 16, 0.0,0.0,1


<end>