<number of nodes>
16

<ratio of available edges>
0.3

<max length of the drone flight>
100000 

<D 2/3>
1, 4, 5, 7, 8, 10, 12, 13, 14, 15, 16

<V>
7, 8, 12, 14, 15

<coordinates X,Y>
153.19945782631166, 427.72442038265325
964.4636533282596, 43.086743689109156
207.36585418852044, 516.7108297882061
587.2188189699984, 416.4572210936935
489.0017548637289, 144.10616757678628
416.8369438157929, 535.4782128672804
383.31091578060636, 969.942097303803
946.483012348933, 521.7935694939415
712.4245360205019, 334.2439321328059
435.4499709294934, 629.8497825589263
884.8642511752322, 399.51304752049384
537.9874438452104, 877.4114475064324
85.33458735200517, 695.4391820544399
761.2903678905109, 14.58556995154241
678.110491680651, 562.1227720330396
698.482966345262, 216.26172205852367

<adjacency matrix with truck distances>
1, 2, 898.0,1196.0,-1
2, 1, 898.0,1196.0,-1
1, 3, 105.0,144.0,-1
3, 1, 105.0,144.0,-1
1, 4, 435.0,446.0,-1
4, 1, 435.0,446.0,-1
1, 5, 440.0,620.0,-1
5, 1, 440.0,620.0,-1
1, 6, 285.0,372.0,-1
6, 1, 285.0,372.0,-1
1, 7, 590.0,773.0,1
7, 1, 590.0,773.0,1
1, 8, 799.0,888.0,-1
8, 1, 799.0,888.0,-1
1, 9, 567.0,653.0,1
9, 1, 567.0,653.0,1
1, 10, 348.0,485.0,-1
10, 1, 348.0,485.0,-1
1, 11, 733.0,760.0,-1
11, 1, 733.0,760.0,-1
1, 12, 592.0,835.0,-1
12, 1, 592.0,835.0,-1
1, 13, 277.0,336.0,-1
13, 1, 277.0,336.0,-1
1, 14, 736.0,1022.0,1
14, 1, 736.0,1022.0,1
1, 15, 542.0,660.0,-1
15, 1, 542.0,660.0,-1
1, 16, 585.0,757.0,-1
16, 1, 585.0,757.0,-1
1, 1, 0.0,0.0,1
2, 3, 894.0,1231.0,1
3, 2, 894.0,1231.0,1
2, 4, 531.0,751.0,-1
4, 2, 531.0,751.0,-1
2, 5, 487.0,577.0,-1
5, 2, 487.0,577.0,-1
2, 6, 737.0,1041.0,-1
6, 2, 737.0,1041.0,-1
2, 7, 1094.0,1509.0,-1
7, 2, 1094.0,1509.0,-1
2, 8, 480.0,497.0,1
8, 2, 480.0,497.0,1
2, 9, 386.0,544.0,-1
9, 2, 386.0,544.0,-1
2, 10, 791.0,1116.0,1
10, 2, 791.0,1116.0,1
2, 11, 366.0,437.0,-1
11, 2, 366.0,437.0,-1
2, 12, 938.0,1261.0,-1
12, 2, 938.0,1261.0,-1
2, 13, 1095.0,1532.0,-1
13, 2, 1095.0,1532.0,-1
2, 14, 206.0,232.0,-1
14, 2, 206.0,232.0,-1
2, 15, 593.0,806.0,-1
15, 2, 593.0,806.0,-1
2, 16, 318.0,440.0,-1
16, 2, 318.0,440.0,-1
2, 2, 0.0,0.0,1
3, 4, 393.0,481.0,-1
4, 3, 393.0,481.0,-1
3, 5, 468.0,655.0,1
5, 3, 468.0,655.0,1
3, 6, 211.0,229.0,1
6, 3, 211.0,229.0,1
3, 7, 487.0,630.0,-1
7, 3, 487.0,630.0,-1
3, 8, 740.0,745.0,-1
8, 3, 740.0,745.0,-1
3, 9, 538.0,688.0,1
9, 3, 538.0,688.0,1
3, 10, 255.0,342.0,1
10, 3, 255.0,342.0,1
3, 11, 688.0,795.0,-1
11, 3, 688.0,795.0,-1
3, 12, 490.0,692.0,1
12, 3, 490.0,692.0,1
3, 13, 217.0,301.0,-1
13, 3, 217.0,301.0,-1
3, 14, 748.0,1057.0,-1
14, 3, 748.0,1057.0,-1
3, 15, 473.0,517.0,-1
15, 3, 473.0,517.0,-1
3, 16, 576.0,792.0,1
16, 3, 576.0,792.0,1
3, 3, 0.0,0.0,1
4, 5, 290.0,371.0,-1
5, 4, 290.0,371.0,-1
4, 6, 208.0,290.0,-1
6, 4, 208.0,290.0,-1
4, 7, 590.0,758.0,1
7, 4, 590.0,758.0,1
4, 8, 375.0,465.0,1
8, 4, 375.0,465.0,1
4, 9, 150.0,208.0,1
9, 4, 150.0,208.0,1
4, 10, 262.0,366.0,-1
10, 4, 262.0,366.0,-1
4, 11, 299.0,315.0,-1
11, 4, 299.0,315.0,-1
4, 12, 464.0,511.0,-1
12, 4, 464.0,511.0,-1
4, 13, 575.0,781.0,1
13, 4, 575.0,781.0,1
4, 14, 438.0,576.0,1
14, 4, 438.0,576.0,1
4, 15, 172.0,237.0,-1
15, 4, 172.0,237.0,-1
4, 16, 230.0,312.0,1
16, 4, 230.0,312.0,1
4, 4, 0.0,0.0,1
5, 6, 398.0,464.0,-1
6, 5, 398.0,464.0,-1
5, 7, 833.0,932.0,-1
7, 5, 833.0,932.0,-1
5, 8, 594.0,836.0,-1
8, 5, 594.0,836.0,-1
5, 9, 294.0,414.0,-1
9, 5, 294.0,414.0,-1
5, 10, 489.0,540.0,1
10, 5, 489.0,540.0,1
5, 11, 472.0,652.0,-1
11, 5, 472.0,652.0,-1
5, 12, 735.0,783.0,-1
12, 5, 735.0,783.0,-1
5, 13, 684.0,956.0,-1
13, 5, 684.0,956.0,-1
5, 14, 302.0,402.0,1
14, 5, 302.0,402.0,1
5, 15, 459.0,608.0,-1
15, 5, 459.0,608.0,-1
5, 16, 222.0,282.0,-1
16, 5, 222.0,282.0,-1
5, 5, 0.0,0.0,1
6, 7, 436.0,468.0,-1
7, 6, 436.0,468.0,-1
6, 8, 530.0,544.0,1
8, 6, 530.0,544.0,1
6, 9, 358.0,497.0,1
9, 6, 358.0,497.0,1
6, 10, 97.0,113.0,-1
10, 6, 97.0,113.0,-1
6, 11, 488.0,604.0,-1
11, 6, 488.0,604.0,-1
6, 12, 363.0,464.0,-1
12, 6, 363.0,464.0,-1
6, 13, 369.0,492.0,1
13, 6, 369.0,492.0,1
6, 14, 625.0,866.0,-1
14, 6, 625.0,866.0,-1
6, 15, 263.0,288.0,-1
15, 6, 263.0,288.0,-1
6, 16, 426.0,601.0,-1
16, 6, 426.0,601.0,-1
6, 6, 0.0,0.0,1
7, 8, 720.0,1012.0,1
8, 7, 720.0,1012.0,1
7, 9, 716.0,965.0,-1
9, 7, 716.0,965.0,-1
7, 10, 345.0,393.0,1
10, 7, 345.0,393.0,1
7, 11, 760.0,1072.0,-1
11, 7, 760.0,1072.0,-1
7, 12, 181.0,248.0,-1
12, 7, 181.0,248.0,-1
7, 13, 406.0,573.0,-1
13, 7, 406.0,573.0,-1
7, 14, 1028.0,1334.0,-1
14, 7, 1028.0,1334.0,-1
7, 15, 504.0,703.0,-1
15, 7, 504.0,703.0,-1
7, 16, 817.0,1069.0,-1
16, 7, 817.0,1069.0,-1
7, 7, 0.0,0.0,1
8, 9, 300.0,422.0,-1
9, 8, 300.0,422.0,-1
8, 10, 523.0,620.0,-1
10, 8, 523.0,620.0,-1
8, 11, 137.0,184.0,1
11, 8, 137.0,184.0,1
8, 12, 542.0,765.0,-1
12, 8, 542.0,765.0,-1
8, 13, 879.0,1035.0,1
13, 8, 879.0,1035.0,1
8, 14, 540.0,693.0,-1
14, 8, 540.0,693.0,-1
8, 15, 272.0,309.0,1
15, 8, 272.0,309.0,1
8, 16, 394.0,554.0,1
16, 8, 394.0,554.0,1
8, 8, 0.0,0.0,1
9, 10, 406.0,573.0,-1
10, 9, 406.0,573.0,-1
9, 11, 185.0,238.0,-1
11, 9, 185.0,238.0,-1
9, 12, 571.0,718.0,-1
12, 9, 571.0,718.0,-1
9, 13, 724.0,989.0,-1
13, 9, 724.0,989.0,-1
9, 14, 324.0,369.0,1
14, 9, 324.0,369.0,1
9, 15, 231.0,263.0,1
15, 9, 231.0,263.0,1
9, 16, 119.0,132.0,1
16, 9, 119.0,132.0,1
9, 9, 0.0,0.0,1
10, 11, 506.0,680.0,1
11, 10, 506.0,680.0,1
10, 12, 268.0,351.0,-1
12, 10, 268.0,351.0,-1
10, 13, 357.0,416.0,-1
13, 10, 357.0,416.0,-1
10, 14, 697.0,942.0,-1
14, 10, 697.0,942.0,-1
10, 15, 252.0,311.0,-1
15, 10, 252.0,311.0,-1
10, 16, 491.0,677.0,-1
16, 10, 491.0,677.0,-1
10, 10, 0.0,0.0,1
11, 12, 591.0,825.0,-1
12, 11, 591.0,825.0,-1
11, 13, 853.0,1096.0,-1
13, 11, 853.0,1096.0,-1
11, 14, 405.0,509.0,-1
14, 11, 405.0,509.0,-1
11, 15, 264.0,370.0,-1
15, 11, 264.0,370.0,-1
11, 16, 262.0,370.0,-1
16, 11, 262.0,370.0,-1
11, 11, 0.0,0.0,1
12, 13, 488.0,635.0,-1
13, 12, 488.0,635.0,-1
12, 14, 892.0,1087.0,1
14, 12, 892.0,1087.0,1
12, 15, 346.0,456.0,-1
15, 12, 346.0,456.0,-1
12, 16, 681.0,822.0,1
16, 12, 681.0,822.0,1
12, 12, 0.0,0.0,1
13, 14, 960.0,1357.0,-1
14, 13, 960.0,1357.0,-1
13, 15, 608.0,727.0,1
15, 13, 608.0,727.0,1
13, 16, 779.0,1093.0,-1
16, 13, 779.0,1093.0,-1
13, 13, 0.0,0.0,1
14, 15, 554.0,631.0,-1
15, 14, 554.0,631.0,-1
14, 16, 212.0,265.0,-1
16, 14, 212.0,265.0,-1
14, 14, 0.0,0.0,1
15, 16, 347.0,367.0,-1
16, 15, 347.0,367.0,-1
15, 15, 0.0,0.0,1
16, 16, 0.0,0.0,1


<end>