<number of nodes>
16

<ratio of available edges>
0.3

<max length of the drone flight>
100000 

<D 2/3>
1, 3, 4, 6, 7, 8, 9, 11, 12, 13, 14

<V>
6, 9, 11, 12, 14

<coordinates X,Y>
528.4104682721389, 925.3920419606555
342.38076000424377, 27.672722182068945
456.194558969972, 560.6546400539105
666.2284452512486, 757.5054422701479
718.9839195998127, 697.0338259698916
648.5502716096131, 831.5626656197991
20.416576044347376, 698.9850680628064
68.1565564499798, 523.2279754287271
886.5374475188, 653.798991044596
30.83711649416369, 35.666401387487824
759.9706703442805, 410.8746422966033
632.9781343616244, 630.2634031826168
420.59537709703, 281.4024670247791
259.6373902313655, 508.04229286582944
498.3468002113624, 74.91239383179902
168.33222472367845, 79.91381483354492

<adjacency matrix with truck distances>
1, 2, 917.0,1084.0,-1
2, 1, 917.0,1084.0,-1
1, 3, 372.0,437.0,-1
3, 1, 372.0,437.0,-1
1, 4, 218.0,306.0,-1
4, 1, 218.0,306.0,-1
1, 5, 298.0,419.0,-1
5, 1, 298.0,419.0,-1
1, 6, 153.0,214.0,1
6, 1, 153.0,214.0,1
1, 7, 557.0,735.0,-1
7, 1, 557.0,735.0,-1
1, 8, 612.0,863.0,1
8, 1, 612.0,863.0,1
1, 9, 450.0,630.0,1
9, 1, 450.0,630.0,1
1, 10, 1020.0,1388.0,-1
10, 1, 1020.0,1388.0,-1
1, 11, 565.0,747.0,-1
11, 1, 565.0,747.0,-1
1, 12, 314.0,400.0,-1
12, 1, 314.0,400.0,-1
1, 13, 653.0,752.0,-1
13, 1, 653.0,752.0,-1
1, 14, 497.0,687.0,1
14, 1, 497.0,687.0,1
1, 15, 852.0,881.0,-1
15, 1, 852.0,881.0,-1
1, 16, 919.0,1206.0,1
16, 1, 919.0,1206.0,1
1, 1, 0.0,0.0,1
2, 3, 545.0,647.0,1
3, 2, 545.0,647.0,1
2, 4, 799.0,1054.0,-1
4, 2, 799.0,1054.0,-1
2, 5, 769.0,1046.0,1
5, 2, 769.0,1046.0,1
2, 6, 861.0,1111.0,-1
6, 2, 861.0,1111.0,-1
2, 7, 745.0,994.0,-1
7, 2, 745.0,994.0,-1
2, 8, 567.0,770.0,-1
8, 2, 567.0,770.0,-1
2, 9, 830.0,1171.0,-1
9, 2, 830.0,1171.0,-1
2, 10, 312.0,320.0,-1
10, 2, 312.0,320.0,-1
2, 11, 567.0,801.0,-1
11, 2, 567.0,801.0,-1
2, 12, 670.0,894.0,-1
12, 2, 670.0,894.0,-1
2, 13, 266.0,332.0,1
13, 2, 266.0,332.0,1
2, 14, 488.0,564.0,1
14, 2, 488.0,564.0,1
2, 15, 163.0,204.0,-1
15, 2, 163.0,204.0,-1
2, 16, 182.0,227.0,1
16, 2, 182.0,227.0,1
2, 2, 0.0,0.0,1
3, 4, 288.0,407.0,-1
4, 3, 288.0,407.0,-1
3, 5, 297.0,400.0,-1
5, 3, 297.0,400.0,-1
3, 6, 333.0,464.0,-1
6, 3, 333.0,464.0,-1
3, 7, 458.0,575.0,-1
7, 3, 458.0,575.0,-1
3, 8, 390.0,426.0,-1
8, 3, 390.0,426.0,-1
3, 9, 441.0,524.0,1
9, 3, 441.0,524.0,1
3, 10, 676.0,951.0,1
10, 3, 676.0,951.0,1
3, 11, 339.0,454.0,-1
11, 3, 339.0,454.0,-1
3, 12, 190.0,247.0,1
12, 3, 190.0,247.0,1
3, 13, 282.0,315.0,-1
13, 3, 282.0,315.0,-1
3, 14, 204.0,250.0,1
14, 3, 204.0,250.0,1
3, 15, 488.0,528.0,1
15, 3, 488.0,528.0,1
3, 16, 561.0,769.0,-1
16, 3, 561.0,769.0,-1
3, 3, 0.0,0.0,1
4, 5, 81.0,114.0,1
5, 4, 81.0,114.0,1
4, 6, 77.0,92.0,-1
6, 4, 77.0,92.0,-1
4, 7, 649.0,705.0,1
7, 4, 649.0,705.0,1
4, 8, 643.0,833.0,-1
8, 4, 643.0,833.0,-1
4, 9, 244.0,325.0,1
9, 4, 244.0,325.0,1
4, 10, 962.0,1358.0,-1
10, 4, 962.0,1358.0,-1
4, 11, 360.0,441.0,-1
11, 4, 360.0,441.0,-1
4, 12, 132.0,161.0,-1
12, 4, 132.0,161.0,-1
4, 13, 536.0,722.0,1
13, 4, 536.0,722.0,1
4, 14, 478.0,657.0,-1
14, 4, 478.0,657.0,-1
4, 15, 703.0,851.0,1
15, 4, 703.0,851.0,1
4, 16, 841.0,1176.0,-1
16, 4, 841.0,1176.0,-1
4, 4, 0.0,0.0,1
5, 6, 152.0,205.0,-1
6, 5, 152.0,205.0,-1
5, 7, 699.0,701.0,-1
7, 5, 699.0,701.0,-1
5, 8, 674.0,825.0,-1
8, 5, 674.0,825.0,-1
5, 9, 174.0,211.0,-1
9, 5, 174.0,211.0,-1
5, 10, 955.0,1350.0,-1
10, 5, 955.0,1350.0,-1
5, 11, 290.0,328.0,1
11, 5, 290.0,328.0,1
5, 12, 109.0,153.0,1
12, 5, 109.0,153.0,1
5, 13, 512.0,715.0,1
13, 5, 512.0,715.0,1
5, 14, 497.0,649.0,1
14, 5, 497.0,649.0,1
5, 15, 661.0,843.0,-1
15, 5, 661.0,843.0,-1
5, 16, 828.0,1168.0,-1
16, 5, 828.0,1168.0,-1
5, 5, 0.0,0.0,1
6, 7, 642.0,761.0,-1
7, 6, 642.0,761.0,-1
6, 8, 658.0,889.0,-1
8, 6, 658.0,889.0,-1
6, 9, 298.0,416.0,-1
9, 6, 298.0,416.0,-1
6, 10, 1008.0,1414.0,-1
10, 6, 1008.0,1414.0,-1
6, 11, 436.0,533.0,-1
11, 6, 436.0,533.0,-1
6, 12, 202.0,217.0,-1
12, 6, 202.0,217.0,-1
6, 13, 596.0,779.0,-1
13, 6, 596.0,779.0,-1
6, 14, 506.0,713.0,-1
14, 6, 506.0,713.0,-1
6, 15, 772.0,907.0,-1
15, 6, 772.0,907.0,-1
6, 16, 892.0,1232.0,1
16, 6, 892.0,1232.0,1
6, 6, 0.0,0.0,1
7, 8, 183.0,224.0,-1
8, 7, 183.0,224.0,-1
7, 9, 868.0,912.0,-1
9, 7, 868.0,912.0,-1
7, 10, 664.0,674.0,1
10, 7, 664.0,674.0,1
7, 11, 794.0,1028.0,-1
11, 7, 794.0,1028.0,-1
7, 12, 617.0,682.0,-1
12, 7, 617.0,682.0,-1
7, 13, 579.0,818.0,-1
13, 7, 579.0,818.0,-1
7, 14, 307.0,431.0,-1
14, 7, 307.0,431.0,-1
7, 15, 787.0,1103.0,1
15, 7, 787.0,1103.0,1
7, 16, 637.0,767.0,-1
16, 7, 637.0,767.0,-1
7, 7, 0.0,0.0,1
8, 9, 829.0,949.0,1
9, 8, 829.0,949.0,1
8, 10, 489.0,525.0,1
10, 8, 489.0,525.0,1
8, 11, 701.0,805.0,-1
11, 8, 701.0,805.0,-1
8, 12, 575.0,672.0,-1
12, 8, 575.0,672.0,-1
8, 13, 428.0,595.0,-1
13, 8, 428.0,595.0,-1
8, 14, 193.0,207.0,1
14, 8, 193.0,207.0,1
8, 15, 622.0,879.0,-1
15, 8, 622.0,879.0,-1
8, 16, 455.0,544.0,1
16, 8, 455.0,544.0,1
8, 8, 0.0,0.0,1
9, 10, 1056.0,1474.0,-1
10, 9, 1056.0,1474.0,-1
9, 11, 274.0,370.0,1
11, 9, 274.0,370.0,1
9, 12, 255.0,278.0,-1
12, 9, 255.0,278.0,-1
9, 13, 597.0,839.0,-1
13, 9, 597.0,839.0,-1
9, 14, 644.0,773.0,-1
14, 9, 644.0,773.0,-1
9, 15, 697.0,968.0,-1
15, 9, 697.0,968.0,-1
9, 16, 920.0,1293.0,-1
16, 9, 920.0,1293.0,-1
9, 9, 0.0,0.0,1
10, 11, 821.0,1105.0,-1
11, 10, 821.0,1105.0,-1
10, 12, 847.0,1197.0,-1
12, 10, 847.0,1197.0,-1
10, 13, 461.0,636.0,-1
13, 10, 461.0,636.0,-1
10, 14, 525.0,702.0,-1
14, 10, 525.0,702.0,-1
10, 15, 470.0,507.0,-1
15, 10, 470.0,507.0,-1
10, 16, 145.0,182.0,-1
16, 10, 145.0,182.0,-1
10, 10, 0.0,0.0,1
11, 12, 254.0,347.0,-1
12, 11, 254.0,347.0,-1
11, 13, 364.0,469.0,-1
13, 11, 364.0,469.0,-1
11, 14, 510.0,598.0,1
14, 11, 510.0,598.0,1
11, 15, 426.0,598.0,-1
15, 11, 426.0,598.0,-1
11, 16, 678.0,923.0,1
16, 11, 678.0,923.0,1
11, 11, 0.0,0.0,1
12, 13, 409.0,562.0,-1
13, 12, 409.0,562.0,-1
12, 14, 393.0,496.0,1
14, 12, 393.0,496.0,1
12, 15, 572.0,690.0,1
15, 12, 572.0,690.0,1
12, 16, 721.0,1015.0,-1
16, 12, 721.0,1015.0,-1
12, 12, 0.0,0.0,1
13, 14, 278.0,388.0,-1
14, 13, 278.0,388.0,-1
13, 15, 221.0,285.0,-1
15, 13, 221.0,285.0,-1
13, 16, 323.0,454.0,-1
16, 13, 323.0,454.0,-1
13, 13, 0.0,0.0,1
14, 15, 495.0,672.0,-1
15, 14, 495.0,672.0,-1
14, 16, 438.0,520.0,-1
16, 14, 438.0,520.0,-1
14, 14, 0.0,0.0,1
15, 16, 331.0,336.0,-1
16, 15, 331.0,336.0,-1
15, 15, 0.0,0.0,1
16, 16, 0.0,0.0,1


<end>