<number of nodes>
16

<ratio of available edges>
0.3

<max length of the drone flight>
100000 

<D 2/3>
1, 2, 4, 5, 8, 11, 12, 13, 14, 15, 16

<V>
4, 8, 11, 12, 16

<coordinates X,Y>
257.5710240765006, 125.15915241528094
736.8861090253671, 856.9553545645654
482.1735119146726, 516.6393257990204
447.7782963957952, 574.7883889472632
531.4448115919057, 768.2127652664659
40.28220447340821, 985.8651270614582
387.3198209480923, 288.447863044451
124.90589920610174, 84.19405530199268
404.99296712903987, 243.66286528388474
104.60809709894036, 229.71287666480677
812.6856427204341, 541.5199768023494
516.6630204677581, 805.1865562203666
625.1463150398602, 180.38500492083946
541.5414178879247, 921.0348365989922
133.56105823403686, 639.3536315687644
388.2636554179535, 542.8544350119711

<adjacency matrix with truck distances>
1, 2, 875.0,1212.0,1
2, 1, 875.0,1212.0,1
1, 3, 452.0,617.0,-1
3, 1, 452.0,617.0,-1
1, 4, 489.0,640.0,-1
4, 1, 489.0,640.0,-1
1, 5, 699.0,917.0,1
5, 1, 699.0,917.0,1
1, 6, 888.0,1078.0,-1
6, 1, 888.0,1078.0,-1
1, 7, 209.0,294.0,-1
7, 1, 209.0,294.0,-1
1, 8, 139.0,174.0,-1
8, 1, 139.0,174.0,-1
1, 9, 190.0,266.0,-1
9, 1, 190.0,266.0,-1
1, 10, 186.0,258.0,-1
10, 1, 186.0,258.0,-1
1, 11, 694.0,972.0,-1
11, 1, 694.0,972.0,-1
1, 12, 728.0,940.0,-1
12, 1, 728.0,940.0,-1
1, 13, 372.0,423.0,-1
13, 1, 372.0,423.0,-1
1, 14, 846.0,1080.0,1
14, 1, 846.0,1080.0,1
1, 15, 529.0,639.0,-1
15, 1, 529.0,639.0,-1
1, 16, 438.0,549.0,-1
16, 1, 438.0,549.0,-1
1, 1, 0.0,0.0,1
2, 3, 426.0,596.0,-1
3, 2, 426.0,596.0,-1
2, 4, 404.0,572.0,1
4, 2, 404.0,572.0,1
2, 5, 224.0,295.0,-1
5, 2, 224.0,295.0,-1
2, 6, 709.0,826.0,-1
6, 2, 709.0,826.0,-1
2, 7, 668.0,919.0,-1
7, 2, 668.0,919.0,-1
2, 8, 986.0,1385.0,1
8, 2, 986.0,1385.0,1
2, 9, 698.0,946.0,1
9, 2, 698.0,946.0,1
2, 10, 891.0,1260.0,-1
10, 2, 891.0,1260.0,-1
2, 11, 325.0,392.0,1
11, 2, 325.0,392.0,1
2, 12, 227.0,272.0,-1
12, 2, 227.0,272.0,-1
2, 13, 686.0,789.0,-1
13, 2, 686.0,789.0,-1
2, 14, 206.0,260.0,-1
14, 2, 206.0,260.0,-1
2, 15, 642.0,821.0,-1
15, 2, 642.0,821.0,-1
2, 16, 470.0,663.0,1
16, 2, 470.0,663.0,1
2, 2, 0.0,0.0,1
3, 4, 68.0,93.0,-1
4, 3, 68.0,93.0,-1
3, 5, 257.0,301.0,1
5, 3, 257.0,301.0,1
3, 6, 645.0,912.0,-1
6, 3, 645.0,912.0,-1
3, 7, 248.0,324.0,1
7, 3, 248.0,324.0,1
3, 8, 561.0,790.0,1
8, 3, 561.0,790.0,1
3, 9, 284.0,351.0,-1
9, 3, 284.0,351.0,-1
3, 10, 475.0,665.0,-1
10, 3, 475.0,665.0,-1
3, 11, 332.0,356.0,1
11, 3, 332.0,356.0,1
3, 12, 291.0,324.0,-1
12, 3, 291.0,324.0,-1
3, 13, 366.0,480.0,-1
13, 3, 366.0,480.0,-1
3, 14, 409.0,464.0,-1
14, 3, 409.0,464.0,-1
3, 15, 370.0,472.0,-1
15, 3, 370.0,472.0,-1
3, 16, 98.0,121.0,-1
16, 3, 98.0,121.0,-1
3, 3, 0.0,0.0,1
4, 5, 211.0,278.0,-1
5, 4, 211.0,278.0,-1
4, 6, 579.0,819.0,-1
6, 4, 579.0,819.0,-1
4, 7, 293.0,347.0,1
7, 4, 293.0,347.0,1
4, 8, 588.0,814.0,-1
8, 4, 588.0,814.0,-1
4, 9, 334.0,374.0,1
9, 4, 334.0,374.0,1
4, 10, 487.0,689.0,1
10, 4, 487.0,689.0,1
4, 11, 367.0,399.0,-1
11, 4, 367.0,399.0,-1
4, 12, 241.0,300.0,-1
12, 4, 241.0,300.0,-1
4, 13, 433.0,572.0,-1
13, 4, 433.0,572.0,-1
4, 14, 359.0,441.0,1
14, 4, 359.0,441.0,1
4, 15, 321.0,379.0,-1
15, 4, 321.0,379.0,-1
4, 16, 68.0,92.0,-1
16, 4, 68.0,92.0,-1
4, 4, 0.0,0.0,1
5, 6, 538.0,709.0,1
6, 5, 538.0,709.0,1
5, 7, 501.0,624.0,1
7, 5, 501.0,624.0,1
5, 8, 796.0,1091.0,-1
8, 5, 796.0,1091.0,-1
5, 9, 540.0,652.0,1
9, 5, 540.0,652.0,1
5, 10, 688.0,966.0,-1
10, 5, 688.0,966.0,-1
5, 11, 362.0,508.0,-1
11, 5, 362.0,508.0,-1
5, 12, 40.0,52.0,-1
12, 5, 40.0,52.0,-1
5, 13, 596.0,682.0,-1
13, 5, 596.0,682.0,-1
5, 14, 154.0,163.0,-1
14, 5, 154.0,163.0,-1
5, 15, 419.0,527.0,1
15, 5, 419.0,527.0,1
5, 16, 267.0,369.0,-1
16, 5, 267.0,369.0,-1
5, 5, 0.0,0.0,1
6, 7, 779.0,1045.0,-1
7, 6, 779.0,1045.0,-1
6, 8, 906.0,987.0,1
8, 6, 906.0,987.0,1
6, 9, 827.0,1107.0,-1
9, 6, 827.0,1107.0,-1
6, 10, 759.0,821.0,-1
10, 6, 759.0,821.0,-1
6, 11, 892.0,1217.0,-1
11, 6, 892.0,1217.0,-1
6, 12, 510.0,658.0,-1
12, 6, 510.0,658.0,-1
6, 13, 996.0,1391.0,-1
13, 6, 996.0,1391.0,-1
6, 14, 506.0,567.0,1
14, 6, 506.0,567.0,1
6, 15, 359.0,440.0,-1
15, 6, 359.0,440.0,-1
6, 16, 564.0,791.0,-1
16, 6, 564.0,791.0,-1
6, 6, 0.0,0.0,1
7, 8, 333.0,467.0,-1
8, 7, 333.0,467.0,-1
7, 9, 49.0,63.0,1
9, 7, 49.0,63.0,1
7, 10, 289.0,342.0,-1
10, 7, 289.0,342.0,-1
7, 11, 495.0,679.0,1
11, 7, 495.0,679.0,1
7, 12, 533.0,647.0,1
12, 7, 533.0,647.0,1
7, 13, 262.0,346.0,1
13, 7, 262.0,346.0,1
7, 14, 652.0,787.0,1
14, 7, 652.0,787.0,1
7, 15, 434.0,605.0,-1
15, 7, 434.0,605.0,-1
7, 16, 255.0,256.0,-1
16, 7, 255.0,256.0,-1
7, 7, 0.0,0.0,1
8, 9, 323.0,440.0,1
9, 8, 323.0,440.0,1
8, 10, 147.0,166.0,-1
10, 8, 147.0,166.0,-1
8, 11, 826.0,1146.0,-1
11, 8, 826.0,1146.0,-1
8, 12, 821.0,1113.0,-1
12, 8, 821.0,1113.0,-1
8, 13, 510.0,597.0,-1
13, 8, 510.0,597.0,-1
8, 14, 935.0,1254.0,-1
14, 8, 935.0,1254.0,-1
8, 15, 556.0,564.0,-1
15, 8, 556.0,564.0,-1
8, 16, 529.0,723.0,-1
16, 8, 529.0,723.0,-1
8, 8, 0.0,0.0,1
9, 10, 301.0,315.0,1
10, 9, 301.0,315.0,1
9, 11, 505.0,706.0,-1
11, 9, 505.0,706.0,-1
9, 12, 573.0,674.0,-1
12, 9, 573.0,674.0,-1
9, 13, 230.0,284.0,1
13, 9, 230.0,284.0,1
9, 14, 691.0,814.0,1
14, 9, 691.0,814.0,1
9, 15, 480.0,668.0,-1
15, 9, 480.0,668.0,-1
9, 16, 300.0,316.0,-1
16, 9, 300.0,316.0,-1
9, 9, 0.0,0.0,1
10, 11, 774.0,1020.0,-1
11, 10, 774.0,1020.0,-1
10, 12, 708.0,988.0,-1
12, 10, 708.0,988.0,-1
10, 13, 523.0,570.0,-1
13, 10, 523.0,570.0,-1
10, 14, 818.0,1129.0,-1
14, 10, 818.0,1129.0,-1
10, 15, 411.0,439.0,-1
15, 10, 411.0,439.0,-1
10, 16, 423.0,597.0,1
16, 10, 423.0,597.0,1
10, 10, 0.0,0.0,1
11, 12, 397.0,560.0,1
12, 11, 397.0,560.0,1
11, 13, 407.0,549.0,-1
13, 11, 407.0,549.0,-1
11, 14, 467.0,651.0,-1
14, 11, 467.0,651.0,-1
11, 15, 687.0,777.0,1
15, 11, 687.0,777.0,1
11, 16, 425.0,426.0,-1
16, 11, 425.0,426.0,-1
11, 11, 0.0,0.0,1
12, 13, 635.0,734.0,-1
13, 12, 635.0,734.0,-1
12, 14, 119.0,141.0,-1
14, 12, 119.0,141.0,-1
12, 15, 418.0,549.0,-1
15, 12, 418.0,549.0,-1
12, 16, 293.0,391.0,-1
16, 12, 293.0,391.0,-1
12, 12, 0.0,0.0,1
13, 14, 746.0,825.0,1
14, 13, 746.0,825.0,1
13, 15, 673.0,951.0,-1
15, 13, 673.0,951.0,-1
13, 16, 434.0,600.0,-1
16, 13, 434.0,600.0,-1
13, 13, 0.0,0.0,1
14, 15, 496.0,690.0,1
15, 14, 496.0,690.0,1
14, 16, 409.0,532.0,-1
16, 14, 409.0,532.0,-1
14, 14, 0.0,0.0,1
15, 16, 273.0,352.0,-1
16, 15, 273.0,352.0,-1
15, 15, 0.0,0.0,1
16, 16, 0.0,0.0,1


<end>