<number of nodes>
16

<ratio of available edges>
0.3

<max length of the drone flight>
100000 

<D 2/3>
1, 3, 4, 7, 8, 9, 10, 11, 12, 15, 16

<V>
4, 8, 9, 15, 16

<coordinates X,Y>
260.7442867708329, 991.2613341029522
211.01514031649953, 897.8794751502943
383.9514636137778, 75.17466229737575
354.76660527539696, 775.4174329356786
742.5626409132743, 578.6979235010352
698.7340629883271, 242.91452972564238
618.0132675358302, 180.96302325369967
739.3773388948935, 616.360382515006
193.1842647352342, 215.30262508956326
134.2840311889833, 452.25137358624045
756.3555815605172, 977.8457644632985
850.998680609715, 454.3627186578497
275.410971474531, 409.6917667282399
333.32963301964577, 280.74555661426604
141.2389418058373, 449.32452859919346
171.49436622629446, 137.11377920879804

<adjacency matrix with truck distances>
1, 2, 106.0,144.0,1
2, 1, 106.0,144.0,1
1, 3, 925.0,1040.0,-1
3, 1, 925.0,1040.0,-1
1, 4, 236.0,310.0,1
4, 1, 236.0,310.0,1
1, 5, 635.0,895.0,-1
5, 1, 635.0,895.0,-1
1, 6, 868.0,1187.0,-1
6, 1, 868.0,1187.0,-1
1, 7, 886.0,1168.0,-1
7, 1, 886.0,1168.0,-1
1, 8, 608.0,854.0,-1
8, 1, 608.0,854.0,-1
1, 9, 779.0,844.0,-1
9, 1, 779.0,844.0,-1
1, 10, 554.0,666.0,-1
10, 1, 554.0,666.0,-1
1, 11, 496.0,510.0,1
11, 1, 496.0,510.0,1
1, 12, 798.0,1128.0,-1
12, 1, 798.0,1128.0,-1
1, 13, 582.0,597.0,-1
13, 1, 582.0,597.0,-1
1, 14, 715.0,784.0,-1
14, 1, 715.0,784.0,-1
1, 15, 555.0,662.0,-1
15, 1, 555.0,662.0,-1
1, 16, 859.0,944.0,1
16, 1, 859.0,944.0,1
1, 1, 0.0,0.0,1
2, 3, 841.0,996.0,-1
3, 2, 841.0,996.0,-1
2, 4, 189.0,267.0,1
4, 2, 189.0,267.0,1
2, 5, 621.0,851.0,1
5, 2, 621.0,851.0,1
2, 6, 817.0,1143.0,1
6, 2, 817.0,1143.0,1
2, 7, 825.0,1124.0,-1
7, 2, 825.0,1124.0,-1
2, 8, 599.0,810.0,1
8, 2, 599.0,810.0,1
2, 9, 683.0,701.0,1
9, 2, 683.0,701.0,1
2, 10, 453.0,523.0,-1
10, 2, 453.0,523.0,-1
2, 11, 552.0,626.0,-1
11, 2, 552.0,626.0,-1
2, 12, 779.0,1084.0,-1
12, 2, 779.0,1084.0,-1
2, 13, 493.0,553.0,-1
13, 2, 493.0,553.0,-1
2, 14, 630.0,740.0,-1
14, 2, 630.0,740.0,-1
2, 15, 454.0,519.0,-1
15, 2, 454.0,519.0,-1
2, 16, 762.0,801.0,1
16, 2, 762.0,801.0,1
2, 2, 0.0,0.0,1
3, 4, 701.0,730.0,1
4, 3, 701.0,730.0,1
3, 5, 619.0,863.0,1
5, 3, 619.0,863.0,1
3, 6, 357.0,483.0,-1
6, 3, 357.0,483.0,-1
3, 7, 257.0,340.0,1
7, 3, 257.0,340.0,1
3, 8, 648.0,897.0,1
8, 3, 648.0,897.0,1
3, 9, 237.0,331.0,1
9, 3, 237.0,331.0,1
3, 10, 453.0,627.0,-1
10, 3, 453.0,627.0,-1
3, 11, 977.0,1276.0,1
11, 3, 977.0,1276.0,1
3, 12, 602.0,847.0,-1
12, 3, 602.0,847.0,-1
3, 13, 352.0,444.0,-1
13, 3, 352.0,444.0,-1
3, 14, 212.0,257.0,-1
14, 3, 212.0,257.0,-1
3, 15, 446.0,617.0,-1
15, 3, 446.0,617.0,-1
3, 16, 222.0,275.0,1
16, 3, 222.0,275.0,1
3, 3, 0.0,0.0,1
4, 5, 435.0,585.0,-1
5, 4, 435.0,585.0,-1
4, 6, 634.0,877.0,-1
6, 4, 634.0,877.0,-1
4, 7, 651.0,858.0,-1
7, 4, 651.0,858.0,-1
4, 8, 417.0,544.0,-1
8, 4, 417.0,544.0,-1
4, 9, 583.0,722.0,1
9, 4, 583.0,722.0,1
4, 10, 392.0,544.0,-1
10, 4, 392.0,544.0,-1
4, 11, 450.0,605.0,-1
11, 4, 450.0,605.0,-1
4, 12, 592.0,818.0,-1
12, 4, 592.0,818.0,-1
4, 13, 375.0,446.0,1
13, 4, 375.0,446.0,1
4, 14, 496.0,517.0,-1
14, 4, 496.0,517.0,-1
4, 15, 390.0,540.0,-1
15, 4, 390.0,540.0,-1
4, 16, 665.0,822.0,-1
16, 4, 665.0,822.0,-1
4, 4, 0.0,0.0,1
5, 6, 339.0,380.0,-1
6, 5, 339.0,380.0,-1
5, 7, 417.0,523.0,-1
7, 5, 417.0,523.0,-1
5, 8, 38.0,41.0,-1
8, 5, 38.0,41.0,-1
5, 9, 659.0,913.0,-1
9, 5, 659.0,913.0,-1
5, 10, 622.0,735.0,-1
10, 5, 622.0,735.0,-1
5, 11, 400.0,413.0,-1
11, 5, 400.0,413.0,-1
5, 12, 165.0,233.0,-1
12, 5, 165.0,233.0,-1
5, 13, 497.0,637.0,-1
13, 5, 497.0,637.0,-1
5, 14, 507.0,708.0,1
14, 5, 507.0,708.0,1
5, 15, 616.0,731.0,-1
15, 5, 616.0,731.0,-1
5, 16, 722.0,1013.0,1
16, 5, 722.0,1013.0,1
5, 5, 0.0,0.0,1
6, 7, 102.0,143.0,1
7, 6, 102.0,143.0,1
6, 8, 376.0,415.0,1
8, 6, 376.0,415.0,1
6, 9, 507.0,534.0,-1
9, 6, 507.0,534.0,-1
6, 10, 603.0,774.0,1
10, 6, 603.0,774.0,1
6, 11, 738.0,793.0,-1
11, 6, 738.0,793.0,-1
6, 12, 261.0,364.0,1
12, 6, 261.0,364.0,1
6, 13, 455.0,591.0,-1
13, 6, 455.0,591.0,-1
6, 14, 368.0,404.0,-1
14, 6, 368.0,404.0,-1
6, 15, 595.0,764.0,-1
15, 6, 595.0,764.0,-1
6, 16, 538.0,634.0,-1
16, 6, 538.0,634.0,-1
6, 6, 0.0,0.0,1
7, 8, 452.0,557.0,-1
8, 7, 452.0,557.0,-1
7, 9, 427.0,460.0,-1
9, 7, 427.0,460.0,-1
7, 10, 555.0,756.0,-1
10, 7, 555.0,756.0,-1
7, 11, 809.0,936.0,-1
11, 7, 809.0,936.0,-1
7, 12, 360.0,507.0,1
12, 7, 360.0,507.0,1
7, 13, 412.0,572.0,-1
13, 7, 412.0,572.0,-1
7, 14, 302.0,385.0,-1
14, 7, 302.0,385.0,-1
7, 15, 548.0,746.0,-1
15, 7, 548.0,746.0,-1
7, 16, 449.0,491.0,-1
16, 7, 449.0,491.0,-1
7, 7, 0.0,0.0,1
8, 9, 678.0,948.0,1
9, 8, 678.0,948.0,1
8, 10, 627.0,770.0,1
10, 8, 627.0,770.0,1
8, 11, 362.0,379.0,-1
11, 8, 362.0,379.0,-1
8, 12, 197.0,274.0,-1
12, 8, 197.0,274.0,-1
8, 13, 508.0,671.0,1
13, 8, 508.0,671.0,1
8, 14, 527.0,742.0,-1
14, 8, 527.0,742.0,-1
8, 15, 622.0,766.0,-1
15, 8, 622.0,766.0,-1
8, 16, 744.0,1048.0,-1
16, 8, 744.0,1048.0,-1
8, 8, 0.0,0.0,1
9, 10, 245.0,296.0,-1
10, 9, 245.0,296.0,-1
9, 11, 948.0,1326.0,-1
11, 9, 948.0,1326.0,-1
9, 12, 700.0,897.0,-1
12, 9, 700.0,897.0,-1
9, 13, 212.0,277.0,1
13, 9, 212.0,277.0,1
9, 14, 155.0,206.0,1
14, 9, 155.0,206.0,1
9, 15, 240.0,286.0,1
15, 9, 240.0,286.0,1
9, 16, 82.0,100.0,-1
16, 9, 82.0,100.0,-1
9, 9, 0.0,0.0,1
10, 11, 815.0,1148.0,-1
11, 10, 815.0,1148.0,-1
10, 12, 717.0,719.0,-1
12, 10, 717.0,719.0,-1
10, 13, 148.0,184.0,1
13, 10, 148.0,184.0,1
10, 14, 263.0,371.0,-1
14, 10, 263.0,371.0,-1
10, 15, 8.0,10.0,-1
15, 10, 8.0,10.0,-1
10, 16, 318.0,353.0,-1
16, 10, 318.0,353.0,-1
10, 10, 0.0,0.0,1
11, 12, 532.0,619.0,-1
12, 11, 532.0,619.0,-1
11, 13, 745.0,1050.0,-1
13, 11, 745.0,1050.0,-1
11, 14, 816.0,1121.0,-1
14, 11, 816.0,1121.0,-1
11, 15, 811.0,1144.0,-1
15, 11, 811.0,1144.0,-1
11, 16, 1025.0,1426.0,1
16, 11, 1025.0,1426.0,1
11, 11, 0.0,0.0,1
12, 13, 578.0,621.0,1
13, 12, 578.0,621.0,1
12, 14, 547.0,692.0,-1
14, 12, 547.0,692.0,-1
12, 15, 710.0,715.0,-1
15, 12, 710.0,715.0,-1
12, 16, 750.0,997.0,-1
16, 12, 750.0,997.0,-1
12, 12, 0.0,0.0,1
13, 14, 142.0,187.0,-1
14, 13, 142.0,187.0,-1
13, 15, 140.0,174.0,-1
15, 13, 140.0,174.0,-1
13, 16, 292.0,377.0,-1
16, 13, 292.0,377.0,-1
13, 13, 0.0,0.0,1
14, 15, 256.0,361.0,1
15, 14, 256.0,361.0,1
14, 16, 217.0,306.0,-1
16, 14, 217.0,306.0,-1
14, 14, 0.0,0.0,1
15, 16, 314.0,343.0,-1
16, 15, 314.0,343.0,-1
15, 15, 0.0,0.0,1
16, 16, 0.0,0.0,1


<end>