<number of nodes>
16

<ratio of available edges>
0.3

<max length of the drone flight>
100000 

<D 2/3>
1, 3, 4, 5, 8, 9, 12, 13, 14, 15, 16

<V>
3, 5, 14, 15, 16

<coordinates X,Y>
336.7178637855645, 519.3668969735792
857.4063581691667, 989.4293001612435
124.21394393029948, 802.9664635567063
382.08017759667956, 765.1538463758692
513.7439577983234, 150.3069365727251
620.6255179928073, 335.580263912502
175.65570614404496, 938.9112362583022
991.6406929877836, 714.5569909916666
830.8043068886133, 140.22790965535376
13.492830969055849, 934.4294894834633
354.3232374147778, 118.77442565221925
562.8471893612302, 617.1513619054366
80.09904119963383, 816.7417944375011
316.7996770041326, 260.0455847171105
251.5854578808941, -0.14312850074367225
780.2664572393955, 356.1966968273163

<adjacency matrix with truck distances>
1, 2, 702.0,991.0,-1
2, 1, 702.0,991.0,-1
1, 3, 355.0,497.0,-1
3, 1, 355.0,497.0,-1
1, 4, 250.0,292.0,-1
4, 1, 250.0,292.0,-1
1, 5, 410.0,547.0,-1
5, 1, 410.0,547.0,-1
1, 6, 339.0,468.0,-1
6, 1, 339.0,468.0,-1
1, 7, 450.0,581.0,1
7, 1, 450.0,581.0,1
1, 8, 684.0,851.0,-1
8, 1, 684.0,851.0,-1
1, 9, 623.0,874.0,-1
9, 1, 623.0,874.0,-1
1, 10, 527.0,739.0,1
10, 1, 527.0,739.0,1
1, 11, 401.0,419.0,-1
11, 1, 401.0,419.0,-1
1, 12, 247.0,324.0,1
12, 1, 247.0,324.0,1
1, 13, 393.0,554.0,-1
13, 1, 393.0,554.0,-1
1, 14, 261.0,280.0,1
14, 1, 261.0,280.0,1
1, 15, 527.0,605.0,-1
15, 1, 527.0,605.0,-1
1, 16, 473.0,607.0,1
16, 1, 473.0,607.0,1
1, 1, 0.0,0.0,1
2, 3, 757.0,920.0,1
3, 2, 757.0,920.0,1
2, 4, 526.0,700.0,-1
4, 2, 526.0,700.0,-1
2, 5, 907.0,1183.0,-1
5, 2, 907.0,1183.0,-1
2, 6, 696.0,891.0,-1
6, 2, 696.0,891.0,-1
2, 7, 684.0,733.0,-1
7, 2, 684.0,733.0,-1
2, 8, 306.0,410.0,-1
8, 2, 306.0,410.0,-1
2, 9, 850.0,876.0,-1
9, 2, 850.0,876.0,-1
2, 10, 846.0,899.0,-1
10, 2, 846.0,899.0,-1
2, 11, 1006.0,1374.0,-1
11, 2, 1006.0,1374.0,-1
2, 12, 475.0,667.0,-1
12, 2, 475.0,667.0,-1
2, 13, 797.0,950.0,-1
13, 2, 797.0,950.0,-1
2, 14, 908.0,1270.0,-1
14, 2, 908.0,1270.0,-1
2, 15, 1161.0,1596.0,1
15, 2, 1161.0,1596.0,1
2, 16, 638.0,711.0,1
16, 2, 638.0,711.0,1
2, 2, 0.0,0.0,1
3, 4, 261.0,296.0,-1
4, 3, 261.0,296.0,-1
3, 5, 761.0,1043.0,1
5, 3, 761.0,1043.0,1
3, 6, 682.0,964.0,1
6, 3, 682.0,964.0,1
3, 7, 146.0,188.0,1
7, 3, 146.0,188.0,1
3, 8, 872.0,956.0,-1
8, 3, 872.0,956.0,-1
3, 9, 969.0,1370.0,-1
9, 3, 969.0,1370.0,-1
3, 10, 172.0,243.0,-1
10, 3, 172.0,243.0,-1
3, 11, 722.0,915.0,-1
11, 3, 722.0,915.0,-1
3, 12, 477.0,625.0,1
12, 3, 477.0,625.0,1
3, 13, 47.0,58.0,-1
13, 3, 47.0,58.0,-1
3, 14, 577.0,736.0,-1
14, 3, 577.0,736.0,-1
3, 15, 814.0,931.0,-1
15, 3, 814.0,931.0,-1
3, 16, 794.0,1103.0,1
16, 3, 794.0,1103.0,1
3, 3, 0.0,0.0,1
4, 5, 629.0,747.0,1
5, 4, 629.0,747.0,1
4, 6, 492.0,669.0,-1
6, 4, 492.0,669.0,-1
4, 7, 270.0,381.0,-1
7, 4, 270.0,381.0,-1
4, 8, 612.0,661.0,-1
8, 4, 612.0,661.0,-1
4, 9, 770.0,1074.0,-1
9, 4, 770.0,1074.0,-1
4, 10, 406.0,538.0,1
10, 4, 406.0,538.0,1
4, 11, 647.0,675.0,-1
11, 4, 647.0,675.0,-1
4, 12, 234.0,329.0,1
12, 4, 234.0,329.0,1
4, 13, 307.0,354.0,-1
13, 4, 307.0,354.0,-1
4, 14, 510.0,571.0,1
14, 4, 510.0,571.0,1
4, 15, 777.0,896.0,-1
15, 4, 777.0,896.0,-1
4, 16, 571.0,808.0,-1
16, 4, 571.0,808.0,-1
4, 4, 0.0,0.0,1
5, 6, 214.0,293.0,-1
6, 5, 214.0,293.0,-1
5, 7, 859.0,1127.0,-1
7, 5, 859.0,1127.0,-1
5, 8, 740.0,1043.0,-1
8, 5, 740.0,1043.0,-1
5, 9, 318.0,328.0,-1
9, 5, 318.0,328.0,-1
5, 10, 931.0,1285.0,1
10, 5, 931.0,1285.0,1
5, 11, 163.0,191.0,-1
11, 5, 163.0,191.0,-1
5, 12, 470.0,516.0,-1
12, 5, 470.0,516.0,-1
5, 13, 796.0,1101.0,-1
13, 5, 796.0,1101.0,-1
5, 14, 226.0,307.0,-1
14, 5, 226.0,307.0,-1
5, 15, 303.0,413.0,-1
15, 5, 303.0,413.0,-1
5, 16, 337.0,473.0,-1
16, 5, 337.0,473.0,-1
5, 5, 0.0,0.0,1
6, 7, 750.0,1049.0,-1
7, 6, 750.0,1049.0,-1
6, 8, 531.0,750.0,-1
8, 6, 531.0,750.0,-1
6, 9, 287.0,406.0,1
9, 6, 287.0,406.0,1
6, 10, 853.0,1206.0,-1
10, 6, 853.0,1206.0,-1
6, 11, 344.0,484.0,1
11, 6, 344.0,484.0,1
6, 12, 288.0,340.0,-1
12, 6, 288.0,340.0,-1
6, 13, 724.0,1022.0,-1
13, 6, 724.0,1022.0,-1
6, 14, 314.0,380.0,-1
14, 6, 314.0,380.0,-1
6, 15, 499.0,705.0,-1
15, 6, 499.0,705.0,-1
6, 16, 161.0,181.0,-1
16, 6, 161.0,181.0,-1
6, 6, 0.0,0.0,1
7, 8, 847.0,1041.0,1
8, 7, 847.0,1041.0,1
7, 9, 1034.0,1454.0,-1
9, 7, 1034.0,1454.0,-1
7, 10, 163.0,167.0,-1
10, 7, 163.0,167.0,-1
7, 11, 840.0,999.0,1
11, 7, 840.0,999.0,1
7, 12, 504.0,709.0,1
12, 7, 504.0,709.0,1
7, 13, 156.0,218.0,-1
13, 7, 156.0,218.0,-1
7, 14, 694.0,821.0,-1
14, 7, 694.0,821.0,-1
7, 15, 943.0,1015.0,-1
15, 7, 943.0,1015.0,-1
7, 16, 840.0,1188.0,1
16, 7, 840.0,1188.0,1
7, 7, 0.0,0.0,1
8, 9, 597.0,736.0,-1
9, 8, 597.0,736.0,-1
8, 10, 1003.0,1199.0,-1
10, 8, 1003.0,1199.0,-1
8, 11, 873.0,1234.0,1
11, 8, 873.0,1234.0,1
8, 12, 440.0,527.0,-1
12, 8, 440.0,527.0,-1
8, 13, 918.0,1014.0,-1
13, 8, 918.0,1014.0,-1
8, 14, 814.0,1130.0,1
14, 8, 814.0,1130.0,1
8, 15, 1029.0,1455.0,1
15, 8, 1029.0,1455.0,1
8, 16, 417.0,570.0,-1
16, 8, 417.0,570.0,-1
8, 8, 0.0,0.0,1
9, 10, 1140.0,1612.0,-1
10, 9, 1140.0,1612.0,-1
9, 11, 477.0,498.0,-1
11, 9, 477.0,498.0,-1
9, 12, 548.0,745.0,1
12, 9, 548.0,745.0,1
9, 13, 1011.0,1428.0,-1
13, 9, 1011.0,1428.0,-1
9, 14, 528.0,634.0,-1
14, 9, 528.0,634.0,-1
9, 15, 596.0,720.0,1
15, 9, 596.0,720.0,1
9, 16, 222.0,267.0,-1
16, 9, 222.0,267.0,-1
9, 9, 0.0,0.0,1
10, 11, 885.0,1157.0,-1
11, 10, 885.0,1157.0,-1
10, 12, 635.0,867.0,1
12, 10, 635.0,867.0,1
10, 13, 136.0,185.0,-1
13, 10, 136.0,185.0,-1
10, 14, 740.0,978.0,-1
14, 10, 740.0,978.0,-1
10, 15, 965.0,1173.0,-1
15, 10, 965.0,1173.0,-1
10, 16, 961.0,1346.0,-1
16, 10, 961.0,1346.0,-1
10, 10, 0.0,0.0,1
11, 12, 541.0,707.0,-1
12, 11, 541.0,707.0,-1
11, 13, 750.0,973.0,1
13, 11, 750.0,973.0,1
11, 14, 147.0,179.0,-1
14, 11, 147.0,179.0,-1
11, 15, 158.0,222.0,1
15, 11, 158.0,222.0,1
11, 16, 488.0,664.0,1
16, 11, 488.0,664.0,1
11, 11, 0.0,0.0,1
12, 13, 523.0,683.0,-1
13, 12, 523.0,683.0,-1
12, 14, 434.0,604.0,-1
14, 12, 434.0,604.0,-1
12, 15, 692.0,929.0,1
15, 12, 692.0,929.0,1
12, 16, 340.0,479.0,-1
16, 12, 340.0,479.0,-1
12, 12, 0.0,0.0,1
13, 14, 605.0,794.0,-1
14, 13, 605.0,794.0,-1
13, 15, 835.0,989.0,1
15, 13, 835.0,989.0,1
13, 16, 839.0,1161.0,-1
16, 13, 839.0,1161.0,-1
13, 13, 0.0,0.0,1
14, 15, 269.0,326.0,-1
15, 14, 269.0,326.0,-1
14, 16, 474.0,560.0,1
16, 14, 474.0,560.0,1
14, 14, 0.0,0.0,1
15, 16, 638.0,886.0,-1
16, 15, 638.0,886.0,-1
15, 15, 0.0,0.0,1
16, 16, 0.0,0.0,1


<end>