<number of nodes>
16

<ratio of available edges>
0.3

<max length of the drone flight>
100000 

<D 2/3>
1, 2, 3, 5, 6, 7, 8, 9, 11, 12, 14

<V>
2, 3, 7, 8, 12

<coordinates X,Y>
872.5455433530049, 904.1896894492654
151.7895176059426, 813.7373197714029
260.983469535472, 128.95647090725197
245.72144342238647, 650.6286194732629
954.2272263810321, 553.9782144364995
825.0732641938372, 441.55788162264906
981.9501015875929, 317.97153230682335
924.4001587626178, 322.2836376378601
86.37999820080042, 706.4189940839998
504.8721660178978, 235.44698693392718
708.9147120591584, 574.2826554175273
14.515112879301682, 320.68948965502534
417.83255292733327, 254.62712106376696
730.7150307995227, 376.80318473079046
597.9838501093451, 994.3513569638292
957.6267493815975, 404.7031334847976

<adjacency matrix with truck distances>
1, 2, 727.0,812.0,-1
2, 1, 727.0,812.0,-1
1, 3, 988.0,1387.0,-1
3, 1, 988.0,1387.0,-1
1, 4, 677.0,881.0,-1
4, 1, 677.0,881.0,-1
1, 5, 360.0,432.0,-1
5, 1, 360.0,432.0,-1
1, 6, 466.0,511.0,1
6, 1, 466.0,511.0,1
1, 7, 597.0,696.0,-1
7, 1, 597.0,696.0,-1
1, 8, 585.0,634.0,-1
8, 1, 585.0,634.0,-1
1, 9, 811.0,984.0,-1
9, 1, 811.0,984.0,-1
1, 10, 764.0,1037.0,-1
10, 1, 764.0,1037.0,-1
1, 11, 369.0,494.0,-1
11, 1, 369.0,494.0,-1
1, 12, 1038.0,1442.0,-1
12, 1, 1038.0,1442.0,-1
1, 13, 793.0,1105.0,-1
13, 1, 793.0,1105.0,-1
1, 14, 547.0,670.0,-1
14, 1, 547.0,670.0,-1
1, 15, 289.0,365.0,-1
15, 1, 289.0,365.0,-1
1, 16, 507.0,585.0,-1
16, 1, 507.0,585.0,-1
1, 1, 0.0,0.0,1
2, 3, 694.0,794.0,-1
3, 2, 694.0,794.0,-1
2, 4, 189.0,258.0,1
4, 2, 189.0,258.0,1
2, 5, 844.0,1063.0,1
5, 2, 844.0,1063.0,1
2, 6, 770.0,1046.0,-1
6, 2, 770.0,1046.0,-1
2, 7, 967.0,1326.0,-1
7, 2, 967.0,1326.0,-1
2, 8, 916.0,1265.0,-1
8, 2, 916.0,1265.0,-1
2, 9, 126.0,173.0,-1
9, 2, 126.0,173.0,-1
2, 10, 678.0,932.0,-1
10, 2, 678.0,932.0,-1
2, 11, 607.0,797.0,-1
11, 2, 607.0,797.0,-1
2, 12, 512.0,631.0,-1
12, 2, 512.0,631.0,-1
2, 13, 620.0,826.0,1
13, 2, 620.0,826.0,1
2, 14, 726.0,1016.0,-1
14, 2, 726.0,1016.0,-1
2, 15, 482.0,627.0,-1
15, 2, 482.0,627.0,-1
2, 16, 904.0,1215.0,1
16, 2, 904.0,1215.0,1
2, 2, 0.0,0.0,1
3, 4, 522.0,537.0,-1
4, 3, 522.0,537.0,-1
3, 5, 814.0,1119.0,-1
5, 3, 814.0,1119.0,-1
3, 6, 645.0,877.0,-1
6, 3, 645.0,877.0,-1
3, 7, 746.0,910.0,-1
7, 3, 746.0,910.0,-1
3, 8, 692.0,857.0,-1
8, 3, 692.0,857.0,-1
3, 9, 604.0,753.0,-1
9, 3, 604.0,753.0,-1
3, 10, 267.0,351.0,-1
10, 3, 267.0,351.0,-1
3, 11, 632.0,894.0,-1
11, 3, 632.0,894.0,-1
3, 12, 313.0,439.0,1
12, 3, 313.0,439.0,1
3, 13, 201.0,283.0,1
13, 3, 201.0,283.0,1
3, 14, 532.0,718.0,1
14, 3, 532.0,718.0,1
3, 15, 929.0,1203.0,-1
15, 3, 929.0,1203.0,-1
3, 16, 750.0,973.0,-1
16, 3, 750.0,973.0,-1
3, 3, 0.0,0.0,1
4, 5, 716.0,806.0,-1
5, 4, 716.0,806.0,-1
4, 6, 616.0,789.0,-1
6, 4, 616.0,789.0,-1
4, 7, 808.0,1069.0,-1
7, 4, 808.0,1069.0,-1
4, 8, 754.0,1008.0,-1
8, 4, 754.0,1008.0,-1
4, 9, 169.0,216.0,1
9, 4, 169.0,216.0,1
4, 10, 490.0,675.0,-1
10, 4, 490.0,675.0,-1
4, 11, 470.0,540.0,-1
11, 4, 470.0,540.0,-1
4, 12, 403.0,562.0,1
12, 4, 403.0,562.0,1
4, 13, 432.0,569.0,-1
13, 4, 432.0,569.0,-1
4, 14, 557.0,759.0,-1
14, 4, 557.0,759.0,-1
4, 15, 493.0,696.0,1
15, 4, 493.0,696.0,1
4, 16, 754.0,958.0,1
16, 4, 754.0,958.0,1
4, 4, 0.0,0.0,1
5, 6, 172.0,242.0,1
6, 5, 172.0,242.0,1
5, 7, 238.0,264.0,1
7, 5, 238.0,264.0,1
5, 8, 234.0,262.0,1
8, 5, 234.0,262.0,1
5, 9, 882.0,1021.0,-1
9, 5, 882.0,1021.0,-1
5, 10, 551.0,768.0,-1
10, 5, 551.0,768.0,-1
5, 11, 247.0,266.0,-1
11, 5, 247.0,266.0,-1
5, 12, 969.0,1174.0,-1
12, 5, 969.0,1174.0,-1
5, 13, 615.0,836.0,-1
13, 5, 615.0,836.0,-1
5, 14, 286.0,401.0,-1
14, 5, 286.0,401.0,-1
5, 15, 567.0,797.0,-1
15, 5, 567.0,797.0,-1
5, 16, 150.0,153.0,1
16, 5, 150.0,153.0,1
5, 5, 0.0,0.0,1
6, 7, 200.0,281.0,-1
7, 6, 200.0,281.0,-1
6, 8, 156.0,219.0,1
8, 6, 156.0,219.0,1
6, 9, 785.0,1004.0,1
9, 6, 785.0,1004.0,1
6, 10, 381.0,527.0,1
10, 6, 381.0,527.0,1
6, 11, 177.0,249.0,1
11, 6, 177.0,249.0,1
6, 12, 820.0,932.0,1
12, 6, 820.0,932.0,1
6, 13, 449.0,595.0,-1
13, 6, 449.0,595.0,-1
6, 14, 115.0,160.0,-1
14, 6, 115.0,160.0,-1
6, 15, 598.0,780.0,-1
15, 6, 598.0,780.0,-1
6, 16, 138.0,170.0,1
16, 6, 138.0,170.0,1
6, 6, 0.0,0.0,1
7, 8, 58.0,62.0,1
8, 7, 58.0,62.0,1
7, 9, 977.0,1285.0,-1
9, 7, 977.0,1285.0,-1
7, 10, 485.0,560.0,-1
10, 7, 485.0,560.0,-1
7, 11, 375.0,530.0,-1
11, 7, 375.0,530.0,-1
7, 12, 968.0,971.0,-1
12, 7, 968.0,971.0,-1
7, 13, 568.0,628.0,-1
13, 7, 568.0,628.0,-1
7, 14, 259.0,311.0,-1
14, 7, 259.0,311.0,-1
7, 15, 778.0,1061.0,-1
15, 7, 778.0,1061.0,-1
7, 16, 91.0,112.0,-1
16, 7, 91.0,112.0,-1
7, 7, 0.0,0.0,1
8, 9, 922.0,1223.0,-1
9, 8, 922.0,1223.0,-1
8, 10, 429.0,507.0,-1
10, 8, 429.0,507.0,-1
8, 11, 332.0,468.0,1
11, 8, 332.0,468.0,1
8, 12, 910.0,912.0,-1
12, 8, 910.0,912.0,-1
8, 13, 512.0,575.0,-1
13, 8, 512.0,575.0,-1
8, 14, 202.0,249.0,1
14, 8, 202.0,249.0,1
8, 15, 748.0,999.0,1
15, 8, 748.0,999.0,1
8, 16, 89.0,116.0,-1
16, 8, 89.0,116.0,-1
8, 8, 0.0,0.0,1
9, 10, 631.0,890.0,-1
10, 9, 631.0,890.0,-1
9, 11, 637.0,755.0,-1
11, 9, 637.0,755.0,-1
9, 12, 393.0,458.0,1
12, 9, 393.0,458.0,1
9, 13, 561.0,784.0,-1
13, 9, 561.0,784.0,-1
9, 14, 724.0,974.0,1
14, 9, 724.0,974.0,1
9, 15, 588.0,800.0,-1
15, 9, 588.0,800.0,-1
9, 16, 923.0,1173.0,-1
16, 9, 923.0,1173.0,-1
9, 9, 0.0,0.0,1
10, 11, 396.0,543.0,1
11, 10, 396.0,543.0,1
10, 12, 498.0,576.0,-1
12, 10, 498.0,576.0,-1
10, 13, 90.0,107.0,-1
13, 10, 90.0,107.0,-1
10, 14, 267.0,368.0,-1
14, 10, 267.0,368.0,-1
10, 15, 765.0,853.0,1
15, 10, 765.0,853.0,1
10, 16, 484.0,623.0,-1
16, 10, 484.0,623.0,-1
10, 10, 0.0,0.0,1
11, 12, 740.0,948.0,-1
12, 11, 740.0,948.0,-1
11, 13, 433.0,611.0,1
13, 11, 433.0,611.0,1
11, 14, 199.0,220.0,1
14, 11, 199.0,220.0,1
11, 15, 435.0,531.0,-1
15, 11, 435.0,531.0,-1
11, 16, 302.0,419.0,-1
16, 11, 302.0,419.0,-1
11, 11, 0.0,0.0,1
12, 13, 409.0,470.0,1
13, 12, 409.0,470.0,1
12, 14, 719.0,773.0,-1
14, 12, 719.0,773.0,-1
12, 15, 892.0,1258.0,-1
15, 12, 892.0,1258.0,-1
12, 16, 947.0,1028.0,-1
16, 12, 947.0,1028.0,-1
12, 12, 0.0,0.0,1
13, 14, 336.0,436.0,1
14, 13, 336.0,436.0,1
13, 15, 762.0,920.0,-1
15, 13, 762.0,920.0,-1
13, 16, 561.0,690.0,-1
16, 13, 561.0,690.0,-1
13, 13, 0.0,0.0,1
14, 15, 632.0,751.0,1
15, 14, 632.0,751.0,1
14, 16, 229.0,255.0,1
16, 14, 229.0,255.0,1
14, 14, 0.0,0.0,1
15, 16, 691.0,950.0,-1
16, 15, 691.0,950.0,-1
15, 15, 0.0,0.0,1
16, 16, 0.0,0.0,1


<end>