<number of nodes>
16

<ratio of available edges>
0.3

<max length of the drone flight>
100000 

<D 2/3>
1, 3, 4, 5, 6, 8, 9, 10, 11, 12, 13

<V>
3, 4, 6, 9, 12

<coordinates X,Y>
473.962123656527, 521.3321014078074
617.2095332499692, 835.3333776282605
683.515319417195, 713.5887626763486
505.9438386196648, 942.3834241800283
163.31791258198405, 707.4663483317016
141.38514200096637, 174.74165160363745
375.7710500936633, 314.7893322436761
567.8569378503654, 994.9683805118568
905.8834586514942, 439.6966679122212
824.9818603686653, 945.6309417594312
807.6435590644477, 298.9411374251731
665.8118076757959, 281.80114637565663
803.8683151798728, 23.833734739414748
902.7785746151902, 509.6658249569111
872.7814823619802, 440.4623060842409
772.2222596871047, 890.782846590666

<adjacency matrix with truck distances>
1, 2, 346.0,458.0,-1
2, 1, 346.0,458.0,-1
1, 3, 285.0,402.0,-1
3, 1, 285.0,402.0,-1
1, 4, 423.0,454.0,-1
4, 1, 423.0,454.0,-1
1, 5, 363.0,497.0,-1
5, 1, 363.0,497.0,-1
1, 6, 481.0,680.0,1
6, 1, 481.0,680.0,1
1, 7, 229.0,305.0,-1
7, 1, 229.0,305.0,-1
1, 8, 483.0,568.0,-1
8, 1, 483.0,568.0,-1
1, 9, 440.0,514.0,-1
9, 1, 440.0,514.0,-1
1, 10, 551.0,776.0,-1
10, 1, 551.0,776.0,-1
1, 11, 402.0,557.0,-1
11, 1, 402.0,557.0,-1
1, 12, 307.0,432.0,1
12, 1, 307.0,432.0,1
1, 13, 597.0,828.0,1
13, 1, 597.0,828.0,1
1, 14, 429.0,441.0,-1
14, 1, 429.0,441.0,-1
1, 15, 407.0,480.0,-1
15, 1, 407.0,480.0,-1
1, 16, 475.0,668.0,-1
16, 1, 475.0,668.0,-1
1, 1, 0.0,0.0,1
2, 3, 139.0,189.0,1
3, 2, 139.0,189.0,1
2, 4, 155.0,219.0,1
4, 2, 155.0,219.0,1
2, 5, 472.0,582.0,1
5, 2, 472.0,582.0,1
2, 6, 815.0,1137.0,-1
6, 2, 815.0,1137.0,-1
2, 7, 574.0,762.0,-1
7, 2, 574.0,762.0,-1
2, 8, 168.0,209.0,-1
8, 2, 168.0,209.0,-1
2, 9, 490.0,685.0,1
9, 2, 490.0,685.0,1
2, 10, 236.0,319.0,-1
10, 2, 236.0,319.0,-1
2, 11, 570.0,727.0,-1
11, 2, 570.0,727.0,-1
2, 12, 556.0,603.0,-1
12, 2, 556.0,603.0,-1
2, 13, 833.0,999.0,1
13, 2, 833.0,999.0,1
2, 14, 434.0,612.0,1
14, 2, 434.0,612.0,1
2, 15, 471.0,651.0,-1
15, 2, 471.0,651.0,-1
2, 16, 165.0,211.0,-1
16, 2, 165.0,211.0,-1
2, 2, 0.0,0.0,1
3, 4, 290.0,407.0,1
4, 3, 290.0,407.0,1
3, 5, 521.0,527.0,-1
5, 3, 521.0,527.0,-1
3, 6, 765.0,1081.0,-1
6, 3, 765.0,1081.0,-1
3, 7, 504.0,707.0,1
7, 3, 504.0,707.0,1
3, 8, 305.0,398.0,1
8, 3, 305.0,398.0,1
3, 9, 353.0,497.0,-1
9, 3, 353.0,497.0,-1
3, 10, 272.0,374.0,-1
10, 3, 272.0,374.0,-1
3, 11, 433.0,539.0,1
11, 3, 433.0,539.0,1
3, 12, 433.0,450.0,1
12, 3, 433.0,450.0,1
3, 13, 701.0,811.0,-1
13, 3, 701.0,811.0,-1
3, 14, 300.0,424.0,-1
14, 3, 300.0,424.0,-1
3, 15, 333.0,463.0,-1
15, 3, 333.0,463.0,-1
3, 16, 199.0,266.0,-1
16, 3, 199.0,266.0,-1
3, 3, 0.0,0.0,1
4, 5, 416.0,578.0,-1
5, 4, 416.0,578.0,-1
4, 6, 850.0,1133.0,1
6, 4, 850.0,1133.0,1
4, 7, 641.0,758.0,-1
7, 4, 641.0,758.0,-1
4, 8, 82.0,115.0,-1
8, 4, 82.0,115.0,-1
4, 9, 643.0,903.0,-1
9, 4, 643.0,903.0,-1
4, 10, 320.0,323.0,-1
10, 4, 320.0,323.0,-1
4, 11, 711.0,946.0,-1
11, 4, 711.0,946.0,-1
4, 12, 680.0,821.0,-1
12, 4, 680.0,821.0,-1
4, 13, 966.0,1217.0,1
13, 4, 966.0,1217.0,1
4, 14, 588.0,830.0,-1
14, 4, 588.0,830.0,-1
4, 15, 622.0,869.0,-1
15, 4, 622.0,869.0,-1
4, 16, 272.0,318.0,1
16, 4, 272.0,318.0,1
4, 4, 0.0,0.0,1
5, 6, 534.0,555.0,-1
6, 5, 534.0,555.0,-1
5, 7, 447.0,606.0,-1
7, 5, 447.0,606.0,-1
5, 8, 497.0,693.0,-1
8, 5, 497.0,693.0,-1
5, 9, 790.0,1011.0,-1
9, 5, 790.0,1011.0,-1
5, 10, 704.0,900.0,-1
10, 5, 704.0,900.0,-1
5, 11, 763.0,1053.0,-1
11, 5, 763.0,1053.0,-1
5, 12, 659.0,929.0,-1
12, 5, 659.0,929.0,-1
5, 13, 937.0,1325.0,-1
13, 5, 937.0,1325.0,-1
5, 14, 766.0,938.0,-1
14, 5, 766.0,938.0,-1
5, 15, 759.0,977.0,-1
15, 5, 759.0,977.0,-1
5, 16, 636.0,793.0,-1
16, 5, 636.0,793.0,-1
5, 5, 0.0,0.0,1
6, 7, 274.0,375.0,-1
7, 6, 274.0,375.0,-1
6, 8, 925.0,1247.0,-1
8, 6, 925.0,1247.0,-1
6, 9, 810.0,1030.0,-1
9, 6, 810.0,1030.0,-1
6, 10, 1031.0,1455.0,-1
10, 6, 1031.0,1455.0,-1
6, 11, 678.0,791.0,-1
11, 6, 678.0,791.0,-1
6, 12, 536.0,632.0,1
12, 6, 536.0,632.0,1
6, 13, 680.0,814.0,1
13, 6, 680.0,814.0,1
6, 14, 832.0,1097.0,-1
14, 6, 832.0,1097.0,-1
6, 15, 779.0,998.0,-1
15, 6, 779.0,998.0,-1
6, 16, 955.0,1347.0,-1
16, 6, 955.0,1347.0,-1
6, 6, 0.0,0.0,1
7, 8, 707.0,873.0,-1
8, 7, 707.0,873.0,-1
7, 9, 545.0,656.0,1
9, 7, 545.0,656.0,1
7, 10, 775.0,1081.0,-1
10, 7, 775.0,1081.0,-1
7, 11, 433.0,448.0,-1
11, 7, 433.0,448.0,-1
7, 12, 292.0,324.0,-1
12, 7, 292.0,324.0,-1
7, 13, 518.0,720.0,-1
13, 7, 518.0,720.0,-1
7, 14, 562.0,722.0,-1
14, 7, 562.0,722.0,-1
7, 15, 513.0,623.0,-1
15, 7, 513.0,623.0,-1
7, 16, 700.0,973.0,-1
16, 7, 700.0,973.0,-1
7, 7, 0.0,0.0,1
8, 9, 651.0,894.0,1
9, 8, 651.0,894.0,1
8, 10, 262.0,307.0,-1
10, 8, 262.0,307.0,-1
8, 11, 737.0,936.0,1
11, 8, 737.0,936.0,1
8, 12, 720.0,812.0,1
12, 8, 720.0,812.0,1
8, 13, 1000.0,1208.0,-1
13, 8, 1000.0,1208.0,-1
8, 14, 590.0,821.0,1
14, 8, 590.0,821.0,1
8, 15, 633.0,860.0,-1
15, 8, 633.0,860.0,-1
8, 16, 230.0,309.0,1
16, 8, 230.0,309.0,1
8, 8, 0.0,0.0,1
9, 10, 513.0,587.0,1
10, 9, 513.0,587.0,1
9, 11, 172.0,239.0,1
11, 9, 172.0,239.0,1
9, 12, 288.0,398.0,-1
12, 9, 288.0,398.0,-1
9, 13, 429.0,518.0,-1
13, 9, 429.0,518.0,-1
9, 14, 71.0,74.0,1
14, 9, 71.0,74.0,1
9, 15, 34.0,34.0,1
15, 9, 34.0,34.0,1
9, 16, 471.0,585.0,-1
16, 9, 471.0,585.0,-1
9, 9, 0.0,0.0,1
10, 11, 647.0,665.0,-1
11, 10, 647.0,665.0,-1
10, 12, 683.0,823.0,1
12, 10, 683.0,823.0,1
10, 13, 923.0,943.0,-1
13, 10, 923.0,943.0,-1
10, 14, 443.0,514.0,-1
14, 10, 443.0,514.0,-1
10, 15, 508.0,553.0,-1
15, 10, 508.0,553.0,-1
10, 16, 77.0,108.0,1
16, 10, 77.0,108.0,1
10, 10, 0.0,0.0,1
11, 12, 143.0,159.0,-1
12, 11, 143.0,159.0,-1
11, 13, 276.0,279.0,-1
13, 11, 276.0,279.0,-1
11, 14, 232.0,306.0,-1
14, 11, 232.0,306.0,-1
11, 15, 156.0,207.0,-1
15, 11, 156.0,207.0,-1
11, 16, 593.0,628.0,-1
16, 11, 593.0,628.0,-1
11, 11, 0.0,0.0,1
12, 13, 293.0,397.0,1
13, 12, 293.0,397.0,1
12, 14, 329.0,465.0,-1
14, 12, 329.0,465.0,-1
12, 15, 261.0,366.0,1
15, 12, 261.0,366.0,1
12, 16, 619.0,716.0,1
16, 12, 619.0,716.0,1
12, 12, 0.0,0.0,1
13, 14, 496.0,585.0,-1
14, 13, 496.0,585.0,-1
13, 15, 423.0,486.0,1
15, 13, 423.0,486.0,1
13, 16, 868.0,899.0,1
16, 13, 868.0,899.0,1
13, 13, 0.0,0.0,1
14, 15, 76.0,100.0,-1
15, 14, 76.0,100.0,-1
14, 16, 403.0,512.0,-1
16, 14, 403.0,512.0,-1
14, 14, 0.0,0.0,1
15, 16, 462.0,551.0,-1
16, 15, 462.0,551.0,-1
15, 15, 0.0,0.0,1
16, 16, 0.0,0.0,1


<end>