<number of nodes>
16

<ratio of available edges>
0.3

<max length of the drone flight>
100000 

<D 2/3>
1, 2, 3, 4, 5, 7, 9, 10, 13, 14, 15

<V>
2, 4, 9, 10, 15

<coordinates X,Y>
526.3370904036234, 817.2529518767883
649.4568763756846, 769.5601822659521
1000.33419533526, 327.1123541818836
239.513704855316, 841.3198305262571
620.7583179421572, 307.8039730260116
980.9986300521905, 367.9661906711575
364.0433322277502, 896.4369095087691
354.5782056112935, 101.40621033044415
717.897168364943, 831.2806270966219
221.5537628909707, 513.9807925481638
384.87678702880453, 701.2327250226602
843.9488476270622, 597.4772076660188
521.9435742343509, 901.2146073948733
280.545604407286, 197.67861330550016
646.0338157823809, 683.9010702176278
212.1339924026905, 374.37722724485764

<adjacency matrix with truck distances>
1, 2, 133.0,171.0,1
2, 1, 133.0,171.0,1
1, 3, 682.0,965.0,-1
3, 1, 682.0,965.0,-1
1, 4, 288.0,311.0,-1
4, 1, 288.0,311.0,-1
1, 5, 519.0,604.0,-1
5, 1, 519.0,604.0,-1
1, 6, 640.0,904.0,1
6, 1, 640.0,904.0,1
1, 7, 181.0,242.0,-1
7, 1, 181.0,242.0,-1
1, 8, 737.0,888.0,-1
8, 1, 737.0,888.0,-1
1, 9, 193.0,206.0,-1
9, 1, 193.0,206.0,-1
1, 10, 430.0,609.0,-1
10, 1, 430.0,609.0,-1
1, 11, 183.0,258.0,-1
11, 1, 183.0,258.0,-1
1, 12, 387.0,538.0,-1
12, 1, 387.0,538.0,-1
1, 13, 85.0,89.0,1
13, 1, 85.0,89.0,1
1, 14, 667.0,866.0,-1
14, 1, 667.0,866.0,-1
1, 15, 180.0,254.0,-1
15, 1, 180.0,254.0,-1
1, 16, 544.0,758.0,-1
16, 1, 544.0,758.0,-1
1, 1, 0.0,0.0,1
2, 3, 565.0,794.0,-1
3, 2, 565.0,794.0,-1
2, 4, 417.0,482.0,1
4, 2, 417.0,482.0,1
2, 5, 463.0,491.0,-1
5, 2, 463.0,491.0,-1
2, 6, 521.0,734.0,-1
6, 2, 521.0,734.0,-1
2, 7, 313.0,413.0,1
7, 2, 313.0,413.0,1
2, 8, 731.0,964.0,-1
8, 2, 731.0,964.0,-1
2, 9, 93.0,131.0,1
9, 2, 93.0,131.0,1
2, 10, 499.0,684.0,-1
10, 2, 499.0,684.0,-1
2, 11, 274.0,333.0,-1
11, 2, 274.0,333.0,-1
2, 12, 260.0,367.0,-1
12, 2, 260.0,367.0,-1
2, 13, 184.0,260.0,-1
13, 2, 184.0,260.0,-1
2, 14, 681.0,941.0,-1
14, 2, 681.0,941.0,-1
2, 15, 86.0,90.0,-1
15, 2, 86.0,90.0,-1
2, 16, 590.0,833.0,-1
16, 2, 590.0,833.0,-1
2, 2, 0.0,0.0,1
3, 4, 919.0,1276.0,-1
4, 3, 919.0,1276.0,-1
3, 5, 381.0,399.0,1
5, 3, 381.0,399.0,1
3, 6, 46.0,61.0,-1
6, 3, 46.0,61.0,-1
3, 7, 854.0,1206.0,-1
7, 3, 854.0,1206.0,-1
3, 8, 685.0,872.0,-1
8, 3, 685.0,872.0,-1
3, 9, 578.0,787.0,1
9, 3, 578.0,787.0,1
3, 10, 801.0,966.0,-1
10, 3, 801.0,966.0,-1
3, 11, 721.0,990.0,1
11, 3, 721.0,990.0,1
3, 12, 313.0,427.0,1
12, 3, 313.0,427.0,1
3, 13, 748.0,1053.0,-1
13, 3, 748.0,1053.0,-1
3, 14, 732.0,850.0,-1
14, 3, 732.0,850.0,-1
3, 15, 503.0,712.0,-1
15, 3, 503.0,712.0,-1
3, 16, 790.0,836.0,1
16, 3, 790.0,836.0,1
3, 3, 0.0,0.0,1
4, 5, 656.0,915.0,1
5, 4, 656.0,915.0,1
4, 6, 880.0,1215.0,-1
6, 4, 880.0,1215.0,-1
4, 7, 137.0,180.0,-1
7, 4, 137.0,180.0,-1
4, 8, 749.0,855.0,1
8, 4, 749.0,855.0,1
4, 9, 479.0,489.0,-1
9, 4, 479.0,489.0,-1
4, 10, 328.0,346.0,-1
10, 4, 328.0,346.0,-1
4, 11, 202.0,286.0,-1
11, 4, 202.0,286.0,-1
4, 12, 652.0,849.0,1
12, 4, 652.0,849.0,1
4, 13, 289.0,343.0,-1
13, 4, 289.0,343.0,-1
4, 14, 645.0,685.0,1
14, 4, 645.0,685.0,1
4, 15, 436.0,564.0,-1
15, 4, 436.0,564.0,-1
4, 16, 468.0,495.0,-1
16, 4, 468.0,495.0,-1
4, 4, 0.0,0.0,1
5, 6, 366.0,421.0,-1
6, 5, 366.0,421.0,-1
5, 7, 643.0,846.0,1
7, 5, 643.0,846.0,1
5, 8, 337.0,473.0,-1
8, 5, 337.0,473.0,-1
5, 9, 533.0,621.0,1
9, 5, 533.0,621.0,1
5, 10, 450.0,606.0,-1
10, 5, 450.0,606.0,-1
5, 11, 459.0,630.0,-1
11, 5, 459.0,630.0,-1
5, 12, 366.0,513.0,1
12, 5, 366.0,513.0,1
5, 13, 602.0,693.0,-1
13, 5, 602.0,693.0,-1
5, 14, 358.0,451.0,-1
14, 5, 358.0,451.0,-1
5, 15, 377.0,402.0,1
15, 5, 377.0,402.0,1
5, 16, 415.0,476.0,-1
16, 5, 415.0,476.0,-1
5, 5, 0.0,0.0,1
6, 7, 813.0,1146.0,-1
7, 6, 813.0,1146.0,-1
6, 8, 681.0,893.0,-1
8, 6, 681.0,893.0,-1
6, 9, 533.0,727.0,-1
9, 6, 533.0,727.0,-1
6, 10, 774.0,906.0,-1
10, 6, 774.0,906.0,-1
6, 11, 683.0,930.0,1
11, 6, 683.0,930.0,1
6, 12, 268.0,367.0,1
12, 6, 268.0,367.0,1
6, 13, 704.0,993.0,-1
13, 6, 704.0,993.0,-1
6, 14, 721.0,871.0,-1
14, 6, 721.0,871.0,-1
6, 15, 461.0,651.0,-1
15, 6, 461.0,651.0,-1
6, 16, 769.0,776.0,-1
16, 6, 769.0,776.0,-1
6, 6, 0.0,0.0,1
7, 8, 796.0,805.0,-1
8, 7, 796.0,805.0,-1
7, 9, 360.0,420.0,-1
9, 7, 360.0,420.0,-1
7, 10, 409.0,525.0,1
10, 7, 409.0,525.0,1
7, 11, 197.0,217.0,1
11, 7, 197.0,217.0,1
7, 12, 566.0,779.0,1
12, 7, 566.0,779.0,1
7, 13, 158.0,163.0,-1
13, 7, 158.0,163.0,-1
7, 14, 704.0,783.0,-1
14, 7, 704.0,783.0,-1
7, 15, 354.0,495.0,-1
15, 7, 354.0,495.0,-1
7, 16, 544.0,674.0,-1
16, 7, 544.0,674.0,-1
7, 7, 0.0,0.0,1
8, 9, 816.0,1094.0,1
9, 8, 816.0,1094.0,1
8, 10, 434.0,546.0,1
10, 8, 434.0,546.0,1
8, 11, 601.0,631.0,-1
11, 8, 601.0,631.0,-1
8, 12, 697.0,986.0,1
12, 8, 697.0,986.0,1
8, 13, 818.0,968.0,1
13, 8, 818.0,968.0,1
8, 14, 122.0,171.0,1
14, 8, 122.0,171.0,1
8, 15, 652.0,874.0,-1
15, 8, 652.0,874.0,-1
8, 16, 308.0,416.0,-1
16, 8, 308.0,416.0,-1
8, 8, 0.0,0.0,1
9, 10, 590.0,814.0,-1
10, 9, 590.0,814.0,-1
9, 11, 358.0,464.0,-1
11, 9, 358.0,464.0,-1
9, 12, 266.0,360.0,-1
12, 9, 266.0,360.0,-1
9, 13, 209.0,266.0,-1
13, 9, 209.0,266.0,-1
9, 14, 770.0,1071.0,-1
14, 9, 770.0,1071.0,-1
9, 15, 164.0,220.0,-1
15, 9, 164.0,220.0,-1
9, 16, 682.0,963.0,1
16, 9, 682.0,963.0,1
9, 9, 0.0,0.0,1
10, 11, 249.0,351.0,-1
11, 10, 249.0,351.0,-1
10, 12, 628.0,706.0,-1
12, 10, 628.0,706.0,-1
10, 13, 491.0,688.0,1
13, 10, 491.0,688.0,1
10, 14, 322.0,376.0,-1
14, 10, 322.0,376.0,-1
10, 15, 458.0,595.0,1
15, 10, 458.0,595.0,1
10, 16, 140.0,150.0,-1
16, 10, 140.0,150.0,-1
10, 10, 0.0,0.0,1
11, 12, 471.0,563.0,1
12, 11, 471.0,563.0,1
11, 13, 243.0,338.0,-1
13, 11, 243.0,338.0,-1
11, 14, 515.0,608.0,-1
14, 11, 515.0,608.0,-1
11, 15, 262.0,279.0,1
15, 11, 262.0,279.0,1
11, 16, 370.0,500.0,-1
16, 11, 370.0,500.0,-1
11, 11, 0.0,0.0,1
12, 13, 443.0,626.0,-1
13, 12, 443.0,626.0,-1
12, 14, 691.0,964.0,-1
14, 12, 691.0,964.0,-1
12, 15, 216.0,285.0,1
15, 12, 216.0,285.0,1
12, 16, 671.0,855.0,1
16, 12, 671.0,855.0,1
12, 12, 0.0,0.0,1
13, 14, 744.0,945.0,-1
14, 13, 744.0,945.0,-1
13, 15, 251.0,342.0,-1
15, 13, 251.0,342.0,-1
13, 16, 612.0,837.0,-1
16, 13, 612.0,837.0,-1
13, 13, 0.0,0.0,1
14, 15, 609.0,852.0,-1
15, 14, 609.0,852.0,-1
14, 16, 190.0,246.0,-1
16, 14, 190.0,246.0,-1
14, 14, 0.0,0.0,1
15, 16, 533.0,744.0,-1
16, 15, 533.0,744.0,-1
15, 15, 0.0,0.0,1
16, 16, 0.0,0.0,1


<end>