<number of nodes>
16

<ratio of available edges>
0.3

<max length of the drone flight>
100000 

<D 2/3>
1, 2, 3, 5, 7, 9, 10, 11, 13, 14, 16

<V>
3, 7, 10, 11, 14

<coordinates X,Y>
900.0726040941138, 567.2799663168812
73.75782015254545, 778.0793298242029
288.66139274630297, 520.4460284768605
601.1734674803913, 700.9187375674803
68.83527833130334, 219.99021475680516
624.3232534739439, 829.330748600811
558.7767584244988, 461.539005690632
896.4286632494494, 751.8951179045598
200.25124558595695, 947.7835710793474
361.35308379914585, 136.2342182432766
310.1533864203921, 311.547603441625
425.42646791281913, 997.1074712667321
159.53606709839914, 32.70695444328838
568.2541802337778, 977.0259551911964
205.71375252038087, 56.551322923860404
267.00398782038917, 476.5254601542546

<adjacency matrix with truck distances>
1, 2, 853.0,1038.0,-1
2, 1, 853.0,1038.0,-1
1, 3, 614.0,659.0,1
3, 1, 614.0,659.0,1
1, 4, 328.0,433.0,-1
4, 1, 328.0,433.0,-1
1, 5, 901.0,1179.0,-1
5, 1, 901.0,1179.0,-1
1, 6, 381.0,538.0,-1
6, 1, 381.0,538.0,-1
1, 7, 358.0,448.0,-1
7, 1, 358.0,448.0,-1
1, 8, 185.0,189.0,-1
8, 1, 185.0,189.0,-1
1, 9, 797.0,1081.0,1
9, 1, 797.0,1081.0,1
1, 10, 690.0,970.0,-1
10, 1, 690.0,970.0,-1
1, 11, 643.0,846.0,1
11, 1, 643.0,846.0,1
1, 12, 641.0,905.0,-1
12, 1, 641.0,905.0,-1
1, 13, 914.0,1276.0,-1
13, 1, 914.0,1276.0,-1
1, 14, 528.0,742.0,1
14, 1, 528.0,742.0,1
1, 15, 862.0,1206.0,-1
15, 1, 862.0,1206.0,-1
1, 16, 640.0,724.0,-1
16, 1, 640.0,724.0,-1
1, 1, 0.0,0.0,1
2, 3, 336.0,473.0,-1
3, 2, 336.0,473.0,-1
2, 4, 534.0,605.0,-1
4, 2, 534.0,605.0,-1
2, 5, 559.0,564.0,1
5, 2, 559.0,564.0,1
2, 6, 553.0,602.0,1
6, 2, 553.0,602.0,1
2, 7, 580.0,802.0,-1
7, 2, 580.0,802.0,-1
2, 8, 824.0,849.0,1
8, 2, 824.0,849.0,1
2, 9, 212.0,297.0,-1
9, 2, 212.0,297.0,-1
2, 10, 704.0,930.0,-1
10, 2, 704.0,930.0,-1
2, 11, 524.0,703.0,-1
11, 2, 524.0,703.0,-1
2, 12, 415.0,571.0,-1
12, 2, 415.0,571.0,-1
2, 13, 751.0,832.0,-1
13, 2, 751.0,832.0,-1
2, 14, 534.0,694.0,-1
14, 2, 534.0,694.0,-1
2, 15, 734.0,854.0,-1
15, 2, 734.0,854.0,-1
2, 16, 359.0,495.0,1
16, 2, 359.0,495.0,1
2, 2, 0.0,0.0,1
3, 4, 361.0,493.0,-1
4, 3, 361.0,493.0,-1
3, 5, 373.0,521.0,-1
5, 3, 373.0,521.0,-1
3, 6, 457.0,645.0,-1
6, 3, 457.0,645.0,-1
3, 7, 277.0,330.0,-1
7, 3, 277.0,330.0,-1
3, 8, 651.0,840.0,1
8, 3, 651.0,840.0,1
3, 9, 437.0,516.0,-1
9, 3, 437.0,516.0,-1
3, 10, 392.0,457.0,-1
10, 3, 392.0,457.0,-1
3, 11, 211.0,231.0,1
11, 3, 211.0,231.0,1
3, 12, 496.0,614.0,-1
12, 3, 496.0,614.0,-1
3, 13, 505.0,617.0,-1
13, 3, 505.0,617.0,-1
3, 14, 536.0,737.0,1
14, 3, 536.0,737.0,1
3, 15, 472.0,547.0,-1
15, 3, 472.0,547.0,-1
3, 16, 49.0,66.0,-1
16, 3, 49.0,66.0,-1
3, 3, 0.0,0.0,1
4, 5, 718.0,1014.0,-1
5, 4, 718.0,1014.0,-1
4, 6, 131.0,152.0,1
6, 4, 131.0,152.0,1
4, 7, 244.0,282.0,-1
7, 4, 244.0,282.0,-1
4, 8, 300.0,347.0,-1
8, 4, 300.0,347.0,-1
4, 9, 471.0,648.0,-1
9, 4, 471.0,648.0,-1
4, 10, 614.0,805.0,-1
10, 4, 614.0,805.0,-1
4, 11, 487.0,681.0,1
11, 4, 487.0,681.0,1
4, 12, 345.0,472.0,-1
12, 4, 345.0,472.0,-1
4, 13, 801.0,1110.0,1
13, 4, 801.0,1110.0,1
4, 14, 279.0,310.0,-1
14, 4, 279.0,310.0,-1
4, 15, 757.0,1040.0,-1
15, 4, 757.0,1040.0,-1
4, 16, 403.0,559.0,-1
16, 4, 403.0,559.0,-1
4, 4, 0.0,0.0,1
5, 6, 825.0,1165.0,-1
6, 5, 825.0,1165.0,-1
5, 7, 547.0,732.0,1
7, 5, 547.0,732.0,1
5, 8, 984.0,1360.0,1
8, 5, 984.0,1360.0,1
5, 9, 740.0,860.0,1
9, 5, 740.0,860.0,1
5, 10, 305.0,377.0,-1
10, 5, 305.0,377.0,-1
5, 11, 259.0,333.0,1
11, 5, 259.0,333.0,1
5, 12, 856.0,1134.0,-1
12, 5, 856.0,1134.0,-1
5, 13, 209.0,278.0,-1
13, 5, 209.0,278.0,-1
5, 14, 907.0,1257.0,-1
14, 5, 907.0,1257.0,-1
5, 15, 214.0,301.0,-1
15, 5, 214.0,301.0,-1
5, 16, 325.0,455.0,1
16, 5, 325.0,455.0,1
5, 5, 0.0,0.0,1
6, 7, 374.0,434.0,1
7, 6, 374.0,434.0,1
6, 8, 283.0,350.0,-1
8, 6, 283.0,350.0,-1
6, 9, 441.0,543.0,-1
9, 6, 441.0,543.0,-1
6, 10, 742.0,957.0,-1
10, 6, 742.0,957.0,-1
6, 11, 606.0,832.0,-1
11, 6, 606.0,832.0,-1
6, 12, 261.0,367.0,1
12, 6, 261.0,367.0,1
6, 13, 923.0,1262.0,-1
13, 6, 923.0,1262.0,-1
6, 14, 158.0,204.0,1
14, 6, 158.0,204.0,1
6, 15, 879.0,1192.0,-1
15, 6, 879.0,1192.0,-1
6, 16, 503.0,711.0,1
16, 6, 503.0,711.0,1
6, 6, 0.0,0.0,1
7, 8, 446.0,629.0,-1
8, 7, 446.0,629.0,-1
7, 9, 605.0,845.0,-1
9, 7, 605.0,845.0,-1
7, 10, 381.0,523.0,-1
10, 7, 381.0,523.0,-1
7, 11, 291.0,399.0,-1
11, 7, 291.0,399.0,-1
7, 12, 552.0,669.0,-1
12, 7, 552.0,669.0,-1
7, 13, 586.0,829.0,1
13, 7, 586.0,829.0,1
7, 14, 516.0,525.0,1
14, 7, 516.0,525.0,1
7, 15, 538.0,759.0,1
15, 7, 538.0,759.0,1
7, 16, 293.0,307.0,-1
16, 7, 293.0,307.0,-1
7, 7, 0.0,0.0,1
8, 9, 724.0,893.0,-1
9, 8, 724.0,893.0,-1
8, 10, 816.0,1151.0,-1
10, 8, 816.0,1151.0,-1
8, 11, 734.0,1027.0,1
11, 8, 734.0,1027.0,1
8, 12, 532.0,717.0,-1
12, 8, 532.0,717.0,-1
8, 13, 1030.0,1457.0,-1
13, 8, 1030.0,1457.0,-1
8, 14, 398.0,554.0,-1
14, 8, 398.0,554.0,-1
8, 15, 981.0,1387.0,-1
15, 8, 981.0,1387.0,-1
8, 16, 688.0,905.0,-1
16, 8, 688.0,905.0,-1
8, 8, 0.0,0.0,1
9, 10, 828.0,973.0,1
10, 9, 828.0,973.0,1
9, 11, 646.0,747.0,-1
11, 9, 646.0,747.0,-1
9, 12, 231.0,275.0,-1
12, 9, 231.0,275.0,-1
9, 13, 916.0,956.0,-1
13, 9, 916.0,956.0,-1
9, 14, 370.0,398.0,1
14, 9, 370.0,398.0,1
9, 15, 892.0,897.0,-1
15, 9, 892.0,897.0,-1
9, 16, 476.0,539.0,-1
16, 9, 476.0,539.0,-1
9, 9, 0.0,0.0,1
10, 11, 183.0,227.0,-1
11, 10, 183.0,227.0,-1
10, 12, 864.0,925.0,1
12, 10, 864.0,925.0,1
10, 13, 227.0,306.0,-1
13, 10, 227.0,306.0,-1
10, 14, 866.0,1048.0,-1
14, 10, 866.0,1048.0,-1
10, 15, 175.0,236.0,-1
15, 10, 175.0,236.0,-1
10, 16, 354.0,435.0,1
16, 10, 354.0,435.0,1
10, 10, 0.0,0.0,1
11, 12, 696.0,801.0,-1
12, 11, 696.0,801.0,-1
11, 13, 317.0,430.0,-1
13, 11, 317.0,430.0,-1
11, 14, 714.0,924.0,1
14, 11, 714.0,924.0,1
11, 15, 276.0,360.0,1
15, 11, 276.0,360.0,1
11, 16, 171.0,209.0,-1
16, 11, 171.0,209.0,-1
11, 11, 0.0,0.0,1
12, 13, 1001.0,1231.0,-1
13, 12, 1001.0,1231.0,-1
12, 14, 145.0,163.0,-1
14, 12, 145.0,163.0,-1
12, 15, 966.0,1161.0,-1
15, 12, 966.0,1161.0,-1
12, 16, 545.0,680.0,-1
16, 12, 545.0,680.0,-1
12, 12, 0.0,0.0,1
13, 14, 1029.0,1354.0,-1
14, 13, 1029.0,1354.0,-1
13, 15, 52.0,71.0,-1
15, 13, 52.0,71.0,-1
13, 16, 457.0,552.0,1
16, 13, 457.0,552.0,1
13, 13, 0.0,0.0,1
14, 15, 990.0,1284.0,1
15, 14, 990.0,1284.0,1
14, 16, 585.0,802.0,-1
16, 14, 585.0,802.0,-1
14, 14, 0.0,0.0,1
15, 16, 425.0,482.0,1
16, 15, 425.0,482.0,1
15, 15, 0.0,0.0,1
16, 16, 0.0,0.0,1


<end>