<number of nodes>
16

<ratio of available edges>
0.3

<max length of the drone flight>
100000 

<D 2/3>
1, 2, 3, 4, 5, 6, 7, 9, 14, 15, 16

<V>
4, 5, 9, 14, 15

<coordinates X,Y>
525.2717215673687, 934.8802353843637
341.5501619556535, 988.4620365828952
795.5425129943221, 744.024044257073
503.63253533205216, 836.5523762748735
558.1928683036947, 395.76916100430645
55.4637285848747, 629.7448235097511
788.7243949386882, 165.6679814502774
988.886426187916, 76.168528396947
608.7914303789233, 606.4402055488943
898.6801550798322, 971.6045543474098
510.1357058041021, 949.5930723898886
693.9380541752447, 919.7448229127484
474.073317696505, 745.505789395364
747.7658737684974, 751.2476144956152
300.5871541320109, 980.3624849406372
291.79527203606625, 190.0185174842247

<adjacency matrix with truck distances>
1, 2, 192.0,238.0,1
2, 1, 192.0,238.0,1
1, 3, 331.0,462.0,-1
3, 1, 331.0,462.0,-1
1, 4, 101.0,120.0,1
4, 1, 101.0,120.0,1
1, 5, 541.0,573.0,-1
5, 1, 541.0,573.0,-1
1, 6, 561.0,775.0,1
6, 1, 561.0,775.0,1
1, 7, 814.0,1033.0,-1
7, 1, 814.0,1033.0,-1
1, 8, 976.0,1323.0,-1
8, 1, 976.0,1323.0,-1
1, 9, 339.0,412.0,1
9, 1, 339.0,412.0,1
1, 10, 376.0,411.0,-1
10, 1, 376.0,411.0,-1
1, 11, 22.0,30.0,1
11, 1, 22.0,30.0,1
1, 12, 170.0,184.0,-1
12, 1, 170.0,184.0,-1
1, 13, 197.0,241.0,-1
13, 1, 197.0,241.0,-1
1, 14, 289.0,407.0,-1
14, 1, 289.0,407.0,-1
1, 15, 230.0,271.0,-1
15, 1, 230.0,271.0,-1
1, 16, 781.0,979.0,-1
16, 1, 781.0,979.0,-1
1, 1, 0.0,0.0,1
2, 3, 516.0,699.0,-1
3, 2, 516.0,699.0,-1
2, 4, 223.0,314.0,1
4, 2, 223.0,314.0,1
2, 5, 632.0,810.0,-1
5, 2, 632.0,810.0,-1
2, 6, 459.0,645.0,1
6, 2, 459.0,645.0,1
2, 7, 937.0,1270.0,-1
7, 2, 937.0,1270.0,-1
2, 8, 1119.0,1560.0,-1
8, 2, 1119.0,1560.0,-1
2, 9, 467.0,650.0,1
9, 2, 467.0,650.0,1
2, 10, 558.0,574.0,1
10, 2, 558.0,574.0,1
2, 11, 174.0,208.0,1
11, 2, 174.0,208.0,1
2, 12, 360.0,422.0,1
12, 2, 360.0,422.0,1
2, 13, 277.0,376.0,-1
13, 2, 277.0,376.0,-1
2, 14, 471.0,644.0,1
14, 2, 471.0,644.0,1
2, 15, 42.0,50.0,-1
15, 2, 42.0,50.0,-1
2, 16, 800.0,849.0,-1
16, 2, 800.0,849.0,-1
2, 2, 0.0,0.0,1
3, 4, 307.0,385.0,-1
4, 3, 307.0,385.0,-1
3, 5, 422.0,586.0,-1
5, 3, 422.0,586.0,-1
3, 6, 749.0,855.0,-1
6, 3, 749.0,855.0,-1
3, 7, 579.0,586.0,-1
7, 3, 579.0,586.0,-1
3, 8, 696.0,862.0,-1
8, 3, 696.0,862.0,-1
3, 9, 232.0,325.0,1
9, 3, 232.0,325.0,1
3, 10, 250.0,331.0,-1
10, 3, 250.0,331.0,-1
3, 11, 352.0,491.0,-1
11, 3, 352.0,491.0,-1
3, 12, 203.0,278.0,-1
12, 3, 203.0,278.0,-1
3, 13, 322.0,323.0,-1
13, 3, 322.0,323.0,-1
3, 14, 49.0,56.0,-1
14, 3, 49.0,56.0,-1
3, 15, 549.0,732.0,1
15, 3, 549.0,732.0,1
3, 16, 749.0,1058.0,-1
16, 3, 749.0,1058.0,-1
3, 3, 0.0,0.0,1
4, 5, 445.0,496.0,-1
5, 4, 445.0,496.0,-1
4, 6, 494.0,655.0,-1
6, 4, 494.0,655.0,-1
4, 7, 729.0,956.0,-1
7, 4, 729.0,956.0,-1
4, 8, 903.0,1246.0,1
8, 4, 903.0,1246.0,1
4, 9, 254.0,336.0,-1
9, 4, 254.0,336.0,-1
4, 10, 418.0,531.0,-1
10, 4, 418.0,531.0,-1
4, 11, 114.0,120.0,-1
11, 4, 114.0,120.0,-1
4, 12, 208.0,274.0,-1
12, 4, 208.0,274.0,-1
4, 13, 96.0,121.0,-1
13, 4, 96.0,121.0,-1
4, 14, 259.0,330.0,1
14, 4, 259.0,330.0,1
4, 15, 249.0,347.0,1
15, 4, 249.0,347.0,1
4, 16, 681.0,859.0,-1
16, 4, 681.0,859.0,-1
4, 4, 0.0,0.0,1
5, 6, 555.0,737.0,-1
6, 5, 555.0,737.0,-1
5, 7, 326.0,461.0,1
7, 5, 326.0,461.0,1
5, 8, 537.0,751.0,-1
8, 5, 537.0,751.0,-1
5, 9, 217.0,262.0,-1
9, 5, 217.0,262.0,-1
5, 10, 669.0,917.0,-1
10, 5, 669.0,917.0,-1
5, 11, 556.0,602.0,-1
11, 5, 556.0,602.0,-1
5, 12, 542.0,660.0,1
12, 5, 542.0,660.0,1
5, 13, 360.0,434.0,1
13, 5, 360.0,434.0,1
5, 14, 403.0,546.0,1
14, 5, 403.0,546.0,1
5, 15, 639.0,843.0,-1
15, 5, 639.0,843.0,-1
5, 16, 337.0,473.0,-1
16, 5, 337.0,473.0,-1
5, 5, 0.0,0.0,1
6, 7, 868.0,1198.0,1
7, 6, 868.0,1198.0,1
6, 8, 1086.0,1487.0,-1
8, 6, 1086.0,1487.0,-1
6, 9, 554.0,577.0,-1
9, 6, 554.0,577.0,-1
6, 10, 910.0,1186.0,-1
10, 6, 910.0,1186.0,-1
6, 11, 556.0,775.0,1
11, 6, 556.0,775.0,1
6, 12, 702.0,929.0,1
12, 6, 702.0,929.0,1
6, 13, 435.0,535.0,-1
13, 6, 435.0,535.0,-1
6, 14, 703.0,814.0,-1
14, 6, 703.0,814.0,-1
6, 15, 428.0,596.0,-1
15, 6, 428.0,596.0,-1
6, 16, 500.0,677.0,-1
16, 6, 500.0,677.0,-1
6, 6, 0.0,0.0,1
7, 8, 220.0,290.0,-1
8, 7, 220.0,290.0,-1
7, 9, 477.0,621.0,-1
9, 7, 477.0,621.0,-1
7, 10, 814.0,916.0,1
10, 7, 814.0,916.0,1
7, 11, 832.0,1063.0,1
11, 7, 832.0,1063.0,1
7, 12, 761.0,849.0,-1
12, 7, 761.0,849.0,-1
7, 13, 660.0,895.0,-1
13, 7, 660.0,895.0,-1
7, 14, 588.0,627.0,1
14, 7, 588.0,627.0,1
7, 15, 950.0,1303.0,-1
15, 7, 950.0,1303.0,-1
7, 16, 498.0,522.0,1
16, 7, 498.0,522.0,1
7, 7, 0.0,0.0,1
8, 9, 653.0,911.0,-1
9, 8, 653.0,911.0,-1
8, 10, 900.0,986.0,-1
10, 8, 900.0,986.0,-1
8, 11, 997.0,1353.0,-1
11, 8, 997.0,1353.0,-1
8, 12, 894.0,1139.0,-1
12, 8, 894.0,1139.0,-1
8, 13, 845.0,1185.0,1
13, 8, 845.0,1185.0,1
8, 14, 717.0,917.0,-1
14, 8, 717.0,917.0,-1
8, 15, 1137.0,1593.0,-1
15, 8, 1137.0,1593.0,-1
8, 16, 707.0,811.0,-1
16, 8, 707.0,811.0,-1
8, 8, 0.0,0.0,1
9, 10, 467.0,656.0,-1
10, 9, 467.0,656.0,-1
9, 11, 358.0,442.0,-1
11, 9, 358.0,442.0,-1
9, 12, 325.0,399.0,-1
12, 9, 325.0,399.0,-1
9, 13, 194.0,274.0,-1
13, 9, 194.0,274.0,-1
9, 14, 201.0,284.0,1
14, 9, 201.0,284.0,1
9, 15, 485.0,683.0,1
15, 9, 485.0,683.0,1
9, 16, 524.0,734.0,-1
16, 9, 524.0,734.0,-1
9, 9, 0.0,0.0,1
10, 11, 390.0,411.0,-1
11, 10, 390.0,411.0,-1
10, 12, 212.0,257.0,1
12, 10, 212.0,257.0,1
10, 13, 482.0,651.0,-1
13, 10, 482.0,651.0,-1
10, 14, 268.0,372.0,1
14, 10, 268.0,372.0,1
10, 15, 599.0,607.0,-1
15, 10, 599.0,607.0,-1
10, 16, 990.0,1389.0,-1
16, 10, 990.0,1389.0,-1
10, 10, 0.0,0.0,1
11, 12, 187.0,214.0,1
12, 11, 187.0,214.0,1
11, 13, 208.0,241.0,-1
13, 11, 208.0,241.0,-1
11, 14, 310.0,436.0,-1
14, 11, 310.0,436.0,-1
11, 15, 212.0,241.0,-1
15, 11, 212.0,241.0,-1
11, 16, 791.0,978.0,-1
16, 11, 791.0,978.0,-1
11, 11, 0.0,0.0,1
12, 13, 281.0,395.0,-1
13, 12, 281.0,395.0,-1
12, 14, 177.0,223.0,-1
14, 12, 177.0,223.0,-1
12, 15, 398.0,454.0,-1
15, 12, 398.0,454.0,-1
12, 16, 834.0,1132.0,-1
16, 12, 834.0,1132.0,-1
12, 12, 0.0,0.0,1
13, 14, 274.0,280.0,1
14, 13, 274.0,280.0,1
13, 15, 292.0,409.0,-1
15, 13, 292.0,409.0,-1
13, 16, 585.0,738.0,-1
16, 13, 585.0,738.0,-1
13, 13, 0.0,0.0,1
14, 15, 503.0,677.0,1
15, 14, 503.0,677.0,1
14, 16, 724.0,1018.0,-1
16, 14, 724.0,1018.0,-1
14, 14, 0.0,0.0,1
15, 16, 791.0,800.0,-1
16, 15, 791.0,800.0,-1
15, 15, 0.0,0.0,1
16, 16, 0.0,0.0,1


<end>