<number of nodes>
16

<ratio of available edges>
0.3

<max length of the drone flight>
100000 

<D 2/3>
1, 2, 7, 8, 9, 10, 11, 12, 14, 15, 16

<V>
10, 11, 12, 14, 16

<coordinates X,Y>
951.4260895068871, 235.34581639568964
326.64651971766364, 515.26947882459
856.3274206960717, 482.9421640056055
670.2503253742275, 474.07859795715194
712.6030514674806, 103.08918498783791
407.1909968634757, 867.8409995897441
490.69393554490006, 929.2493910263956
104.69918439050514, 926.0207864579509
313.03691901674586, 338.38540949725194
579.6513132448983, 313.90643520768504
495.53008042204937, 849.7978220124936
629.4853102903253, 433.08642472274653
290.15399828340895, 204.61950587969733
313.4064101151141, 518.3243787153867
410.6768664141269, 884.814718758074
356.81892509245233, 727.6215806291324

<adjacency matrix with truck distances>
1, 2, 685.0,905.0,-1
2, 1, 685.0,905.0,-1
1, 3, 266.0,343.0,-1
3, 1, 266.0,343.0,-1
1, 4, 369.0,520.0,-1
4, 1, 369.0,520.0,-1
1, 5, 273.0,372.0,1
5, 1, 273.0,372.0,1
1, 6, 835.0,1177.0,-1
6, 1, 835.0,1177.0,-1
1, 7, 833.0,1155.0,-1
7, 1, 833.0,1155.0,-1
1, 8, 1093.0,1538.0,-1
8, 1, 1093.0,1538.0,-1
1, 9, 647.0,742.0,-1
9, 1, 647.0,742.0,-1
1, 10, 380.0,451.0,1
10, 1, 380.0,451.0,1
1, 11, 766.0,1071.0,-1
11, 1, 766.0,1071.0,-1
1, 12, 378.0,520.0,1
12, 1, 378.0,520.0,1
1, 13, 662.0,692.0,-1
13, 1, 662.0,692.0,-1
1, 14, 698.0,921.0,-1
14, 1, 698.0,921.0,-1
1, 15, 846.0,1191.0,1
15, 1, 846.0,1191.0,1
1, 16, 772.0,1087.0,-1
16, 1, 772.0,1087.0,-1
1, 1, 0.0,0.0,1
2, 3, 531.0,563.0,-1
3, 2, 531.0,563.0,-1
2, 4, 347.0,385.0,-1
4, 2, 347.0,385.0,-1
2, 5, 565.0,799.0,1
5, 2, 565.0,799.0,1
2, 6, 362.0,434.0,-1
6, 2, 362.0,434.0,-1
2, 7, 446.0,579.0,-1
7, 2, 446.0,579.0,-1
2, 8, 467.0,633.0,-1
8, 2, 467.0,633.0,-1
2, 9, 178.0,191.0,-1
9, 2, 178.0,191.0,-1
2, 10, 324.0,455.0,-1
10, 2, 324.0,455.0,-1
2, 11, 375.0,504.0,1
11, 2, 375.0,504.0,1
2, 12, 314.0,386.0,1
12, 2, 314.0,386.0,1
2, 13, 313.0,348.0,-1
13, 2, 313.0,348.0,-1
2, 14, 14.0,17.0,1
14, 2, 14.0,17.0,1
2, 15, 379.0,454.0,1
15, 2, 379.0,454.0,1
2, 16, 215.0,243.0,-1
16, 2, 215.0,243.0,-1
2, 2, 0.0,0.0,1
3, 4, 187.0,195.0,-1
4, 3, 187.0,195.0,-1
3, 5, 407.0,524.0,-1
5, 3, 407.0,524.0,-1
3, 6, 592.0,835.0,-1
6, 3, 592.0,835.0,-1
3, 7, 577.0,812.0,-1
7, 3, 577.0,812.0,-1
3, 8, 873.0,1195.0,-1
8, 3, 873.0,1195.0,-1
3, 9, 563.0,688.0,-1
9, 3, 563.0,688.0,-1
3, 10, 325.0,446.0,-1
10, 3, 325.0,446.0,-1
3, 11, 515.0,728.0,-1
11, 3, 515.0,728.0,-1
3, 12, 233.0,277.0,1
12, 3, 233.0,277.0,1
3, 13, 631.0,845.0,1
13, 3, 631.0,845.0,1
3, 14, 545.0,579.0,-1
14, 3, 545.0,579.0,-1
3, 15, 601.0,848.0,-1
15, 3, 601.0,848.0,-1
3, 16, 557.0,745.0,-1
16, 3, 557.0,745.0,-1
3, 3, 0.0,0.0,1
4, 5, 374.0,414.0,-1
5, 4, 374.0,414.0,-1
4, 6, 474.0,657.0,-1
6, 4, 474.0,657.0,-1
4, 7, 490.0,635.0,1
7, 4, 490.0,635.0,1
4, 8, 724.0,1018.0,-1
8, 4, 724.0,1018.0,-1
4, 9, 383.0,493.0,-1
9, 4, 383.0,493.0,-1
4, 10, 185.0,251.0,1
10, 4, 185.0,251.0,1
4, 11, 415.0,551.0,-1
11, 4, 415.0,551.0,-1
4, 12, 58.0,82.0,-1
12, 4, 58.0,82.0,-1
4, 13, 466.0,650.0,-1
13, 4, 466.0,650.0,-1
4, 14, 360.0,402.0,-1
14, 4, 360.0,402.0,-1
4, 15, 486.0,671.0,1
15, 4, 486.0,671.0,1
4, 16, 404.0,567.0,-1
16, 4, 404.0,567.0,-1
4, 4, 0.0,0.0,1
5, 6, 824.0,1071.0,1
6, 5, 824.0,1071.0,1
5, 7, 856.0,1049.0,-1
7, 5, 856.0,1049.0,-1
5, 8, 1024.0,1431.0,-1
8, 5, 1024.0,1431.0,-1
5, 9, 464.0,635.0,-1
9, 5, 464.0,635.0,-1
5, 10, 250.0,344.0,-1
10, 5, 250.0,344.0,-1
5, 11, 778.0,964.0,1
11, 5, 778.0,964.0,1
5, 12, 341.0,414.0,1
12, 5, 341.0,414.0,1
5, 13, 435.0,524.0,-1
13, 5, 435.0,524.0,-1
5, 14, 577.0,815.0,1
14, 5, 577.0,815.0,1
5, 15, 839.0,1084.0,-1
15, 5, 839.0,1084.0,-1
5, 16, 719.0,981.0,-1
16, 5, 719.0,981.0,-1
5, 5, 0.0,0.0,1
6, 7, 104.0,145.0,-1
7, 6, 104.0,145.0,-1
6, 8, 309.0,361.0,1
8, 6, 309.0,361.0,1
6, 9, 538.0,624.0,-1
9, 6, 538.0,624.0,-1
6, 10, 581.0,727.0,-1
10, 6, 581.0,727.0,-1
6, 11, 91.0,107.0,1
11, 6, 91.0,107.0,1
6, 12, 489.0,658.0,-1
12, 6, 489.0,658.0,-1
6, 13, 674.0,781.0,1
13, 6, 674.0,781.0,1
6, 14, 362.0,444.0,-1
14, 6, 362.0,444.0,-1
6, 15, 18.0,21.0,-1
15, 6, 18.0,21.0,-1
6, 16, 149.0,191.0,-1
16, 6, 149.0,191.0,-1
6, 6, 0.0,0.0,1
7, 8, 387.0,390.0,-1
8, 7, 387.0,390.0,-1
7, 9, 617.0,769.0,-1
9, 7, 617.0,769.0,-1
7, 10, 622.0,705.0,1
10, 7, 622.0,705.0,1
7, 11, 80.0,85.0,1
11, 7, 80.0,85.0,1
7, 12, 516.0,635.0,-1
12, 7, 516.0,635.0,-1
7, 13, 752.0,926.0,-1
13, 7, 752.0,926.0,-1
7, 14, 448.0,589.0,-1
14, 7, 448.0,589.0,-1
7, 15, 92.0,125.0,1
15, 7, 92.0,125.0,1
7, 16, 243.0,336.0,1
16, 7, 243.0,336.0,1
7, 7, 0.0,0.0,1
8, 9, 624.0,796.0,-1
9, 8, 624.0,796.0,-1
8, 10, 775.0,1088.0,-1
10, 8, 775.0,1088.0,-1
8, 11, 399.0,468.0,-1
11, 8, 399.0,468.0,-1
8, 12, 720.0,1018.0,-1
12, 8, 720.0,1018.0,-1
8, 13, 745.0,907.0,-1
13, 8, 745.0,907.0,-1
8, 14, 459.0,617.0,1
14, 8, 459.0,617.0,1
8, 15, 309.0,348.0,-1
15, 8, 309.0,348.0,-1
8, 16, 321.0,451.0,1
16, 8, 321.0,451.0,1
8, 8, 0.0,0.0,1
9, 10, 268.0,292.0,1
10, 9, 268.0,292.0,1
9, 11, 543.0,694.0,-1
11, 9, 543.0,694.0,-1
9, 12, 331.0,412.0,1
12, 9, 331.0,412.0,1
9, 13, 136.0,157.0,-1
13, 9, 136.0,157.0,-1
9, 14, 180.0,181.0,1
14, 9, 180.0,181.0,1
9, 15, 556.0,645.0,-1
15, 9, 556.0,645.0,-1
9, 16, 392.0,434.0,-1
16, 9, 392.0,434.0,-1
9, 9, 0.0,0.0,1
10, 11, 543.0,621.0,1
11, 10, 543.0,621.0,1
10, 12, 130.0,170.0,-1
12, 10, 130.0,170.0,-1
10, 13, 310.0,399.0,-1
13, 10, 310.0,399.0,-1
10, 14, 336.0,471.0,-1
14, 10, 336.0,471.0,-1
10, 15, 596.0,740.0,1
15, 10, 596.0,740.0,1
10, 16, 470.0,637.0,-1
16, 10, 470.0,637.0,-1
10, 10, 0.0,0.0,1
11, 12, 438.0,551.0,1
12, 11, 438.0,551.0,1
11, 13, 678.0,851.0,-1
13, 11, 678.0,851.0,-1
11, 14, 379.0,514.0,1
14, 11, 379.0,514.0,1
11, 15, 92.0,120.0,1
15, 11, 92.0,120.0,1
11, 16, 185.0,261.0,-1
16, 11, 185.0,261.0,-1
11, 11, 0.0,0.0,1
12, 13, 410.0,568.0,-1
13, 12, 410.0,568.0,-1
12, 14, 328.0,402.0,-1
14, 12, 328.0,402.0,-1
12, 15, 502.0,671.0,-1
15, 12, 502.0,671.0,-1
12, 16, 402.0,568.0,1
16, 12, 402.0,568.0,1
12, 12, 0.0,0.0,1
13, 14, 315.0,337.0,-1
14, 13, 315.0,337.0,-1
13, 15, 691.0,801.0,-1
15, 13, 691.0,801.0,-1
13, 16, 528.0,590.0,-1
16, 13, 528.0,590.0,-1
13, 13, 0.0,0.0,1
14, 15, 380.0,464.0,-1
15, 14, 380.0,464.0,-1
14, 16, 214.0,253.0,-1
16, 14, 214.0,253.0,-1
14, 14, 0.0,0.0,1
15, 16, 167.0,212.0,-1
16, 15, 167.0,212.0,-1
15, 15, 0.0,0.0,1
16, 16, 0.0,0.0,1


<end>