<number of nodes>
16

<ratio of available edges>
0.3

<max length of the drone flight>
100000 

<D 2/3>
1, 2, 3, 4, 6, 7, 8, 9, 11, 14, 15

<V>
3, 4, 7, 11, 14

<coordinates X,Y>
526.2427603284063, 652.238093525998
615.246784041055, 69.61092388299238
553.1361616339135, 606.9227867227559
752.0321961387211, 708.9427651671671
775.1141756781642, 762.9492170448061
499.2251953654122, 702.3223579101751
478.0384034665634, 792.8417345103541
575.3580571620314, 626.0411574886415
621.1595346421225, 130.2247493486425
711.9746753239538, 881.6219726697595
296.00311874539346, 729.6078744551504
713.613680442828, 568.6504910458393
934.0379012461385, 863.467402158574
217.73946586145064, 602.4253683016505
861.781991835012, 406.4926749134728
808.6741360767879, 803.2550409987405

<adjacency matrix with truck distances>
1, 2, 590.0,672.0,1
2, 1, 590.0,672.0,1
1, 3, 53.0,73.0,-1
3, 1, 53.0,73.0,-1
1, 4, 233.0,283.0,-1
4, 1, 233.0,283.0,-1
1, 5, 273.0,360.0,1
5, 1, 273.0,360.0,1
1, 6, 57.0,78.0,1
6, 1, 57.0,78.0,1
1, 7, 149.0,189.0,-1
7, 1, 149.0,189.0,-1
1, 8, 56.0,76.0,1
8, 1, 56.0,76.0,1
1, 9, 531.0,617.0,-1
9, 1, 531.0,617.0,-1
1, 10, 296.0,416.0,1
10, 1, 296.0,416.0,1
1, 11, 243.0,308.0,-1
11, 1, 243.0,308.0,-1
1, 12, 206.0,271.0,-1
12, 1, 206.0,271.0,-1
1, 13, 460.0,620.0,-1
13, 1, 460.0,620.0,-1
1, 14, 313.0,359.0,-1
14, 1, 313.0,359.0,-1
1, 15, 416.0,582.0,-1
15, 1, 416.0,582.0,-1
1, 16, 321.0,434.0,-1
16, 1, 321.0,434.0,-1
1, 1, 0.0,0.0,1
2, 3, 541.0,600.0,-1
3, 2, 541.0,600.0,-1
2, 4, 654.0,777.0,-1
4, 2, 654.0,777.0,-1
2, 5, 712.0,854.0,1
5, 2, 712.0,854.0,1
2, 6, 644.0,749.0,-1
6, 2, 644.0,749.0,-1
2, 7, 737.0,861.0,-1
7, 2, 737.0,861.0,-1
2, 8, 558.0,597.0,1
8, 2, 558.0,597.0,1
2, 9, 61.0,67.0,1
9, 2, 61.0,67.0,1
2, 10, 818.0,909.0,-1
10, 2, 818.0,909.0,-1
2, 11, 734.0,980.0,-1
11, 2, 734.0,980.0,-1
2, 12, 509.0,598.0,-1
12, 2, 509.0,598.0,-1
2, 13, 856.0,1113.0,-1
13, 2, 856.0,1113.0,-1
2, 14, 665.0,931.0,-1
14, 2, 665.0,931.0,-1
2, 15, 418.0,584.0,-1
15, 2, 418.0,584.0,-1
2, 16, 759.0,928.0,-1
16, 2, 759.0,928.0,-1
2, 2, 0.0,0.0,1
3, 4, 224.0,301.0,-1
4, 3, 224.0,301.0,-1
3, 5, 272.0,379.0,1
5, 3, 272.0,379.0,1
3, 6, 110.0,150.0,-1
6, 3, 110.0,150.0,-1
3, 7, 201.0,262.0,-1
7, 3, 201.0,262.0,-1
3, 8, 30.0,42.0,-1
8, 3, 30.0,42.0,-1
3, 9, 482.0,545.0,-1
9, 3, 482.0,545.0,-1
3, 10, 318.0,434.0,-1
10, 3, 318.0,434.0,-1
3, 11, 285.0,380.0,-1
11, 3, 285.0,380.0,-1
3, 12, 165.0,199.0,-1
12, 3, 165.0,199.0,-1
3, 13, 460.0,638.0,-1
13, 3, 460.0,638.0,-1
3, 14, 336.0,340.0,1
14, 3, 336.0,340.0,1
3, 15, 369.0,510.0,-1
15, 3, 369.0,510.0,-1
3, 16, 323.0,452.0,-1
16, 3, 323.0,452.0,-1
3, 3, 0.0,0.0,1
4, 5, 59.0,78.0,1
5, 4, 59.0,78.0,1
4, 6, 253.0,260.0,1
6, 4, 253.0,260.0,1
4, 7, 287.0,358.0,-1
7, 4, 287.0,358.0,-1
4, 8, 196.0,260.0,-1
8, 4, 196.0,260.0,-1
4, 9, 594.0,710.0,-1
9, 4, 594.0,710.0,-1
4, 10, 178.0,213.0,-1
10, 4, 178.0,213.0,-1
4, 11, 457.0,477.0,-1
11, 4, 457.0,477.0,-1
4, 12, 146.0,179.0,1
12, 4, 146.0,179.0,1
4, 13, 239.0,337.0,-1
13, 4, 239.0,337.0,-1
4, 14, 545.0,641.0,-1
14, 4, 545.0,641.0,-1
4, 15, 322.0,413.0,1
15, 4, 322.0,413.0,1
4, 16, 111.0,151.0,-1
16, 4, 111.0,151.0,-1
4, 4, 0.0,0.0,1
5, 6, 283.0,337.0,1
6, 5, 283.0,337.0,1
5, 7, 299.0,327.0,1
7, 5, 299.0,327.0,1
5, 8, 243.0,337.0,-1
8, 5, 243.0,337.0,-1
5, 9, 652.0,787.0,-1
9, 5, 652.0,787.0,-1
5, 10, 135.0,182.0,-1
10, 5, 135.0,182.0,-1
5, 11, 481.0,513.0,-1
11, 5, 481.0,513.0,-1
5, 12, 204.0,256.0,-1
12, 5, 204.0,256.0,-1
5, 13, 189.0,260.0,-1
13, 5, 189.0,260.0,-1
5, 14, 581.0,718.0,1
14, 5, 581.0,718.0,1
5, 15, 367.0,444.0,-1
15, 5, 367.0,444.0,-1
5, 16, 53.0,74.0,-1
16, 5, 53.0,74.0,-1
5, 5, 0.0,0.0,1
6, 7, 93.0,112.0,1
7, 6, 93.0,112.0,1
6, 8, 108.0,153.0,1
8, 6, 108.0,153.0,1
6, 9, 585.0,695.0,1
9, 6, 585.0,695.0,1
6, 10, 279.0,393.0,-1
10, 6, 279.0,393.0,-1
6, 11, 206.0,231.0,-1
11, 6, 206.0,231.0,-1
6, 12, 253.0,349.0,-1
12, 6, 253.0,349.0,-1
6, 13, 464.0,596.0,1
13, 6, 464.0,596.0,1
6, 14, 299.0,382.0,-1
14, 6, 299.0,382.0,-1
6, 15, 468.0,659.0,1
15, 6, 468.0,659.0,1
6, 16, 326.0,411.0,1
16, 6, 326.0,411.0,1
6, 6, 0.0,0.0,1
7, 8, 194.0,265.0,-1
8, 7, 194.0,265.0,-1
7, 9, 678.0,806.0,-1
9, 7, 678.0,806.0,-1
7, 10, 251.0,323.0,-1
10, 7, 251.0,323.0,-1
7, 11, 193.0,246.0,-1
11, 7, 193.0,246.0,-1
7, 12, 326.0,460.0,-1
12, 7, 326.0,460.0,-1
7, 13, 462.0,527.0,-1
13, 7, 462.0,527.0,-1
7, 14, 323.0,451.0,-1
14, 7, 323.0,451.0,-1
7, 15, 545.0,771.0,1
15, 7, 545.0,771.0,1
7, 16, 331.0,342.0,-1
16, 7, 331.0,342.0,-1
7, 7, 0.0,0.0,1
8, 9, 498.0,542.0,1
9, 8, 498.0,542.0,1
8, 10, 290.0,393.0,1
10, 8, 290.0,393.0,1
8, 11, 298.0,383.0,1
11, 8, 298.0,383.0,1
8, 12, 150.0,196.0,-1
12, 8, 150.0,196.0,-1
8, 13, 431.0,597.0,-1
13, 8, 431.0,597.0,-1
8, 14, 359.0,382.0,1
14, 8, 359.0,382.0,1
8, 15, 361.0,506.0,-1
15, 8, 361.0,506.0,-1
8, 16, 293.0,411.0,-1
16, 8, 293.0,411.0,-1
8, 8, 0.0,0.0,1
9, 10, 757.0,843.0,-1
10, 9, 757.0,843.0,-1
9, 11, 682.0,925.0,1
11, 9, 682.0,925.0,1
9, 12, 449.0,531.0,-1
12, 9, 449.0,531.0,-1
9, 13, 798.0,1047.0,-1
13, 9, 798.0,1047.0,-1
9, 14, 622.0,876.0,1
14, 9, 622.0,876.0,1
9, 15, 367.0,517.0,-1
15, 9, 367.0,517.0,-1
9, 16, 699.0,861.0,-1
16, 9, 699.0,861.0,-1
9, 9, 0.0,0.0,1
10, 11, 443.0,568.0,-1
11, 10, 443.0,568.0,-1
10, 12, 313.0,315.0,1
12, 10, 313.0,315.0,1
10, 13, 223.0,241.0,1
13, 10, 223.0,241.0,1
10, 14, 568.0,774.0,1
14, 10, 568.0,774.0,1
10, 15, 499.0,625.0,-1
15, 10, 499.0,625.0,-1
10, 16, 125.0,176.0,-1
16, 10, 125.0,176.0,-1
10, 10, 0.0,0.0,1
11, 12, 448.0,579.0,-1
12, 11, 448.0,579.0,-1
11, 13, 652.0,772.0,1
13, 11, 652.0,772.0,1
11, 14, 150.0,206.0,-1
14, 11, 150.0,206.0,-1
11, 15, 652.0,889.0,-1
15, 11, 652.0,889.0,-1
11, 16, 518.0,587.0,-1
16, 11, 518.0,587.0,-1
11, 11, 0.0,0.0,1
12, 13, 369.0,516.0,-1
13, 12, 369.0,516.0,-1
12, 14, 498.0,530.0,-1
14, 12, 498.0,530.0,-1
12, 15, 220.0,311.0,-1
15, 12, 220.0,311.0,-1
12, 16, 254.0,330.0,1
16, 12, 254.0,330.0,1
12, 12, 0.0,0.0,1
13, 14, 763.0,978.0,-1
14, 13, 763.0,978.0,-1
13, 15, 463.0,530.0,-1
15, 13, 463.0,530.0,-1
13, 16, 140.0,186.0,-1
16, 13, 140.0,186.0,-1
13, 13, 0.0,0.0,1
14, 15, 674.0,840.0,-1
15, 14, 674.0,840.0,-1
14, 16, 625.0,792.0,-1
16, 14, 625.0,792.0,-1
14, 14, 0.0,0.0,1
15, 16, 401.0,450.0,1
16, 15, 401.0,450.0,1
15, 15, 0.0,0.0,1
16, 16, 0.0,0.0,1


<end>