<number of nodes>
16

<ratio of available edges>
0.3

<max length of the drone flight>
100000 

<D 2/3>
1, 3, 4, 5, 7, 8, 9, 13, 14, 15, 16

<V>
7, 9, 13, 14, 16

<coordinates X,Y>
385.0982030324559, 218.48596670699627
802.5544778188965, 131.848714437868
731.2841852703979, 229.52151205737545
940.7334481521567, 222.21192878340995
290.32905317344444, 438.5760961191392
721.2075752985505, 817.6812707782223
15.096081613807039, 248.61151845455652
620.4603721802127, 505.1807415780407
703.8166363346485, 826.3228238011881
649.7306697885416, 29.57526437101371
650.0208793651504, 273.405751305739
882.9412797405558, 727.0947836577263
441.5750057590043, 479.24186477555
507.48628527485056, 723.3579290141282
917.8481542131848, 938.1017852859417
674.3967133653033, 615.1490001218954

<adjacency matrix with truck distances>
1, 2, 427.0,505.0,-1
2, 1, 427.0,505.0,-1
1, 3, 347.0,358.0,-1
3, 1, 347.0,358.0,-1
1, 4, 556.0,560.0,-1
4, 1, 556.0,560.0,-1
1, 5, 240.0,315.0,-1
5, 1, 240.0,315.0,-1
1, 6, 688.0,936.0,-1
6, 1, 688.0,936.0,-1
1, 7, 372.0,401.0,-1
7, 1, 372.0,401.0,-1
1, 8, 371.0,523.0,-1
8, 1, 371.0,523.0,-1
1, 9, 687.0,927.0,1
9, 1, 687.0,927.0,1
1, 10, 326.0,454.0,-1
10, 1, 326.0,454.0,-1
1, 11, 271.0,320.0,-1
11, 1, 271.0,320.0,-1
1, 12, 712.0,1007.0,-1
12, 1, 712.0,1007.0,-1
1, 13, 267.0,318.0,-1
13, 1, 267.0,318.0,-1
1, 14, 520.0,628.0,-1
14, 1, 520.0,628.0,-1
1, 15, 896.0,1253.0,-1
15, 1, 896.0,1253.0,-1
1, 16, 491.0,686.0,-1
16, 1, 491.0,686.0,-1
1, 1, 0.0,0.0,1
2, 3, 121.0,169.0,-1
3, 2, 121.0,169.0,-1
2, 4, 166.0,229.0,-1
4, 2, 166.0,229.0,-1
2, 5, 598.0,819.0,-1
5, 2, 598.0,819.0,-1
2, 6, 691.0,768.0,-1
6, 2, 691.0,768.0,-1
2, 7, 797.0,905.0,-1
7, 2, 797.0,905.0,-1
2, 8, 416.0,556.0,-1
8, 2, 416.0,556.0,-1
2, 9, 702.0,794.0,-1
9, 2, 702.0,794.0,-1
2, 10, 184.0,256.0,1
10, 2, 184.0,256.0,1
2, 11, 209.0,295.0,-1
11, 2, 209.0,295.0,-1
2, 12, 601.0,676.0,-1
12, 2, 601.0,676.0,-1
2, 13, 501.0,709.0,-1
13, 2, 501.0,709.0,-1
2, 14, 662.0,887.0,1
14, 2, 662.0,887.0,1
2, 15, 815.0,922.0,-1
15, 2, 815.0,922.0,-1
2, 16, 501.0,612.0,-1
16, 2, 501.0,612.0,-1
2, 2, 0.0,0.0,1
3, 4, 210.0,217.0,-1
4, 3, 210.0,217.0,-1
3, 5, 489.0,651.0,-1
5, 3, 489.0,651.0,-1
3, 6, 589.0,599.0,-1
6, 3, 589.0,599.0,-1
3, 7, 717.0,736.0,1
7, 3, 717.0,736.0,1
3, 8, 298.0,387.0,-1
8, 3, 298.0,387.0,-1
3, 9, 598.0,625.0,-1
9, 3, 598.0,625.0,-1
3, 10, 216.0,282.0,-1
10, 3, 216.0,282.0,-1
3, 11, 93.0,126.0,-1
11, 3, 93.0,126.0,-1
3, 12, 521.0,650.0,1
12, 3, 521.0,650.0,1
3, 13, 383.0,540.0,1
13, 3, 383.0,540.0,1
3, 14, 543.0,718.0,-1
14, 3, 543.0,718.0,-1
3, 15, 733.0,896.0,-1
15, 3, 733.0,896.0,-1
3, 16, 390.0,443.0,-1
16, 3, 390.0,443.0,-1
3, 3, 0.0,0.0,1
4, 5, 686.0,867.0,-1
5, 4, 686.0,867.0,-1
4, 6, 635.0,815.0,1
6, 4, 635.0,815.0,1
4, 7, 927.0,953.0,-1
7, 4, 927.0,953.0,-1
4, 8, 428.0,604.0,-1
8, 4, 428.0,604.0,-1
4, 9, 649.0,842.0,-1
9, 4, 649.0,842.0,-1
4, 10, 349.0,484.0,1
10, 4, 349.0,484.0,1
4, 11, 296.0,342.0,1
11, 4, 296.0,342.0,1
4, 12, 509.0,563.0,-1
12, 4, 509.0,563.0,-1
4, 13, 562.0,757.0,1
13, 4, 562.0,757.0,1
4, 14, 663.0,935.0,-1
14, 4, 663.0,935.0,-1
4, 15, 717.0,739.0,-1
15, 4, 717.0,739.0,-1
4, 16, 475.0,660.0,1
16, 4, 475.0,660.0,1
4, 4, 0.0,0.0,1
5, 6, 574.0,810.0,1
6, 5, 574.0,810.0,1
5, 7, 335.0,466.0,-1
7, 5, 335.0,466.0,-1
5, 8, 337.0,397.0,1
8, 5, 337.0,397.0,1
5, 9, 567.0,802.0,1
9, 5, 567.0,802.0,1
5, 10, 545.0,769.0,-1
10, 5, 545.0,769.0,-1
5, 11, 396.0,525.0,-1
11, 5, 396.0,525.0,-1
5, 12, 660.0,882.0,-1
12, 5, 660.0,882.0,-1
5, 13, 157.0,192.0,-1
13, 5, 157.0,192.0,-1
5, 14, 359.0,502.0,-1
14, 5, 359.0,502.0,-1
5, 15, 803.0,1128.0,-1
15, 5, 803.0,1128.0,-1
5, 16, 423.0,561.0,1
16, 5, 423.0,561.0,1
5, 5, 0.0,0.0,1
6, 7, 907.0,1276.0,1
7, 6, 907.0,1276.0,1
6, 8, 329.0,414.0,1
8, 6, 329.0,414.0,1
6, 9, 20.0,27.0,1
9, 6, 20.0,27.0,1
6, 10, 792.0,860.0,1
10, 6, 792.0,860.0,1
6, 11, 549.0,616.0,1
11, 6, 549.0,616.0,1
6, 12, 186.0,253.0,-1
12, 6, 186.0,253.0,-1
6, 13, 440.0,619.0,1
13, 6, 440.0,619.0,1
6, 14, 234.0,309.0,-1
14, 6, 234.0,309.0,-1
6, 15, 231.0,318.0,-1
15, 6, 231.0,318.0,-1
6, 16, 208.0,250.0,-1
16, 6, 208.0,250.0,-1
6, 6, 0.0,0.0,1
7, 8, 658.0,862.0,1
8, 7, 658.0,862.0,1
7, 9, 899.0,1267.0,1
9, 7, 899.0,1267.0,1
7, 10, 672.0,854.0,-1
10, 7, 672.0,854.0,-1
7, 11, 636.0,660.0,1
11, 7, 636.0,660.0,1
7, 12, 992.0,1347.0,1
12, 7, 992.0,1347.0,1
7, 13, 485.0,658.0,-1
13, 7, 485.0,658.0,-1
7, 14, 684.0,968.0,1
14, 7, 684.0,968.0,1
7, 15, 1136.0,1593.0,1
15, 7, 1136.0,1593.0,1
7, 16, 755.0,1026.0,-1
16, 7, 755.0,1026.0,-1
7, 7, 0.0,0.0,1
8, 9, 332.0,405.0,-1
9, 8, 332.0,405.0,-1
8, 10, 477.0,505.0,-1
10, 8, 477.0,505.0,-1
8, 11, 234.0,262.0,-1
11, 8, 234.0,262.0,-1
8, 12, 344.0,485.0,-1
12, 8, 344.0,485.0,-1
8, 13, 181.0,205.0,-1
13, 8, 181.0,205.0,-1
8, 14, 246.0,332.0,1
14, 8, 246.0,332.0,1
8, 15, 526.0,731.0,-1
15, 8, 526.0,731.0,-1
8, 16, 123.0,164.0,-1
16, 8, 123.0,164.0,-1
8, 8, 0.0,0.0,1
9, 10, 799.0,851.0,-1
10, 9, 799.0,851.0,-1
9, 11, 556.0,607.0,-1
11, 9, 556.0,607.0,-1
9, 12, 205.0,279.0,-1
12, 9, 205.0,279.0,-1
9, 13, 436.0,610.0,-1
13, 9, 436.0,610.0,-1
9, 14, 222.0,300.0,-1
14, 9, 222.0,300.0,-1
9, 15, 242.0,326.0,-1
15, 9, 242.0,326.0,-1
9, 16, 214.0,241.0,-1
16, 9, 214.0,241.0,-1
9, 9, 0.0,0.0,1
10, 11, 244.0,245.0,1
11, 10, 244.0,245.0,1
10, 12, 736.0,931.0,-1
12, 10, 736.0,931.0,-1
10, 13, 496.0,658.0,-1
13, 10, 496.0,658.0,-1
10, 14, 709.0,837.0,1
14, 10, 709.0,837.0,1
10, 15, 948.0,1177.0,-1
15, 10, 948.0,1177.0,-1
10, 16, 587.0,611.0,1
16, 10, 587.0,611.0,1
10, 10, 0.0,0.0,1
11, 12, 510.0,687.0,-1
12, 11, 510.0,687.0,-1
11, 13, 293.0,415.0,-1
13, 11, 293.0,415.0,-1
11, 14, 472.0,593.0,-1
14, 11, 472.0,593.0,-1
11, 15, 717.0,933.0,1
15, 11, 717.0,933.0,1
11, 16, 343.0,367.0,1
16, 11, 343.0,367.0,1
11, 11, 0.0,0.0,1
12, 13, 507.0,690.0,-1
13, 12, 507.0,690.0,-1
12, 14, 376.0,380.0,1
14, 12, 376.0,380.0,1
12, 15, 214.0,246.0,-1
15, 12, 214.0,246.0,-1
12, 16, 237.0,321.0,1
16, 12, 237.0,321.0,1
12, 12, 0.0,0.0,1
13, 14, 253.0,311.0,-1
14, 13, 253.0,311.0,-1
13, 15, 662.0,936.0,-1
15, 13, 662.0,936.0,-1
13, 16, 270.0,369.0,-1
16, 13, 270.0,369.0,-1
13, 13, 0.0,0.0,1
14, 15, 464.0,626.0,-1
15, 14, 464.0,626.0,-1
14, 16, 199.0,276.0,-1
16, 14, 199.0,276.0,-1
14, 14, 0.0,0.0,1
15, 16, 405.0,567.0,1
16, 15, 405.0,567.0,1
15, 15, 0.0,0.0,1
16, 16, 0.0,0.0,1


<end>