<number of nodes>
16

<ratio of available edges>
0.3

<max length of the drone flight>
100000 

<D 2/3>
1, 2, 3, 4, 5, 6, 7, 10, 14, 15, 16

<V>
4, 5, 10, 14, 16

<coordinates X,Y>
577.3639255005775, 845.943132372418
570.6915851203754, 140.70928616320606
150.25740509025735, 919.8569155873638
893.6875183570094, 836.1563282454354
451.5908388262126, 262.3768500411317
674.4974801236464, 189.84590695196388
225.84801119391295, 789.57594162538
285.3753170251079, 63.39489730513716
415.686612511889, 691.2036115632635
749.2225676478287, 310.86835545636995
976.6845667209259, 701.5939244143165
97.65721011036054, 145.25909407839907
746.9266023945319, 785.1571571921
617.0709745864344, 546.6203537367901
362.98395956481886, 993.0139516583727
783.5616757486912, 172.7356097506926

<adjacency matrix with truck distances>
1, 2, 706.0,712.0,1
2, 1, 706.0,712.0,1
1, 3, 434.0,502.0,-1
3, 1, 434.0,502.0,-1
1, 4, 317.0,327.0,-1
4, 1, 317.0,327.0,-1
1, 5, 597.0,710.0,-1
5, 1, 597.0,710.0,-1
1, 6, 664.0,754.0,1
6, 1, 664.0,754.0,1
1, 7, 357.0,408.0,1
7, 1, 357.0,408.0,1
1, 8, 836.0,1075.0,-1
8, 1, 836.0,1075.0,-1
1, 9, 224.0,317.0,1
9, 1, 224.0,317.0,1
1, 10, 562.0,707.0,-1
10, 1, 562.0,707.0,-1
1, 11, 425.0,544.0,-1
11, 1, 425.0,544.0,-1
1, 12, 850.0,1181.0,-1
12, 1, 850.0,1181.0,-1
1, 13, 181.0,231.0,-1
13, 1, 181.0,231.0,-1
1, 14, 302.0,340.0,-1
14, 1, 302.0,340.0,-1
1, 15, 260.0,362.0,-1
15, 1, 260.0,362.0,-1
1, 16, 705.0,880.0,-1
16, 1, 705.0,880.0,-1
1, 1, 0.0,0.0,1
2, 3, 886.0,1200.0,-1
3, 2, 886.0,1200.0,-1
2, 4, 767.0,1019.0,1
4, 2, 767.0,1019.0,1
2, 5, 171.0,241.0,-1
5, 2, 171.0,241.0,-1
2, 6, 115.0,153.0,1
6, 2, 115.0,153.0,1
2, 7, 735.0,994.0,-1
7, 2, 735.0,994.0,-1
2, 8, 296.0,363.0,1
8, 2, 296.0,363.0,1
2, 9, 572.0,706.0,1
9, 2, 572.0,706.0,1
2, 10, 247.0,349.0,-1
10, 2, 247.0,349.0,-1
2, 11, 693.0,967.0,-1
11, 2, 693.0,967.0,-1
2, 12, 474.0,478.0,1
12, 2, 474.0,478.0,1
2, 13, 669.0,821.0,1
13, 2, 669.0,821.0,1
2, 14, 409.0,453.0,-1
14, 2, 409.0,453.0,-1
2, 15, 878.0,1061.0,-1
15, 2, 878.0,1061.0,-1
2, 16, 216.0,245.0,-1
16, 2, 216.0,245.0,-1
2, 2, 0.0,0.0,1
3, 4, 749.0,828.0,1
4, 3, 749.0,828.0,1
3, 5, 724.0,959.0,-1
5, 3, 724.0,959.0,-1
3, 6, 899.0,1255.0,-1
6, 3, 899.0,1255.0,-1
3, 7, 151.0,206.0,-1
7, 3, 151.0,206.0,-1
3, 8, 868.0,992.0,-1
8, 3, 868.0,992.0,-1
3, 9, 351.0,495.0,1
9, 3, 351.0,495.0,1
3, 10, 855.0,1208.0,1
10, 3, 855.0,1208.0,1
3, 11, 855.0,1045.0,-1
11, 3, 855.0,1045.0,-1
3, 12, 777.0,828.0,-1
12, 3, 777.0,828.0,-1
3, 13, 612.0,732.0,1
13, 3, 612.0,732.0,1
3, 14, 598.0,841.0,-1
14, 3, 598.0,841.0,-1
3, 15, 225.0,286.0,-1
15, 3, 225.0,286.0,-1
3, 16, 980.0,1381.0,-1
16, 3, 980.0,1381.0,-1
3, 3, 0.0,0.0,1
4, 5, 725.0,1016.0,-1
5, 4, 725.0,1016.0,-1
4, 6, 683.0,866.0,-1
6, 4, 683.0,866.0,-1
4, 7, 670.0,715.0,-1
7, 4, 670.0,715.0,-1
4, 8, 984.0,1382.0,-1
8, 4, 984.0,1382.0,-1
4, 9, 500.0,623.0,-1
9, 4, 500.0,623.0,-1
4, 10, 545.0,670.0,1
10, 4, 545.0,670.0,1
4, 11, 159.0,218.0,1
11, 4, 159.0,218.0,1
4, 12, 1055.0,1487.0,-1
12, 4, 1055.0,1487.0,-1
4, 13, 156.0,198.0,1
13, 4, 156.0,198.0,1
4, 14, 401.0,567.0,1
14, 4, 401.0,567.0,1
4, 15, 554.0,688.0,1
15, 4, 554.0,688.0,1
4, 16, 673.0,774.0,1
16, 4, 673.0,774.0,1
4, 4, 0.0,0.0,1
5, 6, 235.0,296.0,-1
6, 5, 235.0,296.0,-1
5, 7, 574.0,753.0,1
7, 5, 574.0,753.0,1
5, 8, 260.0,366.0,-1
8, 5, 260.0,366.0,-1
5, 9, 431.0,465.0,-1
9, 5, 431.0,465.0,-1
5, 10, 302.0,347.0,-1
10, 5, 302.0,347.0,-1
5, 11, 685.0,965.0,-1
11, 5, 685.0,965.0,-1
5, 12, 373.0,472.0,-1
12, 5, 373.0,472.0,-1
5, 13, 601.0,819.0,1
13, 5, 601.0,819.0,1
5, 14, 329.0,450.0,-1
14, 5, 329.0,450.0,-1
5, 15, 736.0,820.0,-1
15, 5, 736.0,820.0,-1
5, 16, 344.0,422.0,-1
16, 5, 344.0,422.0,-1
5, 5, 0.0,0.0,1
6, 7, 749.0,1049.0,-1
7, 6, 749.0,1049.0,-1
6, 8, 410.0,516.0,-1
8, 6, 410.0,516.0,-1
6, 9, 565.0,761.0,1
9, 6, 565.0,761.0,1
6, 10, 143.0,196.0,-1
10, 6, 143.0,196.0,-1
6, 11, 595.0,814.0,-1
11, 6, 595.0,814.0,-1
6, 12, 579.0,622.0,-1
12, 6, 579.0,622.0,-1
6, 13, 600.0,668.0,-1
13, 6, 600.0,668.0,-1
6, 14, 362.0,415.0,1
14, 6, 362.0,415.0,1
6, 15, 862.0,1115.0,-1
15, 6, 862.0,1115.0,-1
6, 16, 111.0,127.0,1
16, 6, 111.0,127.0,1
6, 6, 0.0,0.0,1
7, 8, 729.0,786.0,-1
8, 7, 729.0,786.0,-1
7, 9, 214.0,289.0,-1
9, 7, 214.0,289.0,-1
7, 10, 710.0,1003.0,-1
10, 7, 710.0,1003.0,-1
7, 11, 756.0,839.0,-1
11, 7, 756.0,839.0,-1
7, 12, 657.0,773.0,-1
12, 7, 657.0,773.0,-1
7, 13, 522.0,526.0,-1
13, 7, 522.0,526.0,-1
7, 14, 461.0,635.0,-1
14, 7, 461.0,635.0,-1
7, 15, 246.0,341.0,1
15, 7, 246.0,341.0,1
7, 16, 832.0,1175.0,-1
16, 7, 832.0,1175.0,-1
7, 7, 0.0,0.0,1
8, 9, 642.0,759.0,-1
9, 8, 642.0,759.0,-1
8, 10, 526.0,712.0,1
10, 8, 526.0,712.0,1
8, 11, 941.0,1330.0,1
11, 8, 941.0,1330.0,1
8, 12, 205.0,270.0,-1
12, 8, 205.0,270.0,-1
8, 13, 857.0,1184.0,1
13, 8, 857.0,1184.0,1
8, 14, 587.0,815.0,-1
14, 8, 587.0,815.0,-1
8, 15, 933.0,1008.0,-1
15, 8, 933.0,1008.0,-1
8, 16, 511.0,608.0,-1
16, 8, 511.0,608.0,-1
8, 8, 0.0,0.0,1
9, 10, 506.0,714.0,1
10, 9, 506.0,714.0,1
9, 11, 562.0,572.0,-1
11, 9, 562.0,572.0,-1
9, 12, 632.0,864.0,-1
12, 9, 632.0,864.0,-1
9, 13, 345.0,426.0,1
13, 9, 345.0,426.0,1
9, 14, 248.0,346.0,1
14, 9, 248.0,346.0,1
9, 15, 307.0,355.0,-1
15, 9, 307.0,355.0,-1
9, 16, 636.0,887.0,-1
16, 9, 636.0,887.0,-1
9, 9, 0.0,0.0,1
10, 11, 453.0,619.0,1
11, 10, 453.0,619.0,1
10, 12, 673.0,818.0,-1
12, 10, 673.0,818.0,-1
10, 13, 475.0,477.0,-1
13, 10, 475.0,477.0,-1
10, 14, 271.0,368.0,-1
14, 10, 271.0,368.0,-1
10, 15, 784.0,1069.0,-1
15, 10, 784.0,1069.0,-1
10, 16, 143.0,173.0,-1
16, 10, 143.0,173.0,-1
10, 10, 0.0,0.0,1
11, 12, 1041.0,1436.0,-1
12, 11, 1041.0,1436.0,-1
11, 13, 245.0,314.0,-1
13, 11, 245.0,314.0,-1
11, 14, 392.0,515.0,-1
14, 11, 392.0,515.0,-1
11, 15, 680.0,906.0,1
15, 11, 680.0,906.0,1
11, 16, 564.0,722.0,1
16, 11, 564.0,722.0,1
11, 11, 0.0,0.0,1
12, 13, 912.0,1290.0,-1
13, 12, 912.0,1290.0,-1
12, 14, 657.0,921.0,-1
14, 12, 657.0,921.0,-1
12, 15, 889.0,1114.0,-1
15, 12, 889.0,1114.0,-1
12, 16, 687.0,714.0,-1
16, 12, 687.0,714.0,-1
12, 12, 0.0,0.0,1
13, 14, 272.0,369.0,1
14, 13, 272.0,369.0,1
13, 15, 437.0,592.0,-1
15, 13, 437.0,592.0,-1
13, 16, 614.0,650.0,-1
16, 13, 614.0,650.0,-1
13, 13, 0.0,0.0,1
14, 15, 514.0,701.0,-1
15, 14, 514.0,701.0,-1
14, 16, 410.0,541.0,-1
16, 14, 410.0,541.0,-1
14, 14, 0.0,0.0,1
15, 16, 922.0,1241.0,-1
16, 15, 922.0,1241.0,-1
15, 15, 0.0,0.0,1
16, 16, 0.0,0.0,1


<end>