<number of nodes>
16

<ratio of available edges>
0.3

<max length of the drone flight>
100000 

<D 2/3>
1, 2, 4, 5, 6, 7, 8, 11, 13, 14, 16

<V>
2, 7, 8, 13, 16

<coordinates X,Y>
130.45232391178286, 472.8039834310827
804.8834199222622, 595.7269135178326
676.561263965385, 443.43281674164274
191.056171826782, 134.56393336256633
736.5495320475981, 823.2311987236986
392.22996992214854, 748.3334999389822
667.3382414908899, 22.867817357976428
433.14735416458996, 328.56226620649267
26.958828220418095, 543.3482493138735
562.7504892610434, 537.0297816279675
882.3268322755877, 946.6633188784815
59.010703298207055, 852.8329925529644
368.8056455449928, 438.57638291942453
419.68009974001393, 474.3260802761092
168.22071002267782, 954.5073075985075
94.01923944139021, 731.8928610752206

<adjacency matrix with truck distances>
1, 2, 686.0,798.0,-1
2, 1, 686.0,798.0,-1
1, 3, 547.0,576.0,-1
3, 1, 547.0,576.0,-1
1, 4, 344.0,399.0,1
4, 1, 344.0,399.0,1
1, 5, 701.0,957.0,-1
5, 1, 701.0,957.0,-1
1, 6, 381.0,538.0,-1
6, 1, 381.0,538.0,-1
1, 7, 701.0,987.0,-1
7, 1, 701.0,987.0,-1
1, 8, 336.0,447.0,-1
8, 1, 336.0,447.0,-1
1, 9, 126.0,175.0,-1
9, 1, 126.0,175.0,-1
1, 10, 438.0,497.0,1
10, 1, 438.0,497.0,1
1, 11, 889.0,1226.0,-1
11, 1, 889.0,1226.0,-1
1, 12, 387.0,452.0,-1
12, 1, 387.0,452.0,-1
1, 13, 241.0,273.0,-1
13, 1, 241.0,273.0,-1
1, 14, 290.0,291.0,-1
14, 1, 290.0,291.0,-1
1, 15, 484.0,520.0,1
15, 1, 484.0,520.0,1
1, 16, 262.0,296.0,-1
16, 1, 262.0,296.0,-1
1, 1, 0.0,0.0,1
2, 3, 200.0,281.0,1
3, 2, 200.0,281.0,1
2, 4, 768.0,1075.0,-1
4, 2, 768.0,1075.0,-1
2, 5, 238.0,296.0,-1
5, 2, 238.0,296.0,-1
2, 6, 440.0,566.0,-1
6, 2, 440.0,566.0,-1
2, 7, 590.0,711.0,1
7, 2, 590.0,711.0,1
2, 8, 458.0,639.0,-1
8, 2, 458.0,639.0,-1
2, 9, 780.0,831.0,-1
9, 2, 780.0,831.0,-1
2, 10, 250.0,301.0,1
10, 2, 250.0,301.0,1
2, 11, 360.0,429.0,-1
11, 2, 360.0,429.0,-1
2, 12, 789.0,1003.0,1
12, 2, 789.0,1003.0,1
2, 13, 464.0,594.0,-1
13, 2, 464.0,594.0,-1
2, 14, 404.0,507.0,1
14, 2, 404.0,507.0,1
2, 15, 731.0,996.0,-1
15, 2, 731.0,996.0,-1
2, 16, 724.0,848.0,1
16, 2, 724.0,848.0,1
2, 2, 0.0,0.0,1
3, 4, 576.0,795.0,-1
4, 3, 576.0,795.0,-1
3, 5, 385.0,440.0,-1
5, 3, 385.0,440.0,-1
3, 6, 417.0,590.0,1
6, 3, 417.0,590.0,1
3, 7, 421.0,430.0,-1
7, 3, 421.0,430.0,-1
3, 8, 270.0,359.0,-1
8, 3, 270.0,359.0,-1
3, 9, 658.0,750.0,-1
9, 3, 658.0,750.0,-1
3, 10, 148.0,208.0,-1
10, 3, 148.0,208.0,-1
3, 11, 544.0,709.0,-1
11, 3, 544.0,709.0,-1
3, 12, 741.0,1027.0,-1
12, 3, 741.0,1027.0,-1
3, 13, 308.0,313.0,-1
13, 3, 308.0,313.0,-1
3, 14, 259.0,288.0,1
14, 3, 259.0,288.0,1
3, 15, 721.0,1020.0,-1
15, 3, 721.0,1020.0,-1
3, 16, 651.0,872.0,1
16, 3, 651.0,872.0,1
3, 3, 0.0,0.0,1
4, 5, 879.0,1235.0,-1
5, 4, 879.0,1235.0,-1
4, 6, 646.0,815.0,1
6, 4, 646.0,815.0,1
4, 7, 490.0,588.0,1
7, 4, 490.0,588.0,1
4, 8, 311.0,437.0,1
8, 4, 311.0,437.0,1
4, 9, 441.0,573.0,-1
9, 4, 441.0,573.0,-1
4, 10, 548.0,775.0,-1
10, 4, 548.0,775.0,-1
4, 11, 1067.0,1504.0,-1
11, 4, 1067.0,1504.0,-1
4, 12, 731.0,851.0,-1
12, 4, 731.0,851.0,-1
4, 13, 353.0,482.0,-1
13, 4, 353.0,482.0,-1
4, 14, 410.0,569.0,-1
14, 4, 410.0,569.0,-1
4, 15, 821.0,843.0,-1
15, 4, 821.0,843.0,-1
4, 16, 606.0,695.0,-1
16, 4, 606.0,695.0,-1
4, 4, 0.0,0.0,1
5, 6, 353.0,420.0,-1
6, 5, 353.0,420.0,-1
5, 7, 804.0,870.0,-1
7, 5, 804.0,870.0,-1
5, 8, 581.0,799.0,1
8, 5, 581.0,799.0,1
5, 9, 763.0,990.0,-1
9, 5, 763.0,990.0,-1
5, 10, 335.0,461.0,1
10, 5, 335.0,461.0,1
5, 11, 192.0,270.0,1
11, 5, 192.0,270.0,1
5, 12, 679.0,708.0,1
12, 5, 679.0,708.0,1
5, 13, 533.0,753.0,1
13, 5, 533.0,753.0,1
5, 14, 472.0,666.0,-1
14, 5, 472.0,666.0,-1
5, 15, 584.0,700.0,-1
15, 5, 584.0,700.0,-1
5, 16, 649.0,734.0,1
16, 5, 649.0,734.0,1
5, 5, 0.0,0.0,1
6, 7, 776.0,1001.0,1
7, 6, 776.0,1001.0,1
6, 8, 422.0,461.0,1
8, 6, 422.0,461.0,1
6, 9, 419.0,571.0,-1
9, 6, 419.0,571.0,-1
6, 10, 272.0,382.0,1
10, 6, 272.0,382.0,1
6, 11, 529.0,689.0,-1
11, 6, 529.0,689.0,-1
6, 12, 350.0,438.0,-1
12, 6, 350.0,438.0,-1
6, 13, 311.0,334.0,1
13, 6, 311.0,334.0,1
6, 14, 276.0,302.0,-1
14, 6, 276.0,302.0,-1
6, 15, 305.0,431.0,1
15, 6, 305.0,431.0,1
6, 16, 299.0,315.0,-1
16, 6, 299.0,315.0,-1
6, 6, 0.0,0.0,1
7, 8, 386.0,540.0,-1
8, 7, 386.0,540.0,-1
7, 9, 826.0,1161.0,-1
9, 7, 826.0,1161.0,-1
7, 10, 525.0,619.0,-1
10, 7, 525.0,619.0,-1
7, 11, 949.0,1139.0,1
11, 7, 949.0,1139.0,1
7, 12, 1030.0,1439.0,-1
12, 7, 1030.0,1439.0,-1
7, 13, 512.0,715.0,1
13, 7, 512.0,715.0,1
7, 14, 515.0,700.0,1
14, 7, 515.0,700.0,1
7, 15, 1057.0,1431.0,-1
15, 7, 1057.0,1431.0,-1
7, 16, 912.0,1283.0,-1
16, 7, 912.0,1283.0,-1
7, 7, 0.0,0.0,1
8, 9, 460.0,621.0,-1
9, 8, 460.0,621.0,-1
8, 10, 246.0,339.0,-1
10, 8, 246.0,339.0,-1
8, 11, 765.0,1068.0,-1
11, 8, 765.0,1068.0,-1
8, 12, 645.0,899.0,1
12, 8, 645.0,899.0,1
8, 13, 128.0,175.0,1
13, 8, 128.0,175.0,1
8, 14, 147.0,160.0,-1
14, 8, 147.0,160.0,-1
8, 15, 680.0,891.0,1
15, 8, 680.0,891.0,1
8, 16, 527.0,743.0,-1
16, 8, 527.0,743.0,-1
8, 8, 0.0,0.0,1
9, 10, 536.0,543.0,-1
10, 9, 536.0,543.0,-1
9, 11, 946.0,1259.0,-1
11, 9, 946.0,1259.0,-1
9, 12, 312.0,342.0,1
12, 9, 312.0,342.0,1
9, 13, 358.0,447.0,-1
13, 9, 358.0,447.0,-1
9, 14, 399.0,462.0,-1
14, 9, 399.0,462.0,-1
9, 15, 435.0,553.0,-1
15, 9, 435.0,553.0,-1
9, 16, 201.0,256.0,-1
16, 9, 201.0,256.0,-1
9, 9, 0.0,0.0,1
10, 11, 520.0,730.0,-1
11, 10, 520.0,730.0,-1
10, 12, 595.0,820.0,-1
12, 10, 595.0,820.0,-1
10, 13, 218.0,293.0,-1
13, 10, 218.0,293.0,-1
10, 14, 157.0,206.0,-1
14, 10, 157.0,206.0,-1
10, 15, 575.0,813.0,-1
15, 10, 575.0,813.0,-1
10, 16, 508.0,664.0,-1
16, 10, 508.0,664.0,-1
10, 10, 0.0,0.0,1
11, 12, 829.0,918.0,1
12, 11, 829.0,918.0,1
11, 13, 723.0,1022.0,-1
13, 11, 723.0,1022.0,-1
11, 14, 662.0,935.0,-1
14, 11, 662.0,935.0,-1
11, 15, 715.0,722.0,1
15, 11, 715.0,722.0,1
11, 16, 818.0,1004.0,-1
16, 11, 818.0,1004.0,-1
11, 11, 0.0,0.0,1
12, 13, 518.0,725.0,-1
13, 12, 518.0,725.0,-1
12, 14, 523.0,740.0,1
14, 12, 523.0,740.0,1
12, 15, 150.0,211.0,-1
15, 12, 150.0,211.0,-1
12, 16, 126.0,156.0,-1
16, 12, 126.0,156.0,-1
12, 12, 0.0,0.0,1
13, 14, 63.0,87.0,-1
14, 13, 63.0,87.0,-1
13, 15, 554.0,717.0,-1
15, 13, 554.0,717.0,-1
13, 16, 402.0,569.0,-1
16, 13, 402.0,569.0,-1
13, 13, 0.0,0.0,1
14, 15, 543.0,732.0,-1
15, 14, 543.0,732.0,-1
14, 16, 416.0,584.0,-1
16, 14, 416.0,584.0,-1
14, 14, 0.0,0.0,1
15, 16, 235.0,297.0,-1
16, 15, 235.0,297.0,-1
15, 15, 0.0,0.0,1
16, 16, 0.0,0.0,1


<end>