<number of nodes>
16

<ratio of available edges>
0.3

<max length of the drone flight>
100000 

<D 2/3>
1, 2, 3, 4, 5, 6, 9, 11, 12, 13, 16

<V>
2, 3, 4, 5, 6

<coordinates X,Y>
906.65853889696, 977.6221664825957
70.85195221341922, 566.8710452062081
445.5017076852198, 833.7056001907464
475.11563430150017, 477.9886261965608
943.4094735046699, 544.3944734694347
469.37529604435156, 78.533426703496
856.0075423981149, 430.94873591601237
380.93247260175065, 469.1794943805352
951.3069583726425, 599.5506221453987
78.76517590624671, 59.492120159758834
171.71125730502894, 509.7895161522951
99.84937946258908, 625.8344084591081
351.3369818970252, 212.36999766956254
830.6183612898534, 341.92394771887194
744.9913342131773, 73.66092077558787
51.950934918262426, 310.5412225961744

<adjacency matrix with truck distances>
1, 2, 932.0,1247.0,-1
2, 1, 932.0,1247.0,-1
1, 3, 484.0,606.0,-1
3, 1, 484.0,606.0,-1
1, 4, 661.0,932.0,-1
4, 1, 661.0,932.0,-1
1, 5, 435.0,470.0,-1
5, 1, 435.0,470.0,-1
1, 6, 1000.0,1337.0,1
6, 1, 1000.0,1337.0,1
1, 7, 550.0,598.0,-1
7, 1, 550.0,598.0,-1
1, 8, 732.0,1035.0,-1
8, 1, 732.0,1035.0,-1
1, 9, 381.0,423.0,1
9, 1, 381.0,423.0,1
1, 10, 1237.0,1747.0,1
10, 1, 1237.0,1747.0,1
1, 11, 872.0,1203.0,-1
11, 1, 872.0,1203.0,-1
1, 12, 881.0,1159.0,-1
12, 1, 881.0,1159.0,-1
1, 13, 946.0,1321.0,-1
13, 1, 946.0,1321.0,-1
1, 14, 641.0,712.0,-1
14, 1, 641.0,712.0,-1
1, 15, 919.0,1066.0,-1
15, 1, 919.0,1066.0,-1
1, 16, 1085.0,1522.0,-1
16, 1, 1085.0,1522.0,-1
1, 1, 0.0,0.0,1
2, 3, 460.0,642.0,-1
3, 2, 460.0,642.0,-1
2, 4, 414.0,494.0,-1
4, 2, 414.0,494.0,-1
2, 5, 873.0,896.0,-1
5, 2, 873.0,896.0,-1
2, 6, 631.0,887.0,1
6, 2, 631.0,887.0,1
2, 7, 797.0,922.0,-1
7, 2, 797.0,922.0,-1
2, 8, 326.0,408.0,-1
8, 2, 326.0,408.0,-1
2, 9, 882.0,914.0,-1
9, 2, 882.0,914.0,-1
2, 10, 508.0,516.0,1
10, 2, 508.0,516.0,1
2, 11, 116.0,158.0,-1
11, 2, 116.0,158.0,-1
2, 12, 66.0,88.0,-1
12, 2, 66.0,88.0,-1
2, 13, 453.0,635.0,1
13, 2, 453.0,635.0,1
2, 14, 793.0,985.0,1
14, 2, 793.0,985.0,1
2, 15, 836.0,1168.0,-1
15, 2, 836.0,1168.0,-1
2, 16, 258.0,276.0,1
16, 2, 258.0,276.0,1
2, 2, 0.0,0.0,1
3, 4, 357.0,386.0,-1
4, 3, 357.0,386.0,-1
3, 5, 576.0,788.0,-1
5, 3, 576.0,788.0,-1
3, 6, 756.0,780.0,1
6, 3, 756.0,780.0,1
3, 7, 576.0,814.0,-1
7, 3, 576.0,814.0,-1
3, 8, 371.0,430.0,-1
8, 3, 371.0,430.0,-1
3, 9, 558.0,740.0,-1
9, 3, 558.0,740.0,-1
3, 10, 857.0,1141.0,-1
10, 3, 857.0,1141.0,-1
3, 11, 425.0,598.0,1
11, 3, 425.0,598.0,1
3, 12, 404.0,554.0,-1
12, 3, 404.0,554.0,-1
3, 13, 629.0,716.0,1
13, 3, 629.0,716.0,1
3, 14, 625.0,877.0,-1
14, 3, 625.0,877.0,-1
3, 15, 817.0,1060.0,-1
15, 3, 817.0,1060.0,-1
3, 16, 655.0,917.0,-1
16, 3, 655.0,917.0,-1
3, 3, 0.0,0.0,1
4, 5, 473.0,535.0,-1
5, 4, 473.0,535.0,-1
4, 6, 400.0,406.0,1
6, 4, 400.0,406.0,1
4, 7, 384.0,428.0,-1
7, 4, 384.0,428.0,-1
4, 8, 95.0,103.0,-1
8, 4, 95.0,103.0,-1
4, 9, 492.0,598.0,-1
9, 4, 492.0,598.0,-1
4, 10, 577.0,815.0,1
10, 4, 577.0,815.0,1
4, 11, 306.0,336.0,1
11, 4, 306.0,336.0,1
4, 12, 404.0,524.0,-1
12, 4, 404.0,524.0,-1
4, 13, 294.0,390.0,1
13, 4, 294.0,390.0,1
4, 14, 381.0,492.0,-1
14, 4, 381.0,492.0,-1
4, 15, 487.0,675.0,-1
15, 4, 487.0,675.0,-1
4, 16, 456.0,591.0,-1
16, 4, 456.0,591.0,-1
4, 4, 0.0,0.0,1
5, 6, 665.0,940.0,1
6, 5, 665.0,940.0,1
5, 7, 144.0,201.0,1
7, 5, 144.0,201.0,1
5, 8, 568.0,638.0,-1
8, 5, 568.0,638.0,-1
5, 9, 56.0,64.0,1
9, 5, 56.0,64.0,1
5, 10, 992.0,1350.0,-1
10, 5, 992.0,1350.0,-1
5, 11, 773.0,807.0,-1
11, 5, 773.0,807.0,-1
5, 12, 848.0,926.0,-1
12, 5, 848.0,926.0,-1
5, 13, 679.0,925.0,1
13, 5, 679.0,925.0,1
5, 14, 232.0,316.0,-1
14, 5, 232.0,316.0,-1
5, 15, 511.0,670.0,-1
15, 5, 511.0,670.0,-1
5, 16, 922.0,1126.0,-1
16, 5, 922.0,1126.0,-1
5, 5, 0.0,0.0,1
6, 7, 524.0,740.0,1
7, 6, 524.0,740.0,1
6, 8, 401.0,480.0,-1
8, 6, 401.0,480.0,-1
6, 9, 710.0,1003.0,1
9, 6, 710.0,1003.0,1
6, 10, 392.0,410.0,-1
10, 6, 392.0,410.0,-1
6, 11, 525.0,729.0,-1
11, 6, 525.0,729.0,-1
6, 12, 661.0,917.0,1
12, 6, 661.0,917.0,1
6, 13, 179.0,252.0,1
13, 6, 179.0,252.0,1
6, 14, 448.0,625.0,1
14, 6, 448.0,625.0,1
6, 15, 276.0,281.0,-1
15, 6, 276.0,281.0,-1
6, 16, 478.0,650.0,1
16, 6, 478.0,650.0,1
6, 6, 0.0,0.0,1
7, 8, 477.0,514.0,1
8, 7, 477.0,514.0,1
7, 9, 194.0,264.0,-1
9, 7, 194.0,264.0,-1
7, 10, 862.0,1149.0,-1
10, 7, 862.0,1149.0,-1
7, 11, 689.0,764.0,-1
11, 7, 689.0,764.0,-1
7, 12, 781.0,952.0,-1
12, 7, 781.0,952.0,-1
7, 13, 550.0,724.0,-1
13, 7, 550.0,724.0,-1
7, 14, 93.0,115.0,-1
14, 7, 93.0,115.0,-1
7, 15, 375.0,469.0,-1
15, 7, 375.0,469.0,-1
7, 16, 814.0,925.0,-1
16, 7, 814.0,925.0,-1
7, 7, 0.0,0.0,1
8, 9, 586.0,701.0,-1
9, 8, 586.0,701.0,-1
8, 10, 510.0,712.0,1
10, 8, 510.0,712.0,1
8, 11, 214.0,250.0,-1
11, 8, 214.0,250.0,-1
8, 12, 322.0,438.0,-1
12, 8, 322.0,438.0,-1
8, 13, 259.0,287.0,-1
13, 8, 259.0,287.0,-1
8, 14, 468.0,577.0,1
14, 8, 468.0,577.0,1
8, 15, 538.0,760.0,-1
15, 8, 538.0,760.0,-1
8, 16, 366.0,488.0,1
16, 8, 366.0,488.0,1
8, 8, 0.0,0.0,1
9, 10, 1027.0,1413.0,-1
10, 9, 1027.0,1413.0,-1
9, 11, 785.0,870.0,-1
11, 9, 785.0,870.0,-1
9, 12, 852.0,878.0,-1
12, 9, 852.0,878.0,-1
9, 13, 715.0,988.0,-1
13, 9, 715.0,988.0,-1
9, 14, 285.0,379.0,-1
14, 9, 285.0,379.0,-1
9, 15, 565.0,733.0,1
15, 9, 565.0,733.0,1
9, 16, 945.0,1189.0,1
16, 9, 945.0,1189.0,1
9, 9, 0.0,0.0,1
10, 11, 460.0,544.0,-1
11, 10, 460.0,544.0,-1
10, 12, 567.0,588.0,-1
12, 10, 567.0,588.0,-1
10, 13, 313.0,426.0,1
13, 10, 313.0,426.0,1
10, 14, 804.0,1035.0,-1
14, 10, 804.0,1035.0,-1
10, 15, 667.0,681.0,-1
15, 10, 667.0,681.0,-1
10, 16, 253.0,278.0,-1
16, 10, 253.0,278.0,-1
10, 10, 0.0,0.0,1
11, 12, 137.0,188.0,-1
12, 11, 137.0,188.0,-1
11, 13, 348.0,478.0,-1
13, 11, 348.0,478.0,-1
11, 14, 680.0,827.0,-1
14, 11, 680.0,827.0,-1
11, 15, 721.0,1010.0,1
15, 11, 721.0,1010.0,1
11, 16, 233.0,320.0,-1
16, 11, 233.0,320.0,-1
11, 11, 0.0,0.0,1
12, 13, 484.0,665.0,1
13, 12, 484.0,665.0,1
12, 14, 784.0,1015.0,1
14, 12, 784.0,1015.0,1
12, 15, 850.0,1198.0,-1
15, 12, 850.0,1198.0,-1
12, 16, 319.0,364.0,-1
16, 12, 319.0,364.0,-1
12, 12, 0.0,0.0,1
13, 14, 497.0,609.0,-1
14, 13, 497.0,609.0,-1
13, 15, 418.0,533.0,-1
15, 13, 418.0,533.0,-1
13, 16, 316.0,398.0,-1
16, 13, 316.0,398.0,-1
13, 13, 0.0,0.0,1
14, 15, 282.0,354.0,-1
15, 14, 282.0,354.0,-1
14, 16, 780.0,811.0,-1
16, 14, 780.0,811.0,-1
14, 14, 0.0,0.0,1
15, 16, 733.0,930.0,1
16, 15, 733.0,930.0,1
15, 15, 0.0,0.0,1
16, 16, 0.0,0.0,1


<end>