<number of nodes>
16

<ratio of available edges>
0.3

<max length of the drone flight>
100000 

<D 2/3>
1, 2, 5, 7, 8, 9, 10, 11, 12, 14, 15

<V>
8, 9, 10, 11, 14

<coordinates X,Y>
982.6700917178006, 65.90246745124803
791.1225829132495, 185.04650791235758
523.618458319243, 124.14983332693032
659.3795001449599, 822.9573175238723
687.6805033626889, 329.4108918193095
885.1691232016523, 506.2699823878123
977.9770632242723, 793.6596373641956
216.3217439201512, 523.1031496166896
326.2939761605919, 383.9390534799182
271.228665667526, 740.4370231479057
299.33040181927026, 15.455509345229554
875.8387728651445, 469.8373538432673
960.222578400048, 208.9251921993851
590.298097472313, 142.30030781121116
9.076127058277331, 687.7078056329758
791.6661723410484, 798.0246339522755

<adjacency matrix with truck distances>
1, 2, 226.0,311.0,-1
2, 1, 226.0,311.0,-1
1, 3, 463.0,518.0,-1
3, 1, 463.0,518.0,-1
1, 4, 824.0,1081.0,-1
4, 1, 824.0,1081.0,-1
1, 5, 396.0,559.0,1
5, 1, 396.0,559.0,1
1, 6, 452.0,538.0,1
6, 1, 452.0,538.0,1
1, 7, 728.0,733.0,-1
7, 1, 728.0,733.0,-1
1, 8, 893.0,1224.0,-1
8, 1, 893.0,1224.0,-1
1, 9, 730.0,975.0,-1
9, 1, 730.0,975.0,-1
1, 10, 981.0,1386.0,-1
10, 1, 981.0,1386.0,-1
1, 11, 686.0,734.0,-1
11, 1, 686.0,734.0,-1
1, 12, 418.0,511.0,-1
12, 1, 418.0,511.0,-1
1, 13, 145.0,166.0,-1
13, 1, 145.0,166.0,-1
1, 14, 400.0,469.0,-1
14, 1, 400.0,469.0,-1
1, 15, 1156.0,1596.0,-1
15, 1, 1156.0,1596.0,-1
1, 16, 757.0,924.0,-1
16, 1, 757.0,924.0,-1
1, 1, 0.0,0.0,1
2, 3, 275.0,329.0,-1
3, 2, 275.0,329.0,-1
2, 4, 652.0,770.0,-1
4, 2, 652.0,770.0,-1
2, 5, 178.0,248.0,-1
5, 2, 178.0,248.0,-1
2, 6, 335.0,416.0,-1
6, 2, 335.0,416.0,-1
2, 7, 637.0,796.0,-1
7, 2, 637.0,796.0,-1
2, 8, 667.0,913.0,-1
8, 2, 667.0,913.0,-1
2, 9, 506.0,664.0,-1
9, 2, 506.0,664.0,-1
2, 10, 761.0,1076.0,-1
10, 2, 761.0,1076.0,-1
2, 11, 521.0,662.0,1
11, 2, 521.0,662.0,1
2, 12, 298.0,370.0,-1
12, 2, 298.0,370.0,-1
2, 13, 171.0,193.0,-1
13, 2, 171.0,193.0,-1
2, 14, 206.0,244.0,-1
14, 2, 206.0,244.0,-1
2, 15, 930.0,1285.0,-1
15, 2, 930.0,1285.0,-1
2, 16, 613.0,614.0,-1
16, 2, 613.0,614.0,-1
2, 2, 0.0,0.0,1
3, 4, 712.0,835.0,1
4, 3, 712.0,835.0,1
3, 5, 263.0,370.0,-1
5, 3, 263.0,370.0,-1
3, 6, 527.0,744.0,1
6, 3, 527.0,744.0,1
3, 7, 810.0,1124.0,1
7, 3, 810.0,1124.0,1
3, 8, 504.0,707.0,1
8, 3, 504.0,707.0,1
3, 9, 327.0,458.0,1
9, 3, 327.0,458.0,1
3, 10, 666.0,869.0,-1
10, 3, 666.0,869.0,-1
3, 11, 250.0,333.0,1
11, 3, 250.0,333.0,1
3, 12, 494.0,698.0,-1
12, 3, 494.0,698.0,-1
3, 13, 445.0,522.0,-1
13, 3, 445.0,522.0,-1
3, 14, 70.0,85.0,-1
14, 3, 70.0,85.0,-1
3, 15, 764.0,1079.0,1
15, 3, 764.0,1079.0,1
3, 16, 726.0,942.0,-1
16, 3, 726.0,942.0,-1
3, 3, 0.0,0.0,1
4, 5, 495.0,522.0,1
5, 4, 495.0,522.0,1
4, 6, 389.0,543.0,-1
6, 4, 389.0,543.0,-1
4, 7, 320.0,348.0,-1
7, 4, 320.0,348.0,-1
4, 8, 535.0,743.0,1
8, 4, 535.0,743.0,1
4, 9, 552.0,773.0,-1
9, 4, 552.0,773.0,-1
4, 10, 397.0,471.0,-1
10, 4, 397.0,471.0,-1
4, 11, 885.0,1168.0,-1
11, 4, 885.0,1168.0,-1
4, 12, 415.0,570.0,-1
12, 4, 415.0,570.0,-1
4, 13, 684.0,915.0,-1
13, 4, 684.0,915.0,-1
4, 14, 685.0,750.0,-1
14, 4, 685.0,750.0,-1
4, 15, 665.0,786.0,-1
15, 4, 665.0,786.0,-1
4, 16, 135.0,158.0,1
16, 4, 135.0,158.0,1
4, 4, 0.0,0.0,1
5, 6, 266.0,375.0,-1
6, 5, 266.0,375.0,-1
5, 7, 548.0,755.0,1
7, 5, 548.0,755.0,1
5, 8, 510.0,666.0,-1
8, 5, 510.0,666.0,-1
5, 9, 366.0,416.0,-1
9, 5, 366.0,416.0,-1
5, 10, 586.0,828.0,-1
10, 5, 586.0,828.0,-1
5, 11, 500.0,703.0,-1
11, 5, 500.0,703.0,-1
5, 12, 235.0,329.0,-1
12, 5, 235.0,329.0,-1
5, 13, 298.0,394.0,-1
13, 5, 298.0,394.0,-1
5, 14, 211.0,285.0,-1
14, 5, 211.0,285.0,-1
5, 15, 768.0,1037.0,-1
15, 5, 768.0,1037.0,-1
5, 16, 481.0,573.0,-1
16, 5, 481.0,573.0,-1
5, 5, 0.0,0.0,1
6, 7, 303.0,381.0,1
7, 6, 303.0,381.0,1
6, 8, 670.0,686.0,1
8, 6, 670.0,686.0,1
6, 9, 573.0,682.0,-1
9, 6, 573.0,682.0,-1
6, 10, 658.0,849.0,-1
10, 6, 658.0,849.0,-1
6, 11, 765.0,1077.0,-1
11, 6, 765.0,1077.0,-1
6, 12, 38.0,46.0,1
12, 6, 38.0,46.0,1
6, 13, 307.0,373.0,-1
13, 6, 307.0,373.0,-1
6, 14, 469.0,659.0,-1
14, 6, 469.0,659.0,-1
6, 15, 895.0,1058.0,-1
15, 6, 895.0,1058.0,-1
6, 16, 307.0,386.0,-1
16, 6, 307.0,386.0,-1
6, 6, 0.0,0.0,1
7, 8, 809.0,1033.0,1
8, 7, 809.0,1033.0,1
7, 9, 770.0,1062.0,1
9, 7, 770.0,1062.0,1
7, 10, 709.0,760.0,-1
10, 7, 709.0,760.0,-1
7, 11, 1033.0,1457.0,1
11, 7, 1033.0,1457.0,1
7, 12, 340.0,426.0,-1
12, 7, 340.0,426.0,-1
7, 13, 586.0,603.0,1
13, 7, 586.0,603.0,1
7, 14, 758.0,1040.0,1
14, 7, 758.0,1040.0,1
7, 15, 975.0,1075.0,1
15, 7, 975.0,1075.0,1
7, 16, 187.0,191.0,1
16, 7, 187.0,191.0,1
7, 7, 0.0,0.0,1
8, 9, 178.0,250.0,-1
9, 8, 178.0,250.0,-1
8, 10, 225.0,273.0,1
10, 8, 225.0,273.0,1
8, 11, 515.0,591.0,-1
11, 8, 515.0,591.0,-1
8, 12, 662.0,713.0,1
12, 8, 662.0,713.0,1
8, 13, 808.0,1059.0,-1
13, 8, 808.0,1059.0,-1
8, 14, 534.0,755.0,-1
14, 8, 534.0,755.0,-1
8, 15, 265.0,372.0,1
15, 8, 265.0,372.0,1
8, 16, 638.0,851.0,-1
16, 8, 638.0,851.0,-1
8, 8, 0.0,0.0,1
9, 10, 361.0,412.0,-1
10, 9, 361.0,412.0,-1
9, 11, 370.0,396.0,-1
11, 9, 370.0,396.0,-1
9, 12, 557.0,636.0,-1
12, 9, 557.0,636.0,-1
9, 13, 658.0,809.0,-1
13, 9, 658.0,809.0,-1
9, 14, 358.0,506.0,-1
14, 9, 358.0,506.0,-1
9, 15, 440.0,621.0,1
15, 9, 440.0,621.0,1
9, 16, 623.0,880.0,-1
16, 9, 623.0,880.0,-1
9, 9, 0.0,0.0,1
10, 11, 726.0,754.0,1
11, 10, 726.0,754.0,1
10, 12, 663.0,876.0,-1
12, 10, 663.0,876.0,-1
10, 13, 871.0,1221.0,-1
13, 10, 871.0,1221.0,-1
10, 14, 678.0,918.0,-1
14, 10, 678.0,918.0,-1
10, 15, 268.0,315.0,-1
15, 10, 268.0,315.0,-1
10, 16, 524.0,579.0,-1
16, 10, 524.0,579.0,-1
10, 10, 0.0,0.0,1
11, 12, 735.0,1031.0,1
12, 11, 735.0,1031.0,1
11, 13, 689.0,855.0,-1
13, 11, 689.0,855.0,-1
11, 14, 318.0,418.0,-1
14, 11, 318.0,418.0,-1
11, 15, 733.0,963.0,1
15, 11, 733.0,963.0,1
11, 16, 925.0,1275.0,1
16, 11, 925.0,1275.0,1
11, 11, 0.0,0.0,1
12, 13, 275.0,346.0,-1
13, 12, 275.0,346.0,-1
12, 14, 435.0,614.0,1
14, 12, 435.0,614.0,1
12, 15, 894.0,1085.0,-1
15, 12, 894.0,1085.0,-1
12, 16, 339.0,413.0,1
16, 12, 339.0,413.0,1
12, 12, 0.0,0.0,1
13, 14, 376.0,437.0,-1
14, 13, 376.0,437.0,-1
13, 15, 1065.0,1430.0,1
15, 13, 1065.0,1430.0,1
13, 16, 613.0,758.0,-1
16, 13, 613.0,758.0,-1
13, 13, 0.0,0.0,1
14, 15, 798.0,1127.0,-1
15, 14, 798.0,1127.0,-1
14, 16, 686.0,858.0,-1
16, 14, 686.0,858.0,-1
14, 14, 0.0,0.0,1
15, 16, 791.0,893.0,1
16, 15, 791.0,893.0,1
15, 15, 0.0,0.0,1
16, 16, 0.0,0.0,1


<end>