<number of nodes>
16

<ratio of available edges>
0.3

<max length of the drone flight>
100000 

<D 2/3>
1, 4, 5, 6, 7, 8, 10, 11, 12, 13, 16

<V>
4, 7, 10, 13, 16

<coordinates X,Y>
33.509705306965614, 913.9028302385177
523.6930043409557, 660.6062502674532
788.705912859909, 473.93837012467094
285.45727891535057, 909.975542746474
674.0300980299409, 953.5142040477925
525.5244866518462, 401.1465702006546
574.6832853736865, 560.1393263073876
349.9346239289859, 433.1864635970376
494.11673680459273, 557.9935417867028
347.492359538257, 688.0382652233363
687.7420643058437, 354.0094531953776
782.7618709569348, 922.8834100238142
724.4344831377217, 289.65035761269377
394.09282645484046, 899.5196651561923
65.19760802573317, 106.9311872852657
321.6344542164306, 511.0745971285916

<adjacency matrix with truck distances>
1, 2, 552.0,744.0,1
2, 1, 552.0,744.0,1
1, 3, 875.0,1196.0,-1
3, 1, 875.0,1196.0,-1
1, 4, 252.0,256.0,-1
4, 1, 252.0,256.0,-1
1, 5, 642.0,681.0,-1
5, 1, 642.0,681.0,-1
1, 6, 711.0,1005.0,-1
6, 1, 711.0,1005.0,-1
1, 7, 647.0,895.0,-1
7, 1, 647.0,895.0,-1
1, 8, 576.0,798.0,-1
8, 1, 576.0,798.0,-1
1, 9, 583.0,817.0,-1
9, 1, 583.0,817.0,-1
1, 10, 387.0,540.0,1
10, 1, 387.0,540.0,1
1, 11, 862.0,1215.0,-1
11, 1, 862.0,1215.0,-1
1, 12, 750.0,759.0,-1
12, 1, 750.0,759.0,-1
1, 13, 932.0,1316.0,-1
13, 1, 932.0,1316.0,-1
1, 14, 361.0,375.0,1
14, 1, 361.0,375.0,1
1, 15, 808.0,839.0,-1
15, 1, 808.0,839.0,-1
1, 16, 496.0,691.0,-1
16, 1, 496.0,691.0,-1
1, 1, 0.0,0.0,1
2, 3, 325.0,452.0,1
3, 2, 325.0,452.0,1
2, 4, 345.0,488.0,-1
4, 2, 345.0,488.0,-1
2, 5, 330.0,444.0,-1
5, 2, 330.0,444.0,-1
2, 6, 260.0,262.0,-1
6, 2, 260.0,262.0,-1
2, 7, 113.0,152.0,-1
7, 2, 113.0,152.0,-1
2, 8, 287.0,402.0,-1
8, 2, 287.0,402.0,-1
2, 9, 107.0,133.0,1
9, 2, 107.0,133.0,1
2, 10, 179.0,204.0,-1
10, 2, 179.0,204.0,-1
2, 11, 348.0,471.0,-1
11, 2, 348.0,471.0,-1
2, 12, 369.0,522.0,-1
12, 2, 369.0,522.0,-1
2, 13, 422.0,572.0,-1
13, 2, 422.0,572.0,-1
2, 14, 272.0,369.0,-1
14, 2, 272.0,369.0,-1
2, 15, 719.0,1013.0,1
15, 2, 719.0,1013.0,1
2, 16, 252.0,352.0,1
16, 2, 252.0,352.0,1
2, 2, 0.0,0.0,1
3, 4, 666.0,940.0,1
4, 3, 666.0,940.0,1
3, 5, 494.0,595.0,-1
5, 3, 494.0,595.0,-1
3, 6, 274.0,336.0,-1
6, 3, 274.0,336.0,-1
3, 7, 231.0,301.0,-1
7, 3, 231.0,301.0,-1
3, 8, 441.0,480.0,-1
8, 3, 441.0,480.0,-1
3, 9, 307.0,379.0,-1
9, 3, 307.0,379.0,-1
3, 10, 491.0,656.0,-1
10, 3, 491.0,656.0,-1
3, 11, 157.0,221.0,1
11, 3, 157.0,221.0,1
3, 12, 449.0,455.0,-1
12, 3, 449.0,455.0,-1
3, 13, 196.0,249.0,-1
13, 3, 196.0,249.0,-1
3, 14, 581.0,821.0,1
14, 3, 581.0,821.0,1
3, 15, 812.0,1091.0,1
15, 3, 812.0,1091.0,1
3, 16, 469.0,505.0,-1
16, 3, 469.0,505.0,-1
3, 3, 0.0,0.0,1
4, 5, 392.0,433.0,-1
5, 4, 392.0,433.0,-1
4, 6, 563.0,749.0,1
6, 4, 563.0,749.0,1
4, 7, 454.0,640.0,1
7, 4, 454.0,640.0,1
4, 8, 482.0,542.0,1
8, 4, 482.0,542.0,1
4, 9, 410.0,561.0,-1
9, 4, 410.0,561.0,-1
4, 10, 231.0,284.0,-1
10, 4, 231.0,284.0,-1
4, 11, 687.0,959.0,1
11, 4, 687.0,959.0,1
4, 12, 498.0,511.0,1
12, 4, 498.0,511.0,1
4, 13, 760.0,1060.0,-1
13, 4, 760.0,1060.0,-1
4, 14, 110.0,120.0,-1
14, 4, 110.0,120.0,-1
4, 15, 833.0,1024.0,-1
15, 4, 833.0,1024.0,-1
4, 16, 401.0,436.0,-1
16, 4, 401.0,436.0,-1
4, 4, 0.0,0.0,1
5, 6, 572.0,701.0,-1
6, 5, 572.0,701.0,-1
5, 7, 406.0,493.0,-1
7, 5, 406.0,493.0,-1
5, 8, 614.0,845.0,1
8, 5, 614.0,845.0,1
5, 9, 435.0,576.0,1
9, 5, 435.0,576.0,1
5, 10, 421.0,593.0,1
10, 5, 421.0,593.0,1
5, 11, 600.0,614.0,1
11, 5, 600.0,614.0,1
5, 12, 113.0,140.0,-1
12, 5, 113.0,140.0,-1
5, 13, 666.0,715.0,-1
13, 5, 666.0,715.0,-1
5, 14, 286.0,334.0,1
14, 5, 286.0,334.0,1
5, 15, 1043.0,1456.0,1
15, 5, 1043.0,1456.0,1
5, 16, 566.0,795.0,-1
16, 5, 566.0,795.0,-1
5, 5, 0.0,0.0,1
6, 7, 167.0,209.0,-1
7, 6, 167.0,209.0,-1
6, 8, 179.0,208.0,-1
8, 6, 179.0,208.0,-1
6, 9, 160.0,189.0,-1
9, 6, 160.0,189.0,-1
6, 10, 338.0,465.0,1
10, 6, 338.0,465.0,1
6, 11, 169.0,210.0,-1
11, 6, 169.0,210.0,-1
6, 12, 582.0,779.0,-1
12, 6, 582.0,779.0,-1
6, 13, 229.0,311.0,-1
13, 6, 229.0,311.0,-1
6, 14, 516.0,630.0,1
14, 6, 516.0,630.0,1
6, 15, 547.0,755.0,-1
15, 6, 547.0,755.0,-1
6, 16, 232.0,314.0,1
16, 6, 232.0,314.0,1
6, 6, 0.0,0.0,1
7, 8, 259.0,352.0,-1
8, 7, 259.0,352.0,-1
7, 9, 81.0,83.0,-1
9, 7, 81.0,83.0,-1
7, 10, 261.0,356.0,-1
10, 7, 261.0,356.0,-1
7, 11, 236.0,320.0,-1
11, 7, 236.0,320.0,-1
7, 12, 419.0,571.0,-1
12, 7, 419.0,571.0,-1
7, 13, 310.0,421.0,1
13, 7, 310.0,421.0,1
7, 14, 385.0,520.0,-1
14, 7, 385.0,520.0,-1
7, 15, 682.0,963.0,1
15, 7, 682.0,963.0,1
7, 16, 258.0,303.0,-1
16, 7, 258.0,303.0,-1
7, 7, 0.0,0.0,1
8, 9, 191.0,269.0,1
9, 8, 191.0,269.0,1
8, 10, 255.0,258.0,-1
10, 8, 255.0,258.0,-1
8, 11, 347.0,417.0,1
11, 8, 347.0,417.0,1
8, 12, 654.0,923.0,-1
12, 8, 654.0,923.0,-1
8, 13, 402.0,519.0,-1
13, 8, 402.0,519.0,-1
8, 14, 469.0,511.0,-1
14, 8, 469.0,511.0,-1
8, 15, 434.0,611.0,-1
15, 8, 434.0,611.0,-1
8, 16, 83.0,107.0,-1
16, 8, 83.0,107.0,-1
8, 8, 0.0,0.0,1
9, 10, 196.0,277.0,-1
10, 9, 196.0,277.0,-1
9, 11, 282.0,398.0,-1
11, 9, 282.0,398.0,-1
9, 12, 466.0,654.0,-1
12, 9, 466.0,654.0,-1
9, 13, 354.0,499.0,-1
13, 9, 354.0,499.0,-1
9, 14, 356.0,442.0,1
14, 9, 356.0,442.0,1
9, 15, 623.0,880.0,-1
15, 9, 623.0,880.0,-1
9, 16, 179.0,220.0,-1
16, 9, 179.0,220.0,-1
9, 9, 0.0,0.0,1
10, 11, 477.0,675.0,-1
11, 10, 477.0,675.0,-1
10, 12, 495.0,671.0,1
12, 10, 495.0,671.0,1
10, 13, 549.0,776.0,-1
13, 10, 549.0,776.0,-1
10, 14, 217.0,259.0,1
14, 10, 217.0,259.0,1
10, 15, 647.0,864.0,-1
15, 10, 647.0,864.0,-1
10, 16, 179.0,203.0,-1
16, 10, 179.0,203.0,-1
10, 10, 0.0,0.0,1
11, 12, 577.0,664.0,-1
12, 11, 577.0,664.0,-1
11, 13, 75.0,102.0,1
13, 11, 75.0,102.0,1
11, 14, 620.0,840.0,-1
14, 11, 620.0,840.0,-1
11, 15, 670.0,870.0,-1
15, 11, 670.0,870.0,-1
11, 16, 399.0,524.0,-1
16, 11, 399.0,524.0,-1
11, 11, 0.0,0.0,1
12, 13, 636.0,692.0,1
13, 12, 636.0,692.0,1
12, 14, 390.0,413.0,-1
14, 12, 390.0,413.0,-1
12, 15, 1087.0,1534.0,-1
15, 12, 1087.0,1534.0,-1
12, 16, 619.0,873.0,-1
16, 12, 619.0,873.0,-1
12, 12, 0.0,0.0,1
13, 14, 694.0,941.0,-1
14, 13, 694.0,941.0,-1
13, 15, 685.0,842.0,-1
15, 13, 685.0,842.0,-1
13, 16, 460.0,625.0,1
16, 13, 460.0,625.0,1
13, 13, 0.0,0.0,1
14, 15, 859.0,1122.0,-1
15, 14, 859.0,1122.0,-1
14, 16, 396.0,461.0,-1
16, 14, 396.0,461.0,-1
14, 14, 0.0,0.0,1
15, 16, 479.0,661.0,1
16, 15, 479.0,661.0,1
15, 15, 0.0,0.0,1
16, 16, 0.0,0.0,1


<end>