<number of nodes>
16

<ratio of available edges>
0.3

<max length of the drone flight>
100000 

<D 2/3>
1, 2, 4, 5, 6, 7, 8, 9, 11, 12, 16

<V>
7, 8, 9, 11, 12

<coordinates X,Y>
529.0991439221553, 155.07379282024115
209.07200059066543, 959.8834851300724
641.3552718308724, 560.9037075908382
764.5705662683214, 155.86626841454128
831.0259639019619, 46.67359185211147
205.4589363975301, 900.9595500698973
397.8392228075646, 941.4237971895776
144.47153977451742, 442.1932490349498
751.9174437714504, 956.1787993170269
794.69579850221, 431.58639036807017
864.8014303739216, 440.21317993281787
454.6613588920477, 51.342954243549045
272.9498276807928, 499.2080559367557
874.3831645800062, 716.0458236371469
30.980770823678455, 510.3450585287966
373.12198228777527, 592.4704546699307

<adjacency matrix with truck distances>
1, 2, 867.0,1125.0,-1
2, 1, 867.0,1125.0,-1
1, 3, 422.0,519.0,-1
3, 1, 422.0,519.0,-1
1, 4, 236.0,237.0,-1
4, 1, 236.0,237.0,-1
1, 5, 321.0,411.0,-1
5, 1, 321.0,411.0,-1
1, 6, 814.0,1070.0,-1
6, 1, 814.0,1070.0,-1
1, 7, 798.0,918.0,1
7, 1, 798.0,918.0,1
1, 8, 480.0,672.0,-1
8, 1, 480.0,672.0,-1
1, 9, 832.0,1024.0,-1
9, 1, 832.0,1024.0,-1
1, 10, 384.0,543.0,1
10, 1, 384.0,543.0,1
1, 11, 441.0,621.0,-1
11, 1, 441.0,621.0,-1
1, 12, 128.0,179.0,1
12, 1, 128.0,179.0,1
1, 13, 429.0,601.0,-1
13, 1, 429.0,601.0,-1
1, 14, 659.0,907.0,-1
14, 1, 659.0,907.0,-1
1, 15, 612.0,854.0,1
15, 1, 612.0,854.0,1
1, 16, 465.0,594.0,-1
16, 1, 465.0,594.0,-1
1, 1, 0.0,0.0,1
2, 3, 589.0,832.0,-1
3, 2, 589.0,832.0,-1
2, 4, 978.0,1360.0,-1
4, 2, 978.0,1360.0,-1
2, 5, 1105.0,1536.0,1
5, 2, 1105.0,1536.0,1
2, 6, 60.0,63.0,-1
6, 2, 60.0,63.0,-1
2, 7, 190.0,208.0,1
7, 2, 190.0,208.0,1
2, 8, 522.0,583.0,-1
8, 2, 522.0,583.0,-1
2, 9, 543.0,547.0,-1
9, 2, 543.0,547.0,-1
2, 10, 789.0,1114.0,-1
10, 2, 789.0,1114.0,-1
2, 11, 837.0,1176.0,1
11, 2, 837.0,1176.0,1
2, 12, 942.0,1155.0,-1
12, 2, 942.0,1155.0,-1
2, 13, 466.0,525.0,-1
13, 2, 466.0,525.0,-1
2, 14, 709.0,910.0,-1
14, 2, 709.0,910.0,-1
2, 15, 484.0,628.0,-1
15, 2, 484.0,628.0,-1
2, 16, 403.0,532.0,-1
16, 2, 403.0,532.0,-1
2, 2, 0.0,0.0,1
3, 4, 424.0,529.0,1
4, 3, 424.0,529.0,1
3, 5, 549.0,704.0,-1
5, 3, 549.0,704.0,-1
3, 6, 553.0,776.0,1
6, 3, 553.0,776.0,1
3, 7, 452.0,625.0,-1
7, 3, 452.0,625.0,-1
3, 8, 511.0,616.0,-1
8, 3, 511.0,616.0,-1
3, 9, 411.0,506.0,-1
9, 3, 411.0,506.0,-1
3, 10, 201.0,283.0,1
10, 3, 201.0,283.0,1
3, 11, 254.0,345.0,1
11, 3, 254.0,345.0,1
3, 12, 543.0,697.0,-1
12, 3, 543.0,697.0,-1
3, 13, 374.0,431.0,-1
13, 3, 374.0,431.0,-1
3, 14, 280.0,389.0,-1
14, 3, 280.0,389.0,-1
3, 15, 613.0,661.0,-1
15, 3, 613.0,661.0,-1
3, 16, 271.0,300.0,1
16, 3, 271.0,300.0,1
3, 3, 0.0,0.0,1
4, 5, 128.0,176.0,1
5, 4, 128.0,176.0,1
4, 6, 932.0,1305.0,-1
6, 4, 932.0,1305.0,-1
4, 7, 867.0,1153.0,-1
7, 4, 867.0,1153.0,-1
4, 8, 684.0,907.0,-1
8, 4, 684.0,907.0,-1
4, 9, 801.0,813.0,-1
9, 4, 801.0,813.0,-1
4, 10, 278.0,306.0,-1
10, 4, 278.0,306.0,-1
4, 11, 302.0,385.0,-1
11, 4, 302.0,385.0,-1
4, 12, 328.0,415.0,-1
12, 4, 328.0,415.0,-1
4, 13, 600.0,835.0,-1
13, 4, 600.0,835.0,-1
4, 14, 571.0,670.0,1
14, 4, 571.0,670.0,1
4, 15, 815.0,1089.0,-1
15, 4, 815.0,1089.0,-1
4, 16, 587.0,829.0,1
16, 4, 587.0,829.0,1
4, 4, 0.0,0.0,1
5, 6, 1059.0,1480.0,1
6, 5, 1059.0,1480.0,1
5, 7, 995.0,1328.0,-1
7, 5, 995.0,1328.0,-1
5, 8, 793.0,1083.0,-1
8, 5, 793.0,1083.0,-1
5, 9, 913.0,989.0,-1
9, 5, 913.0,989.0,-1
5, 10, 387.0,422.0,-1
10, 5, 387.0,422.0,-1
5, 11, 395.0,428.0,1
11, 5, 395.0,428.0,1
5, 12, 377.0,382.0,-1
12, 5, 377.0,382.0,-1
5, 13, 719.0,1011.0,-1
13, 5, 719.0,1011.0,-1
5, 14, 671.0,713.0,-1
14, 5, 671.0,713.0,-1
5, 15, 925.0,1264.0,-1
15, 5, 925.0,1264.0,-1
5, 16, 713.0,1004.0,1
16, 5, 713.0,1004.0,1
5, 5, 0.0,0.0,1
6, 7, 197.0,233.0,1
7, 6, 197.0,233.0,1
6, 8, 463.0,520.0,-1
8, 6, 463.0,520.0,-1
6, 9, 550.0,602.0,-1
9, 6, 550.0,602.0,-1
6, 10, 754.0,1059.0,-1
10, 6, 754.0,1059.0,-1
6, 11, 805.0,1121.0,-1
11, 6, 805.0,1121.0,-1
6, 12, 886.0,1099.0,1
12, 6, 886.0,1099.0,1
6, 13, 408.0,470.0,-1
13, 6, 408.0,470.0,-1
6, 14, 695.0,854.0,-1
14, 6, 695.0,854.0,-1
6, 15, 428.0,566.0,1
15, 6, 428.0,566.0,1
6, 16, 352.0,477.0,-1
16, 6, 352.0,477.0,-1
6, 6, 0.0,0.0,1
7, 8, 560.0,753.0,1
8, 7, 560.0,753.0,1
7, 9, 355.0,369.0,-1
9, 7, 355.0,369.0,-1
7, 10, 647.0,907.0,-1
10, 7, 647.0,907.0,-1
7, 11, 686.0,969.0,1
11, 7, 686.0,969.0,1
7, 12, 892.0,947.0,1
12, 7, 892.0,947.0,1
7, 13, 460.0,568.0,-1
13, 7, 460.0,568.0,-1
7, 14, 528.0,702.0,-1
14, 7, 528.0,702.0,-1
7, 15, 567.0,798.0,-1
15, 7, 567.0,798.0,-1
7, 16, 350.0,374.0,1
16, 7, 350.0,374.0,1
7, 7, 0.0,0.0,1
8, 9, 796.0,1122.0,-1
9, 8, 796.0,1122.0,-1
8, 10, 651.0,661.0,-1
10, 8, 651.0,661.0,-1
8, 11, 721.0,723.0,-1
11, 8, 721.0,723.0,-1
8, 12, 499.0,702.0,-1
12, 8, 499.0,702.0,-1
8, 13, 141.0,186.0,-1
13, 8, 141.0,186.0,-1
8, 14, 780.0,1004.0,-1
14, 8, 780.0,1004.0,-1
8, 15, 133.0,182.0,-1
15, 8, 133.0,182.0,-1
8, 16, 274.0,379.0,-1
16, 8, 274.0,379.0,-1
8, 8, 0.0,0.0,1
9, 10, 527.0,568.0,1
10, 9, 527.0,568.0,1
9, 11, 529.0,629.0,1
11, 9, 529.0,629.0,1
9, 12, 953.0,1203.0,-1
12, 9, 953.0,1203.0,-1
9, 13, 662.0,936.0,-1
13, 9, 662.0,936.0,-1
9, 14, 270.0,363.0,1
14, 9, 270.0,363.0,1
9, 15, 848.0,1167.0,-1
15, 9, 848.0,1167.0,-1
9, 16, 526.0,743.0,-1
16, 9, 526.0,743.0,-1
9, 9, 0.0,0.0,1
10, 11, 71.0,79.0,-1
11, 10, 71.0,79.0,-1
10, 12, 511.0,721.0,-1
12, 10, 511.0,721.0,-1
10, 13, 527.0,590.0,-1
13, 10, 527.0,590.0,-1
10, 14, 296.0,365.0,1
14, 10, 296.0,365.0,1
10, 15, 768.0,843.0,1
15, 10, 768.0,843.0,1
10, 16, 452.0,583.0,-1
16, 10, 452.0,583.0,-1
10, 10, 0.0,0.0,1
11, 12, 566.0,800.0,1
12, 11, 566.0,800.0,1
11, 13, 595.0,651.0,-1
13, 11, 595.0,651.0,-1
11, 14, 276.0,286.0,-1
14, 11, 276.0,286.0,-1
11, 15, 837.0,904.0,-1
15, 11, 837.0,904.0,-1
11, 16, 515.0,644.0,1
16, 11, 515.0,644.0,1
11, 11, 0.0,0.0,1
12, 13, 484.0,630.0,-1
13, 12, 484.0,630.0,-1
12, 14, 787.0,1085.0,-1
14, 12, 787.0,1085.0,-1
12, 15, 625.0,883.0,1
15, 12, 625.0,883.0,1
12, 16, 548.0,623.0,1
16, 12, 548.0,623.0,1
12, 12, 0.0,0.0,1
13, 14, 640.0,819.0,-1
14, 13, 640.0,819.0,-1
13, 15, 243.0,254.0,1
15, 13, 243.0,254.0,1
13, 16, 137.0,194.0,-1
16, 13, 137.0,194.0,-1
13, 13, 0.0,0.0,1
14, 15, 869.0,1050.0,-1
15, 14, 869.0,1050.0,-1
14, 16, 517.0,625.0,-1
16, 14, 517.0,625.0,-1
14, 14, 0.0,0.0,1
15, 16, 352.0,425.0,1
16, 15, 352.0,425.0,1
15, 15, 0.0,0.0,1
16, 16, 0.0,0.0,1


<end>