<number of nodes>
16

<ratio of available edges>
0.3

<max length of the drone flight>
100000 

<D 2/3>
1, 2, 6, 7, 8, 9, 10, 11, 13, 14, 16

<V>
6, 7, 9, 11, 16

<coordinates X,Y>
934.5732321469222, 16.512584559902688
557.2393815947858, 287.22889932292946
393.6764506614114, 636.1689664067546
701.704045713306, 499.2339185038194
478.61759403892586, 311.36068665130585
386.6167707342488, 483.43392922738207
640.3668286847097, 104.96446955805051
924.1093967815146, 483.8060781119678
142.43090475661006, 880.8495717346184
945.7492419333315, 174.72657766968575
169.5062152559324, 408.9865141363716
203.27576273756253, 589.247935663745
169.16312271875867, 901.7619224419274
392.0358833300397, 42.81442481175675
271.4780632661059, 565.6562113737972
888.0883530833361, 671.599744163972

<adjacency matrix with truck distances>
1, 2, 465.0,649.0,-1
2, 1, 465.0,649.0,-1
1, 3, 823.0,1161.0,-1
3, 1, 823.0,1161.0,-1
1, 4, 536.0,716.0,-1
4, 1, 536.0,716.0,-1
1, 5, 543.0,751.0,-1
5, 1, 543.0,751.0,-1
1, 6, 720.0,1015.0,-1
6, 1, 720.0,1015.0,-1
1, 7, 308.0,383.0,1
7, 1, 308.0,383.0,1
1, 8, 468.0,478.0,-1
8, 1, 468.0,478.0,-1
1, 9, 1173.0,1657.0,1
9, 1, 1173.0,1657.0,1
1, 10, 159.0,170.0,-1
10, 1, 159.0,170.0,-1
1, 11, 860.0,1158.0,-1
11, 1, 860.0,1158.0,-1
1, 12, 929.0,1305.0,-1
12, 1, 929.0,1305.0,-1
1, 13, 1171.0,1651.0,-1
13, 1, 1171.0,1651.0,-1
1, 14, 544.0,569.0,-1
14, 1, 544.0,569.0,-1
1, 15, 861.0,1213.0,-1
15, 1, 861.0,1213.0,-1
1, 16, 657.0,702.0,-1
16, 1, 657.0,702.0,-1
1, 1, 0.0,0.0,1
2, 3, 386.0,513.0,-1
3, 2, 386.0,513.0,-1
2, 4, 257.0,357.0,1
4, 2, 257.0,357.0,1
2, 5, 83.0,103.0,-1
5, 2, 83.0,103.0,-1
2, 6, 261.0,367.0,1
6, 2, 261.0,367.0,1
2, 7, 201.0,266.0,-1
7, 2, 201.0,266.0,-1
2, 8, 417.0,564.0,-1
8, 2, 417.0,564.0,-1
2, 9, 725.0,1009.0,1
9, 2, 725.0,1009.0,1
2, 10, 405.0,502.0,-1
10, 2, 405.0,502.0,-1
2, 11, 407.0,510.0,1
11, 2, 407.0,510.0,1
2, 12, 466.0,656.0,-1
12, 2, 466.0,656.0,-1
2, 13, 727.0,1003.0,1
13, 2, 727.0,1003.0,1
2, 14, 296.0,410.0,-1
14, 2, 296.0,410.0,-1
2, 15, 399.0,565.0,1
15, 2, 399.0,565.0,1
2, 16, 508.0,716.0,-1
16, 2, 508.0,716.0,-1
2, 2, 0.0,0.0,1
3, 4, 338.0,445.0,-1
4, 3, 338.0,445.0,-1
3, 5, 336.0,410.0,1
5, 3, 336.0,410.0,1
3, 6, 153.0,160.0,-1
6, 3, 153.0,160.0,-1
3, 7, 586.0,778.0,1
7, 3, 586.0,778.0,1
3, 8, 552.0,683.0,-1
8, 3, 552.0,683.0,-1
3, 9, 351.0,496.0,-1
9, 3, 351.0,496.0,-1
3, 10, 720.0,1014.0,-1
10, 3, 720.0,1014.0,-1
3, 11, 320.0,452.0,-1
11, 3, 320.0,452.0,-1
3, 12, 197.0,238.0,1
12, 3, 197.0,238.0,1
3, 13, 348.0,491.0,-1
13, 3, 348.0,491.0,-1
3, 14, 594.0,595.0,-1
14, 3, 594.0,595.0,-1
3, 15, 142.0,193.0,-1
15, 3, 142.0,193.0,-1
3, 16, 496.0,530.0,1
16, 3, 496.0,530.0,1
3, 3, 0.0,0.0,1
4, 5, 292.0,411.0,1
5, 4, 292.0,411.0,1
4, 6, 316.0,331.0,-1
6, 4, 316.0,331.0,-1
4, 7, 400.0,456.0,1
7, 4, 400.0,456.0,1
4, 8, 223.0,238.0,1
8, 4, 223.0,238.0,1
4, 9, 678.0,941.0,1
9, 4, 678.0,941.0,1
4, 10, 407.0,569.0,1
10, 4, 407.0,569.0,1
4, 11, 540.0,623.0,-1
11, 4, 540.0,623.0,-1
4, 12, 507.0,589.0,-1
12, 4, 507.0,589.0,-1
4, 13, 668.0,936.0,1
13, 4, 668.0,936.0,1
4, 14, 552.0,767.0,1
14, 4, 552.0,767.0,1
4, 15, 436.0,497.0,1
15, 4, 436.0,497.0,1
4, 16, 254.0,359.0,-1
16, 4, 254.0,359.0,-1
4, 4, 0.0,0.0,1
5, 6, 196.0,265.0,1
6, 5, 196.0,265.0,1
5, 7, 263.0,369.0,-1
7, 5, 263.0,369.0,-1
5, 8, 478.0,618.0,-1
8, 5, 478.0,618.0,-1
5, 9, 662.0,906.0,1
9, 5, 662.0,906.0,1
5, 10, 487.0,604.0,-1
10, 5, 487.0,604.0,-1
5, 11, 325.0,407.0,1
11, 5, 325.0,407.0,1
5, 12, 392.0,554.0,-1
12, 5, 392.0,554.0,-1
5, 13, 667.0,900.0,-1
13, 5, 667.0,900.0,-1
5, 14, 283.0,356.0,-1
14, 5, 283.0,356.0,-1
5, 15, 328.0,462.0,1
15, 5, 328.0,462.0,1
5, 16, 546.0,770.0,-1
16, 5, 546.0,770.0,-1
5, 5, 0.0,0.0,1
6, 7, 456.0,633.0,-1
7, 6, 456.0,633.0,-1
6, 8, 538.0,538.0,-1
8, 6, 538.0,538.0,-1
6, 9, 467.0,642.0,-1
9, 6, 467.0,642.0,-1
6, 10, 639.0,868.0,1
10, 6, 639.0,868.0,1
6, 11, 230.0,292.0,1
11, 6, 230.0,292.0,1
6, 12, 212.0,290.0,-1
12, 6, 212.0,290.0,-1
6, 13, 472.0,636.0,-1
13, 6, 472.0,636.0,-1
6, 14, 441.0,447.0,-1
14, 6, 441.0,447.0,-1
6, 15, 142.0,198.0,-1
15, 6, 142.0,198.0,-1
6, 16, 536.0,690.0,-1
16, 6, 536.0,690.0,-1
6, 6, 0.0,0.0,1
7, 8, 474.0,663.0,-1
8, 7, 474.0,663.0,-1
7, 9, 922.0,1274.0,-1
9, 7, 922.0,1274.0,-1
7, 10, 314.0,376.0,-1
10, 7, 314.0,376.0,-1
7, 11, 561.0,775.0,1
11, 7, 561.0,775.0,1
7, 12, 653.0,922.0,-1
12, 7, 653.0,922.0,-1
7, 13, 926.0,1269.0,1
13, 7, 926.0,1269.0,1
7, 14, 256.0,311.0,-1
14, 7, 256.0,311.0,-1
7, 15, 591.0,830.0,-1
15, 7, 591.0,830.0,-1
7, 16, 619.0,815.0,-1
16, 7, 619.0,815.0,-1
7, 7, 0.0,0.0,1
8, 9, 877.0,1179.0,-1
9, 8, 877.0,1179.0,-1
8, 10, 310.0,331.0,-1
10, 8, 310.0,331.0,-1
8, 11, 759.0,830.0,-1
11, 8, 759.0,830.0,-1
8, 12, 729.0,827.0,-1
12, 8, 729.0,827.0,-1
8, 13, 863.0,1173.0,1
13, 8, 863.0,1173.0,1
8, 14, 692.0,974.0,1
14, 8, 692.0,974.0,1
8, 15, 658.0,735.0,-1
15, 8, 658.0,735.0,-1
8, 16, 192.0,224.0,-1
16, 8, 192.0,224.0,-1
8, 8, 0.0,0.0,1
9, 10, 1070.0,1510.0,-1
10, 9, 1070.0,1510.0,-1
9, 11, 473.0,499.0,-1
11, 9, 473.0,499.0,-1
9, 12, 298.0,353.0,-1
12, 9, 298.0,353.0,-1
9, 13, 34.0,48.0,-1
13, 9, 34.0,48.0,-1
9, 14, 875.0,1088.0,-1
14, 9, 875.0,1088.0,-1
9, 15, 341.0,445.0,-1
15, 9, 341.0,445.0,-1
9, 16, 775.0,955.0,-1
16, 9, 775.0,955.0,-1
9, 9, 0.0,0.0,1
10, 11, 811.0,1011.0,-1
11, 10, 811.0,1011.0,-1
10, 12, 851.0,1157.0,1
12, 10, 851.0,1157.0,1
10, 13, 1064.0,1504.0,-1
13, 10, 1064.0,1504.0,-1
10, 14, 570.0,686.0,-1
14, 10, 570.0,686.0,-1
10, 15, 780.0,1066.0,-1
15, 10, 780.0,1066.0,-1
10, 16, 501.0,555.0,1
16, 10, 501.0,555.0,1
10, 10, 0.0,0.0,1
11, 12, 184.0,215.0,-1
12, 11, 184.0,215.0,-1
11, 13, 493.0,494.0,1
13, 11, 493.0,494.0,1
11, 14, 429.0,589.0,-1
14, 11, 429.0,589.0,-1
11, 15, 187.0,259.0,1
15, 11, 187.0,259.0,1
11, 16, 766.0,982.0,-1
16, 11, 766.0,982.0,-1
11, 11, 0.0,0.0,1
12, 13, 315.0,347.0,1
13, 12, 315.0,347.0,1
12, 14, 579.0,736.0,-1
14, 12, 579.0,736.0,-1
12, 15, 73.0,92.0,1
15, 12, 73.0,92.0,1
12, 16, 690.0,768.0,-1
16, 12, 690.0,768.0,-1
12, 12, 0.0,0.0,1
13, 14, 888.0,1082.0,-1
14, 13, 888.0,1082.0,-1
13, 15, 352.0,439.0,-1
15, 13, 352.0,439.0,-1
13, 16, 755.0,950.0,-1
16, 13, 755.0,950.0,-1
13, 13, 0.0,0.0,1
14, 15, 537.0,644.0,-1
15, 14, 537.0,644.0,-1
14, 16, 801.0,1125.0,-1
16, 14, 801.0,1125.0,-1
14, 14, 0.0,0.0,1
15, 16, 626.0,723.0,-1
16, 15, 626.0,723.0,-1
15, 15, 0.0,0.0,1
16, 16, 0.0,0.0,1


<end>