<number of nodes>
16

<ratio of available edges>
0.3

<max length of the drone flight>
100000 

<D 2/3>
1, 2, 3, 5, 6, 7, 8, 9, 11, 12, 13

<V>
3, 7, 8, 11, 12

<coordinates X,Y>
62.18508519207653, 158.12601038617643
173.33374094326314, 80.6606579797689
898.9006752349275, 104.615071882669
852.0082199853236, 682.2992161651031
269.3025460249878, 902.8560609127882
949.2600965721743, 523.2702565318884
712.8687969213597, 815.8852680886957
698.9810514794303, 930.6941881166416
30.474116870602977, 90.74626274465149
448.8228866523616, 255.97337821162418
539.3455042557222, 451.318487122864
619.284560349441, 382.69618050724387
307.78103443484724, 434.43521187545923
449.6456591760455, 810.8311002073144
554.8971929684901, 757.9145399498261
293.1563086532179, 661.8252691021728

<adjacency matrix with truck distances>
1, 2, 136.0,189.0,-1
2, 1, 136.0,189.0,-1
1, 3, 839.0,891.0,-1
3, 1, 839.0,891.0,-1
1, 4, 948.0,1314.0,-1
4, 1, 948.0,1314.0,-1
1, 5, 773.0,952.0,-1
5, 1, 773.0,952.0,-1
1, 6, 960.0,1253.0,-1
6, 1, 960.0,1253.0,-1
1, 7, 926.0,1309.0,-1
7, 1, 926.0,1309.0,-1
1, 8, 1002.0,1410.0,-1
8, 1, 1002.0,1410.0,-1
1, 9, 75.0,100.0,-1
9, 1, 75.0,100.0,-1
1, 10, 399.0,485.0,1
10, 1, 399.0,485.0,1
1, 11, 561.0,771.0,1
11, 1, 561.0,771.0,1
1, 12, 601.0,782.0,-1
12, 1, 601.0,782.0,-1
1, 13, 370.0,522.0,-1
13, 1, 370.0,522.0,-1
1, 14, 760.0,1041.0,-1
14, 1, 760.0,1041.0,-1
1, 15, 777.0,1093.0,-1
15, 1, 777.0,1093.0,-1
1, 16, 555.0,735.0,-1
16, 1, 555.0,735.0,-1
1, 1, 0.0,0.0,1
2, 3, 726.0,750.0,1
3, 2, 726.0,750.0,1
2, 4, 907.0,1281.0,1
4, 2, 907.0,1281.0,1
2, 5, 828.0,919.0,1
5, 2, 828.0,919.0,1
2, 6, 894.0,1219.0,-1
6, 2, 894.0,1219.0,-1
2, 7, 912.0,1275.0,-1
7, 2, 912.0,1275.0,-1
2, 8, 1000.0,1376.0,1
8, 2, 1000.0,1376.0,1
2, 9, 144.0,153.0,-1
9, 2, 144.0,153.0,-1
2, 10, 327.0,451.0,-1
10, 2, 327.0,451.0,-1
2, 11, 521.0,737.0,1
11, 2, 521.0,737.0,1
2, 12, 539.0,748.0,1
12, 2, 539.0,748.0,1
2, 13, 379.0,489.0,1
13, 2, 379.0,489.0,1
2, 14, 781.0,1007.0,1
14, 2, 781.0,1007.0,1
2, 15, 778.0,1059.0,-1
15, 2, 778.0,1059.0,-1
2, 16, 594.0,701.0,1
16, 2, 594.0,701.0,1
2, 2, 0.0,0.0,1
3, 4, 580.0,625.0,-1
4, 3, 580.0,625.0,-1
3, 5, 1017.0,1428.0,1
5, 3, 1017.0,1428.0,1
3, 6, 422.0,470.0,-1
6, 3, 422.0,470.0,-1
3, 7, 736.0,898.0,1
7, 3, 736.0,898.0,1
3, 8, 850.0,1026.0,-1
8, 3, 850.0,1026.0,-1
3, 9, 869.0,883.0,1
9, 3, 869.0,883.0,1
3, 10, 475.0,602.0,-1
10, 3, 475.0,602.0,-1
3, 11, 500.0,707.0,-1
11, 3, 500.0,707.0,-1
3, 12, 395.0,558.0,1
12, 3, 395.0,558.0,1
3, 13, 677.0,921.0,-1
13, 3, 677.0,921.0,-1
3, 14, 838.0,1156.0,-1
14, 3, 838.0,1156.0,-1
3, 15, 739.0,998.0,-1
15, 3, 739.0,998.0,-1
3, 16, 824.0,1163.0,-1
16, 3, 824.0,1163.0,-1
3, 3, 0.0,0.0,1
4, 5, 624.0,804.0,-1
5, 4, 624.0,804.0,-1
4, 6, 187.0,257.0,-1
6, 4, 187.0,257.0,-1
4, 7, 193.0,273.0,-1
7, 4, 193.0,273.0,-1
4, 8, 292.0,402.0,-1
8, 4, 292.0,402.0,-1
4, 9, 1013.0,1414.0,-1
9, 4, 1013.0,1414.0,-1
4, 10, 587.0,830.0,-1
10, 4, 587.0,830.0,-1
4, 11, 389.0,544.0,-1
11, 4, 389.0,544.0,-1
4, 12, 380.0,533.0,1
12, 4, 380.0,533.0,1
4, 13, 599.0,793.0,-1
13, 4, 599.0,793.0,-1
4, 14, 423.0,531.0,-1
14, 4, 423.0,531.0,-1
4, 15, 307.0,373.0,-1
15, 4, 307.0,373.0,-1
4, 16, 560.0,580.0,-1
16, 4, 560.0,580.0,-1
4, 4, 0.0,0.0,1
5, 6, 779.0,1060.0,1
6, 5, 779.0,1060.0,1
5, 7, 453.0,531.0,-1
7, 5, 453.0,531.0,-1
5, 8, 431.0,458.0,-1
8, 5, 431.0,458.0,-1
5, 9, 847.0,1051.0,-1
9, 5, 847.0,1051.0,-1
5, 10, 672.0,827.0,-1
10, 5, 672.0,827.0,-1
5, 11, 527.0,722.0,1
11, 5, 527.0,722.0,1
5, 12, 627.0,871.0,1
12, 5, 627.0,871.0,1
5, 13, 470.0,507.0,1
13, 5, 470.0,507.0,1
5, 14, 203.0,273.0,-1
14, 5, 203.0,273.0,-1
5, 15, 321.0,431.0,-1
15, 5, 321.0,431.0,-1
5, 16, 243.0,265.0,-1
16, 5, 243.0,265.0,-1
5, 5, 0.0,0.0,1
6, 7, 377.0,530.0,-1
7, 6, 377.0,530.0,-1
6, 8, 479.0,658.0,1
8, 6, 479.0,658.0,1
6, 9, 1016.0,1352.0,-1
9, 6, 1016.0,1352.0,-1
6, 10, 568.0,768.0,-1
10, 6, 568.0,768.0,-1
6, 11, 417.0,482.0,1
11, 6, 417.0,482.0,1
6, 12, 359.0,471.0,1
12, 6, 359.0,471.0,1
6, 13, 648.0,731.0,-1
13, 6, 648.0,731.0,-1
6, 14, 577.0,788.0,-1
14, 6, 577.0,788.0,-1
6, 15, 459.0,630.0,-1
15, 6, 459.0,630.0,-1
6, 16, 671.0,795.0,-1
16, 6, 671.0,795.0,-1
6, 6, 0.0,0.0,1
7, 8, 116.0,129.0,-1
8, 7, 116.0,129.0,-1
7, 9, 996.0,1408.0,-1
9, 7, 996.0,1408.0,-1
7, 10, 620.0,824.0,-1
10, 7, 620.0,824.0,-1
7, 11, 404.0,539.0,1
11, 7, 404.0,539.0,1
7, 12, 444.0,527.0,-1
12, 7, 444.0,527.0,-1
7, 13, 557.0,787.0,-1
13, 7, 557.0,787.0,-1
7, 14, 264.0,269.0,-1
14, 7, 264.0,269.0,-1
7, 15, 169.0,216.0,-1
15, 7, 169.0,216.0,-1
7, 16, 448.0,574.0,-1
16, 7, 448.0,574.0,-1
7, 7, 0.0,0.0,1
8, 9, 1074.0,1509.0,1
9, 8, 1074.0,1509.0,1
8, 10, 720.0,925.0,1
10, 8, 720.0,925.0,1
8, 11, 506.0,640.0,1
11, 8, 506.0,640.0,1
8, 12, 554.0,628.0,-1
12, 8, 554.0,628.0,-1
8, 13, 632.0,888.0,1
13, 8, 632.0,888.0,1
8, 14, 277.0,370.0,-1
14, 8, 277.0,370.0,-1
8, 15, 225.0,317.0,-1
15, 8, 225.0,317.0,-1
8, 16, 487.0,675.0,-1
16, 8, 487.0,675.0,-1
8, 8, 0.0,0.0,1
9, 10, 450.0,584.0,-1
10, 9, 450.0,584.0,-1
9, 11, 624.0,870.0,-1
11, 9, 624.0,870.0,-1
9, 12, 658.0,881.0,1
12, 9, 658.0,881.0,1
9, 13, 442.0,621.0,1
13, 9, 442.0,621.0,1
9, 14, 834.0,1140.0,-1
14, 9, 834.0,1140.0,-1
9, 15, 849.0,1192.0,1
15, 9, 849.0,1192.0,1
9, 16, 629.0,834.0,1
16, 9, 629.0,834.0,1
9, 9, 0.0,0.0,1
10, 11, 216.0,286.0,-1
11, 10, 216.0,286.0,-1
10, 12, 213.0,298.0,-1
12, 10, 213.0,298.0,-1
10, 13, 228.0,320.0,-1
13, 10, 228.0,320.0,-1
10, 14, 555.0,556.0,-1
14, 10, 555.0,556.0,-1
10, 15, 514.0,609.0,-1
15, 10, 514.0,609.0,-1
10, 16, 435.0,562.0,-1
16, 10, 435.0,562.0,-1
10, 10, 0.0,0.0,1
11, 12, 106.0,149.0,-1
12, 11, 106.0,149.0,-1
11, 13, 233.0,249.0,1
13, 11, 233.0,249.0,1
11, 14, 371.0,450.0,1
14, 11, 371.0,450.0,1
11, 15, 307.0,323.0,-1
15, 11, 307.0,323.0,-1
11, 16, 324.0,457.0,1
16, 11, 324.0,457.0,1
11, 11, 0.0,0.0,1
12, 13, 316.0,364.0,-1
13, 12, 316.0,364.0,-1
12, 14, 461.0,598.0,-1
14, 12, 461.0,598.0,-1
12, 15, 381.0,440.0,-1
15, 12, 381.0,440.0,-1
12, 16, 430.0,606.0,-1
16, 12, 430.0,606.0,-1
12, 12, 0.0,0.0,1
13, 14, 403.0,519.0,-1
14, 13, 403.0,519.0,-1
13, 15, 408.0,571.0,-1
15, 13, 408.0,571.0,-1
13, 16, 228.0,243.0,-1
16, 13, 228.0,243.0,-1
13, 13, 0.0,0.0,1
14, 15, 118.0,159.0,-1
15, 14, 118.0,159.0,-1
14, 16, 217.0,306.0,1
16, 14, 217.0,306.0,1
14, 14, 0.0,0.0,1
15, 16, 279.0,358.0,-1
16, 15, 279.0,358.0,-1
15, 15, 0.0,0.0,1
16, 16, 0.0,0.0,1


<end>