<number of nodes>
16

<ratio of available edges>
0.3

<max length of the drone flight>
100000 

<D 2/3>
1, 2, 5, 7, 8, 9, 10, 13, 14, 15, 16

<V>
7, 9, 13, 14, 16

<coordinates X,Y>
231.51305582810022, 45.19465325974306
184.50735041577636, 675.1253190790013
779.3874938341576, 829.325584140717
623.7771417506216, 226.25397150209514
371.49702135896086, 692.5878005608226
218.68380879718177, 192.26089403886076
845.7990798611555, 117.70276643831927
278.49758850996415, 547.8071993419253
211.14644131445218, 812.4926067670867
712.9870207350478, 150.38255726919778
542.4484313717646, 334.1941643537554
387.7960113008448, 678.088492862729
252.87915681395782, 982.6536918191484
576.0859090209367, 516.549030326615
450.8022066441229, 625.6832756138537
857.3878937852479, 105.59291422471496

<adjacency matrix with truck distances>
1, 2, 632.0,677.0,-1
2, 1, 632.0,677.0,-1
1, 3, 957.0,1333.0,1
3, 1, 957.0,1333.0,1
1, 4, 433.0,574.0,1
4, 1, 433.0,574.0,1
1, 5, 663.0,788.0,1
5, 1, 663.0,788.0,1
1, 6, 148.0,160.0,1
6, 1, 148.0,160.0,1
1, 7, 619.0,687.0,-1
7, 1, 619.0,687.0,-1
1, 8, 505.0,550.0,1
8, 1, 505.0,550.0,1
1, 9, 768.0,788.0,-1
9, 1, 768.0,788.0,-1
1, 10, 493.0,587.0,-1
10, 1, 493.0,587.0,-1
1, 11, 425.0,600.0,-1
11, 1, 425.0,600.0,-1
1, 12, 652.0,790.0,1
12, 1, 652.0,790.0,1
1, 13, 938.0,959.0,-1
13, 1, 938.0,959.0,-1
1, 14, 584.0,816.0,1
14, 1, 584.0,816.0,1
1, 15, 621.0,800.0,1
15, 1, 621.0,800.0,1
1, 16, 629.0,687.0,1
16, 1, 629.0,687.0,1
1, 1, 0.0,0.0,1
2, 3, 615.0,750.0,-1
3, 2, 615.0,750.0,-1
2, 4, 629.0,889.0,-1
4, 2, 629.0,889.0,-1
2, 5, 188.0,205.0,-1
5, 2, 188.0,205.0,-1
2, 6, 485.0,518.0,-1
6, 2, 485.0,518.0,-1
2, 7, 865.0,1219.0,-1
7, 2, 865.0,1219.0,-1
2, 8, 159.0,222.0,-1
8, 2, 159.0,222.0,-1
2, 9, 140.0,165.0,1
9, 2, 140.0,165.0,1
2, 10, 745.0,1054.0,-1
10, 2, 745.0,1054.0,-1
2, 11, 495.0,699.0,1
11, 2, 495.0,699.0,1
2, 12, 204.0,207.0,1
12, 2, 204.0,207.0,1
2, 13, 316.0,376.0,1
13, 2, 316.0,376.0,1
2, 14, 423.0,551.0,-1
14, 2, 423.0,551.0,-1
2, 15, 271.0,316.0,-1
15, 2, 271.0,316.0,-1
2, 16, 882.0,1243.0,1
16, 2, 882.0,1243.0,1
2, 2, 0.0,0.0,1
3, 4, 623.0,759.0,-1
4, 3, 623.0,759.0,-1
3, 5, 431.0,545.0,-1
5, 3, 431.0,545.0,-1
3, 6, 849.0,1198.0,1
6, 3, 849.0,1198.0,1
3, 7, 715.0,779.0,-1
7, 3, 715.0,779.0,-1
3, 8, 575.0,783.0,-1
8, 3, 575.0,783.0,-1
3, 9, 569.0,586.0,-1
9, 3, 569.0,586.0,-1
3, 10, 683.0,746.0,-1
10, 3, 683.0,746.0,-1
3, 11, 549.0,733.0,-1
11, 3, 549.0,733.0,-1
3, 12, 420.0,543.0,-1
12, 3, 420.0,543.0,-1
3, 13, 549.0,680.0,1
13, 3, 549.0,680.0,1
3, 14, 374.0,517.0,-1
14, 3, 374.0,517.0,-1
3, 15, 387.0,533.0,1
15, 3, 387.0,533.0,1
3, 16, 728.0,802.0,-1
16, 3, 728.0,802.0,-1
3, 3, 0.0,0.0,1
4, 5, 531.0,719.0,-1
5, 4, 531.0,719.0,-1
4, 6, 407.0,440.0,-1
6, 4, 407.0,440.0,-1
4, 7, 248.0,331.0,1
7, 4, 248.0,331.0,1
4, 8, 472.0,667.0,1
8, 4, 472.0,667.0,1
4, 9, 717.0,999.0,-1
9, 4, 717.0,999.0,-1
4, 10, 118.0,166.0,-1
10, 4, 118.0,166.0,-1
4, 11, 136.0,190.0,-1
11, 4, 136.0,190.0,-1
4, 12, 510.0,688.0,-1
12, 4, 510.0,688.0,-1
4, 13, 843.0,1128.0,-1
13, 4, 843.0,1128.0,-1
4, 14, 295.0,338.0,-1
14, 4, 295.0,338.0,-1
4, 15, 436.0,573.0,-1
15, 4, 436.0,573.0,-1
4, 16, 263.0,355.0,1
16, 4, 263.0,355.0,1
4, 4, 0.0,0.0,1
5, 6, 524.0,654.0,-1
6, 5, 524.0,654.0,-1
5, 7, 746.0,1050.0,-1
7, 5, 746.0,1050.0,-1
5, 8, 173.0,238.0,1
8, 5, 173.0,238.0,1
5, 9, 201.0,281.0,-1
9, 5, 201.0,281.0,-1
5, 10, 641.0,884.0,-1
10, 5, 641.0,884.0,-1
5, 11, 398.0,530.0,-1
11, 5, 398.0,530.0,-1
5, 12, 22.0,31.0,-1
12, 5, 22.0,31.0,-1
5, 13, 314.0,409.0,-1
13, 5, 314.0,409.0,-1
5, 14, 270.0,381.0,-1
14, 5, 270.0,381.0,-1
5, 15, 104.0,147.0,-1
15, 5, 104.0,147.0,-1
5, 16, 763.0,1073.0,1
16, 5, 763.0,1073.0,1
5, 5, 0.0,0.0,1
6, 7, 632.0,702.0,-1
7, 6, 632.0,702.0,-1
6, 8, 361.0,416.0,1
8, 6, 361.0,416.0,1
6, 9, 621.0,628.0,1
9, 6, 621.0,628.0,1
6, 10, 497.0,537.0,-1
10, 6, 497.0,537.0,-1
6, 11, 354.0,466.0,1
11, 6, 354.0,466.0,1
6, 12, 515.0,655.0,1
12, 6, 515.0,655.0,1
6, 13, 792.0,825.0,-1
13, 6, 792.0,825.0,-1
6, 14, 483.0,682.0,-1
14, 6, 483.0,682.0,-1
6, 15, 492.0,666.0,1
15, 6, 492.0,666.0,1
6, 16, 645.0,726.0,-1
16, 6, 645.0,726.0,-1
6, 6, 0.0,0.0,1
7, 8, 712.0,998.0,-1
8, 7, 712.0,998.0,-1
7, 9, 942.0,1330.0,-1
9, 7, 942.0,1330.0,-1
7, 10, 137.0,166.0,1
10, 7, 137.0,166.0,1
7, 11, 373.0,520.0,-1
11, 7, 373.0,520.0,-1
7, 12, 724.0,1019.0,-1
12, 7, 724.0,1019.0,-1
7, 13, 1049.0,1458.0,1
13, 7, 1049.0,1458.0,1
7, 14, 482.0,669.0,-1
14, 7, 482.0,669.0,-1
7, 15, 644.0,903.0,-1
15, 7, 644.0,903.0,-1
7, 16, 17.0,24.0,-1
16, 7, 17.0,24.0,-1
7, 7, 0.0,0.0,1
8, 9, 274.0,333.0,-1
9, 8, 274.0,333.0,-1
8, 10, 589.0,832.0,-1
10, 8, 589.0,832.0,-1
8, 11, 340.0,478.0,-1
11, 8, 340.0,478.0,-1
8, 12, 171.0,240.0,-1
12, 8, 171.0,240.0,-1
8, 13, 436.0,461.0,1
13, 8, 436.0,461.0,1
8, 14, 300.0,329.0,1
14, 8, 300.0,329.0,1
8, 15, 190.0,251.0,-1
15, 8, 190.0,251.0,-1
8, 16, 729.0,1022.0,-1
16, 8, 729.0,1022.0,-1
8, 8, 0.0,0.0,1
9, 10, 831.0,1164.0,-1
10, 9, 831.0,1164.0,-1
9, 11, 582.0,810.0,-1
11, 9, 582.0,810.0,-1
9, 12, 222.0,312.0,-1
12, 9, 222.0,312.0,-1
9, 13, 176.0,212.0,1
13, 9, 176.0,212.0,1
9, 14, 470.0,661.0,-1
14, 9, 470.0,661.0,-1
9, 15, 304.0,427.0,1
15, 9, 304.0,427.0,1
9, 16, 958.0,1354.0,-1
16, 9, 958.0,1354.0,-1
9, 9, 0.0,0.0,1
10, 11, 251.0,355.0,1
11, 10, 251.0,355.0,1
10, 12, 620.0,853.0,-1
12, 10, 620.0,853.0,-1
10, 13, 951.0,1293.0,-1
13, 10, 951.0,1293.0,-1
10, 14, 391.0,504.0,-1
14, 10, 391.0,504.0,-1
10, 15, 543.0,738.0,-1
15, 10, 543.0,738.0,-1
10, 16, 152.0,190.0,-1
16, 10, 152.0,190.0,-1
10, 10, 0.0,0.0,1
11, 12, 378.0,499.0,-1
12, 11, 378.0,499.0,-1
11, 13, 711.0,939.0,-1
13, 11, 711.0,939.0,-1
11, 14, 186.0,216.0,-1
14, 11, 186.0,216.0,-1
11, 15, 306.0,384.0,-1
15, 11, 306.0,384.0,-1
11, 16, 390.0,544.0,-1
16, 11, 390.0,544.0,-1
11, 11, 0.0,0.0,1
12, 13, 334.0,440.0,1
13, 12, 334.0,440.0,1
12, 14, 249.0,350.0,-1
14, 12, 249.0,350.0,-1
12, 15, 82.0,116.0,-1
15, 12, 82.0,116.0,-1
12, 16, 741.0,1043.0,-1
16, 12, 741.0,1043.0,-1
12, 12, 0.0,0.0,1
13, 14, 568.0,790.0,-1
14, 13, 568.0,790.0,-1
13, 15, 409.0,555.0,-1
15, 13, 409.0,555.0,-1
13, 16, 1066.0,1482.0,-1
16, 13, 1066.0,1482.0,-1
13, 13, 0.0,0.0,1
14, 15, 167.0,235.0,-1
15, 14, 167.0,235.0,-1
14, 16, 499.0,693.0,1
16, 14, 499.0,693.0,1
14, 14, 0.0,0.0,1
15, 16, 661.0,927.0,-1
16, 15, 661.0,927.0,-1
15, 15, 0.0,0.0,1
16, 16, 0.0,0.0,1


<end>