<number of nodes>
16

<ratio of available edges>
0.3

<max length of the drone flight>
100000 

<D 2/3>
1, 3, 4, 5, 7, 8, 9, 11, 12, 13, 16

<V>
8, 9, 11, 12, 13

<coordinates X,Y>
986.0930721103609, 652.5921677868397
107.25938858339403, 672.540266436206
314.05517580428494, 957.816982521517
957.4508065030873, 790.3648359826418
421.7434117501288, 140.05537007947422
94.77054085415506, 642.0720640892517
24.683956036530823, 529.5866047462018
122.76831588245683, 542.3912477234582
845.7950829469391, 234.8110853011696
577.7598983606118, 895.0632135764301
60.91307629460108, 808.1552431876012
553.8161799072734, 999.8421972364691
57.770686801541984, 88.99797754256966
149.57592700677642, 717.878777908424
79.88820530629286, 901.4742524193123
700.2485396533605, 482.97894314803307

<adjacency matrix with truck distances>
1, 2, 880.0,899.0,-1
2, 1, 880.0,899.0,-1
1, 3, 739.0,978.0,-1
3, 1, 739.0,978.0,-1
1, 4, 141.0,167.0,-1
4, 1, 141.0,167.0,-1
1, 5, 763.0,1077.0,1
5, 1, 763.0,1077.0,1
1, 6, 892.0,902.0,-1
6, 1, 892.0,902.0,-1
1, 7, 970.0,1085.0,1
7, 1, 970.0,1085.0,1
1, 8, 871.0,974.0,-1
8, 1, 871.0,974.0,-1
1, 9, 441.0,559.0,1
9, 1, 441.0,559.0,1
1, 10, 475.0,651.0,1
10, 1, 475.0,651.0,1
1, 11, 939.0,1081.0,-1
11, 1, 939.0,1081.0,-1
1, 12, 555.0,780.0,1
12, 1, 555.0,780.0,1
1, 13, 1087.0,1492.0,-1
13, 1, 1087.0,1492.0,-1
1, 14, 840.0,902.0,-1
14, 1, 840.0,902.0,-1
1, 15, 940.0,1156.0,1
15, 1, 940.0,1156.0,1
1, 16, 333.0,456.0,-1
16, 1, 333.0,456.0,-1
1, 1, 0.0,0.0,1
2, 3, 353.0,493.0,-1
3, 2, 353.0,493.0,-1
2, 4, 859.0,969.0,1
4, 2, 859.0,969.0,1
2, 5, 619.0,847.0,-1
5, 2, 619.0,847.0,-1
2, 6, 33.0,43.0,-1
6, 2, 33.0,43.0,-1
2, 7, 166.0,226.0,1
7, 2, 166.0,226.0,1
2, 8, 132.0,146.0,1
8, 2, 132.0,146.0,1
2, 9, 859.0,1177.0,1
9, 2, 859.0,1177.0,1
2, 10, 521.0,694.0,1
10, 2, 521.0,694.0,1
2, 11, 144.0,182.0,-1
11, 2, 144.0,182.0,-1
2, 12, 554.0,774.0,-1
12, 2, 554.0,774.0,-1
2, 13, 586.0,634.0,-1
13, 2, 586.0,634.0,-1
2, 14, 63.0,88.0,-1
14, 2, 63.0,88.0,-1
2, 15, 231.0,257.0,-1
15, 2, 231.0,257.0,-1
2, 16, 623.0,783.0,1
16, 2, 623.0,783.0,1
2, 2, 0.0,0.0,1
3, 4, 665.0,811.0,-1
4, 3, 665.0,811.0,-1
3, 5, 825.0,926.0,-1
5, 3, 825.0,926.0,-1
3, 6, 385.0,536.0,-1
6, 3, 385.0,536.0,-1
3, 7, 517.0,718.0,-1
7, 3, 517.0,718.0,-1
3, 8, 458.0,607.0,-1
8, 3, 458.0,607.0,-1
3, 9, 898.0,1255.0,1
9, 3, 898.0,1255.0,1
3, 10, 272.0,327.0,-1
10, 3, 272.0,327.0,-1
3, 11, 295.0,403.0,-1
11, 3, 295.0,403.0,-1
3, 12, 244.0,282.0,1
12, 3, 244.0,282.0,1
3, 13, 906.0,1126.0,1
13, 3, 906.0,1126.0,1
3, 14, 291.0,405.0,1
14, 3, 291.0,405.0,1
3, 15, 241.0,291.0,-1
15, 3, 241.0,291.0,-1
3, 16, 613.0,862.0,1
16, 3, 613.0,862.0,1
3, 3, 0.0,0.0,1
4, 5, 843.0,1187.0,-1
5, 4, 843.0,1187.0,-1
4, 6, 876.0,1011.0,-1
6, 4, 876.0,1011.0,-1
4, 7, 969.0,1194.0,-1
7, 4, 969.0,1194.0,-1
4, 8, 871.0,1083.0,-1
8, 4, 871.0,1083.0,-1
4, 9, 567.0,668.0,-1
9, 4, 567.0,668.0,-1
4, 10, 394.0,485.0,1
10, 4, 394.0,485.0,1
4, 11, 897.0,915.0,-1
11, 4, 897.0,915.0,-1
4, 12, 455.0,614.0,-1
12, 4, 455.0,614.0,-1
4, 13, 1141.0,1602.0,-1
13, 4, 1141.0,1602.0,-1
4, 14, 812.0,881.0,-1
14, 4, 812.0,881.0,-1
4, 15, 885.0,989.0,-1
15, 4, 885.0,989.0,-1
4, 16, 401.0,565.0,-1
16, 4, 401.0,565.0,-1
4, 4, 0.0,0.0,1
5, 6, 600.0,829.0,-1
6, 5, 600.0,829.0,-1
5, 7, 557.0,787.0,-1
7, 5, 557.0,787.0,-1
5, 8, 502.0,702.0,-1
8, 5, 502.0,702.0,-1
5, 9, 435.0,519.0,-1
9, 5, 435.0,519.0,-1
5, 10, 771.0,912.0,-1
10, 5, 771.0,912.0,-1
5, 11, 760.0,1029.0,-1
11, 5, 760.0,1029.0,-1
5, 12, 870.0,992.0,-1
12, 5, 870.0,992.0,-1
5, 13, 368.0,416.0,-1
13, 5, 368.0,416.0,-1
5, 14, 639.0,850.0,1
14, 5, 639.0,850.0,1
5, 15, 835.0,1104.0,-1
15, 5, 835.0,1104.0,-1
5, 16, 442.0,622.0,-1
16, 5, 442.0,622.0,-1
5, 5, 0.0,0.0,1
6, 7, 133.0,183.0,1
7, 6, 133.0,183.0,1
6, 8, 104.0,128.0,-1
8, 6, 104.0,128.0,-1
6, 9, 855.0,1159.0,-1
9, 6, 855.0,1159.0,-1
6, 10, 546.0,736.0,-1
10, 6, 546.0,736.0,-1
6, 11, 170.0,200.0,1
11, 6, 170.0,200.0,1
6, 12, 582.0,817.0,1
12, 6, 582.0,817.0,1
6, 13, 555.0,591.0,-1
13, 6, 555.0,591.0,-1
6, 14, 94.0,131.0,-1
14, 6, 94.0,131.0,-1
6, 15, 260.0,275.0,-1
15, 6, 260.0,275.0,-1
6, 16, 627.0,765.0,-1
16, 6, 627.0,765.0,-1
6, 6, 0.0,0.0,1
7, 8, 99.0,111.0,-1
8, 7, 99.0,111.0,-1
7, 9, 873.0,1116.0,1
9, 7, 873.0,1116.0,1
7, 10, 663.0,919.0,-1
10, 7, 663.0,919.0,-1
7, 11, 281.0,315.0,-1
11, 7, 281.0,315.0,-1
7, 12, 708.0,1000.0,-1
12, 7, 708.0,1000.0,-1
7, 13, 442.0,474.0,-1
13, 7, 442.0,474.0,-1
7, 14, 226.0,314.0,-1
14, 7, 226.0,314.0,-1
7, 15, 376.0,428.0,1
15, 7, 376.0,428.0,1
7, 16, 678.0,723.0,-1
16, 7, 678.0,723.0,-1
7, 7, 0.0,0.0,1
8, 9, 786.0,1031.0,-1
9, 8, 786.0,1031.0,-1
8, 10, 576.0,808.0,-1
10, 8, 576.0,808.0,-1
8, 11, 273.0,328.0,-1
11, 8, 273.0,328.0,-1
8, 12, 629.0,889.0,1
12, 8, 629.0,889.0,1
8, 13, 459.0,519.0,-1
13, 8, 459.0,519.0,-1
8, 14, 178.0,203.0,-1
14, 8, 178.0,203.0,-1
8, 15, 362.0,402.0,-1
15, 8, 362.0,402.0,-1
8, 16, 581.0,637.0,1
16, 8, 581.0,637.0,1
8, 8, 0.0,0.0,1
9, 10, 713.0,929.0,-1
10, 9, 713.0,929.0,-1
9, 11, 972.0,1359.0,-1
11, 9, 972.0,1359.0,-1
9, 12, 819.0,1058.0,-1
12, 9, 819.0,1058.0,-1
9, 13, 802.0,934.0,1
13, 9, 802.0,934.0,1
9, 14, 848.0,1180.0,-1
14, 9, 848.0,1180.0,-1
9, 15, 1016.0,1433.0,1
15, 9, 1016.0,1433.0,1
9, 16, 288.0,394.0,-1
16, 9, 288.0,394.0,-1
9, 9, 0.0,0.0,1
10, 11, 525.0,604.0,1
11, 10, 525.0,604.0,1
10, 12, 108.0,129.0,-1
12, 10, 108.0,129.0,-1
10, 13, 960.0,1327.0,-1
13, 10, 960.0,1327.0,-1
10, 14, 464.0,606.0,-1
14, 10, 464.0,606.0,-1
10, 15, 498.0,505.0,-1
15, 10, 498.0,505.0,-1
10, 16, 430.0,535.0,1
16, 10, 430.0,535.0,1
10, 10, 0.0,0.0,1
11, 12, 529.0,685.0,-1
12, 11, 529.0,685.0,-1
11, 13, 720.0,723.0,1
13, 11, 720.0,723.0,1
11, 14, 127.0,179.0,-1
14, 11, 127.0,179.0,-1
11, 15, 96.0,113.0,-1
15, 11, 96.0,113.0,-1
11, 16, 718.0,965.0,1
16, 11, 718.0,965.0,1
11, 11, 0.0,0.0,1
12, 13, 1038.0,1407.0,1
13, 12, 1038.0,1407.0,1
12, 14, 493.0,687.0,1
14, 12, 493.0,687.0,1
12, 15, 485.0,573.0,-1
15, 12, 485.0,573.0,-1
12, 16, 538.0,664.0,-1
16, 12, 538.0,664.0,-1
12, 12, 0.0,0.0,1
13, 14, 636.0,721.0,-1
14, 13, 636.0,721.0,-1
13, 15, 813.0,835.0,1
15, 13, 813.0,835.0,1
13, 16, 754.0,1037.0,1
16, 13, 754.0,1037.0,1
13, 13, 0.0,0.0,1
14, 15, 197.0,254.0,-1
15, 14, 197.0,254.0,-1
14, 16, 599.0,786.0,-1
16, 14, 599.0,786.0,-1
14, 14, 0.0,0.0,1
15, 16, 749.0,1039.0,-1
16, 15, 749.0,1039.0,-1
15, 15, 0.0,0.0,1
16, 16, 0.0,0.0,1


<end>