<number of nodes>
16

<ratio of available edges>
0.3

<max length of the drone flight>
100000 

<D 2/3>
1, 3, 5, 6, 7, 8, 10, 11, 12, 14, 16

<V>
3, 8, 10, 11, 14

<coordinates X,Y>
711.1621657373096, 695.5275915282754
931.693955745787, 969.3206312463558
595.5813306554669, 697.8486545127201
333.27141106278555, 132.40817516513587
107.84401530588472, 535.1404104320611
567.615775042779, 163.94163841932436
298.16734084032174, 340.5338380428558
279.6133410604597, 431.9420456017297
362.5173832315867, 687.0015961601752
645.501503657944, 98.627292340621
66.17230031237474, 903.8767937949976
271.6942765043206, 262.46156336622676
591.9940093115548, 414.6872660391181
222.30706226985745, 69.67339640712295
218.30200338022405, 623.5460003577718
278.2113210527626, 402.2868485008833

<adjacency matrix with truck distances>
1, 2, 352.0,495.0,-1
2, 1, 352.0,495.0,-1
1, 3, 116.0,118.0,1
3, 1, 116.0,118.0,1
1, 4, 679.0,942.0,-1
4, 1, 679.0,942.0,-1
1, 5, 625.0,764.0,-1
5, 1, 625.0,764.0,-1
1, 6, 551.0,676.0,-1
6, 1, 551.0,676.0,-1
1, 7, 545.0,768.0,-1
7, 1, 545.0,768.0,-1
1, 8, 506.0,696.0,1
8, 1, 506.0,696.0,1
1, 9, 349.0,358.0,-1
9, 1, 349.0,358.0,-1
1, 10, 601.0,663.0,-1
10, 1, 601.0,663.0,-1
1, 11, 678.0,854.0,-1
11, 1, 678.0,854.0,-1
1, 12, 617.0,873.0,-1
12, 1, 617.0,873.0,-1
1, 13, 306.0,401.0,-1
13, 1, 306.0,401.0,-1
1, 14, 795.0,1115.0,-1
14, 1, 795.0,1115.0,-1
1, 15, 499.0,565.0,1
15, 1, 499.0,565.0,1
1, 16, 523.0,727.0,-1
16, 1, 523.0,727.0,-1
1, 1, 0.0,0.0,1
2, 3, 433.0,608.0,1
3, 2, 433.0,608.0,1
2, 4, 1029.0,1436.0,1
4, 2, 1029.0,1436.0,1
2, 5, 932.0,1259.0,-1
5, 2, 932.0,1259.0,-1
2, 6, 884.0,1170.0,-1
6, 2, 884.0,1170.0,-1
2, 7, 893.0,1263.0,1
7, 2, 893.0,1263.0,1
2, 8, 845.0,1190.0,-1
8, 2, 845.0,1190.0,-1
2, 9, 636.0,852.0,-1
9, 2, 636.0,852.0,-1
2, 10, 917.0,1157.0,-1
10, 2, 917.0,1157.0,-1
2, 11, 868.0,931.0,-1
11, 2, 868.0,931.0,-1
2, 12, 968.0,1367.0,-1
12, 2, 968.0,1367.0,-1
2, 13, 651.0,895.0,1
13, 2, 651.0,895.0,1
2, 14, 1146.0,1610.0,-1
14, 2, 1146.0,1610.0,-1
2, 15, 793.0,1060.0,-1
15, 2, 793.0,1060.0,-1
2, 16, 866.0,1221.0,-1
16, 2, 866.0,1221.0,-1
2, 2, 0.0,0.0,1
3, 4, 624.0,828.0,-1
4, 3, 624.0,828.0,-1
3, 5, 515.0,651.0,-1
5, 3, 515.0,651.0,-1
3, 6, 535.0,562.0,-1
6, 3, 535.0,562.0,-1
3, 7, 465.0,655.0,-1
7, 3, 465.0,655.0,-1
3, 8, 413.0,582.0,1
8, 3, 413.0,582.0,1
3, 9, 234.0,244.0,1
9, 3, 234.0,244.0,1
3, 10, 602.0,650.0,-1
10, 3, 602.0,650.0,-1
3, 11, 569.0,736.0,-1
11, 3, 569.0,736.0,-1
3, 12, 543.0,760.0,-1
12, 3, 543.0,760.0,-1
3, 13, 284.0,287.0,-1
13, 3, 284.0,287.0,-1
3, 14, 731.0,1002.0,-1
14, 3, 731.0,1002.0,-1
3, 15, 385.0,452.0,1
15, 3, 385.0,452.0,1
3, 16, 434.0,613.0,-1
16, 3, 434.0,613.0,-1
3, 3, 0.0,0.0,1
4, 5, 462.0,629.0,1
5, 4, 462.0,629.0,1
4, 6, 237.0,266.0,-1
6, 4, 237.0,266.0,-1
4, 7, 212.0,244.0,-1
7, 4, 212.0,244.0,-1
4, 8, 305.0,354.0,-1
8, 4, 305.0,354.0,-1
4, 9, 556.0,584.0,-1
9, 4, 556.0,584.0,-1
4, 10, 315.0,347.0,-1
10, 4, 315.0,347.0,-1
4, 11, 817.0,1039.0,1
11, 4, 817.0,1039.0,1
4, 12, 144.0,192.0,-1
12, 4, 144.0,192.0,-1
4, 13, 383.0,542.0,-1
13, 4, 383.0,542.0,-1
4, 14, 128.0,174.0,1
14, 4, 128.0,174.0,1
4, 15, 505.0,607.0,-1
15, 4, 505.0,607.0,-1
4, 16, 276.0,325.0,-1
16, 4, 276.0,325.0,-1
4, 4, 0.0,0.0,1
5, 6, 591.0,831.0,-1
6, 5, 591.0,831.0,-1
5, 7, 273.0,385.0,1
7, 5, 273.0,385.0,1
5, 8, 201.0,275.0,1
8, 5, 201.0,275.0,1
5, 9, 297.0,407.0,-1
9, 5, 297.0,407.0,-1
5, 10, 693.0,975.0,-1
10, 5, 693.0,975.0,-1
5, 11, 372.0,411.0,-1
11, 5, 372.0,411.0,-1
5, 12, 319.0,437.0,-1
12, 5, 319.0,437.0,-1
5, 13, 499.0,605.0,-1
13, 5, 499.0,605.0,-1
5, 14, 480.0,580.0,-1
14, 5, 480.0,580.0,-1
5, 15, 142.0,199.0,-1
15, 5, 142.0,199.0,-1
5, 16, 217.0,304.0,-1
16, 5, 217.0,304.0,-1
5, 5, 0.0,0.0,1
6, 7, 323.0,447.0,1
7, 6, 323.0,447.0,1
6, 8, 394.0,557.0,-1
8, 6, 394.0,557.0,-1
6, 9, 562.0,729.0,-1
9, 6, 562.0,729.0,-1
6, 10, 102.0,144.0,1
10, 6, 102.0,144.0,1
6, 11, 894.0,1242.0,1
11, 6, 894.0,1242.0,1
6, 12, 312.0,395.0,-1
12, 6, 312.0,395.0,-1
6, 13, 252.0,276.0,-1
13, 6, 252.0,276.0,-1
6, 14, 358.0,440.0,1
14, 6, 358.0,440.0,1
6, 15, 578.0,809.0,1
15, 6, 578.0,809.0,1
6, 16, 375.0,528.0,1
16, 6, 375.0,528.0,1
6, 6, 0.0,0.0,1
7, 8, 94.0,110.0,-1
8, 7, 94.0,110.0,-1
7, 9, 353.0,411.0,-1
9, 7, 353.0,411.0,-1
7, 10, 424.0,590.0,-1
10, 7, 424.0,590.0,-1
7, 11, 610.0,796.0,-1
11, 7, 610.0,796.0,-1
7, 12, 83.0,105.0,1
12, 7, 83.0,105.0,1
7, 13, 304.0,368.0,-1
13, 7, 304.0,368.0,-1
7, 14, 282.0,347.0,-1
14, 7, 282.0,347.0,-1
7, 15, 295.0,363.0,-1
15, 7, 295.0,363.0,-1
7, 16, 65.0,82.0,1
16, 7, 65.0,82.0,1
7, 7, 0.0,0.0,1
8, 9, 269.0,338.0,1
9, 8, 269.0,338.0,1
8, 10, 495.0,700.0,-1
10, 8, 495.0,700.0,-1
8, 11, 518.0,686.0,1
11, 8, 518.0,686.0,1
8, 12, 170.0,178.0,-1
12, 8, 170.0,178.0,-1
8, 13, 313.0,330.0,1
13, 8, 313.0,330.0,1
8, 14, 367.0,420.0,-1
14, 8, 367.0,420.0,-1
8, 15, 202.0,253.0,-1
15, 8, 202.0,253.0,-1
8, 16, 30.0,32.0,-1
16, 8, 30.0,32.0,-1
8, 8, 0.0,0.0,1
9, 10, 653.0,872.0,-1
10, 9, 653.0,872.0,-1
9, 11, 368.0,514.0,-1
11, 9, 368.0,514.0,-1
9, 12, 435.0,516.0,-1
12, 9, 435.0,516.0,-1
9, 13, 357.0,502.0,1
13, 9, 357.0,502.0,1
9, 14, 634.0,758.0,-1
14, 9, 634.0,758.0,-1
9, 15, 158.0,208.0,-1
15, 9, 158.0,208.0,-1
9, 16, 297.0,370.0,-1
16, 9, 297.0,370.0,-1
9, 9, 0.0,0.0,1
10, 11, 992.0,1385.0,-1
11, 10, 992.0,1385.0,-1
10, 12, 409.0,538.0,1
12, 10, 409.0,538.0,1
10, 13, 321.0,370.0,-1
13, 10, 321.0,370.0,-1
10, 14, 425.0,453.0,-1
14, 10, 425.0,453.0,-1
10, 15, 677.0,953.0,-1
15, 10, 677.0,953.0,-1
10, 16, 477.0,671.0,-1
16, 10, 477.0,671.0,-1
10, 10, 0.0,0.0,1
11, 12, 674.0,847.0,1
12, 11, 674.0,847.0,1
11, 13, 719.0,1016.0,1
13, 11, 719.0,1016.0,1
11, 14, 849.0,991.0,1
14, 11, 849.0,991.0,1
11, 15, 319.0,433.0,1
15, 11, 319.0,433.0,1
11, 16, 545.0,714.0,-1
16, 11, 545.0,714.0,-1
11, 11, 0.0,0.0,1
12, 13, 355.0,473.0,1
13, 12, 355.0,473.0,1
12, 14, 200.0,243.0,-1
14, 12, 200.0,243.0,-1
12, 15, 366.0,415.0,-1
15, 12, 366.0,415.0,-1
12, 16, 140.0,147.0,1
16, 12, 140.0,147.0,1
12, 12, 0.0,0.0,1
13, 14, 506.0,715.0,-1
14, 13, 506.0,715.0,-1
13, 15, 429.0,583.0,1
15, 13, 429.0,583.0,1
13, 16, 315.0,327.0,-1
16, 13, 315.0,327.0,-1
13, 13, 0.0,0.0,1
14, 15, 554.0,558.0,-1
15, 14, 554.0,558.0,-1
14, 16, 338.0,389.0,1
16, 14, 338.0,389.0,1
14, 14, 0.0,0.0,1
15, 16, 230.0,282.0,-1
16, 15, 230.0,282.0,-1
15, 15, 0.0,0.0,1
16, 16, 0.0,0.0,1


<end>