<number of nodes>
16

<ratio of available edges>
0.3

<max length of the drone flight>
100000 

<D 2/3>
1, 2, 3, 5, 8, 10, 11, 13, 14, 15, 16

<V>
2, 8, 10, 15, 16

<coordinates X,Y>
355.2700154730239, 235.9440513205062
979.540282551102, 12.859648530485687
769.4065431312506, 2.093019786696244
393.5801092859023, 172.0786731162418
604.3735142408308, 147.51341897092877
811.0195745134076, 479.39045595543746
615.9828145115836, 521.9977165358276
562.3012441635428, 54.49421689080122
626.2380063522074, 595.9833643272419
992.3452396523776, 704.0742306025679
205.69433110219813, 408.7653890988866
809.5272556815089, 303.55296869309007
48.52738174171247, 197.86836563634833
793.7830784343976, 389.04287666971805
838.2138567752592, 470.88544635929
891.3550857129572, 819.4631095594052

<adjacency matrix with truck distances>
1, 2, 663.0,848.0,1
2, 1, 663.0,848.0,1
1, 3, 476.0,648.0,-1
3, 1, 476.0,648.0,-1
1, 4, 75.0,103.0,-1
4, 1, 75.0,103.0,-1
1, 5, 265.0,338.0,1
5, 1, 265.0,338.0,1
1, 6, 517.0,700.0,-1
6, 1, 517.0,700.0,-1
1, 7, 388.0,547.0,1
7, 1, 388.0,547.0,1
1, 8, 276.0,389.0,1
8, 1, 276.0,389.0,1
1, 9, 451.0,632.0,-1
9, 1, 451.0,632.0,-1
1, 10, 791.0,1106.0,-1
10, 1, 791.0,1106.0,-1
1, 11, 229.0,323.0,-1
11, 1, 229.0,323.0,-1
1, 12, 460.0,522.0,-1
12, 1, 460.0,522.0,-1
1, 13, 310.0,345.0,-1
13, 1, 310.0,345.0,-1
1, 14, 465.0,592.0,-1
14, 1, 465.0,592.0,-1
1, 15, 538.0,718.0,-1
15, 1, 538.0,718.0,-1
1, 16, 793.0,1120.0,-1
16, 1, 793.0,1120.0,-1
1, 1, 0.0,0.0,1
2, 3, 211.0,221.0,-1
3, 2, 211.0,221.0,-1
2, 4, 608.0,746.0,-1
4, 2, 608.0,746.0,-1
2, 5, 399.0,510.0,-1
5, 2, 399.0,510.0,-1
2, 6, 497.0,636.0,1
6, 2, 497.0,636.0,1
2, 7, 626.0,873.0,1
7, 2, 626.0,873.0,1
2, 8, 420.0,459.0,-1
8, 2, 420.0,459.0,-1
2, 9, 682.0,937.0,-1
9, 2, 682.0,937.0,-1
2, 10, 692.0,705.0,-1
10, 2, 692.0,705.0,-1
2, 11, 870.0,1170.0,1
11, 2, 870.0,1170.0,1
2, 12, 337.0,461.0,-1
12, 2, 337.0,461.0,-1
2, 13, 950.0,1117.0,-1
13, 2, 950.0,1117.0,-1
2, 14, 420.0,562.0,-1
14, 2, 420.0,562.0,-1
2, 15, 480.0,600.0,1
15, 2, 480.0,600.0,1
2, 16, 812.0,895.0,-1
16, 2, 812.0,895.0,-1
2, 2, 0.0,0.0,1
3, 4, 413.0,546.0,-1
4, 3, 413.0,546.0,-1
3, 5, 220.0,311.0,-1
5, 3, 220.0,311.0,-1
3, 6, 480.0,519.0,-1
6, 3, 480.0,519.0,-1
3, 7, 543.0,674.0,1
7, 3, 543.0,674.0,1
3, 8, 214.0,260.0,1
8, 3, 214.0,260.0,1
3, 9, 611.0,738.0,1
9, 3, 611.0,738.0,1
3, 10, 737.0,925.0,-1
10, 3, 737.0,925.0,-1
3, 11, 696.0,971.0,-1
11, 3, 696.0,971.0,-1
3, 12, 305.0,342.0,1
12, 3, 305.0,342.0,1
3, 13, 747.0,917.0,-1
13, 3, 747.0,917.0,-1
3, 14, 388.0,412.0,-1
14, 3, 388.0,412.0,-1
3, 15, 474.0,538.0,-1
15, 3, 474.0,538.0,-1
3, 16, 827.0,940.0,-1
16, 3, 827.0,940.0,-1
3, 3, 0.0,0.0,1
4, 5, 213.0,236.0,-1
5, 4, 213.0,236.0,-1
4, 6, 519.0,725.0,1
6, 4, 519.0,725.0,1
4, 7, 415.0,573.0,-1
7, 4, 415.0,573.0,-1
4, 8, 206.0,287.0,-1
8, 4, 206.0,287.0,-1
4, 9, 484.0,657.0,-1
9, 4, 484.0,657.0,-1
4, 10, 801.0,1131.0,-1
10, 4, 801.0,1131.0,-1
4, 11, 303.0,425.0,-1
11, 4, 303.0,425.0,-1
4, 12, 437.0,548.0,-1
12, 4, 437.0,548.0,-1
4, 13, 347.0,371.0,1
13, 4, 347.0,371.0,1
4, 14, 456.0,618.0,-1
14, 4, 456.0,618.0,-1
4, 15, 536.0,744.0,-1
15, 4, 536.0,744.0,-1
4, 16, 817.0,1146.0,1
16, 4, 817.0,1146.0,1
4, 4, 0.0,0.0,1
5, 6, 391.0,539.0,1
6, 5, 391.0,539.0,1
5, 7, 375.0,387.0,-1
7, 5, 375.0,387.0,-1
5, 8, 103.0,136.0,-1
8, 5, 103.0,136.0,-1
5, 9, 450.0,471.0,-1
9, 5, 450.0,471.0,-1
5, 10, 679.0,945.0,-1
10, 5, 679.0,945.0,-1
5, 11, 477.0,660.0,-1
11, 5, 477.0,660.0,-1
5, 12, 258.0,362.0,-1
12, 5, 258.0,362.0,-1
5, 13, 559.0,607.0,1
13, 5, 559.0,607.0,1
5, 14, 307.0,431.0,-1
14, 5, 307.0,431.0,-1
5, 15, 400.0,558.0,-1
15, 5, 400.0,558.0,-1
5, 16, 731.0,959.0,-1
16, 5, 731.0,959.0,-1
5, 5, 0.0,0.0,1
6, 7, 200.0,238.0,1
7, 6, 200.0,238.0,1
6, 8, 493.0,674.0,1
8, 6, 493.0,674.0,1
6, 9, 219.0,302.0,1
9, 6, 219.0,302.0,1
6, 10, 289.0,407.0,-1
10, 6, 289.0,407.0,-1
6, 11, 610.0,676.0,1
11, 6, 610.0,676.0,1
6, 12, 176.0,178.0,-1
12, 6, 176.0,178.0,-1
6, 13, 813.0,1045.0,-1
13, 6, 813.0,1045.0,-1
6, 14, 92.0,108.0,-1
14, 6, 92.0,108.0,-1
6, 15, 29.0,36.0,-1
15, 6, 29.0,36.0,-1
6, 16, 350.0,421.0,-1
16, 6, 350.0,421.0,-1
6, 6, 0.0,0.0,1
7, 8, 471.0,522.0,1
8, 7, 471.0,522.0,1
7, 9, 75.0,85.0,-1
9, 7, 75.0,85.0,-1
7, 10, 419.0,559.0,1
10, 7, 419.0,559.0,1
7, 11, 426.0,524.0,-1
11, 7, 426.0,524.0,-1
7, 12, 292.0,412.0,-1
12, 7, 292.0,412.0,-1
7, 13, 654.0,892.0,1
13, 7, 654.0,892.0,1
7, 14, 223.0,311.0,1
14, 7, 223.0,311.0,1
7, 15, 229.0,274.0,1
15, 7, 229.0,274.0,1
7, 16, 406.0,573.0,-1
16, 7, 406.0,573.0,-1
7, 7, 0.0,0.0,1
8, 9, 546.0,606.0,-1
9, 8, 546.0,606.0,-1
8, 10, 780.0,1080.0,1
10, 8, 780.0,1080.0,1
8, 11, 503.0,711.0,-1
11, 8, 503.0,711.0,-1
8, 12, 351.0,497.0,1
12, 8, 351.0,497.0,1
8, 13, 534.0,658.0,1
13, 8, 534.0,658.0,1
8, 14, 407.0,567.0,-1
14, 8, 407.0,567.0,-1
8, 15, 500.0,693.0,1
15, 8, 500.0,693.0,1
8, 16, 833.0,1095.0,1
16, 8, 833.0,1095.0,1
8, 8, 0.0,0.0,1
9, 10, 382.0,475.0,-1
10, 9, 382.0,475.0,-1
9, 11, 461.0,608.0,-1
11, 9, 461.0,608.0,-1
9, 12, 346.0,476.0,-1
12, 9, 346.0,476.0,-1
9, 13, 702.0,976.0,-1
13, 9, 702.0,976.0,-1
9, 14, 267.0,375.0,-1
14, 9, 267.0,375.0,-1
9, 15, 247.0,338.0,-1
15, 9, 247.0,338.0,-1
9, 16, 347.0,489.0,-1
16, 9, 347.0,489.0,-1
9, 9, 0.0,0.0,1
10, 11, 841.0,1082.0,1
11, 10, 841.0,1082.0,1
10, 12, 441.0,584.0,1
12, 10, 441.0,584.0,1
10, 13, 1071.0,1451.0,1
13, 10, 1071.0,1451.0,1
10, 14, 373.0,514.0,-1
14, 10, 373.0,514.0,-1
10, 15, 280.0,388.0,-1
15, 10, 280.0,388.0,-1
10, 16, 154.0,217.0,1
16, 10, 154.0,217.0,1
10, 10, 0.0,0.0,1
11, 12, 613.0,710.0,-1
12, 11, 613.0,710.0,-1
11, 13, 264.0,369.0,-1
13, 11, 264.0,369.0,-1
11, 14, 589.0,608.0,-1
14, 11, 589.0,608.0,-1
11, 15, 636.0,695.0,-1
15, 11, 636.0,695.0,-1
11, 16, 800.0,1097.0,-1
16, 11, 800.0,1097.0,-1
11, 11, 0.0,0.0,1
12, 13, 769.0,867.0,-1
13, 12, 769.0,867.0,-1
12, 14, 87.0,102.0,-1
14, 12, 87.0,102.0,-1
12, 15, 170.0,197.0,-1
15, 12, 170.0,197.0,-1
12, 16, 523.0,598.0,-1
16, 12, 523.0,598.0,-1
12, 12, 0.0,0.0,1
13, 14, 770.0,937.0,-1
14, 13, 770.0,937.0,-1
13, 15, 836.0,1063.0,-1
15, 13, 836.0,1063.0,-1
13, 16, 1048.0,1465.0,-1
16, 13, 1048.0,1465.0,-1
13, 13, 0.0,0.0,1
14, 15, 94.0,127.0,-1
15, 14, 94.0,127.0,-1
14, 16, 442.0,528.0,-1
16, 14, 442.0,528.0,-1
14, 14, 0.0,0.0,1
15, 16, 353.0,402.0,1
16, 15, 353.0,402.0,1
15, 15, 0.0,0.0,1
16, 16, 0.0,0.0,1


<end>