<number of nodes>
16

<ratio of available edges>
0.3

<max length of the drone flight>
100000 

<D 2/3>
1, 2, 3, 4, 5, 8, 9, 11, 13, 15, 16

<V>
2, 3, 4, 8, 9

<coordinates X,Y>
943.4102301624829, 644.4908575192891
423.81081834392506, 851.4467391210818
234.96584235419616, 222.3988228378485
593.5281986742224, 68.60775136958846
865.1904141877679, 714.0191510221208
767.8631789782307, 787.5443567507939
145.60305435689995, 815.6016289728365
471.49454393138376, 519.7939387513186
724.547224378434, 670.1199526923375
828.178712090532, 281.71956879113947
669.535322338151, 278.7055214979395
603.3517539852321, 120.03806338072873
850.9550147236685, 709.4901103433388
303.3993163492657, 90.34023122310113
170.95370215909495, 354.4728111747805
871.3372574346665, 490.0842669136651

<adjacency matrix with truck distances>
1, 2, 560.0,727.0,1
2, 1, 560.0,727.0,1
1, 3, 825.0,1131.0,-1
3, 1, 825.0,1131.0,-1
1, 4, 674.0,926.0,-1
4, 1, 674.0,926.0,-1
1, 5, 105.0,148.0,1
5, 1, 105.0,148.0,1
1, 6, 227.0,319.0,-1
6, 1, 227.0,319.0,-1
1, 7, 816.0,969.0,-1
7, 1, 816.0,969.0,-1
1, 8, 489.0,597.0,-1
8, 1, 489.0,597.0,-1
1, 9, 221.0,245.0,1
9, 1, 221.0,245.0,1
1, 10, 381.0,479.0,-1
10, 1, 381.0,479.0,-1
1, 11, 457.0,640.0,-1
11, 1, 457.0,640.0,-1
1, 12, 626.0,865.0,-1
12, 1, 626.0,865.0,-1
1, 13, 114.0,158.0,-1
13, 1, 114.0,158.0,-1
1, 14, 847.0,1195.0,1
14, 1, 847.0,1195.0,1
1, 15, 826.0,1063.0,-1
15, 1, 826.0,1063.0,-1
1, 16, 171.0,227.0,-1
16, 1, 171.0,227.0,-1
1, 1, 0.0,0.0,1
2, 3, 657.0,818.0,1
3, 2, 657.0,818.0,1
2, 4, 802.0,953.0,-1
4, 2, 802.0,953.0,-1
2, 5, 463.0,579.0,-1
5, 2, 463.0,579.0,-1
2, 6, 350.0,408.0,1
6, 2, 350.0,408.0,1
2, 7, 281.0,315.0,1
7, 2, 281.0,315.0,1
2, 8, 336.0,380.0,-1
8, 2, 336.0,380.0,-1
2, 9, 352.0,483.0,-1
9, 2, 352.0,483.0,-1
2, 10, 699.0,975.0,-1
10, 2, 699.0,975.0,-1
2, 11, 624.0,819.0,1
11, 2, 624.0,819.0,1
2, 12, 754.0,911.0,-1
12, 2, 754.0,911.0,-1
2, 13, 451.0,570.0,1
13, 2, 451.0,570.0,1
2, 14, 771.0,882.0,-1
14, 2, 771.0,882.0,-1
2, 15, 558.0,750.0,-1
15, 2, 558.0,750.0,-1
2, 16, 576.0,809.0,-1
16, 2, 576.0,809.0,-1
2, 2, 0.0,0.0,1
3, 4, 391.0,513.0,-1
4, 3, 391.0,513.0,-1
3, 5, 800.0,1122.0,1
5, 3, 800.0,1122.0,1
3, 6, 777.0,1099.0,-1
6, 3, 777.0,1099.0,-1
3, 7, 600.0,683.0,-1
7, 3, 600.0,683.0,-1
3, 8, 380.0,534.0,1
8, 3, 380.0,534.0,1
3, 9, 664.0,938.0,-1
9, 3, 664.0,938.0,-1
3, 10, 597.0,653.0,-1
10, 3, 597.0,653.0,-1
3, 11, 439.0,491.0,-1
11, 3, 439.0,491.0,-1
3, 12, 383.0,471.0,-1
12, 3, 383.0,471.0,-1
3, 13, 786.0,1104.0,-1
13, 3, 786.0,1104.0,-1
3, 14, 149.0,201.0,-1
14, 3, 149.0,201.0,-1
3, 15, 147.0,197.0,-1
15, 3, 147.0,197.0,-1
3, 16, 691.0,905.0,-1
16, 3, 691.0,905.0,-1
3, 3, 0.0,0.0,1
4, 5, 701.0,918.0,1
5, 4, 701.0,918.0,1
4, 6, 740.0,894.0,-1
6, 4, 740.0,894.0,-1
4, 7, 871.0,1195.0,-1
7, 4, 871.0,1195.0,-1
4, 8, 468.0,574.0,-1
8, 4, 468.0,574.0,-1
4, 9, 616.0,733.0,-1
9, 4, 616.0,733.0,-1
4, 10, 317.0,448.0,-1
10, 4, 317.0,448.0,-1
4, 11, 224.0,287.0,-1
11, 4, 224.0,287.0,-1
4, 12, 53.0,62.0,-1
12, 4, 53.0,62.0,-1
4, 13, 691.0,899.0,-1
13, 4, 691.0,899.0,-1
4, 14, 291.0,312.0,-1
14, 4, 291.0,312.0,-1
4, 15, 511.0,709.0,1
15, 4, 511.0,709.0,1
4, 16, 505.0,700.0,1
16, 4, 505.0,700.0,1
4, 4, 0.0,0.0,1
5, 6, 122.0,171.0,-1
6, 5, 122.0,171.0,-1
5, 7, 727.0,822.0,-1
7, 5, 727.0,822.0,-1
5, 8, 439.0,588.0,-1
8, 5, 439.0,588.0,-1
5, 9, 148.0,185.0,-1
9, 5, 148.0,185.0,-1
5, 10, 434.0,470.0,1
10, 5, 434.0,470.0,1
5, 11, 478.0,631.0,1
11, 5, 478.0,631.0,1
5, 12, 650.0,856.0,-1
12, 5, 650.0,856.0,-1
5, 13, 15.0,19.0,-1
13, 5, 15.0,19.0,-1
5, 14, 840.0,1186.0,-1
14, 5, 840.0,1186.0,-1
5, 15, 782.0,1054.0,-1
15, 5, 782.0,1054.0,-1
5, 16, 225.0,231.0,-1
16, 5, 225.0,231.0,-1
5, 5, 0.0,0.0,1
6, 7, 623.0,651.0,-1
7, 6, 623.0,651.0,-1
6, 8, 400.0,565.0,-1
8, 6, 400.0,565.0,-1
6, 9, 126.0,161.0,-1
9, 6, 126.0,161.0,-1
6, 10, 510.0,567.0,-1
10, 6, 510.0,567.0,-1
6, 11, 519.0,608.0,-1
11, 6, 519.0,608.0,-1
6, 12, 688.0,833.0,-1
12, 6, 688.0,833.0,-1
6, 13, 115.0,162.0,-1
13, 6, 115.0,162.0,-1
6, 14, 838.0,1162.0,1
14, 6, 838.0,1162.0,1
6, 15, 738.0,1030.0,-1
15, 6, 738.0,1030.0,-1
6, 16, 315.0,401.0,-1
16, 6, 315.0,401.0,-1
6, 6, 0.0,0.0,1
7, 8, 441.0,622.0,-1
8, 7, 441.0,622.0,-1
7, 9, 597.0,725.0,1
9, 7, 597.0,725.0,1
7, 10, 867.0,1217.0,-1
10, 7, 867.0,1217.0,-1
7, 11, 751.0,1061.0,-1
11, 7, 751.0,1061.0,-1
7, 12, 833.0,1154.0,1
12, 7, 833.0,1154.0,1
7, 13, 714.0,812.0,-1
13, 7, 714.0,812.0,-1
7, 14, 743.0,884.0,1
14, 7, 743.0,884.0,1
7, 15, 462.0,487.0,-1
15, 7, 462.0,487.0,-1
7, 16, 796.0,1052.0,-1
16, 7, 796.0,1052.0,-1
7, 7, 0.0,0.0,1
8, 9, 295.0,404.0,-1
9, 8, 295.0,404.0,-1
8, 10, 429.0,595.0,-1
10, 8, 429.0,595.0,-1
8, 11, 312.0,440.0,1
11, 8, 312.0,440.0,1
8, 12, 421.0,532.0,-1
12, 8, 421.0,532.0,-1
8, 13, 425.0,570.0,-1
13, 8, 425.0,570.0,-1
8, 14, 462.0,598.0,-1
14, 8, 462.0,598.0,-1
8, 15, 344.0,466.0,1
15, 8, 344.0,466.0,1
8, 16, 401.0,430.0,-1
16, 8, 401.0,430.0,-1
8, 8, 0.0,0.0,1
9, 10, 402.0,493.0,-1
10, 9, 402.0,493.0,-1
9, 11, 396.0,447.0,1
11, 9, 396.0,447.0,1
9, 12, 564.0,672.0,1
12, 9, 564.0,672.0,1
9, 13, 133.0,166.0,1
13, 9, 133.0,166.0,1
9, 14, 717.0,1001.0,-1
14, 9, 717.0,1001.0,-1
9, 15, 638.0,870.0,1
15, 9, 638.0,870.0,1
9, 16, 233.0,327.0,-1
16, 9, 233.0,327.0,-1
9, 9, 0.0,0.0,1
10, 11, 159.0,162.0,-1
11, 10, 159.0,162.0,-1
10, 12, 277.0,387.0,-1
12, 10, 277.0,387.0,-1
10, 13, 429.0,451.0,1
13, 10, 429.0,451.0,1
10, 14, 559.0,717.0,1
14, 10, 559.0,717.0,1
10, 15, 662.0,730.0,-1
15, 10, 662.0,730.0,-1
10, 16, 213.0,252.0,-1
16, 10, 213.0,252.0,-1
10, 10, 0.0,0.0,1
11, 12, 172.0,225.0,-1
12, 11, 172.0,225.0,-1
11, 13, 468.0,613.0,1
13, 11, 468.0,613.0,1
11, 14, 412.0,555.0,1
14, 11, 412.0,555.0,1
11, 15, 505.0,575.0,1
15, 11, 505.0,575.0,1
11, 16, 293.0,414.0,1
16, 11, 293.0,414.0,1
11, 11, 0.0,0.0,1
12, 13, 640.0,838.0,1
13, 12, 640.0,838.0,1
12, 14, 302.0,330.0,-1
14, 12, 302.0,330.0,-1
12, 15, 492.0,667.0,-1
15, 12, 492.0,667.0,-1
12, 16, 457.0,639.0,1
16, 12, 457.0,639.0,1
12, 12, 0.0,0.0,1
13, 14, 827.0,1167.0,-1
14, 13, 827.0,1167.0,-1
13, 15, 768.0,1036.0,-1
15, 13, 768.0,1036.0,-1
13, 16, 221.0,240.0,-1
16, 13, 221.0,240.0,-1
13, 13, 0.0,0.0,1
14, 15, 296.0,397.0,1
15, 14, 296.0,397.0,1
14, 16, 695.0,968.0,-1
16, 14, 695.0,968.0,-1
14, 14, 0.0,0.0,1
15, 16, 714.0,836.0,1
16, 15, 714.0,836.0,1
15, 15, 0.0,0.0,1
16, 16, 0.0,0.0,1


<end>