<number of nodes>
16

<ratio of available edges>
0.3

<max length of the drone flight>
100000 

<D 2/3>
1, 2, 3, 4, 5, 7, 9, 10, 13, 14, 16

<V>
2, 7, 9, 10, 16

<coordinates X,Y>
47.09347699712839, 677.0305067980977
439.6632893931557, 208.17426787179954
331.81470625859384, 364.59024939375837
351.97093767720554, 970.0748152492191
523.5738569957628, 527.7578033148417
55.19109004395667, 319.0751637952833
410.71213538097237, 495.06627847129886
691.9059485108053, 279.8569918196688
58.430293372920865, 293.0907808306015
619.6208115775011, 519.8258034574365
999.5872241774043, 25.69274312133099
315.88464548470705, 544.0953235478198
131.32448362117927, 427.973681561636
940.2034944414769, 793.6214880058894
853.3095662663453, 723.9095380211509
353.4044338841531, 555.5363550404746

<adjacency matrix with truck distances>
1, 2, 612.0,862.0,-1
2, 1, 612.0,862.0,-1
1, 3, 423.0,598.0,1
3, 1, 423.0,598.0,1
1, 4, 423.0,598.0,-1
4, 1, 423.0,598.0,-1
1, 5, 500.0,626.0,-1
5, 1, 500.0,626.0,-1
1, 6, 359.0,367.0,1
6, 1, 359.0,367.0,1
1, 7, 407.0,546.0,-1
7, 1, 407.0,546.0,-1
1, 8, 758.0,1042.0,-1
8, 1, 758.0,1042.0,-1
1, 9, 385.0,396.0,-1
9, 1, 385.0,396.0,-1
1, 10, 594.0,730.0,-1
10, 1, 594.0,730.0,-1
1, 11, 1154.0,1604.0,-1
11, 1, 1154.0,1604.0,-1
1, 12, 300.0,402.0,-1
12, 1, 300.0,402.0,-1
1, 13, 263.0,334.0,-1
13, 1, 263.0,334.0,-1
1, 14, 901.0,1010.0,-1
14, 1, 901.0,1010.0,-1
1, 15, 808.0,854.0,-1
15, 1, 808.0,854.0,-1
1, 16, 330.0,428.0,1
16, 1, 330.0,428.0,1
1, 1, 0.0,0.0,1
2, 3, 190.0,265.0,-1
3, 2, 190.0,265.0,-1
2, 4, 767.0,850.0,1
4, 2, 767.0,850.0,1
2, 5, 331.0,404.0,-1
5, 2, 331.0,404.0,-1
2, 6, 401.0,496.0,-1
6, 2, 401.0,496.0,-1
2, 7, 289.0,316.0,-1
7, 2, 289.0,316.0,-1
2, 8, 263.0,324.0,-1
8, 2, 263.0,324.0,-1
2, 9, 391.0,467.0,1
9, 2, 391.0,467.0,1
2, 10, 360.0,492.0,-1
10, 2, 360.0,492.0,-1
2, 11, 589.0,743.0,1
11, 2, 589.0,743.0,1
2, 12, 359.0,460.0,-1
12, 2, 359.0,460.0,-1
2, 13, 379.0,529.0,1
13, 2, 379.0,529.0,1
2, 14, 771.0,1086.0,1
14, 2, 771.0,1086.0,1
2, 15, 662.0,930.0,-1
15, 2, 662.0,930.0,-1
2, 16, 358.0,434.0,-1
16, 2, 358.0,434.0,-1
2, 2, 0.0,0.0,1
3, 4, 606.0,626.0,-1
4, 3, 606.0,626.0,-1
3, 5, 252.0,355.0,-1
5, 3, 252.0,355.0,-1
3, 6, 281.0,323.0,-1
6, 3, 281.0,323.0,-1
3, 7, 153.0,210.0,-1
7, 3, 153.0,210.0,-1
3, 8, 370.0,445.0,-1
8, 3, 370.0,445.0,-1
3, 9, 283.0,345.0,1
9, 3, 283.0,345.0,1
3, 10, 328.0,444.0,-1
10, 3, 328.0,444.0,-1
3, 11, 749.0,1007.0,1
11, 3, 749.0,1007.0,1
3, 12, 181.0,196.0,-1
12, 3, 181.0,196.0,-1
3, 13, 211.0,264.0,1
13, 3, 211.0,264.0,1
3, 14, 745.0,1038.0,1
14, 3, 745.0,1038.0,1
3, 15, 634.0,881.0,-1
15, 3, 634.0,881.0,-1
3, 16, 193.0,213.0,-1
16, 3, 193.0,213.0,-1
3, 3, 0.0,0.0,1
4, 5, 475.0,614.0,1
5, 4, 475.0,614.0,1
4, 6, 716.0,948.0,-1
6, 4, 716.0,948.0,-1
4, 7, 479.0,534.0,-1
7, 4, 479.0,534.0,-1
4, 8, 770.0,1031.0,1
8, 4, 770.0,1031.0,1
4, 9, 738.0,971.0,-1
9, 4, 738.0,971.0,-1
4, 10, 524.0,718.0,-1
10, 4, 524.0,718.0,-1
4, 11, 1146.0,1592.0,-1
11, 4, 1146.0,1592.0,-1
4, 12, 428.0,463.0,-1
12, 4, 428.0,463.0,-1
4, 13, 586.0,763.0,-1
13, 4, 586.0,763.0,-1
4, 14, 615.0,765.0,-1
14, 4, 615.0,765.0,-1
4, 15, 559.0,748.0,1
15, 4, 559.0,748.0,1
4, 16, 415.0,416.0,-1
16, 4, 415.0,416.0,-1
4, 4, 0.0,0.0,1
5, 6, 513.0,678.0,1
6, 5, 513.0,678.0,1
5, 7, 118.0,146.0,-1
7, 5, 118.0,146.0,-1
5, 8, 300.0,417.0,-1
8, 5, 300.0,417.0,-1
5, 9, 521.0,700.0,1
9, 5, 521.0,700.0,1
5, 10, 97.0,104.0,-1
10, 5, 97.0,104.0,-1
5, 11, 692.0,979.0,-1
11, 5, 692.0,979.0,-1
5, 12, 209.0,225.0,-1
12, 5, 209.0,225.0,-1
5, 13, 405.0,493.0,-1
13, 5, 405.0,493.0,-1
5, 14, 495.0,683.0,-1
14, 5, 495.0,683.0,-1
5, 15, 384.0,526.0,-1
15, 5, 384.0,526.0,-1
5, 16, 173.0,198.0,1
16, 5, 173.0,198.0,1
5, 5, 0.0,0.0,1
6, 7, 397.0,532.0,-1
7, 6, 397.0,532.0,-1
6, 8, 638.0,676.0,-1
8, 6, 638.0,676.0,-1
6, 9, 27.0,30.0,-1
9, 6, 27.0,30.0,-1
6, 10, 600.0,766.0,1
10, 6, 600.0,766.0,1
6, 11, 989.0,1238.0,-1
11, 6, 989.0,1238.0,-1
6, 12, 345.0,486.0,-1
12, 6, 345.0,486.0,-1
6, 13, 133.0,186.0,-1
13, 6, 133.0,186.0,-1
6, 14, 1005.0,1360.0,-1
14, 6, 1005.0,1360.0,-1
6, 15, 895.0,1203.0,1
15, 6, 895.0,1203.0,1
6, 16, 381.0,535.0,-1
16, 6, 381.0,535.0,-1
6, 6, 0.0,0.0,1
7, 8, 355.0,497.0,1
8, 7, 355.0,497.0,1
7, 9, 407.0,555.0,1
9, 7, 407.0,555.0,1
7, 10, 211.0,234.0,-1
10, 7, 211.0,234.0,-1
7, 11, 754.0,1059.0,1
11, 7, 754.0,1059.0,1
7, 12, 107.0,144.0,-1
12, 7, 107.0,144.0,-1
7, 13, 288.0,347.0,-1
13, 7, 288.0,347.0,-1
7, 14, 608.0,829.0,-1
14, 7, 608.0,829.0,-1
7, 15, 499.0,672.0,-1
15, 7, 499.0,672.0,-1
7, 16, 84.0,118.0,1
16, 7, 84.0,118.0,1
7, 7, 0.0,0.0,1
8, 9, 634.0,647.0,-1
9, 8, 634.0,647.0,-1
8, 10, 251.0,313.0,-1
10, 8, 251.0,313.0,-1
8, 11, 400.0,562.0,-1
11, 8, 400.0,562.0,-1
8, 12, 460.0,641.0,1
12, 8, 460.0,641.0,1
8, 13, 580.0,709.0,-1
13, 8, 580.0,709.0,-1
8, 14, 571.0,763.0,1
14, 8, 571.0,763.0,1
8, 15, 473.0,606.0,-1
15, 8, 473.0,606.0,-1
8, 16, 437.0,615.0,-1
16, 8, 437.0,615.0,-1
8, 8, 0.0,0.0,1
9, 10, 606.0,788.0,1
10, 9, 606.0,788.0,1
9, 11, 979.0,1209.0,1
11, 9, 979.0,1209.0,1
9, 12, 360.0,509.0,-1
12, 9, 360.0,509.0,-1
9, 13, 154.0,208.0,-1
13, 9, 154.0,208.0,-1
9, 14, 1014.0,1383.0,-1
14, 9, 1014.0,1383.0,-1
9, 15, 905.0,1226.0,-1
15, 9, 905.0,1226.0,-1
9, 16, 395.0,558.0,-1
16, 9, 395.0,558.0,-1
9, 9, 0.0,0.0,1
10, 11, 624.0,875.0,-1
11, 10, 624.0,875.0,-1
10, 12, 305.0,329.0,1
12, 10, 305.0,329.0,1
10, 13, 497.0,581.0,-1
13, 10, 497.0,581.0,-1
10, 14, 422.0,595.0,-1
14, 10, 422.0,595.0,-1
10, 15, 311.0,438.0,1
15, 10, 311.0,438.0,1
10, 16, 269.0,302.0,-1
16, 10, 269.0,302.0,-1
10, 10, 0.0,0.0,1
11, 12, 859.0,1203.0,1
12, 11, 859.0,1203.0,1
11, 13, 957.0,1271.0,-1
13, 11, 957.0,1271.0,-1
11, 14, 771.0,828.0,1
14, 11, 771.0,828.0,1
11, 15, 714.0,845.0,1
15, 11, 714.0,845.0,1
11, 16, 836.0,1177.0,1
16, 11, 836.0,1177.0,1
11, 11, 0.0,0.0,1
12, 13, 219.0,301.0,-1
13, 12, 219.0,301.0,-1
12, 14, 673.0,874.0,-1
14, 12, 673.0,874.0,-1
12, 15, 567.0,718.0,1
15, 12, 567.0,718.0,1
12, 16, 40.0,49.0,-1
16, 12, 40.0,49.0,-1
12, 12, 0.0,0.0,1
13, 14, 888.0,1175.0,-1
14, 13, 888.0,1175.0,-1
13, 15, 781.0,1018.0,-1
15, 13, 781.0,1018.0,-1
13, 16, 257.0,350.0,1
16, 13, 257.0,350.0,1
13, 13, 0.0,0.0,1
14, 15, 112.0,157.0,-1
15, 14, 112.0,157.0,-1
14, 16, 634.0,825.0,-1
16, 14, 634.0,825.0,-1
14, 14, 0.0,0.0,1
15, 16, 528.0,669.0,-1
16, 15, 528.0,669.0,-1
15, 15, 0.0,0.0,1
16, 16, 0.0,0.0,1


<end>