<number of nodes>
16

<ratio of available edges>
0.3

<max length of the drone flight>
100000 

<D 2/3>
1, 2, 3, 6, 7, 8, 9, 11, 12, 15, 16

<V>
6, 7, 8, 9, 16

<coordinates X,Y>
915.9085059859489, 740.6964305588069
285.06248099472435, 370.8585894777556
91.1775377493061, 924.0123524413777
393.82058253573496, 37.6424838140809
416.64830460498786, 989.7264561787812
928.5833273789042, 960.1122708621293
660.8923241781505, 573.6498503987387
815.2338196307131, 19.406202362069635
869.7983657924786, 968.7210148775376
991.0949207012563, 194.60653484822305
38.74594929291185, 17.343150345104306
970.590088181237, 167.4200021554584
238.0340051120613, 599.000736554432
981.8229800962447, 863.0098463442539
778.5455485896027, 401.5332457001093
238.91094934911902, 6.093967400089517

<adjacency matrix with truck distances>
1, 2, 732.0,1001.0,-1
2, 1, 732.0,1001.0,-1
1, 3, 845.0,1009.0,1
3, 1, 845.0,1009.0,1
1, 4, 876.0,1226.0,-1
4, 1, 876.0,1226.0,-1
1, 5, 558.0,749.0,1
5, 1, 558.0,749.0,1
1, 6, 220.0,233.0,-1
6, 1, 220.0,233.0,-1
1, 7, 305.0,423.0,-1
7, 1, 305.0,423.0,-1
1, 8, 729.0,822.0,-1
8, 1, 729.0,822.0,-1
1, 9, 233.0,275.0,1
9, 1, 233.0,275.0,1
1, 10, 552.0,622.0,-1
10, 1, 552.0,622.0,-1
1, 11, 1137.0,1601.0,1
11, 1, 1137.0,1601.0,1
1, 12, 576.0,628.0,1
12, 1, 576.0,628.0,1
1, 13, 693.0,820.0,-1
13, 1, 693.0,820.0,-1
1, 14, 139.0,189.0,-1
14, 1, 139.0,189.0,-1
1, 15, 366.0,477.0,-1
15, 1, 366.0,477.0,-1
1, 16, 999.0,1412.0,1
16, 1, 999.0,1412.0,1
1, 1, 0.0,0.0,1
2, 3, 587.0,748.0,-1
3, 2, 587.0,748.0,-1
2, 4, 351.0,442.0,-1
4, 2, 351.0,442.0,-1
2, 5, 633.0,751.0,-1
5, 2, 633.0,751.0,-1
2, 6, 873.0,1233.0,-1
6, 2, 873.0,1233.0,-1
2, 7, 428.0,579.0,1
7, 2, 428.0,579.0,1
2, 8, 637.0,882.0,1
8, 2, 637.0,882.0,1
2, 9, 837.0,1183.0,1
9, 2, 837.0,1183.0,1
2, 10, 728.0,883.0,1
10, 2, 728.0,883.0,1
2, 11, 431.0,600.0,1
11, 2, 431.0,600.0,1
2, 12, 716.0,889.0,-1
12, 2, 716.0,889.0,-1
2, 13, 233.0,276.0,1
13, 2, 233.0,276.0,1
2, 14, 854.0,1189.0,1
14, 2, 854.0,1189.0,1
2, 15, 495.0,525.0,-1
15, 2, 495.0,525.0,-1
2, 16, 368.0,411.0,-1
16, 2, 368.0,411.0,-1
2, 2, 0.0,0.0,1
3, 4, 937.0,1190.0,-1
4, 3, 937.0,1190.0,-1
3, 5, 333.0,392.0,-1
5, 3, 333.0,392.0,-1
3, 6, 839.0,874.0,-1
6, 3, 839.0,874.0,-1
3, 7, 669.0,921.0,-1
7, 3, 669.0,921.0,-1
3, 8, 1159.0,1629.0,-1
8, 3, 1159.0,1629.0,-1
3, 9, 780.0,824.0,1
9, 3, 780.0,824.0,1
3, 10, 1159.0,1630.0,-1
10, 3, 1159.0,1630.0,-1
3, 11, 909.0,960.0,-1
11, 3, 909.0,960.0,-1
3, 12, 1161.0,1637.0,-1
12, 3, 1161.0,1637.0,-1
3, 13, 357.0,472.0,-1
13, 3, 357.0,472.0,-1
3, 14, 893.0,952.0,-1
14, 3, 893.0,952.0,-1
3, 15, 864.0,1210.0,-1
15, 3, 864.0,1210.0,-1
3, 16, 930.0,1066.0,-1
16, 3, 930.0,1066.0,-1
3, 3, 0.0,0.0,1
4, 5, 953.0,975.0,1
5, 4, 953.0,975.0,1
4, 6, 1067.0,1458.0,-1
6, 4, 1067.0,1458.0,-1
4, 7, 599.0,804.0,1
7, 4, 599.0,804.0,1
4, 8, 422.0,440.0,-1
8, 4, 422.0,440.0,-1
4, 9, 1046.0,1408.0,1
9, 4, 1046.0,1408.0,1
4, 10, 618.0,755.0,-1
10, 4, 618.0,755.0,-1
4, 11, 356.0,376.0,1
11, 4, 356.0,376.0,1
4, 12, 592.0,707.0,-1
12, 4, 592.0,707.0,-1
4, 13, 583.0,718.0,-1
13, 4, 583.0,718.0,-1
4, 14, 1014.0,1414.0,-1
14, 4, 1014.0,1414.0,-1
4, 15, 530.0,749.0,-1
15, 4, 530.0,749.0,-1
4, 16, 159.0,187.0,-1
16, 4, 159.0,187.0,-1
4, 4, 0.0,0.0,1
5, 6, 513.0,542.0,-1
6, 5, 513.0,542.0,-1
5, 7, 483.0,661.0,-1
7, 5, 483.0,661.0,-1
5, 8, 1049.0,1369.0,-1
8, 5, 1049.0,1369.0,-1
5, 9, 454.0,475.0,-1
9, 5, 454.0,475.0,-1
5, 10, 981.0,1370.0,-1
10, 5, 981.0,1370.0,-1
5, 11, 1044.0,1351.0,-1
11, 5, 1044.0,1351.0,-1
5, 12, 992.0,1377.0,-1
12, 5, 992.0,1377.0,-1
5, 13, 430.0,570.0,-1
13, 5, 430.0,570.0,-1
5, 14, 580.0,692.0,1
14, 5, 580.0,692.0,1
5, 15, 691.0,951.0,-1
15, 5, 691.0,951.0,-1
5, 16, 1000.0,1162.0,-1
16, 5, 1000.0,1162.0,-1
5, 5, 0.0,0.0,1
6, 7, 471.0,655.0,-1
7, 6, 471.0,655.0,-1
6, 8, 948.0,1055.0,-1
8, 6, 948.0,1055.0,-1
6, 9, 60.0,68.0,-1
9, 6, 60.0,68.0,-1
6, 10, 769.0,829.0,-1
10, 6, 769.0,829.0,-1
6, 11, 1297.0,1833.0,1
11, 6, 1297.0,1833.0,1
6, 12, 794.0,835.0,-1
12, 6, 794.0,835.0,-1
6, 13, 780.0,1052.0,-1
13, 6, 780.0,1052.0,-1
6, 14, 111.0,151.0,-1
14, 6, 111.0,151.0,-1
6, 15, 579.0,709.0,1
15, 6, 579.0,709.0,1
6, 16, 1178.0,1644.0,-1
16, 6, 1178.0,1644.0,-1
6, 6, 0.0,0.0,1
7, 8, 576.0,709.0,-1
8, 7, 576.0,709.0,-1
7, 9, 447.0,604.0,-1
9, 7, 447.0,604.0,-1
7, 10, 503.0,710.0,-1
10, 7, 503.0,710.0,-1
7, 11, 835.0,1179.0,-1
11, 7, 835.0,1179.0,-1
7, 12, 511.0,716.0,1
12, 7, 511.0,716.0,1
7, 13, 424.0,449.0,-1
13, 7, 424.0,449.0,-1
7, 14, 433.0,611.0,-1
14, 7, 433.0,611.0,-1
7, 15, 209.0,290.0,-1
15, 7, 209.0,290.0,-1
7, 16, 708.0,990.0,-1
16, 7, 708.0,990.0,-1
7, 7, 0.0,0.0,1
8, 9, 951.0,1004.0,-1
9, 8, 951.0,1004.0,-1
8, 10, 249.0,352.0,1
10, 8, 249.0,352.0,1
8, 11, 777.0,779.0,1
11, 8, 777.0,779.0,1
8, 12, 215.0,304.0,1
12, 8, 215.0,304.0,1
8, 13, 818.0,1157.0,-1
13, 8, 818.0,1157.0,-1
8, 14, 860.0,1011.0,1
14, 8, 860.0,1011.0,1
8, 15, 384.0,419.0,1
15, 8, 384.0,419.0,1
8, 16, 577.0,590.0,-1
16, 8, 577.0,590.0,-1
8, 8, 0.0,0.0,1
9, 10, 784.0,896.0,-1
10, 9, 784.0,896.0,-1
9, 11, 1264.0,1783.0,-1
11, 9, 1264.0,1783.0,-1
9, 12, 808.0,903.0,-1
12, 9, 808.0,903.0,-1
9, 13, 732.0,1002.0,-1
13, 9, 732.0,1002.0,-1
9, 14, 155.0,218.0,1
14, 9, 155.0,218.0,1
9, 15, 575.0,659.0,-1
15, 9, 575.0,659.0,-1
9, 16, 1151.0,1594.0,-1
16, 9, 1151.0,1594.0,-1
9, 9, 0.0,0.0,1
10, 11, 969.0,1130.0,-1
11, 10, 969.0,1130.0,-1
10, 12, 35.0,48.0,1
12, 10, 35.0,48.0,1
10, 13, 855.0,1158.0,-1
13, 10, 855.0,1158.0,-1
10, 14, 669.0,678.0,1
14, 10, 669.0,678.0,1
10, 15, 297.0,420.0,-1
15, 10, 297.0,420.0,-1
10, 16, 776.0,941.0,-1
16, 10, 776.0,941.0,-1
10, 10, 0.0,0.0,1
11, 12, 944.0,1082.0,-1
12, 11, 944.0,1082.0,-1
11, 13, 615.0,781.0,-1
13, 11, 615.0,781.0,-1
11, 14, 1267.0,1789.0,-1
14, 11, 1267.0,1789.0,-1
11, 15, 834.0,1124.0,-1
15, 11, 834.0,1124.0,-1
11, 16, 201.0,212.0,1
16, 11, 201.0,212.0,1
11, 11, 0.0,0.0,1
12, 13, 851.0,1165.0,1
13, 12, 851.0,1165.0,1
12, 14, 696.0,707.0,1
14, 12, 696.0,707.0,1
12, 15, 303.0,427.0,-1
15, 12, 303.0,427.0,-1
12, 16, 750.0,894.0,1
16, 12, 750.0,894.0,1
12, 12, 0.0,0.0,1
13, 14, 790.0,1008.0,-1
14, 13, 790.0,1008.0,-1
13, 15, 576.0,738.0,1
15, 13, 576.0,738.0,1
13, 16, 593.0,594.0,-1
16, 13, 593.0,594.0,-1
13, 13, 0.0,0.0,1
14, 15, 505.0,665.0,-1
15, 14, 505.0,665.0,-1
14, 16, 1135.0,1600.0,1
16, 14, 1135.0,1600.0,1
14, 14, 0.0,0.0,1
15, 16, 670.0,936.0,-1
16, 15, 670.0,936.0,-1
15, 15, 0.0,0.0,1
16, 16, 0.0,0.0,1


<end>