<number of nodes>
16

<ratio of available edges>
0.3

<max length of the drone flight>
100000 

<D 2/3>
1, 2, 3, 7, 8, 9, 10, 13, 14, 15, 16

<V>
2, 8, 10, 13, 16

<coordinates X,Y>
452.1998560865715, 452.0420947258813
220.52055510006176, 126.46550367369422
473.77906580229296, 507.9676786236925
376.6130780462518, 332.96298400883757
738.3859417446824, 829.9805290917684
785.5007653745033, 96.3294046206578
619.3141043902046, 850.2441568261892
779.4964660384546, 141.06337143317194
507.9723043961583, 759.2716070084498
638.5118525119457, 616.6026380735212
621.2930346919678, 544.7796884406672
929.0059645757156, 957.9611567293126
517.8999684996728, 306.0192730441037
405.32135415017405, 687.6077697063334
61.95429678392415, 218.18150090901355
990.5882485588598, 485.8336978569925

<adjacency matrix with truck distances>
1, 2, 400.0,558.0,-1
2, 1, 400.0,558.0,-1
1, 3, 60.0,78.0,-1
3, 1, 60.0,78.0,-1
1, 4, 142.0,195.0,-1
4, 1, 142.0,195.0,-1
1, 5, 475.0,665.0,-1
5, 1, 475.0,665.0,-1
1, 6, 488.0,690.0,-1
6, 1, 488.0,690.0,-1
1, 7, 432.0,566.0,-1
7, 1, 432.0,566.0,-1
1, 8, 452.0,639.0,1
8, 1, 452.0,639.0,1
1, 9, 313.0,364.0,-1
9, 1, 313.0,364.0,-1
1, 10, 249.0,351.0,-1
10, 1, 249.0,351.0,-1
1, 11, 193.0,262.0,-1
11, 1, 193.0,262.0,-1
1, 12, 696.0,983.0,-1
12, 1, 696.0,983.0,-1
1, 13, 161.0,212.0,-1
13, 1, 161.0,212.0,-1
1, 14, 241.0,283.0,1
14, 1, 241.0,283.0,1
1, 15, 455.0,625.0,-1
15, 1, 455.0,625.0,-1
1, 16, 540.0,573.0,1
16, 1, 540.0,573.0,1
1, 1, 0.0,0.0,1
2, 3, 458.0,635.0,1
3, 2, 458.0,635.0,1
2, 4, 259.0,363.0,-1
4, 2, 259.0,363.0,-1
2, 5, 874.0,1222.0,-1
5, 2, 874.0,1222.0,-1
2, 6, 566.0,596.0,-1
6, 2, 566.0,596.0,-1
2, 7, 827.0,1123.0,-1
7, 2, 827.0,1123.0,-1
2, 8, 560.0,574.0,-1
8, 2, 560.0,574.0,-1
2, 9, 696.0,921.0,-1
9, 2, 696.0,921.0,-1
2, 10, 645.0,909.0,-1
10, 2, 645.0,909.0,-1
2, 11, 580.0,820.0,-1
11, 2, 580.0,820.0,-1
2, 12, 1093.0,1540.0,-1
12, 2, 1093.0,1540.0,-1
2, 13, 348.0,477.0,1
13, 2, 348.0,477.0,1
2, 14, 591.0,746.0,-1
14, 2, 591.0,746.0,-1
2, 15, 184.0,251.0,1
15, 2, 184.0,251.0,1
2, 16, 850.0,1130.0,1
16, 2, 850.0,1130.0,1
2, 2, 0.0,0.0,1
3, 4, 201.0,273.0,-1
4, 3, 201.0,273.0,-1
3, 5, 417.0,587.0,-1
5, 3, 417.0,587.0,-1
3, 6, 517.0,724.0,1
6, 3, 517.0,724.0,1
3, 7, 372.0,488.0,-1
7, 3, 372.0,488.0,-1
3, 8, 478.0,673.0,-1
8, 3, 478.0,673.0,-1
3, 9, 254.0,286.0,1
9, 3, 254.0,286.0,1
3, 10, 198.0,274.0,-1
10, 3, 198.0,274.0,-1
3, 11, 153.0,185.0,1
11, 3, 153.0,185.0,1
3, 12, 641.0,906.0,-1
12, 3, 641.0,906.0,-1
3, 13, 207.0,247.0,-1
13, 3, 207.0,247.0,-1
3, 14, 193.0,249.0,-1
14, 3, 193.0,249.0,-1
3, 15, 504.0,702.0,1
15, 3, 504.0,702.0,1
3, 16, 518.0,539.0,-1
16, 3, 518.0,539.0,-1
3, 3, 0.0,0.0,1
4, 5, 615.0,859.0,-1
5, 4, 615.0,859.0,-1
4, 6, 473.0,646.0,-1
6, 4, 473.0,646.0,-1
4, 7, 572.0,760.0,1
7, 4, 572.0,760.0,1
4, 8, 447.0,595.0,-1
8, 4, 447.0,595.0,-1
4, 9, 447.0,558.0,-1
9, 4, 447.0,558.0,-1
4, 10, 387.0,546.0,-1
10, 4, 387.0,546.0,-1
4, 11, 324.0,457.0,1
11, 4, 324.0,457.0,1
4, 12, 835.0,1178.0,1
12, 4, 835.0,1178.0,1
4, 13, 144.0,169.0,1
13, 4, 144.0,169.0,1
4, 14, 356.0,384.0,-1
14, 4, 356.0,384.0,-1
4, 15, 335.0,430.0,-1
15, 4, 335.0,430.0,-1
4, 16, 633.0,767.0,1
16, 4, 633.0,767.0,1
4, 4, 0.0,0.0,1
5, 6, 736.0,781.0,-1
6, 5, 736.0,781.0,-1
5, 7, 121.0,140.0,-1
7, 5, 121.0,140.0,-1
5, 8, 691.0,731.0,1
8, 5, 691.0,731.0,1
5, 9, 242.0,302.0,1
9, 5, 242.0,302.0,1
5, 10, 236.0,314.0,-1
10, 5, 236.0,314.0,-1
5, 11, 309.0,403.0,1
11, 5, 309.0,403.0,1
5, 12, 230.0,319.0,-1
12, 5, 230.0,319.0,-1
5, 13, 569.0,745.0,-1
13, 5, 569.0,745.0,-1
5, 14, 363.0,476.0,1
14, 5, 363.0,476.0,1
5, 15, 913.0,1289.0,1
15, 5, 913.0,1289.0,1
5, 16, 427.0,597.0,1
16, 5, 427.0,597.0,1
5, 5, 0.0,0.0,1
6, 7, 773.0,921.0,-1
7, 6, 773.0,921.0,-1
6, 8, 46.0,51.0,-1
8, 6, 46.0,51.0,-1
6, 9, 719.0,941.0,-1
9, 6, 719.0,941.0,-1
6, 10, 541.0,668.0,-1
10, 6, 541.0,668.0,-1
6, 11, 478.0,613.0,-1
11, 6, 478.0,613.0,-1
6, 12, 874.0,1006.0,-1
12, 6, 874.0,1006.0,-1
6, 13, 340.0,478.0,-1
13, 6, 340.0,478.0,-1
6, 14, 703.0,972.0,-1
14, 6, 703.0,972.0,-1
6, 15, 734.0,846.0,-1
15, 6, 734.0,846.0,-1
6, 16, 441.0,595.0,-1
16, 6, 441.0,595.0,-1
6, 6, 0.0,0.0,1
7, 8, 728.0,870.0,-1
8, 7, 728.0,870.0,-1
7, 9, 144.0,203.0,-1
9, 7, 144.0,203.0,-1
7, 10, 235.0,253.0,-1
10, 7, 235.0,253.0,-1
7, 11, 306.0,308.0,-1
11, 7, 306.0,308.0,-1
7, 12, 328.0,418.0,-1
12, 7, 328.0,418.0,-1
7, 13, 554.0,646.0,-1
13, 7, 554.0,646.0,-1
7, 14, 269.0,377.0,1
14, 7, 269.0,377.0,1
7, 15, 843.0,1190.0,1
15, 7, 843.0,1190.0,1
7, 16, 521.0,736.0,1
16, 7, 521.0,736.0,1
7, 7, 0.0,0.0,1
8, 9, 676.0,890.0,-1
9, 8, 676.0,890.0,-1
8, 10, 496.0,617.0,1
10, 8, 496.0,617.0,1
8, 11, 434.0,562.0,-1
11, 8, 434.0,562.0,-1
8, 12, 831.0,967.0,1
12, 8, 831.0,967.0,1
8, 13, 310.0,427.0,1
13, 8, 310.0,427.0,1
8, 14, 663.0,921.0,-1
14, 8, 663.0,921.0,-1
8, 15, 722.0,795.0,-1
15, 8, 722.0,795.0,-1
8, 16, 405.0,556.0,1
16, 8, 405.0,556.0,1
8, 8, 0.0,0.0,1
9, 10, 194.0,274.0,-1
10, 9, 194.0,274.0,-1
9, 11, 243.0,328.0,-1
11, 9, 243.0,328.0,-1
9, 12, 466.0,620.0,-1
12, 9, 466.0,620.0,-1
9, 13, 454.0,464.0,-1
13, 9, 454.0,464.0,-1
9, 14, 126.0,175.0,-1
14, 9, 126.0,175.0,-1
9, 15, 702.0,988.0,-1
15, 9, 702.0,988.0,-1
9, 16, 555.0,757.0,1
16, 9, 555.0,757.0,1
9, 9, 0.0,0.0,1
10, 11, 74.0,90.0,1
11, 10, 74.0,90.0,1
10, 12, 449.0,632.0,-1
12, 10, 449.0,632.0,-1
10, 13, 334.0,432.0,1
13, 10, 334.0,432.0,1
10, 14, 244.0,305.0,-1
14, 10, 244.0,305.0,-1
10, 15, 701.0,975.0,1
15, 10, 701.0,975.0,1
10, 16, 376.0,483.0,-1
16, 10, 376.0,483.0,-1
10, 10, 0.0,0.0,1
11, 12, 516.0,721.0,-1
12, 11, 516.0,721.0,-1
11, 13, 261.0,343.0,-1
13, 11, 261.0,343.0,-1
11, 14, 259.0,359.0,-1
14, 11, 259.0,359.0,-1
11, 15, 648.0,886.0,-1
15, 11, 648.0,886.0,-1
11, 16, 374.0,429.0,-1
16, 11, 374.0,429.0,-1
11, 11, 0.0,0.0,1
12, 13, 771.0,1064.0,-1
13, 12, 771.0,1064.0,-1
12, 14, 590.0,795.0,1
14, 12, 590.0,795.0,1
12, 15, 1140.0,1607.0,-1
15, 12, 1140.0,1607.0,-1
12, 16, 477.0,534.0,1
16, 12, 477.0,534.0,1
12, 12, 0.0,0.0,1
13, 14, 398.0,495.0,-1
14, 13, 398.0,495.0,-1
13, 15, 465.0,544.0,-1
15, 13, 465.0,544.0,-1
13, 16, 506.0,653.0,-1
16, 13, 506.0,653.0,-1
13, 13, 0.0,0.0,1
14, 15, 582.0,813.0,-1
15, 14, 582.0,813.0,-1
14, 16, 620.0,788.0,1
16, 14, 620.0,788.0,1
14, 14, 0.0,0.0,1
15, 16, 967.0,1197.0,-1
16, 15, 967.0,1197.0,-1
15, 15, 0.0,0.0,1
16, 16, 0.0,0.0,1


<end>