<number of nodes>
16

<ratio of available edges>
0.3

<max length of the drone flight>
100000 

<D 2/3>
1, 3, 6, 8, 9, 10, 12, 13, 14, 15, 16

<V>
9, 10, 12, 15, 16

<coordinates X,Y>
747.0765587456219, 520.7525420702812
827.7739461688296, 667.9786598010458
411.81750712038223, 717.7293405933103
797.5502418909273, 500.45313055735596
887.4422662057652, 662.7379503543698
628.7568245528743, 546.90275865696
366.649756027684, 160.42025568146454
520.2314390017306, 178.15428079881116
318.46118692220955, 1.4744026727124282
466.2629831565745, 293.4158787875558
187.3056052646245, 88.04399158625576
470.48984820076635, 840.1228746046953
223.3336914398612, 117.37633068961216
206.40715984150071, 132.67695360650146
754.352790253377, 102.71899262080778
292.0466028402526, 596.0433569702765

<adjacency matrix with truck distances>
1, 2, 168.0,228.0,-1
2, 1, 168.0,228.0,-1
1, 3, 389.0,533.0,1
3, 1, 389.0,533.0,1
1, 4, 55.0,71.0,-1
4, 1, 55.0,71.0,-1
1, 5, 200.0,283.0,1
5, 1, 200.0,283.0,1
1, 6, 122.0,145.0,1
6, 1, 122.0,145.0,1
1, 7, 524.0,741.0,-1
7, 1, 524.0,741.0,-1
1, 8, 411.0,570.0,-1
8, 1, 411.0,570.0,-1
1, 9, 674.0,948.0,-1
9, 1, 674.0,948.0,-1
1, 10, 362.0,509.0,-1
10, 1, 362.0,509.0,-1
1, 11, 708.0,993.0,-1
11, 1, 708.0,993.0,-1
1, 12, 423.0,596.0,1
12, 1, 423.0,596.0,1
1, 13, 662.0,928.0,-1
13, 1, 662.0,928.0,-1
1, 14, 666.0,929.0,-1
14, 1, 666.0,929.0,-1
1, 15, 419.0,426.0,1
15, 1, 419.0,426.0,1
1, 16, 462.0,531.0,-1
16, 1, 462.0,531.0,-1
1, 1, 0.0,0.0,1
2, 3, 419.0,466.0,-1
3, 2, 419.0,466.0,-1
2, 4, 171.0,198.0,1
4, 2, 171.0,198.0,1
2, 5, 60.0,65.0,-1
5, 2, 60.0,65.0,-1
2, 6, 233.0,321.0,1
6, 2, 233.0,321.0,1
2, 7, 686.0,969.0,-1
7, 2, 686.0,969.0,-1
2, 8, 579.0,798.0,-1
8, 2, 579.0,798.0,-1
2, 9, 839.0,1176.0,-1
9, 2, 839.0,1176.0,-1
2, 10, 521.0,737.0,1
10, 2, 521.0,737.0,1
2, 11, 865.0,1221.0,1
11, 2, 865.0,1221.0,1
2, 12, 397.0,530.0,-1
12, 2, 397.0,530.0,-1
2, 13, 818.0,1156.0,-1
13, 2, 818.0,1156.0,-1
2, 14, 821.0,1157.0,-1
14, 2, 821.0,1157.0,-1
2, 15, 571.0,639.0,-1
15, 2, 571.0,639.0,-1
2, 16, 541.0,608.0,-1
16, 2, 541.0,608.0,-1
2, 2, 0.0,0.0,1
3, 4, 443.0,604.0,-1
4, 3, 443.0,604.0,-1
3, 5, 479.0,531.0,-1
5, 3, 479.0,531.0,-1
3, 6, 277.0,388.0,-1
6, 3, 277.0,388.0,-1
3, 7, 560.0,603.0,1
7, 3, 560.0,603.0,1
3, 8, 551.0,648.0,1
8, 3, 551.0,648.0,1
3, 9, 723.0,810.0,-1
9, 3, 723.0,810.0,-1
3, 10, 428.0,479.0,-1
10, 3, 428.0,479.0,-1
3, 11, 669.0,855.0,1
11, 3, 669.0,855.0,1
3, 12, 136.0,182.0,-1
12, 3, 136.0,182.0,-1
3, 13, 630.0,789.0,1
13, 3, 630.0,789.0,1
3, 14, 621.0,791.0,-1
14, 3, 621.0,791.0,-1
3, 15, 704.0,958.0,-1
15, 3, 704.0,958.0,-1
3, 16, 171.0,242.0,1
16, 3, 171.0,242.0,1
3, 3, 0.0,0.0,1
4, 5, 186.0,253.0,-1
5, 4, 186.0,253.0,-1
4, 6, 176.0,216.0,1
6, 4, 176.0,216.0,1
4, 7, 549.0,771.0,-1
7, 4, 549.0,771.0,-1
4, 8, 426.0,600.0,1
8, 4, 426.0,600.0,1
4, 9, 692.0,979.0,1
9, 4, 692.0,979.0,1
4, 10, 391.0,539.0,-1
10, 4, 391.0,539.0,-1
4, 11, 737.0,1023.0,1
11, 4, 737.0,1023.0,1
4, 12, 472.0,667.0,-1
12, 4, 472.0,667.0,-1
4, 13, 691.0,958.0,1
13, 4, 691.0,958.0,1
4, 14, 697.0,959.0,-1
14, 4, 697.0,959.0,-1
4, 15, 401.0,441.0,1
15, 4, 401.0,441.0,1
4, 16, 515.0,602.0,1
16, 4, 515.0,602.0,1
4, 4, 0.0,0.0,1
5, 6, 284.0,375.0,-1
6, 5, 284.0,375.0,-1
5, 7, 724.0,1024.0,-1
7, 5, 724.0,1024.0,-1
5, 8, 609.0,852.0,1
8, 5, 609.0,852.0,1
5, 9, 873.0,1231.0,1
9, 5, 873.0,1231.0,1
5, 10, 561.0,791.0,-1
10, 5, 561.0,791.0,-1
5, 11, 906.0,1275.0,-1
11, 5, 906.0,1275.0,-1
5, 12, 454.0,595.0,1
12, 5, 454.0,595.0,1
5, 13, 860.0,1210.0,-1
13, 5, 860.0,1210.0,-1
5, 14, 864.0,1212.0,-1
14, 5, 864.0,1212.0,-1
5, 15, 576.0,694.0,-1
15, 5, 576.0,694.0,-1
5, 16, 600.0,663.0,-1
16, 5, 600.0,663.0,-1
5, 5, 0.0,0.0,1
6, 7, 467.0,649.0,-1
7, 6, 467.0,649.0,-1
6, 8, 385.0,478.0,-1
8, 6, 385.0,478.0,-1
6, 9, 628.0,856.0,-1
9, 6, 628.0,856.0,-1
6, 10, 302.0,416.0,-1
10, 6, 302.0,416.0,-1
6, 11, 637.0,901.0,-1
11, 6, 637.0,901.0,-1
6, 12, 334.0,452.0,-1
12, 6, 334.0,452.0,-1
6, 13, 591.0,835.0,-1
13, 6, 591.0,835.0,-1
6, 14, 592.0,837.0,1
14, 6, 592.0,837.0,1
6, 15, 462.0,570.0,1
15, 6, 462.0,570.0,1
6, 16, 341.0,386.0,1
16, 6, 341.0,386.0,1
6, 6, 0.0,0.0,1
7, 8, 155.0,172.0,-1
8, 7, 155.0,172.0,-1
7, 9, 167.0,208.0,-1
9, 7, 167.0,208.0,-1
7, 10, 167.0,233.0,-1
10, 7, 167.0,233.0,-1
7, 11, 194.0,252.0,-1
11, 7, 194.0,252.0,-1
7, 12, 688.0,784.0,-1
12, 7, 688.0,784.0,-1
7, 13, 150.0,187.0,-1
13, 7, 150.0,187.0,-1
7, 14, 163.0,188.0,-1
14, 7, 163.0,188.0,-1
7, 15, 392.0,446.0,-1
15, 7, 392.0,446.0,-1
7, 16, 442.0,511.0,-1
16, 7, 442.0,511.0,-1
7, 7, 0.0,0.0,1
8, 9, 269.0,379.0,-1
9, 8, 269.0,379.0,-1
8, 10, 128.0,170.0,-1
10, 8, 128.0,170.0,-1
8, 11, 345.0,424.0,-1
11, 8, 345.0,424.0,-1
8, 12, 664.0,712.0,1
12, 8, 664.0,712.0,1
8, 13, 304.0,358.0,-1
13, 8, 304.0,358.0,-1
8, 14, 318.0,360.0,-1
14, 8, 318.0,360.0,-1
8, 15, 246.0,310.0,-1
15, 8, 246.0,310.0,-1
8, 16, 477.0,647.0,-1
16, 8, 477.0,647.0,-1
8, 8, 0.0,0.0,1
9, 10, 328.0,440.0,-1
10, 9, 328.0,440.0,-1
9, 11, 158.0,218.0,-1
11, 9, 158.0,218.0,-1
9, 12, 853.0,991.0,-1
12, 9, 853.0,991.0,-1
9, 13, 150.0,212.0,1
13, 9, 150.0,212.0,1
9, 14, 173.0,244.0,-1
14, 9, 173.0,244.0,-1
9, 15, 448.0,538.0,-1
15, 9, 448.0,538.0,-1
9, 16, 596.0,621.0,1
16, 9, 596.0,621.0,1
9, 9, 0.0,0.0,1
10, 11, 347.0,485.0,1
11, 10, 347.0,485.0,1
10, 12, 547.0,551.0,1
12, 10, 547.0,551.0,1
10, 13, 301.0,419.0,-1
13, 10, 301.0,419.0,-1
10, 14, 306.0,421.0,-1
14, 10, 306.0,421.0,-1
10, 15, 346.0,479.0,1
15, 10, 346.0,479.0,1
10, 16, 350.0,477.0,-1
16, 10, 350.0,477.0,-1
10, 10, 0.0,0.0,1
11, 12, 804.0,1036.0,-1
12, 11, 804.0,1036.0,-1
11, 13, 47.0,66.0,-1
13, 11, 47.0,66.0,-1
11, 14, 49.0,64.0,-1
14, 11, 49.0,64.0,-1
11, 15, 568.0,582.0,1
15, 11, 568.0,582.0,1
11, 16, 519.0,613.0,-1
16, 11, 519.0,613.0,-1
11, 11, 0.0,0.0,1
12, 13, 764.0,970.0,-1
13, 12, 764.0,970.0,-1
12, 14, 756.0,972.0,-1
14, 12, 756.0,972.0,-1
12, 15, 791.0,1022.0,-1
15, 12, 791.0,1022.0,-1
12, 16, 303.0,423.0,-1
16, 12, 303.0,423.0,-1
12, 12, 0.0,0.0,1
13, 14, 23.0,33.0,-1
14, 13, 23.0,33.0,-1
13, 15, 532.0,546.0,1
15, 13, 532.0,546.0,1
13, 16, 484.0,548.0,-1
16, 13, 484.0,548.0,-1
13, 13, 0.0,0.0,1
14, 15, 549.0,578.0,-1
15, 14, 549.0,578.0,-1
14, 16, 472.0,550.0,-1
16, 14, 472.0,550.0,-1
14, 14, 0.0,0.0,1
15, 16, 677.0,956.0,1
16, 15, 677.0,956.0,1
15, 15, 0.0,0.0,1
16, 16, 0.0,0.0,1


<end>