<number of nodes>
16

<ratio of available edges>
0.3

<max length of the drone flight>
100000 

<D 2/3>
1, 3, 4, 5, 6, 8, 9, 10, 11, 12, 16

<V>
4, 6, 8, 11, 16

<coordinates X,Y>
398.9919616803617, 648.4287233916351
163.3664321344247, 667.5805541496417
365.7883757008475, 888.8769057511971
593.4928010943455, 837.4431723646799
608.1716156381141, 970.7105563540073
957.146515134843, 707.5492074488877
79.3257285663096, 978.500566580962
346.6056329615277, 735.3337151229323
283.738843617102, 783.7606775027724
413.59129110735626, 698.0493949325687
729.5833031822369, 558.9054825862148
108.43016327033658, 222.78836829135747
989.3957975607144, 602.552814112914
344.49871856509384, 218.64822929783955
186.71048664721005, 199.95225767935176
768.8796559543102, 683.5264667554922

<adjacency matrix with truck distances>
1, 2, 237.0,255.0,-1
2, 1, 237.0,255.0,-1
1, 3, 243.0,274.0,-1
3, 1, 243.0,274.0,-1
1, 4, 272.0,384.0,-1
4, 1, 272.0,384.0,-1
1, 5, 385.0,532.0,1
5, 1, 385.0,532.0,1
1, 6, 562.0,618.0,-1
6, 1, 562.0,618.0,-1
1, 7, 460.0,650.0,1
7, 1, 460.0,650.0,1
1, 8, 102.0,140.0,1
8, 1, 102.0,140.0,1
1, 9, 178.0,251.0,1
9, 1, 178.0,251.0,1
1, 10, 52.0,65.0,-1
10, 1, 52.0,65.0,-1
1, 11, 343.0,421.0,-1
11, 1, 343.0,421.0,-1
1, 12, 516.0,717.0,-1
12, 1, 516.0,717.0,-1
1, 13, 593.0,637.0,-1
13, 1, 593.0,637.0,-1
1, 14, 434.0,485.0,1
14, 1, 434.0,485.0,1
1, 15, 497.0,661.0,-1
15, 1, 497.0,661.0,-1
1, 16, 372.0,405.0,-1
16, 1, 372.0,405.0,-1
1, 1, 0.0,0.0,1
2, 3, 300.0,424.0,-1
3, 2, 300.0,424.0,-1
2, 4, 463.0,600.0,-1
4, 2, 463.0,600.0,-1
2, 5, 539.0,748.0,1
5, 2, 539.0,748.0,1
2, 6, 795.0,834.0,-1
6, 2, 795.0,834.0,-1
2, 7, 323.0,395.0,1
7, 2, 323.0,395.0,1
2, 8, 196.0,251.0,-1
8, 2, 196.0,251.0,-1
2, 9, 168.0,237.0,1
9, 2, 168.0,237.0,1
2, 10, 253.0,281.0,1
10, 2, 253.0,281.0,1
2, 11, 577.0,675.0,-1
11, 2, 577.0,675.0,-1
2, 12, 449.0,500.0,1
12, 2, 449.0,500.0,1
2, 13, 829.0,892.0,1
13, 2, 829.0,892.0,1
2, 14, 485.0,631.0,-1
14, 2, 485.0,631.0,-1
2, 15, 469.0,491.0,1
15, 2, 469.0,491.0,1
2, 16, 606.0,622.0,-1
16, 2, 606.0,622.0,-1
2, 2, 0.0,0.0,1
3, 4, 234.0,280.0,-1
4, 3, 234.0,280.0,-1
3, 5, 256.0,325.0,1
5, 3, 256.0,325.0,1
3, 6, 619.0,773.0,-1
6, 3, 619.0,773.0,-1
3, 7, 301.0,377.0,-1
7, 3, 301.0,377.0,-1
3, 8, 155.0,173.0,-1
8, 3, 155.0,173.0,-1
3, 9, 134.0,188.0,-1
9, 3, 134.0,188.0,-1
3, 10, 197.0,239.0,-1
10, 3, 197.0,239.0,-1
3, 11, 492.0,694.0,-1
11, 3, 492.0,694.0,-1
3, 12, 715.0,924.0,1
12, 3, 715.0,924.0,1
3, 13, 687.0,910.0,-1
13, 3, 687.0,910.0,-1
3, 14, 671.0,692.0,1
14, 3, 671.0,692.0,1
3, 15, 712.0,869.0,1
15, 3, 712.0,869.0,1
3, 16, 453.0,609.0,-1
16, 3, 453.0,609.0,-1
3, 3, 0.0,0.0,1
4, 5, 135.0,148.0,1
5, 4, 135.0,148.0,1
4, 6, 387.0,494.0,-1
6, 4, 387.0,494.0,-1
4, 7, 534.0,656.0,-1
7, 4, 534.0,656.0,-1
4, 8, 268.0,349.0,1
8, 4, 268.0,349.0,1
4, 9, 315.0,364.0,-1
9, 4, 315.0,364.0,-1
4, 10, 228.0,320.0,1
10, 4, 228.0,320.0,1
4, 11, 311.0,415.0,-1
11, 4, 311.0,415.0,-1
4, 12, 783.0,1100.0,1
12, 4, 783.0,1100.0,1
4, 13, 461.0,631.0,-1
13, 4, 461.0,631.0,-1
4, 14, 668.0,868.0,-1
14, 4, 668.0,868.0,-1
4, 15, 757.0,1045.0,-1
15, 4, 757.0,1045.0,-1
4, 16, 234.0,330.0,1
16, 4, 234.0,330.0,1
4, 4, 0.0,0.0,1
5, 6, 438.0,613.0,-1
6, 5, 438.0,613.0,-1
5, 7, 529.0,537.0,-1
7, 5, 529.0,537.0,-1
5, 8, 352.0,497.0,1
8, 5, 352.0,497.0,1
5, 9, 375.0,512.0,-1
9, 5, 375.0,512.0,-1
5, 10, 335.0,468.0,1
10, 5, 335.0,468.0,1
5, 11, 430.0,534.0,-1
11, 5, 430.0,534.0,-1
5, 12, 900.0,1248.0,-1
12, 5, 900.0,1248.0,-1
5, 13, 530.0,750.0,1
13, 5, 530.0,750.0,1
5, 14, 797.0,1016.0,1
14, 5, 797.0,1016.0,1
5, 15, 879.0,1193.0,-1
15, 5, 879.0,1193.0,-1
5, 16, 330.0,448.0,1
16, 5, 330.0,448.0,1
5, 5, 0.0,0.0,1
6, 7, 919.0,1149.0,-1
7, 6, 919.0,1149.0,-1
6, 8, 612.0,639.0,1
8, 6, 612.0,639.0,1
6, 9, 678.0,750.0,-1
9, 6, 678.0,750.0,-1
6, 10, 544.0,554.0,-1
10, 6, 544.0,554.0,-1
6, 11, 272.0,377.0,-1
11, 6, 272.0,377.0,-1
6, 12, 978.0,1334.0,-1
12, 6, 978.0,1334.0,-1
6, 13, 110.0,138.0,-1
13, 6, 110.0,138.0,-1
6, 14, 784.0,1102.0,-1
14, 6, 784.0,1102.0,-1
6, 15, 923.0,1279.0,-1
15, 6, 923.0,1279.0,-1
6, 16, 190.0,213.0,-1
16, 6, 190.0,213.0,-1
6, 6, 0.0,0.0,1
7, 8, 362.0,511.0,1
8, 7, 362.0,511.0,1
7, 9, 283.0,400.0,-1
9, 7, 283.0,400.0,-1
7, 10, 437.0,615.0,-1
10, 7, 437.0,615.0,-1
7, 11, 774.0,1070.0,-1
11, 7, 774.0,1070.0,-1
7, 12, 757.0,785.0,-1
12, 7, 757.0,785.0,-1
7, 13, 985.0,1287.0,-1
13, 7, 985.0,1287.0,-1
7, 14, 805.0,1026.0,-1
14, 7, 805.0,1026.0,-1
7, 15, 786.0,886.0,-1
15, 7, 786.0,886.0,-1
7, 16, 750.0,985.0,-1
16, 7, 750.0,985.0,-1
7, 7, 0.0,0.0,1
8, 9, 80.0,112.0,-1
9, 8, 80.0,112.0,-1
8, 10, 77.0,105.0,-1
10, 8, 77.0,105.0,-1
8, 11, 422.0,560.0,-1
11, 8, 422.0,560.0,-1
8, 12, 566.0,751.0,1
12, 8, 566.0,751.0,1
8, 13, 657.0,776.0,-1
13, 8, 657.0,776.0,-1
8, 14, 517.0,519.0,-1
14, 8, 517.0,519.0,-1
8, 15, 559.0,696.0,1
15, 8, 559.0,696.0,1
8, 16, 426.0,475.0,-1
16, 8, 426.0,475.0,-1
8, 8, 0.0,0.0,1
9, 10, 156.0,216.0,1
10, 9, 156.0,216.0,1
9, 11, 500.0,671.0,-1
11, 9, 500.0,671.0,-1
9, 12, 588.0,737.0,-1
12, 9, 588.0,737.0,-1
9, 13, 729.0,887.0,1
13, 9, 729.0,887.0,1
9, 14, 569.0,626.0,-1
14, 9, 569.0,626.0,-1
9, 15, 592.0,681.0,1
15, 9, 592.0,681.0,1
9, 16, 496.0,586.0,-1
16, 9, 496.0,586.0,-1
9, 9, 0.0,0.0,1
10, 11, 346.0,456.0,1
11, 10, 346.0,456.0,1
10, 12, 565.0,781.0,-1
12, 10, 565.0,781.0,-1
10, 13, 584.0,672.0,1
13, 10, 584.0,672.0,1
10, 14, 485.0,549.0,-1
14, 10, 485.0,549.0,-1
10, 15, 548.0,725.0,-1
15, 10, 548.0,725.0,-1
10, 16, 356.0,370.0,-1
16, 10, 356.0,370.0,-1
10, 10, 0.0,0.0,1
11, 12, 707.0,958.0,-1
12, 11, 707.0,958.0,-1
11, 13, 264.0,304.0,-1
13, 11, 264.0,304.0,-1
11, 14, 514.0,726.0,-1
14, 11, 514.0,726.0,-1
11, 15, 651.0,902.0,1
15, 11, 651.0,902.0,1
11, 16, 131.0,164.0,-1
16, 11, 131.0,164.0,-1
11, 11, 0.0,0.0,1
12, 13, 960.0,1261.0,-1
13, 12, 960.0,1261.0,-1
12, 14, 237.0,241.0,-1
14, 12, 237.0,241.0,-1
12, 15, 82.0,102.0,-1
15, 12, 82.0,102.0,-1
12, 16, 806.0,1122.0,-1
16, 12, 806.0,1122.0,-1
12, 12, 0.0,0.0,1
13, 14, 751.0,1029.0,-1
14, 13, 751.0,1029.0,-1
13, 15, 898.0,1206.0,-1
15, 13, 898.0,1206.0,-1
13, 16, 235.0,302.0,-1
16, 13, 235.0,302.0,-1
13, 13, 0.0,0.0,1
14, 15, 159.0,177.0,-1
15, 14, 159.0,177.0,-1
14, 16, 630.0,890.0,-1
16, 14, 630.0,890.0,-1
14, 14, 0.0,0.0,1
15, 16, 757.0,1066.0,-1
16, 15, 757.0,1066.0,-1
15, 15, 0.0,0.0,1
16, 16, 0.0,0.0,1


<end>