<number of nodes>
16

<ratio of available edges>
0.3

<max length of the drone flight>
100000 

<D 2/3>
1, 3, 4, 5, 6, 7, 8, 9, 11, 12, 13

<V>
4, 5, 7, 9, 12

<coordinates X,Y>
367.4664419809191, 733.2570926646121
604.5597467049, 179.96489807368928
925.5012590491752, 729.1267385174759
238.2480206813482, 94.05795362619892
230.46565436991, 309.17494748132714
351.4510252380136, 270.381913553787
389.2587843634412, 945.4556222965177
960.9067537586171, 291.16119833421754
761.9145480350414, 381.7777457595664
665.7407625277231, 619.6366479262849
848.7409408640251, 439.56510528086636
653.79990740306, 149.12191670310253
386.6017847552788, 676.6110109784543
229.03076423576383, 203.51944588303968
793.0320328324781, 838.3408300893722
682.7132906160431, 527.3826864383701

<adjacency matrix with truck distances>
1, 2, 602.0,791.0,1
2, 1, 602.0,791.0,1
1, 3, 559.0,563.0,1
3, 1, 559.0,563.0,1
1, 4, 653.0,769.0,-1
4, 1, 653.0,769.0,-1
1, 5, 446.0,562.0,1
5, 1, 446.0,562.0,1
1, 6, 464.0,479.0,-1
6, 1, 464.0,479.0,-1
1, 7, 214.0,234.0,-1
7, 1, 214.0,234.0,-1
1, 8, 741.0,1036.0,-1
8, 1, 741.0,1036.0,-1
1, 9, 529.0,746.0,-1
9, 1, 529.0,746.0,-1
1, 10, 320.0,412.0,-1
10, 1, 320.0,412.0,-1
1, 11, 564.0,775.0,-1
11, 1, 564.0,775.0,-1
1, 12, 651.0,871.0,-1
12, 1, 651.0,871.0,-1
1, 13, 60.0,76.0,-1
13, 1, 60.0,76.0,-1
1, 14, 548.0,669.0,-1
14, 1, 548.0,669.0,-1
1, 15, 439.0,531.0,-1
15, 1, 439.0,531.0,-1
1, 16, 377.0,522.0,-1
16, 1, 377.0,522.0,-1
1, 1, 0.0,0.0,1
2, 3, 637.0,871.0,-1
3, 2, 637.0,871.0,-1
2, 4, 377.0,453.0,1
4, 2, 377.0,453.0,1
2, 5, 396.0,504.0,-1
5, 2, 396.0,504.0,-1
2, 6, 269.0,344.0,-1
6, 2, 269.0,344.0,-1
2, 7, 796.0,981.0,1
7, 2, 796.0,981.0,1
2, 8, 374.0,468.0,-1
8, 2, 374.0,468.0,-1
2, 9, 256.0,360.0,-1
9, 2, 256.0,360.0,-1
2, 10, 444.0,501.0,-1
10, 2, 444.0,501.0,-1
2, 11, 357.0,504.0,1
11, 2, 357.0,504.0,1
2, 12, 59.0,81.0,-1
12, 2, 59.0,81.0,-1
2, 13, 543.0,715.0,-1
13, 2, 543.0,715.0,-1
2, 14, 377.0,400.0,1
14, 2, 377.0,400.0,1
2, 15, 685.0,847.0,-1
15, 2, 685.0,847.0,-1
2, 16, 357.0,426.0,-1
16, 2, 357.0,426.0,-1
2, 2, 0.0,0.0,1
3, 4, 936.0,1323.0,1
4, 3, 936.0,1323.0,1
3, 5, 813.0,1115.0,-1
5, 3, 813.0,1115.0,-1
3, 6, 735.0,1033.0,-1
6, 3, 735.0,1033.0,-1
3, 7, 579.0,753.0,-1
7, 3, 579.0,753.0,-1
3, 8, 440.0,474.0,-1
8, 3, 440.0,474.0,-1
3, 9, 384.0,511.0,1
9, 3, 384.0,511.0,1
3, 10, 282.0,370.0,-1
10, 3, 282.0,370.0,-1
3, 11, 300.0,367.0,-1
11, 3, 300.0,367.0,-1
3, 12, 641.0,852.0,-1
12, 3, 641.0,852.0,-1
3, 13, 542.0,592.0,1
13, 3, 542.0,592.0,1
3, 14, 873.0,1223.0,-1
14, 3, 873.0,1223.0,-1
3, 15, 172.0,242.0,1
15, 3, 172.0,242.0,1
3, 16, 316.0,445.0,1
16, 3, 316.0,445.0,1
3, 3, 0.0,0.0,1
4, 5, 216.0,223.0,-1
5, 4, 216.0,223.0,-1
4, 6, 210.0,290.0,-1
6, 4, 210.0,290.0,-1
4, 7, 865.0,1003.0,-1
7, 4, 865.0,1003.0,-1
4, 8, 750.0,920.0,1
8, 4, 750.0,920.0,1
4, 9, 598.0,812.0,-1
9, 4, 598.0,812.0,-1
4, 10, 678.0,954.0,1
10, 4, 678.0,954.0,1
4, 11, 702.0,957.0,1
11, 4, 702.0,957.0,1
4, 12, 420.0,471.0,1
12, 4, 420.0,471.0,1
4, 13, 602.0,731.0,-1
13, 4, 602.0,731.0,-1
4, 14, 110.0,119.0,-1
14, 4, 110.0,119.0,-1
4, 15, 929.0,1300.0,-1
15, 4, 929.0,1300.0,-1
4, 16, 621.0,878.0,1
16, 4, 621.0,878.0,1
4, 4, 0.0,0.0,1
5, 6, 128.0,160.0,-1
6, 5, 128.0,160.0,-1
5, 7, 656.0,796.0,1
7, 5, 656.0,796.0,1
5, 8, 731.0,749.0,-1
8, 5, 731.0,749.0,-1
5, 9, 537.0,605.0,-1
9, 5, 537.0,605.0,-1
5, 10, 535.0,746.0,1
10, 5, 535.0,746.0,1
5, 11, 632.0,749.0,-1
11, 5, 632.0,749.0,-1
5, 12, 453.0,584.0,-1
12, 5, 453.0,584.0,-1
5, 13, 400.0,524.0,1
13, 5, 400.0,524.0,1
5, 14, 106.0,108.0,1
14, 5, 106.0,108.0,1
5, 15, 773.0,1092.0,-1
15, 5, 773.0,1092.0,-1
5, 16, 503.0,671.0,-1
16, 5, 503.0,671.0,-1
5, 5, 0.0,0.0,1
6, 7, 677.0,713.0,1
7, 6, 677.0,713.0,1
6, 8, 610.0,631.0,-1
8, 6, 610.0,631.0,-1
6, 9, 426.0,522.0,-1
9, 6, 426.0,522.0,-1
6, 10, 470.0,664.0,1
10, 6, 470.0,664.0,1
6, 11, 526.0,667.0,1
11, 6, 526.0,667.0,1
6, 12, 326.0,424.0,1
12, 6, 326.0,424.0,1
6, 13, 408.0,442.0,-1
13, 6, 408.0,442.0,-1
6, 14, 140.0,190.0,-1
14, 6, 140.0,190.0,-1
6, 15, 720.0,1010.0,1
15, 6, 720.0,1010.0,1
6, 16, 420.0,589.0,-1
16, 6, 420.0,589.0,-1
6, 6, 0.0,0.0,1
7, 8, 869.0,1226.0,-1
8, 7, 869.0,1226.0,-1
7, 9, 676.0,937.0,-1
9, 7, 676.0,937.0,-1
7, 10, 428.0,603.0,-1
10, 7, 428.0,603.0,-1
7, 11, 684.0,966.0,1
11, 7, 684.0,966.0,1
7, 12, 840.0,1061.0,-1
12, 7, 840.0,1061.0,-1
7, 13, 269.0,272.0,-1
13, 7, 269.0,272.0,-1
7, 14, 760.0,903.0,-1
14, 7, 760.0,903.0,-1
7, 15, 418.0,511.0,1
15, 7, 418.0,511.0,1
7, 16, 511.0,712.0,1
16, 7, 511.0,712.0,1
7, 7, 0.0,0.0,1
8, 9, 219.0,290.0,-1
9, 8, 219.0,290.0,-1
8, 10, 442.0,624.0,1
10, 8, 442.0,624.0,1
8, 11, 187.0,261.0,-1
11, 8, 187.0,261.0,-1
8, 12, 339.0,450.0,-1
12, 8, 339.0,450.0,-1
8, 13, 692.0,960.0,-1
13, 8, 692.0,960.0,-1
8, 14, 738.0,820.0,1
14, 8, 738.0,820.0,1
8, 15, 573.0,716.0,-1
15, 8, 573.0,716.0,-1
8, 16, 365.0,515.0,-1
16, 8, 365.0,515.0,-1
8, 8, 0.0,0.0,1
9, 10, 257.0,335.0,-1
10, 9, 257.0,335.0,-1
9, 11, 105.0,145.0,-1
11, 9, 105.0,145.0,-1
9, 12, 257.0,341.0,-1
12, 9, 257.0,341.0,-1
9, 13, 478.0,671.0,-1
13, 9, 478.0,671.0,-1
9, 14, 562.0,712.0,1
14, 9, 562.0,712.0,1
9, 15, 458.0,488.0,-1
15, 9, 458.0,488.0,-1
9, 16, 166.0,225.0,-1
16, 9, 166.0,225.0,-1
9, 9, 0.0,0.0,1
10, 11, 257.0,364.0,1
11, 10, 257.0,364.0,1
10, 12, 471.0,483.0,-1
12, 10, 471.0,483.0,-1
10, 13, 285.0,337.0,-1
13, 10, 285.0,337.0,-1
10, 14, 604.0,853.0,-1
14, 10, 604.0,853.0,-1
10, 15, 254.0,346.0,-1
15, 10, 254.0,346.0,-1
10, 16, 94.0,110.0,-1
16, 10, 94.0,110.0,-1
10, 10, 0.0,0.0,1
11, 12, 350.0,486.0,-1
12, 11, 350.0,486.0,-1
11, 13, 520.0,700.0,-1
13, 11, 520.0,700.0,-1
11, 14, 664.0,856.0,-1
14, 11, 664.0,856.0,-1
11, 15, 403.0,455.0,-1
15, 11, 403.0,455.0,-1
11, 16, 188.0,254.0,-1
16, 11, 188.0,254.0,-1
11, 11, 0.0,0.0,1
12, 13, 592.0,795.0,-1
13, 12, 592.0,795.0,-1
12, 14, 429.0,480.0,-1
14, 12, 429.0,480.0,-1
12, 15, 704.0,829.0,1
15, 12, 704.0,829.0,1
12, 16, 380.0,408.0,-1
16, 12, 380.0,408.0,-1
12, 12, 0.0,0.0,1
13, 14, 499.0,631.0,-1
14, 13, 499.0,631.0,-1
13, 15, 438.0,569.0,-1
15, 13, 438.0,569.0,-1
13, 16, 332.0,446.0,-1
16, 13, 332.0,446.0,-1
13, 13, 0.0,0.0,1
14, 15, 850.0,1199.0,-1
15, 14, 850.0,1199.0,-1
14, 16, 558.0,778.0,1
16, 14, 558.0,778.0,1
14, 14, 0.0,0.0,1
15, 16, 330.0,422.0,1
16, 15, 330.0,422.0,1
15, 15, 0.0,0.0,1
16, 16, 0.0,0.0,1


<end>