<number of nodes>
16

<ratio of available edges>
0.3

<max length of the drone flight>
100000 

<D 2/3>
1, 2, 3, 8, 9, 10, 11, 12, 13, 14, 16

<V>
3, 9, 10, 14, 16

<coordinates X,Y>
424.9531481484194, 896.5973154914352
770.1318952737091, 741.1187638191624
661.6903795437318, 338.50105103798586
842.2729320096836, 393.0506219238215
64.97084569966954, 861.3109099697621
683.832537657084, 705.053271966713
195.44375975797556, 184.84230748437972
942.854192656687, 67.66591135849275
436.2535503923568, 650.7988072367795
967.8106958939453, 876.14613675506
920.7179958172759, 785.7954543950931
860.8918093281652, 458.9367565657771
976.8493594836681, 37.26477656456664
532.8610084394096, 327.1425147330747
121.15363213264789, 236.0010448157354
571.0435239307232, 814.0689021993594

<adjacency matrix with truck distances>
1, 2, 379.0,501.0,1
2, 1, 379.0,501.0,1
1, 3, 607.0,795.0,-1
3, 1, 607.0,795.0,-1
1, 4, 654.0,921.0,-1
4, 1, 654.0,921.0,-1
1, 5, 362.0,396.0,-1
5, 1, 362.0,396.0,-1
1, 6, 323.0,451.0,-1
6, 1, 323.0,451.0,-1
1, 7, 748.0,942.0,-1
7, 1, 748.0,942.0,-1
1, 8, 978.0,1347.0,-1
8, 1, 978.0,1347.0,-1
1, 9, 247.0,258.0,1
9, 1, 247.0,258.0,1
1, 10, 544.0,564.0,-1
10, 1, 544.0,564.0,-1
1, 11, 508.0,607.0,-1
11, 1, 508.0,607.0,-1
1, 12, 618.0,874.0,-1
12, 1, 618.0,874.0,-1
1, 13, 1022.0,1412.0,1
13, 1, 1022.0,1412.0,1
1, 14, 580.0,678.0,-1
14, 1, 580.0,678.0,-1
1, 15, 728.0,965.0,-1
15, 1, 728.0,965.0,-1
1, 16, 168.0,229.0,-1
16, 1, 168.0,229.0,-1
1, 1, 0.0,0.0,1
2, 3, 417.0,512.0,-1
3, 2, 417.0,512.0,-1
2, 4, 356.0,421.0,1
4, 2, 356.0,421.0,1
2, 5, 716.0,826.0,1
5, 2, 716.0,826.0,1
2, 6, 94.0,123.0,-1
6, 2, 94.0,123.0,-1
2, 7, 800.0,1131.0,-1
7, 2, 800.0,1131.0,-1
2, 8, 696.0,847.0,-1
8, 2, 696.0,847.0,-1
2, 9, 346.0,425.0,1
9, 2, 346.0,425.0,1
2, 10, 240.0,333.0,-1
10, 2, 240.0,333.0,-1
2, 11, 158.0,196.0,-1
11, 2, 158.0,196.0,-1
2, 12, 297.0,373.0,-1
12, 2, 297.0,373.0,-1
2, 13, 734.0,911.0,1
13, 2, 734.0,911.0,1
2, 14, 478.0,652.0,-1
14, 2, 478.0,652.0,-1
2, 15, 823.0,1155.0,-1
15, 2, 823.0,1155.0,-1
2, 16, 213.0,273.0,-1
16, 2, 213.0,273.0,-1
2, 2, 0.0,0.0,1
3, 4, 189.0,236.0,-1
4, 3, 189.0,236.0,-1
3, 5, 794.0,1120.0,-1
5, 3, 794.0,1120.0,-1
3, 6, 368.0,389.0,-1
6, 3, 368.0,389.0,-1
3, 7, 491.0,620.0,1
7, 3, 491.0,620.0,1
3, 8, 391.0,552.0,1
8, 3, 391.0,552.0,1
3, 9, 386.0,538.0,-1
9, 3, 386.0,538.0,-1
3, 10, 619.0,844.0,-1
10, 3, 619.0,844.0,-1
3, 11, 517.0,707.0,1
11, 3, 517.0,707.0,1
3, 12, 233.0,320.0,-1
12, 3, 233.0,320.0,-1
3, 13, 436.0,617.0,-1
13, 3, 436.0,617.0,-1
3, 14, 130.0,141.0,-1
14, 3, 130.0,141.0,-1
3, 15, 551.0,644.0,1
15, 3, 551.0,644.0,1
3, 16, 485.0,567.0,-1
16, 3, 485.0,567.0,-1
3, 3, 0.0,0.0,1
4, 5, 908.0,1246.0,-1
5, 4, 908.0,1246.0,-1
4, 6, 350.0,471.0,1
6, 4, 350.0,471.0,1
4, 7, 680.0,856.0,-1
7, 4, 680.0,856.0,-1
4, 8, 341.0,426.0,-1
8, 4, 341.0,426.0,-1
4, 9, 481.0,664.0,1
9, 4, 481.0,664.0,1
4, 10, 500.0,609.0,-1
10, 4, 500.0,609.0,-1
4, 11, 401.0,472.0,-1
11, 4, 401.0,472.0,-1
4, 12, 69.0,85.0,-1
12, 4, 69.0,85.0,-1
4, 13, 381.0,491.0,-1
13, 4, 381.0,491.0,-1
4, 14, 317.0,376.0,1
14, 4, 317.0,376.0,1
4, 15, 739.0,879.0,-1
15, 4, 739.0,879.0,-1
4, 16, 501.0,693.0,-1
16, 4, 501.0,693.0,-1
4, 4, 0.0,0.0,1
5, 6, 639.0,776.0,-1
6, 5, 639.0,776.0,-1
5, 7, 689.0,807.0,-1
7, 5, 689.0,807.0,-1
5, 8, 1184.0,1672.0,1
8, 5, 1184.0,1672.0,1
5, 9, 427.0,582.0,-1
9, 5, 427.0,582.0,-1
5, 10, 903.0,918.0,1
10, 5, 903.0,918.0,1
5, 11, 860.0,932.0,1
11, 5, 860.0,932.0,1
5, 12, 892.0,1199.0,-1
12, 5, 892.0,1199.0,-1
5, 13, 1230.0,1736.0,-1
13, 5, 1230.0,1736.0,-1
5, 14, 711.0,1003.0,1
14, 5, 711.0,1003.0,1
5, 15, 628.0,682.0,1
15, 5, 628.0,682.0,1
5, 16, 509.0,554.0,-1
16, 5, 509.0,554.0,-1
5, 5, 0.0,0.0,1
6, 7, 714.0,1009.0,-1
7, 6, 714.0,1009.0,-1
6, 8, 689.0,897.0,1
8, 6, 689.0,897.0,1
6, 9, 254.0,302.0,1
9, 6, 254.0,302.0,1
6, 10, 332.0,456.0,-1
10, 6, 332.0,456.0,-1
6, 11, 251.0,318.0,-1
11, 6, 251.0,318.0,-1
6, 12, 304.0,424.0,-1
12, 6, 304.0,424.0,-1
6, 13, 730.0,961.0,-1
13, 6, 730.0,961.0,-1
6, 14, 407.0,529.0,-1
14, 6, 407.0,529.0,-1
6, 15, 733.0,1032.0,-1
15, 6, 733.0,1032.0,-1
6, 16, 157.0,222.0,-1
16, 6, 157.0,222.0,-1
6, 6, 0.0,0.0,1
7, 8, 757.0,865.0,1
8, 7, 757.0,865.0,1
7, 9, 525.0,707.0,-1
9, 7, 525.0,707.0,-1
7, 10, 1037.0,1464.0,-1
10, 7, 1037.0,1464.0,-1
7, 11, 942.0,1327.0,-1
11, 7, 942.0,1327.0,-1
7, 12, 720.0,940.0,-1
12, 7, 720.0,940.0,-1
7, 13, 796.0,929.0,1
13, 7, 796.0,929.0,1
7, 14, 367.0,480.0,1
14, 7, 367.0,480.0,1
7, 15, 91.0,126.0,-1
15, 7, 91.0,126.0,-1
7, 16, 733.0,1005.0,-1
16, 7, 733.0,1005.0,-1
7, 7, 0.0,0.0,1
8, 9, 773.0,1090.0,-1
9, 8, 773.0,1090.0,-1
8, 10, 809.0,834.0,-1
10, 8, 809.0,834.0,-1
8, 11, 719.0,741.0,-1
11, 8, 719.0,741.0,-1
8, 12, 400.0,474.0,-1
12, 8, 400.0,474.0,-1
8, 13, 46.0,65.0,-1
13, 8, 46.0,65.0,-1
8, 14, 486.0,670.0,-1
14, 8, 486.0,670.0,-1
8, 15, 839.0,991.0,1
15, 8, 839.0,991.0,1
8, 16, 834.0,1119.0,-1
16, 8, 834.0,1119.0,-1
8, 8, 0.0,0.0,1
9, 10, 578.0,757.0,1
10, 9, 578.0,757.0,1
9, 11, 503.0,620.0,-1
11, 9, 503.0,620.0,-1
9, 12, 466.0,617.0,1
12, 9, 466.0,617.0,1
9, 13, 818.0,1155.0,-1
13, 9, 818.0,1155.0,-1
9, 14, 338.0,421.0,1
14, 9, 338.0,421.0,1
9, 15, 521.0,730.0,-1
15, 9, 521.0,730.0,-1
9, 16, 212.0,299.0,-1
16, 9, 212.0,299.0,-1
9, 9, 0.0,0.0,1
10, 11, 102.0,138.0,-1
11, 10, 102.0,138.0,-1
10, 12, 431.0,525.0,1
12, 10, 431.0,525.0,1
10, 13, 839.0,848.0,-1
13, 10, 839.0,848.0,-1
10, 14, 701.0,984.0,1
14, 10, 701.0,984.0,1
10, 15, 1062.0,1487.0,-1
15, 10, 1062.0,1487.0,-1
10, 16, 402.0,459.0,-1
16, 10, 402.0,459.0,-1
10, 10, 0.0,0.0,1
11, 12, 333.0,387.0,-1
12, 11, 333.0,387.0,-1
11, 13, 751.0,805.0,1
13, 11, 751.0,805.0,1
11, 14, 601.0,847.0,-1
14, 11, 601.0,847.0,-1
11, 15, 971.0,1350.0,-1
15, 11, 971.0,1350.0,-1
11, 16, 351.0,378.0,-1
16, 11, 351.0,378.0,-1
11, 11, 0.0,0.0,1
12, 13, 438.0,538.0,1
13, 12, 438.0,538.0,1
12, 14, 354.0,460.0,-1
14, 12, 354.0,460.0,-1
12, 15, 773.0,963.0,1
15, 12, 773.0,963.0,1
12, 16, 459.0,645.0,-1
16, 12, 459.0,645.0,-1
12, 12, 0.0,0.0,1
13, 14, 531.0,734.0,1
14, 13, 531.0,734.0,1
13, 15, 879.0,1055.0,1
15, 13, 879.0,1055.0,1
13, 16, 877.0,1183.0,-1
16, 13, 877.0,1183.0,-1
13, 13, 0.0,0.0,1
14, 15, 422.0,503.0,-1
15, 14, 422.0,503.0,-1
14, 16, 489.0,526.0,-1
16, 14, 489.0,526.0,-1
14, 14, 0.0,0.0,1
15, 16, 733.0,1028.0,1
16, 15, 733.0,1028.0,1
15, 15, 0.0,0.0,1
16, 16, 0.0,0.0,1


<end>