<number of nodes>
16

<ratio of available edges>
0.3

<max length of the drone flight>
100000 

<D 2/3>
1, 2, 3, 5, 7, 8, 9, 12, 13, 15, 16

<V>
2, 5, 8, 9, 13

<coordinates X,Y>
698.5967180506317, 876.8169349836955
82.12655684831279, 36.0265935969131
535.7112872541497, 659.9848785307711
515.5297509839395, 828.5971551898313
389.29311158520704, 235.83187188565373
287.0618884820392, 173.11076680601437
381.0851768914046, 819.0069830009755
492.8921042777391, 604.3368660317216
825.4399230088483, 263.2130701132232
545.6621515874776, 292.4745349621575
146.98975930392845, 360.16592220211754
901.4347243712168, 780.127231336422
12.940907953334396, 839.1667397080456
806.9580988925219, 449.01140532029683
92.22457098895654, 810.4977835883147
886.3841432434753, 744.6354916167639

<adjacency matrix with truck distances>
1, 2, 1043.0,1458.0,-1
2, 1, 1043.0,1458.0,-1
1, 3, 272.0,380.0,-1
3, 1, 272.0,380.0,-1
1, 4, 190.0,232.0,-1
4, 1, 190.0,232.0,-1
1, 5, 712.0,951.0,1
5, 1, 712.0,951.0,1
1, 6, 816.0,1116.0,1
6, 1, 816.0,1116.0,1
1, 7, 323.0,376.0,-1
7, 1, 323.0,376.0,-1
1, 8, 342.0,479.0,-1
8, 1, 342.0,479.0,-1
1, 9, 627.0,741.0,-1
9, 1, 627.0,741.0,-1
1, 10, 605.0,738.0,1
10, 1, 605.0,738.0,1
1, 11, 756.0,1069.0,-1
11, 1, 756.0,1069.0,-1
1, 12, 225.0,300.0,-1
12, 1, 225.0,300.0,-1
1, 13, 687.0,724.0,-1
13, 1, 687.0,724.0,-1
1, 14, 442.0,537.0,-1
14, 1, 442.0,537.0,-1
1, 15, 610.0,673.0,-1
15, 1, 610.0,673.0,-1
1, 16, 230.0,320.0,1
16, 1, 230.0,320.0,1
1, 1, 0.0,0.0,1
2, 3, 772.0,1078.0,1
3, 2, 772.0,1078.0,1
2, 4, 904.0,1226.0,1
4, 2, 904.0,1226.0,1
2, 5, 367.0,507.0,1
5, 2, 367.0,507.0,1
2, 6, 247.0,343.0,-1
6, 2, 247.0,343.0,-1
2, 7, 839.0,1082.0,1
7, 2, 839.0,1082.0,1
2, 8, 702.0,980.0,-1
8, 2, 702.0,980.0,-1
2, 9, 778.0,971.0,1
9, 2, 778.0,971.0,1
2, 10, 530.0,720.0,-1
10, 2, 530.0,720.0,-1
2, 11, 331.0,390.0,-1
11, 2, 331.0,390.0,-1
2, 12, 1107.0,1564.0,1
12, 2, 1107.0,1564.0,1
2, 13, 807.0,873.0,-1
13, 2, 807.0,873.0,-1
2, 14, 835.0,1138.0,-1
14, 2, 835.0,1138.0,-1
2, 15, 775.0,785.0,-1
15, 2, 775.0,785.0,-1
2, 16, 1072.0,1513.0,-1
16, 2, 1072.0,1513.0,-1
2, 2, 0.0,0.0,1
3, 4, 170.0,189.0,-1
4, 3, 170.0,189.0,-1
3, 5, 449.0,571.0,-1
5, 3, 449.0,571.0,-1
3, 6, 547.0,736.0,-1
6, 3, 547.0,736.0,-1
3, 7, 222.0,314.0,1
7, 3, 222.0,314.0,1
3, 8, 71.0,99.0,-1
8, 3, 71.0,99.0,-1
3, 9, 492.0,687.0,-1
9, 3, 492.0,687.0,-1
3, 10, 368.0,378.0,1
10, 3, 368.0,378.0,1
3, 11, 491.0,689.0,-1
11, 3, 491.0,689.0,-1
3, 12, 385.0,486.0,-1
12, 3, 385.0,486.0,-1
3, 13, 553.0,702.0,-1
13, 3, 553.0,702.0,-1
3, 14, 344.0,483.0,-1
14, 3, 344.0,483.0,-1
3, 15, 469.0,594.0,-1
15, 3, 469.0,594.0,-1
3, 16, 361.0,436.0,1
16, 3, 361.0,436.0,1
3, 3, 0.0,0.0,1
4, 5, 607.0,720.0,-1
5, 4, 607.0,720.0,-1
4, 6, 695.0,884.0,-1
6, 4, 695.0,884.0,-1
4, 7, 135.0,145.0,1
7, 4, 135.0,145.0,1
4, 8, 226.0,247.0,-1
8, 4, 226.0,247.0,-1
4, 9, 645.0,876.0,-1
9, 4, 645.0,876.0,-1
4, 10, 537.0,567.0,-1
10, 4, 537.0,567.0,-1
4, 11, 597.0,837.0,-1
11, 4, 597.0,837.0,-1
4, 12, 389.0,435.0,-1
12, 4, 389.0,435.0,-1
4, 13, 503.0,514.0,1
13, 4, 503.0,514.0,1
4, 14, 479.0,672.0,-1
14, 4, 479.0,672.0,-1
4, 15, 424.0,442.0,-1
15, 4, 424.0,442.0,-1
4, 16, 381.0,455.0,-1
16, 4, 381.0,455.0,-1
4, 4, 0.0,0.0,1
5, 6, 120.0,165.0,1
6, 5, 120.0,165.0,1
5, 7, 584.0,592.0,-1
7, 5, 584.0,592.0,-1
5, 8, 383.0,473.0,-1
8, 5, 383.0,473.0,-1
5, 9, 438.0,464.0,-1
9, 5, 438.0,464.0,-1
5, 10, 167.0,214.0,-1
10, 5, 167.0,214.0,-1
5, 11, 273.0,367.0,-1
11, 5, 273.0,367.0,-1
5, 12, 748.0,1057.0,-1
12, 5, 748.0,1057.0,-1
5, 13, 712.0,980.0,-1
13, 5, 712.0,980.0,-1
5, 14, 469.0,631.0,-1
14, 5, 469.0,631.0,-1
5, 15, 647.0,872.0,-1
15, 5, 647.0,872.0,-1
5, 16, 712.0,1006.0,1
16, 5, 712.0,1006.0,1
5, 5, 0.0,0.0,1
6, 7, 653.0,740.0,1
7, 6, 653.0,740.0,1
6, 8, 478.0,638.0,1
8, 6, 478.0,638.0,1
6, 9, 546.0,629.0,1
9, 6, 546.0,629.0,1
6, 10, 285.0,378.0,1
10, 6, 285.0,378.0,1
6, 11, 234.0,328.0,-1
11, 6, 234.0,328.0,-1
6, 12, 864.0,1222.0,-1
12, 6, 864.0,1222.0,-1
6, 13, 721.0,941.0,-1
13, 6, 721.0,941.0,-1
6, 14, 589.0,796.0,-1
14, 6, 589.0,796.0,-1
6, 15, 667.0,833.0,-1
15, 6, 667.0,833.0,-1
6, 16, 829.0,1171.0,1
16, 6, 829.0,1171.0,1
6, 6, 0.0,0.0,1
7, 8, 243.0,327.0,1
8, 7, 243.0,327.0,1
7, 9, 712.0,1001.0,-1
9, 7, 712.0,1001.0,-1
7, 10, 552.0,692.0,-1
10, 7, 552.0,692.0,-1
7, 11, 516.0,693.0,-1
11, 7, 516.0,693.0,-1
7, 12, 522.0,560.0,1
12, 7, 522.0,560.0,1
7, 13, 369.0,389.0,1
13, 7, 369.0,389.0,1
7, 14, 565.0,796.0,-1
14, 7, 565.0,796.0,-1
7, 15, 289.0,298.0,-1
15, 7, 289.0,298.0,-1
7, 16, 511.0,580.0,-1
16, 7, 511.0,580.0,-1
7, 7, 0.0,0.0,1
8, 9, 477.0,674.0,-1
9, 8, 477.0,674.0,-1
8, 10, 317.0,365.0,1
10, 8, 317.0,365.0,1
8, 11, 424.0,591.0,-1
11, 8, 424.0,591.0,-1
8, 12, 445.0,585.0,1
12, 8, 445.0,585.0,1
8, 13, 535.0,715.0,-1
13, 8, 535.0,715.0,-1
8, 14, 351.0,470.0,-1
14, 8, 351.0,470.0,-1
8, 15, 451.0,607.0,1
15, 8, 451.0,607.0,1
8, 16, 418.0,534.0,1
16, 8, 418.0,534.0,1
8, 8, 0.0,0.0,1
9, 10, 282.0,310.0,-1
10, 9, 282.0,310.0,-1
9, 11, 686.0,776.0,1
11, 9, 686.0,776.0,1
9, 12, 523.0,593.0,-1
12, 9, 523.0,593.0,-1
9, 13, 996.0,1389.0,-1
13, 9, 996.0,1389.0,-1
9, 14, 187.0,205.0,1
14, 9, 187.0,205.0,1
9, 15, 915.0,1281.0,-1
15, 9, 915.0,1281.0,-1
9, 16, 486.0,543.0,-1
16, 9, 486.0,543.0,-1
9, 9, 0.0,0.0,1
10, 11, 405.0,467.0,-1
11, 10, 405.0,467.0,-1
10, 12, 604.0,844.0,-1
12, 10, 604.0,844.0,-1
10, 13, 764.0,1080.0,-1
13, 10, 764.0,1080.0,-1
10, 14, 305.0,418.0,1
14, 10, 305.0,418.0,1
10, 15, 689.0,972.0,-1
15, 10, 689.0,972.0,-1
10, 16, 567.0,793.0,-1
16, 10, 567.0,793.0,-1
10, 10, 0.0,0.0,1
11, 12, 864.0,1175.0,-1
12, 11, 864.0,1175.0,-1
11, 13, 498.0,614.0,-1
13, 11, 498.0,614.0,-1
11, 14, 666.0,749.0,1
14, 11, 666.0,749.0,1
11, 15, 454.0,506.0,-1
15, 11, 454.0,506.0,-1
11, 16, 834.0,1124.0,-1
16, 11, 834.0,1124.0,-1
11, 11, 0.0,0.0,1
12, 13, 891.0,948.0,-1
13, 12, 891.0,948.0,-1
12, 14, 345.0,426.0,-1
14, 12, 345.0,426.0,-1
12, 15, 810.0,840.0,-1
15, 12, 810.0,840.0,-1
12, 16, 39.0,51.0,1
16, 12, 39.0,51.0,1
12, 12, 0.0,0.0,1
13, 14, 885.0,1185.0,-1
14, 13, 885.0,1185.0,-1
13, 15, 85.0,108.0,-1
15, 13, 85.0,108.0,-1
13, 16, 879.0,968.0,1
16, 13, 879.0,968.0,1
13, 13, 0.0,0.0,1
14, 15, 801.0,1077.0,1
15, 14, 801.0,1077.0,1
14, 16, 307.0,376.0,-1
16, 14, 307.0,376.0,-1
14, 14, 0.0,0.0,1
15, 16, 797.0,861.0,-1
16, 15, 797.0,861.0,-1
15, 15, 0.0,0.0,1
16, 16, 0.0,0.0,1


<end>