<number of nodes>
16

<ratio of available edges>
0.3

<max length of the drone flight>
100000 

<D 2/3>
1, 2, 3, 6, 7, 8, 9, 10, 12, 13, 15

<V>
2, 8, 9, 12, 15

<coordinates X,Y>
480.9680536086782, 278.73114326063535
122.85737611057529, 714.6419329976425
697.685937956686, 356.2020180930009
659.0048601262888, 640.409110275111
901.2498034868775, 76.63318295350724
106.39401775341068, 451.60044933500177
138.67092044020498, 534.3471010408797
518.9688853686547, 497.416012687395
150.14874529582187, 683.9013624854786
441.3143710200451, 776.3640055821719
831.098188803929, 390.37020536214794
847.8310086655332, 706.123028667042
596.8576447833835, 956.0187441400977
977.6374211778409, 20.019754955956326
24.651383381451804, 810.5481343424387
73.49274550866086, 521.718286456898

<adjacency matrix with truck distances>
1, 2, 565.0,795.0,-1
2, 1, 565.0,795.0,-1
1, 3, 231.0,295.0,-1
3, 1, 231.0,295.0,-1
1, 4, 404.0,540.0,-1
4, 1, 404.0,540.0,-1
1, 5, 467.0,623.0,1
5, 1, 467.0,623.0,1
1, 6, 413.0,548.0,-1
6, 1, 413.0,548.0,-1
1, 7, 428.0,598.0,-1
7, 1, 428.0,598.0,-1
1, 8, 222.0,257.0,-1
8, 1, 222.0,257.0,-1
1, 9, 524.0,736.0,1
9, 1, 524.0,736.0,1
1, 10, 500.0,538.0,1
10, 1, 500.0,538.0,1
1, 11, 368.0,462.0,-1
11, 1, 368.0,462.0,-1
1, 12, 564.0,795.0,-1
12, 1, 564.0,795.0,-1
1, 13, 688.0,794.0,-1
13, 1, 688.0,794.0,-1
1, 14, 561.0,756.0,-1
14, 1, 561.0,756.0,-1
1, 15, 701.0,989.0,-1
15, 1, 701.0,989.0,-1
1, 16, 475.0,651.0,1
16, 1, 475.0,651.0,1
1, 1, 0.0,0.0,1
2, 3, 678.0,934.0,-1
3, 2, 678.0,934.0,-1
2, 4, 542.0,611.0,1
4, 2, 542.0,611.0,1
2, 5, 1007.0,1417.0,1
5, 2, 1007.0,1417.0,1
2, 6, 264.0,280.0,-1
6, 2, 264.0,280.0,-1
2, 7, 181.0,197.0,1
7, 2, 181.0,197.0,1
2, 8, 452.0,614.0,-1
8, 2, 452.0,614.0,-1
2, 9, 42.0,59.0,1
9, 2, 42.0,59.0,1
2, 10, 325.0,381.0,-1
10, 2, 325.0,381.0,-1
2, 11, 779.0,1033.0,-1
11, 2, 779.0,1033.0,-1
2, 12, 726.0,734.0,1
12, 2, 726.0,734.0,1
2, 13, 532.0,716.0,-1
13, 2, 532.0,716.0,-1
2, 14, 1102.0,1550.0,1
14, 2, 1102.0,1550.0,1
2, 15, 138.0,195.0,1
15, 2, 138.0,195.0,1
2, 16, 200.0,243.0,1
16, 2, 200.0,243.0,1
2, 2, 0.0,0.0,1
3, 4, 287.0,323.0,-1
4, 3, 287.0,323.0,-1
3, 5, 346.0,484.0,1
5, 3, 346.0,484.0,1
3, 6, 599.0,687.0,-1
6, 3, 599.0,687.0,-1
3, 7, 587.0,738.0,-1
7, 3, 587.0,738.0,-1
3, 8, 228.0,320.0,1
8, 3, 228.0,320.0,1
3, 9, 639.0,876.0,-1
9, 3, 639.0,876.0,-1
3, 10, 493.0,677.0,-1
10, 3, 493.0,677.0,-1
3, 11, 138.0,168.0,1
11, 3, 138.0,168.0,1
3, 12, 381.0,501.0,-1
12, 3, 381.0,501.0,-1
3, 13, 609.0,701.0,-1
13, 3, 609.0,701.0,-1
3, 14, 438.0,617.0,-1
14, 3, 438.0,617.0,-1
3, 15, 813.0,1128.0,-1
15, 3, 813.0,1128.0,-1
3, 16, 646.0,790.0,1
16, 3, 646.0,790.0,1
3, 3, 0.0,0.0,1
4, 5, 614.0,807.0,1
5, 4, 614.0,807.0,1
4, 6, 584.0,742.0,1
6, 4, 584.0,742.0,1
4, 7, 532.0,627.0,-1
7, 4, 532.0,627.0,-1
4, 8, 201.0,284.0,-1
8, 4, 201.0,284.0,-1
4, 9, 511.0,553.0,1
9, 4, 511.0,553.0,1
4, 10, 257.0,354.0,-1
10, 4, 257.0,354.0,-1
4, 11, 304.0,423.0,-1
11, 4, 304.0,423.0,-1
4, 12, 200.0,255.0,-1
12, 4, 200.0,255.0,-1
4, 13, 322.0,378.0,1
13, 4, 322.0,378.0,1
4, 14, 698.0,940.0,1
14, 4, 698.0,940.0,1
4, 15, 657.0,805.0,-1
15, 4, 657.0,805.0,-1
4, 16, 598.0,705.0,-1
16, 4, 598.0,705.0,-1
4, 4, 0.0,0.0,1
5, 6, 879.0,1170.0,-1
6, 5, 879.0,1170.0,-1
5, 7, 890.0,1221.0,-1
7, 5, 890.0,1221.0,-1
5, 8, 569.0,804.0,1
8, 5, 569.0,804.0,1
5, 9, 966.0,1359.0,-1
9, 5, 966.0,1359.0,-1
5, 10, 838.0,1160.0,-1
10, 5, 838.0,1160.0,-1
5, 11, 322.0,384.0,-1
11, 5, 322.0,384.0,-1
5, 12, 632.0,683.0,1
12, 5, 632.0,683.0,1
5, 13, 931.0,1184.0,1
13, 5, 931.0,1184.0,1
5, 14, 96.0,134.0,-1
14, 5, 96.0,134.0,-1
5, 15, 1144.0,1611.0,-1
15, 5, 1144.0,1611.0,-1
5, 16, 940.0,1273.0,-1
16, 5, 940.0,1273.0,-1
5, 5, 0.0,0.0,1
6, 7, 89.0,116.0,-1
7, 6, 89.0,116.0,-1
6, 8, 416.0,459.0,1
8, 6, 416.0,459.0,1
6, 9, 237.0,277.0,-1
9, 6, 237.0,277.0,-1
6, 10, 467.0,660.0,-1
10, 6, 467.0,660.0,-1
6, 11, 728.0,786.0,-1
11, 6, 728.0,786.0,-1
6, 12, 784.0,996.0,1
12, 6, 784.0,996.0,1
6, 13, 704.0,995.0,1
13, 6, 704.0,995.0,1
6, 14, 973.0,1303.0,1
14, 6, 973.0,1303.0,1
6, 15, 369.0,441.0,-1
15, 6, 369.0,441.0,-1
6, 16, 78.0,104.0,-1
16, 6, 78.0,104.0,-1
6, 6, 0.0,0.0,1
7, 8, 383.0,418.0,-1
8, 7, 383.0,418.0,-1
7, 9, 150.0,162.0,-1
9, 7, 150.0,162.0,-1
7, 10, 388.0,545.0,-1
10, 7, 388.0,545.0,-1
7, 11, 708.0,837.0,1
11, 7, 708.0,837.0,1
7, 12, 730.0,881.0,-1
12, 7, 730.0,881.0,-1
7, 13, 623.0,880.0,-1
13, 7, 623.0,880.0,-1
7, 14, 985.0,1354.0,-1
14, 7, 985.0,1354.0,-1
7, 15, 299.0,391.0,-1
15, 7, 299.0,391.0,-1
7, 16, 67.0,78.0,-1
16, 7, 67.0,78.0,-1
7, 7, 0.0,0.0,1
8, 9, 414.0,556.0,-1
9, 8, 414.0,556.0,-1
8, 10, 290.0,357.0,-1
10, 8, 290.0,357.0,-1
8, 11, 330.0,420.0,-1
11, 8, 330.0,420.0,-1
8, 12, 390.0,538.0,-1
12, 8, 390.0,538.0,-1
8, 13, 466.0,537.0,-1
13, 8, 466.0,537.0,-1
8, 14, 663.0,937.0,-1
14, 8, 663.0,937.0,-1
8, 15, 586.0,808.0,-1
15, 8, 586.0,808.0,-1
8, 16, 447.0,470.0,-1
16, 8, 447.0,470.0,-1
8, 8, 0.0,0.0,1
9, 10, 306.0,384.0,-1
10, 9, 306.0,384.0,-1
9, 11, 742.0,975.0,-1
11, 9, 742.0,975.0,-1
9, 12, 699.0,720.0,-1
12, 9, 699.0,720.0,-1
9, 13, 524.0,719.0,-1
13, 9, 524.0,719.0,-1
9, 14, 1061.0,1492.0,1
14, 9, 1061.0,1492.0,1
9, 15, 179.0,253.0,-1
15, 9, 179.0,253.0,-1
9, 16, 180.0,239.0,1
16, 9, 180.0,239.0,1
9, 9, 0.0,0.0,1
10, 11, 549.0,776.0,-1
11, 10, 549.0,776.0,-1
10, 12, 413.0,477.0,-1
12, 10, 413.0,477.0,-1
10, 13, 238.0,336.0,-1
13, 10, 238.0,336.0,-1
10, 14, 928.0,1293.0,-1
14, 10, 928.0,1293.0,-1
10, 15, 419.0,451.0,-1
15, 10, 419.0,451.0,-1
10, 16, 448.0,623.0,1
16, 10, 448.0,623.0,1
10, 10, 0.0,0.0,1
11, 12, 317.0,333.0,-1
12, 11, 317.0,333.0,-1
11, 13, 613.0,800.0,-1
13, 11, 613.0,800.0,-1
11, 14, 399.0,517.0,1
14, 11, 399.0,517.0,1
11, 15, 910.0,1227.0,-1
15, 11, 910.0,1227.0,-1
11, 16, 769.0,889.0,-1
16, 11, 769.0,889.0,-1
11, 11, 0.0,0.0,1
12, 13, 355.0,501.0,-1
13, 12, 355.0,501.0,-1
12, 14, 699.0,816.0,1
14, 12, 699.0,816.0,1
12, 15, 830.0,928.0,-1
15, 12, 830.0,928.0,-1
12, 16, 796.0,959.0,1
16, 12, 796.0,959.0,1
12, 12, 0.0,0.0,1
13, 14, 1011.0,1317.0,-1
14, 13, 1011.0,1317.0,-1
13, 15, 591.0,718.0,1
15, 13, 591.0,718.0,1
13, 16, 681.0,958.0,-1
16, 13, 681.0,958.0,-1
13, 13, 0.0,0.0,1
14, 15, 1239.0,1744.0,-1
15, 14, 1239.0,1744.0,-1
14, 16, 1035.0,1406.0,-1
16, 14, 1035.0,1406.0,-1
14, 14, 0.0,0.0,1
15, 16, 293.0,338.0,-1
16, 15, 293.0,338.0,-1
15, 15, 0.0,0.0,1
16, 16, 0.0,0.0,1


<end>