<number of nodes>
16

<ratio of available edges>
0.3

<max length of the drone flight>
100000 

<D 2/3>
1, 3, 4, 6, 7, 8, 9, 13, 14, 15, 16

<V>
3, 6, 13, 14, 15

<coordinates X,Y>
659.3358312008877, 43.8497419161752
51.06670031164642, 432.74738009391336
605.582105699282, 183.67468790992194
104.17472666128008, 8.334585215475158
891.7257676609403, 274.6795409272271
103.5171658089591, 546.8765193055777
117.65037657749278, 940.4272923509355
606.1318355412361, 60.88846358328593
947.8598015029418, 807.2509360929616
677.8899348733719, 627.7236868380106
391.5576561543003, 458.10415775613194
571.1449999083103, 246.86090709441257
133.2210176456521, 825.0038492998269
868.0670561811652, 390.02381950836406
254.6599300313877, 555.9404480700887
603.7896045256246, 804.183414870306

<adjacency matrix with truck distances>
1, 2, 722.0,998.0,-1
2, 1, 722.0,998.0,-1
1, 3, 150.0,194.0,-1
3, 1, 150.0,194.0,-1
1, 4, 557.0,591.0,1
4, 1, 557.0,591.0,1
1, 5, 328.0,464.0,1
5, 1, 328.0,464.0,1
1, 6, 750.0,1059.0,-1
6, 1, 750.0,1059.0,-1
1, 7, 1048.0,1439.0,-1
7, 1, 1048.0,1439.0,-1
1, 8, 56.0,71.0,-1
8, 1, 56.0,71.0,-1
1, 9, 817.0,1052.0,-1
9, 1, 817.0,1052.0,-1
1, 10, 585.0,603.0,-1
10, 1, 585.0,603.0,-1
1, 11, 494.0,683.0,-1
11, 1, 494.0,683.0,-1
1, 12, 222.0,292.0,-1
12, 1, 222.0,292.0,-1
1, 13, 942.0,1308.0,-1
13, 1, 942.0,1308.0,-1
1, 14, 405.0,555.0,-1
14, 1, 405.0,555.0,-1
1, 15, 653.0,917.0,1
15, 1, 653.0,917.0,1
1, 16, 763.0,816.0,-1
16, 1, 763.0,816.0,-1
1, 1, 0.0,0.0,1
2, 3, 608.0,804.0,-1
3, 2, 608.0,804.0,-1
2, 4, 428.0,478.0,-1
4, 2, 428.0,478.0,-1
2, 5, 856.0,999.0,-1
5, 2, 856.0,999.0,-1
2, 6, 126.0,167.0,-1
6, 2, 126.0,167.0,-1
2, 7, 513.0,575.0,1
7, 2, 513.0,575.0,1
2, 8, 669.0,927.0,-1
8, 2, 669.0,927.0,-1
2, 9, 972.0,1272.0,1
9, 2, 972.0,1272.0,1
2, 10, 657.0,822.0,-1
10, 2, 657.0,822.0,-1
2, 11, 342.0,366.0,-1
11, 2, 342.0,366.0,-1
2, 12, 553.0,706.0,1
12, 2, 553.0,706.0,1
2, 13, 401.0,475.0,-1
13, 2, 401.0,475.0,-1
2, 14, 819.0,860.0,-1
14, 2, 819.0,860.0,-1
2, 15, 238.0,327.0,-1
15, 2, 238.0,327.0,-1
2, 16, 666.0,925.0,-1
16, 2, 666.0,925.0,-1
2, 2, 0.0,0.0,1
3, 4, 532.0,677.0,-1
4, 3, 532.0,677.0,-1
3, 5, 301.0,378.0,-1
5, 3, 301.0,378.0,-1
3, 6, 620.0,866.0,1
6, 3, 620.0,866.0,1
3, 7, 901.0,1245.0,-1
7, 3, 901.0,1245.0,-1
3, 8, 123.0,124.0,-1
8, 3, 123.0,124.0,-1
3, 9, 712.0,966.0,-1
9, 3, 712.0,966.0,-1
3, 10, 450.0,517.0,-1
10, 3, 450.0,517.0,-1
3, 11, 349.0,489.0,-1
11, 3, 349.0,489.0,-1
3, 12, 72.0,98.0,1
12, 3, 72.0,98.0,1
3, 13, 797.0,1114.0,-1
13, 3, 797.0,1114.0,-1
3, 14, 334.0,469.0,1
14, 3, 334.0,469.0,1
3, 15, 512.0,724.0,-1
15, 3, 512.0,724.0,-1
3, 16, 621.0,623.0,-1
16, 3, 621.0,623.0,-1
3, 3, 0.0,0.0,1
4, 5, 832.0,1054.0,1
5, 4, 832.0,1054.0,1
4, 6, 539.0,540.0,1
6, 4, 539.0,540.0,1
4, 7, 933.0,946.0,1
7, 4, 933.0,946.0,1
4, 8, 505.0,555.0,1
8, 4, 505.0,555.0,1
4, 9, 1162.0,1643.0,-1
9, 4, 1162.0,1643.0,-1
4, 10, 845.0,1194.0,-1
10, 4, 845.0,1194.0,-1
4, 11, 534.0,738.0,-1
11, 4, 534.0,738.0,-1
4, 12, 525.0,706.0,-1
12, 4, 525.0,706.0,-1
4, 13, 818.0,846.0,-1
13, 4, 818.0,846.0,-1
4, 14, 854.0,1146.0,1
14, 4, 854.0,1146.0,1
4, 15, 568.0,699.0,-1
15, 4, 568.0,699.0,-1
4, 16, 940.0,1296.0,-1
16, 4, 940.0,1296.0,-1
4, 4, 0.0,0.0,1
5, 6, 834.0,1061.0,-1
6, 5, 834.0,1061.0,-1
5, 7, 1021.0,1440.0,-1
7, 5, 1021.0,1440.0,-1
5, 8, 357.0,500.0,-1
8, 5, 357.0,500.0,-1
5, 9, 536.0,589.0,-1
9, 5, 536.0,589.0,-1
5, 10, 413.0,567.0,-1
10, 5, 413.0,567.0,-1
5, 11, 533.0,684.0,-1
11, 5, 533.0,684.0,-1
5, 12, 322.0,349.0,1
12, 5, 322.0,349.0,1
5, 13, 938.0,1309.0,1
13, 5, 938.0,1309.0,1
5, 14, 118.0,140.0,-1
14, 5, 118.0,140.0,-1
5, 15, 697.0,919.0,1
15, 5, 697.0,919.0,1
5, 16, 603.0,818.0,-1
16, 5, 603.0,818.0,-1
5, 5, 0.0,0.0,1
6, 7, 394.0,408.0,-1
7, 6, 394.0,408.0,-1
6, 8, 700.0,989.0,1
8, 6, 700.0,989.0,1
6, 9, 884.0,1105.0,-1
9, 6, 884.0,1105.0,-1
6, 10, 581.0,656.0,-1
10, 6, 581.0,656.0,-1
6, 11, 302.0,377.0,1
11, 6, 302.0,377.0,1
6, 12, 556.0,768.0,-1
12, 6, 556.0,768.0,-1
6, 13, 280.0,308.0,-1
13, 6, 280.0,308.0,-1
6, 14, 781.0,922.0,-1
14, 6, 781.0,922.0,-1
6, 15, 152.0,161.0,-1
15, 6, 152.0,161.0,-1
6, 16, 563.0,758.0,-1
16, 6, 563.0,758.0,-1
6, 6, 0.0,0.0,1
7, 8, 1007.0,1369.0,-1
8, 7, 1007.0,1369.0,-1
7, 9, 841.0,964.0,1
9, 7, 841.0,964.0,1
7, 10, 642.0,873.0,-1
10, 7, 642.0,873.0,-1
7, 11, 555.0,757.0,1
11, 7, 555.0,757.0,1
7, 12, 829.0,1148.0,1
12, 7, 829.0,1148.0,1
7, 13, 117.0,131.0,-1
13, 7, 117.0,131.0,-1
7, 14, 931.0,1301.0,-1
14, 7, 931.0,1301.0,-1
7, 15, 409.0,522.0,1
15, 7, 409.0,522.0,1
7, 16, 505.0,623.0,-1
16, 7, 505.0,623.0,-1
7, 7, 0.0,0.0,1
8, 9, 821.0,1089.0,-1
9, 8, 821.0,1089.0,-1
8, 10, 572.0,639.0,-1
10, 8, 572.0,639.0,-1
8, 11, 452.0,612.0,-1
11, 8, 452.0,612.0,-1
8, 12, 190.0,221.0,1
12, 8, 190.0,221.0,1
8, 13, 899.0,1238.0,-1
13, 8, 899.0,1238.0,-1
8, 14, 421.0,592.0,1
14, 8, 421.0,592.0,1
8, 15, 608.0,847.0,1
15, 8, 608.0,847.0,1
8, 16, 744.0,746.0,-1
16, 8, 744.0,746.0,-1
8, 8, 0.0,0.0,1
9, 10, 325.0,450.0,-1
10, 9, 325.0,450.0,-1
9, 11, 657.0,906.0,-1
11, 9, 657.0,906.0,-1
9, 12, 676.0,938.0,-1
12, 9, 676.0,938.0,-1
9, 13, 815.0,833.0,-1
13, 9, 815.0,833.0,-1
9, 14, 425.0,498.0,1
14, 9, 425.0,498.0,1
9, 15, 738.0,945.0,-1
15, 9, 738.0,945.0,-1
9, 16, 345.0,348.0,-1
16, 9, 345.0,348.0,-1
9, 9, 0.0,0.0,1
10, 11, 333.0,456.0,1
11, 10, 333.0,456.0,1
10, 12, 396.0,488.0,-1
12, 10, 396.0,488.0,-1
10, 13, 580.0,742.0,-1
13, 10, 580.0,742.0,-1
10, 14, 305.0,428.0,1
14, 10, 305.0,428.0,1
10, 15, 430.0,496.0,1
15, 10, 430.0,496.0,1
10, 16, 192.0,251.0,-1
16, 10, 192.0,251.0,-1
10, 10, 0.0,0.0,1
11, 12, 278.0,391.0,1
12, 11, 278.0,391.0,1
11, 13, 449.0,626.0,-1
13, 11, 449.0,626.0,-1
11, 14, 482.0,545.0,-1
14, 11, 482.0,545.0,-1
11, 15, 169.0,235.0,1
15, 11, 169.0,235.0,1
11, 16, 406.0,559.0,-1
16, 11, 406.0,559.0,-1
11, 11, 0.0,0.0,1
12, 13, 726.0,1017.0,1
13, 12, 726.0,1017.0,1
12, 14, 330.0,441.0,-1
14, 12, 330.0,441.0,-1
12, 15, 443.0,626.0,-1
15, 12, 443.0,626.0,-1
12, 16, 559.0,590.0,-1
16, 12, 559.0,590.0,-1
12, 12, 0.0,0.0,1
13, 14, 854.0,1170.0,1
14, 13, 854.0,1170.0,1
13, 15, 296.0,391.0,-1
15, 13, 296.0,391.0,-1
13, 16, 472.0,492.0,-1
16, 13, 472.0,492.0,-1
13, 13, 0.0,0.0,1
14, 15, 636.0,780.0,-1
15, 14, 636.0,780.0,-1
14, 16, 492.0,679.0,1
16, 14, 492.0,679.0,1
14, 14, 0.0,0.0,1
15, 16, 429.0,598.0,1
16, 15, 429.0,598.0,1
15, 15, 0.0,0.0,1
16, 16, 0.0,0.0,1


<end>