<number of nodes>
16

<ratio of available edges>
0.3

<max length of the drone flight>
100000 

<D 2/3>
1, 2, 4, 5, 6, 7, 8, 9, 13, 14, 16

<V>
4, 7, 8, 9, 16

<coordinates X,Y>
791.4255273058064, 539.1608247984466
126.84100381535733, 184.39538601402214
523.3169844435754, 657.0229802076532
603.5348214323625, 791.140795593837
289.5589097247938, 656.8830022623264
381.4215881085345, 29.95971823884477
936.4582092245452, 231.15687833906213
885.4298274543861, 840.1690185178401
125.13498948631626, 992.2026477805181
871.4095018056298, 114.1242577782426
701.6035496127658, 810.0513680478854
791.732279846378, 613.7465536158232
296.4786290854172, 315.33794368889124
264.1836015078074, 259.3821227565528
256.0926615662158, 396.4291479972132
932.3744316677943, 729.9876929090225

<adjacency matrix with truck distances>
1, 2, 754.0,1020.0,1
2, 1, 754.0,1020.0,1
1, 3, 293.0,386.0,-1
3, 1, 293.0,386.0,-1
1, 4, 315.0,440.0,-1
4, 1, 315.0,440.0,-1
1, 5, 516.0,620.0,-1
5, 1, 516.0,620.0,-1
1, 6, 654.0,920.0,-1
6, 1, 654.0,920.0,-1
1, 7, 341.0,454.0,-1
7, 1, 341.0,454.0,-1
1, 8, 316.0,396.0,1
8, 1, 316.0,396.0,1
1, 9, 806.0,1120.0,1
9, 1, 806.0,1120.0,1
1, 10, 433.0,506.0,-1
10, 1, 433.0,506.0,-1
1, 11, 286.0,361.0,1
11, 1, 286.0,361.0,1
1, 12, 75.0,75.0,-1
12, 1, 75.0,75.0,-1
1, 13, 544.0,719.0,1
13, 1, 544.0,719.0,1
1, 14, 597.0,808.0,-1
14, 1, 597.0,808.0,-1
1, 15, 555.0,679.0,1
15, 1, 555.0,679.0,1
1, 16, 238.0,332.0,1
16, 1, 238.0,332.0,1
1, 1, 0.0,0.0,1
2, 3, 617.0,870.0,1
3, 2, 617.0,870.0,1
2, 4, 772.0,1084.0,1
4, 2, 772.0,1084.0,1
2, 5, 500.0,636.0,1
5, 2, 500.0,636.0,1
2, 6, 298.0,410.0,-1
6, 2, 298.0,410.0,-1
2, 7, 811.0,857.0,-1
7, 2, 811.0,857.0,-1
2, 8, 1003.0,1415.0,-1
8, 2, 1003.0,1415.0,-1
2, 9, 808.0,810.0,-1
9, 2, 808.0,810.0,-1
2, 10, 748.0,815.0,-1
10, 2, 748.0,815.0,-1
2, 11, 850.0,1201.0,-1
11, 2, 850.0,1201.0,-1
2, 12, 792.0,1095.0,-1
12, 2, 792.0,1095.0,-1
2, 13, 215.0,301.0,-1
13, 2, 215.0,301.0,-1
2, 14, 157.0,213.0,-1
14, 2, 157.0,213.0,-1
2, 15, 249.0,342.0,-1
15, 2, 249.0,342.0,-1
2, 16, 973.0,1352.0,1
16, 2, 973.0,1352.0,1
2, 2, 0.0,0.0,1
3, 4, 157.0,215.0,-1
4, 3, 157.0,215.0,-1
3, 5, 234.0,234.0,-1
5, 3, 234.0,234.0,-1
3, 6, 643.0,769.0,-1
6, 3, 643.0,769.0,-1
3, 7, 594.0,840.0,-1
7, 3, 594.0,840.0,-1
3, 8, 406.0,546.0,-1
8, 3, 406.0,546.0,-1
3, 9, 521.0,734.0,-1
9, 3, 521.0,734.0,-1
3, 10, 645.0,891.0,-1
10, 3, 645.0,891.0,-1
3, 11, 235.0,332.0,-1
11, 3, 235.0,332.0,-1
3, 12, 272.0,312.0,-1
12, 3, 272.0,312.0,-1
3, 13, 411.0,569.0,-1
13, 3, 411.0,569.0,-1
3, 14, 475.0,657.0,-1
14, 3, 475.0,657.0,-1
3, 15, 374.0,528.0,-1
15, 3, 374.0,528.0,-1
3, 16, 416.0,483.0,-1
16, 3, 416.0,483.0,-1
3, 3, 0.0,0.0,1
4, 5, 342.0,449.0,1
5, 4, 342.0,449.0,1
4, 6, 793.0,984.0,-1
6, 4, 793.0,984.0,-1
4, 7, 652.0,893.0,-1
7, 4, 652.0,893.0,-1
4, 8, 287.0,331.0,-1
8, 4, 287.0,331.0,-1
4, 9, 519.0,680.0,1
9, 4, 519.0,680.0,1
4, 10, 729.0,945.0,-1
10, 4, 729.0,945.0,-1
4, 11, 100.0,117.0,-1
11, 4, 100.0,117.0,-1
4, 12, 259.0,366.0,-1
12, 4, 259.0,366.0,-1
4, 13, 567.0,783.0,-1
13, 4, 567.0,783.0,-1
4, 14, 631.0,872.0,-1
14, 4, 631.0,872.0,-1
4, 15, 526.0,743.0,-1
15, 4, 526.0,743.0,-1
4, 16, 335.0,390.0,-1
16, 4, 335.0,390.0,-1
4, 4, 0.0,0.0,1
5, 6, 634.0,719.0,-1
6, 5, 634.0,719.0,-1
5, 7, 775.0,1073.0,-1
7, 5, 775.0,1073.0,-1
5, 8, 624.0,780.0,1
8, 5, 624.0,780.0,1
5, 9, 374.0,500.0,-1
9, 5, 374.0,500.0,-1
5, 10, 796.0,1125.0,-1
10, 5, 796.0,1125.0,-1
5, 11, 440.0,566.0,1
11, 5, 440.0,566.0,1
5, 12, 505.0,546.0,-1
12, 5, 505.0,546.0,-1
5, 13, 342.0,349.0,-1
13, 5, 342.0,349.0,-1
5, 14, 399.0,423.0,-1
14, 5, 399.0,423.0,-1
5, 15, 263.0,294.0,-1
15, 5, 263.0,294.0,-1
5, 16, 647.0,716.0,-1
16, 5, 647.0,716.0,-1
5, 5, 0.0,0.0,1
6, 7, 591.0,757.0,-1
7, 6, 591.0,757.0,-1
6, 8, 955.0,1315.0,1
8, 6, 955.0,1315.0,1
6, 9, 996.0,1219.0,1
9, 6, 996.0,1219.0,1
6, 10, 498.0,575.0,-1
10, 6, 498.0,575.0,-1
6, 11, 844.0,1101.0,1
11, 6, 844.0,1101.0,1
6, 12, 714.0,995.0,-1
12, 6, 714.0,995.0,-1
6, 13, 298.0,371.0,-1
13, 6, 298.0,371.0,-1
6, 14, 258.0,347.0,-1
14, 6, 258.0,347.0,-1
6, 15, 388.0,492.0,-1
15, 6, 388.0,492.0,-1
6, 16, 891.0,1251.0,1
16, 6, 891.0,1251.0,1
6, 6, 0.0,0.0,1
7, 8, 612.0,661.0,-1
8, 7, 612.0,661.0,-1
7, 9, 1113.0,1573.0,-1
9, 7, 1113.0,1573.0,-1
7, 10, 134.0,183.0,-1
10, 7, 134.0,183.0,-1
7, 11, 625.0,814.0,1
11, 7, 625.0,814.0,1
7, 12, 410.0,528.0,1
12, 7, 410.0,528.0,1
7, 13, 646.0,725.0,-1
13, 7, 646.0,725.0,-1
7, 14, 673.0,701.0,-1
14, 7, 673.0,701.0,-1
7, 15, 701.0,846.0,1
15, 7, 701.0,846.0,1
7, 16, 499.0,503.0,-1
16, 7, 499.0,503.0,-1
7, 7, 0.0,0.0,1
8, 9, 776.0,913.0,-1
9, 8, 776.0,913.0,-1
8, 10, 727.0,741.0,-1
10, 8, 727.0,741.0,-1
8, 11, 187.0,214.0,-1
11, 8, 187.0,214.0,-1
8, 12, 246.0,321.0,1
12, 8, 246.0,321.0,1
8, 13, 789.0,1114.0,-1
13, 8, 789.0,1114.0,-1
8, 14, 851.0,1203.0,1
14, 8, 851.0,1203.0,1
8, 15, 771.0,1074.0,1
15, 8, 771.0,1074.0,1
8, 16, 120.0,158.0,-1
16, 8, 120.0,158.0,-1
8, 8, 0.0,0.0,1
9, 10, 1153.0,1625.0,-1
10, 9, 1153.0,1625.0,-1
9, 11, 605.0,759.0,-1
11, 9, 605.0,759.0,-1
9, 12, 767.0,1046.0,-1
12, 9, 767.0,1046.0,-1
9, 13, 699.0,849.0,1
13, 9, 699.0,849.0,1
9, 14, 746.0,872.0,-1
14, 9, 746.0,872.0,-1
9, 15, 610.0,727.0,1
15, 9, 610.0,727.0,1
9, 16, 849.0,1070.0,1
16, 9, 849.0,1070.0,1
9, 9, 0.0,0.0,1
10, 11, 717.0,866.0,-1
11, 10, 717.0,866.0,-1
10, 12, 506.0,580.0,-1
12, 10, 506.0,580.0,-1
10, 13, 610.0,777.0,1
13, 10, 610.0,777.0,1
10, 14, 625.0,753.0,1
14, 10, 625.0,753.0,1
10, 15, 677.0,898.0,1
15, 10, 677.0,898.0,1
10, 16, 619.0,677.0,-1
16, 10, 619.0,677.0,-1
10, 10, 0.0,0.0,1
11, 12, 217.0,287.0,-1
12, 11, 217.0,287.0,-1
11, 13, 640.0,900.0,1
13, 11, 640.0,900.0,1
11, 14, 704.0,989.0,-1
14, 11, 704.0,989.0,-1
11, 15, 608.0,860.0,1
15, 11, 608.0,860.0,1
11, 16, 245.0,311.0,-1
16, 11, 245.0,311.0,-1
11, 11, 0.0,0.0,1
12, 13, 579.0,794.0,-1
13, 12, 579.0,794.0,-1
12, 14, 636.0,882.0,-1
14, 12, 636.0,882.0,-1
12, 15, 579.0,753.0,1
15, 12, 579.0,753.0,1
12, 16, 183.0,257.0,-1
16, 12, 183.0,257.0,-1
12, 12, 0.0,0.0,1
13, 14, 65.0,89.0,1
14, 13, 65.0,89.0,1
13, 15, 91.0,122.0,1
15, 13, 91.0,122.0,1
13, 16, 760.0,1051.0,-1
16, 13, 760.0,1051.0,-1
13, 13, 0.0,0.0,1
14, 15, 138.0,146.0,-1
15, 14, 138.0,146.0,-1
14, 16, 818.0,1139.0,-1
16, 14, 818.0,1139.0,-1
14, 14, 0.0,0.0,1
15, 16, 755.0,1010.0,-1
16, 15, 755.0,1010.0,-1
15, 15, 0.0,0.0,1
16, 16, 0.0,0.0,1


<end>