<number of nodes>
16

<ratio of available edges>
0.3

<max length of the drone flight>
100000 

<D 2/3>
1, 2, 4, 5, 8, 10, 12, 13, 14, 15, 16

<V>
4, 8, 12, 14, 15

<coordinates X,Y>
587.8886692481293, 426.3338865614294
38.617997449768524, 3.805209522887524
266.66147820621546, 693.4907813635316
42.53281181439025, 158.94521585957068
950.4353606563899, 490.92117023875477
291.3819878835238, 182.92338969285385
398.4389108047664, 560.0091560868742
103.21726590813117, 281.199649644008
793.0628014161589, 52.70129526329851
57.72114960362814, 808.7882672364112
249.86164071267532, 950.6774580462554
213.1404331297267, 198.26998945125297
739.313559700939, 93.28510957059054
144.52197693309026, 99.92984856393797
856.465757903233, 425.1361956458133
727.6013316087749, 20.929827289213904

<adjacency matrix with truck distances>
1, 2, 693.0,972.0,-1
2, 1, 693.0,972.0,-1
1, 3, 418.0,589.0,-1
3, 1, 418.0,589.0,-1
1, 4, 608.0,813.0,-1
4, 1, 608.0,813.0,-1
1, 5, 369.0,428.0,-1
5, 1, 369.0,428.0,-1
1, 6, 384.0,540.0,-1
6, 1, 384.0,540.0,-1
1, 7, 232.0,324.0,1
7, 1, 232.0,324.0,1
1, 8, 506.0,630.0,-1
8, 1, 506.0,630.0,-1
1, 9, 427.0,579.0,-1
9, 1, 427.0,579.0,-1
1, 10, 654.0,913.0,1
10, 1, 654.0,913.0,1
1, 11, 624.0,863.0,-1
11, 1, 624.0,863.0,-1
1, 12, 439.0,603.0,-1
12, 1, 439.0,603.0,-1
1, 13, 366.0,485.0,-1
13, 1, 366.0,485.0,-1
1, 14, 551.0,770.0,-1
14, 1, 551.0,770.0,-1
1, 15, 269.0,270.0,-1
15, 1, 269.0,270.0,-1
1, 16, 429.0,546.0,-1
16, 1, 429.0,546.0,-1
1, 1, 0.0,0.0,1
2, 3, 727.0,918.0,1
3, 2, 727.0,918.0,1
2, 4, 156.0,160.0,-1
4, 2, 156.0,160.0,-1
2, 5, 1034.0,1399.0,1
5, 2, 1034.0,1399.0,1
2, 6, 310.0,432.0,-1
6, 2, 310.0,432.0,-1
2, 7, 663.0,917.0,-1
7, 2, 663.0,917.0,-1
2, 8, 285.0,342.0,-1
8, 2, 285.0,342.0,-1
2, 9, 757.0,804.0,-1
9, 2, 757.0,804.0,-1
2, 10, 806.0,825.0,-1
10, 2, 806.0,825.0,-1
2, 11, 971.0,1159.0,1
11, 2, 971.0,1159.0,1
2, 12, 262.0,369.0,-1
12, 2, 262.0,369.0,-1
2, 13, 707.0,791.0,-1
13, 2, 707.0,791.0,-1
2, 14, 144.0,203.0,-1
14, 2, 144.0,203.0,-1
2, 15, 920.0,1240.0,-1
15, 2, 920.0,1240.0,-1
2, 16, 690.0,707.0,-1
16, 2, 690.0,707.0,-1
2, 2, 0.0,0.0,1
3, 4, 580.0,759.0,-1
4, 3, 580.0,759.0,-1
3, 5, 714.0,887.0,-1
5, 3, 714.0,887.0,-1
3, 6, 512.0,536.0,-1
6, 3, 512.0,536.0,-1
3, 7, 188.0,266.0,1
7, 3, 188.0,266.0,1
3, 8, 444.0,576.0,-1
8, 3, 444.0,576.0,-1
3, 9, 830.0,1168.0,-1
9, 3, 830.0,1168.0,-1
3, 10, 239.0,325.0,-1
10, 3, 239.0,325.0,-1
3, 11, 258.0,274.0,-1
11, 3, 258.0,274.0,-1
3, 12, 499.0,549.0,-1
12, 3, 499.0,549.0,-1
3, 13, 764.0,1073.0,-1
13, 3, 764.0,1073.0,-1
3, 14, 606.0,716.0,1
14, 3, 606.0,716.0,1
3, 15, 648.0,859.0,1
15, 3, 648.0,859.0,1
3, 16, 816.0,1134.0,-1
16, 3, 816.0,1134.0,-1
3, 3, 0.0,0.0,1
4, 5, 967.0,1240.0,-1
5, 4, 967.0,1240.0,-1
4, 6, 251.0,273.0,-1
6, 4, 251.0,273.0,-1
4, 7, 537.0,757.0,-1
7, 4, 537.0,757.0,-1
4, 8, 137.0,183.0,1
8, 4, 137.0,183.0,1
4, 9, 759.0,857.0,1
9, 4, 759.0,857.0,1
4, 10, 651.0,666.0,-1
10, 4, 651.0,666.0,-1
4, 11, 819.0,1000.0,-1
11, 4, 819.0,1000.0,-1
4, 12, 176.0,210.0,1
12, 4, 176.0,210.0,1
4, 13, 700.0,763.0,-1
13, 4, 700.0,763.0,-1
4, 14, 118.0,162.0,1
14, 4, 118.0,162.0,1
4, 15, 857.0,1081.0,-1
15, 4, 857.0,1081.0,-1
4, 16, 699.0,824.0,-1
16, 4, 699.0,824.0,-1
4, 4, 0.0,0.0,1
5, 6, 728.0,968.0,1
6, 5, 728.0,968.0,1
5, 7, 557.0,622.0,1
7, 5, 557.0,622.0,1
5, 8, 873.0,1057.0,-1
8, 5, 873.0,1057.0,-1
5, 9, 466.0,596.0,-1
9, 5, 466.0,596.0,-1
5, 10, 948.0,1211.0,-1
10, 5, 948.0,1211.0,-1
5, 11, 838.0,1161.0,-1
11, 5, 838.0,1161.0,-1
5, 12, 794.0,1030.0,-1
12, 5, 794.0,1030.0,-1
5, 13, 451.0,609.0,1
13, 5, 451.0,609.0,1
5, 14, 896.0,1197.0,-1
14, 5, 896.0,1197.0,-1
5, 15, 115.0,160.0,-1
15, 5, 115.0,160.0,-1
5, 16, 521.0,693.0,1
16, 5, 521.0,693.0,1
5, 5, 0.0,0.0,1
6, 7, 392.0,485.0,1
7, 6, 392.0,485.0,1
6, 8, 213.0,287.0,-1
8, 6, 213.0,287.0,-1
6, 9, 519.0,632.0,-1
9, 6, 519.0,632.0,-1
6, 10, 669.0,860.0,-1
10, 6, 669.0,860.0,-1
6, 11, 769.0,810.0,-1
11, 6, 769.0,810.0,-1
6, 12, 80.0,94.0,1
12, 6, 80.0,94.0,1
6, 13, 457.0,538.0,-1
13, 6, 457.0,538.0,-1
6, 14, 169.0,230.0,-1
14, 6, 169.0,230.0,-1
6, 15, 615.0,808.0,1
15, 6, 615.0,808.0,1
6, 16, 466.0,599.0,-1
16, 6, 466.0,599.0,-1
6, 6, 0.0,0.0,1
7, 8, 407.0,575.0,-1
8, 7, 407.0,575.0,-1
7, 9, 643.0,902.0,-1
9, 7, 643.0,902.0,-1
7, 10, 422.0,590.0,1
10, 7, 422.0,590.0,1
7, 11, 418.0,540.0,-1
11, 7, 418.0,540.0,-1
7, 12, 407.0,548.0,-1
12, 7, 407.0,548.0,-1
7, 13, 578.0,808.0,1
13, 7, 578.0,808.0,1
7, 14, 526.0,714.0,-1
14, 7, 526.0,714.0,-1
7, 15, 478.0,593.0,-1
15, 7, 478.0,593.0,-1
7, 16, 632.0,869.0,1
16, 7, 632.0,869.0,1
7, 7, 0.0,0.0,1
8, 9, 727.0,919.0,1
9, 8, 727.0,919.0,1
8, 10, 530.0,574.0,-1
10, 8, 530.0,574.0,-1
8, 11, 686.0,817.0,-1
11, 8, 686.0,817.0,-1
8, 12, 138.0,193.0,-1
12, 8, 138.0,193.0,-1
8, 13, 664.0,825.0,-1
13, 8, 664.0,825.0,-1
8, 14, 186.0,223.0,-1
14, 8, 186.0,223.0,-1
8, 15, 767.0,898.0,1
15, 8, 767.0,898.0,1
8, 16, 677.0,885.0,-1
16, 8, 677.0,885.0,-1
8, 8, 0.0,0.0,1
9, 10, 1055.0,1492.0,1
10, 9, 1055.0,1492.0,1
9, 11, 1050.0,1442.0,-1
11, 9, 1050.0,1442.0,-1
9, 12, 598.0,726.0,-1
12, 9, 598.0,726.0,-1
9, 13, 68.0,95.0,-1
13, 9, 68.0,95.0,-1
9, 14, 651.0,696.0,1
14, 9, 651.0,696.0,1
9, 15, 378.0,436.0,-1
15, 9, 378.0,436.0,-1
9, 16, 73.0,98.0,1
16, 9, 73.0,98.0,1
9, 9, 0.0,0.0,1
10, 11, 239.0,335.0,-1
11, 10, 239.0,335.0,-1
10, 12, 630.0,766.0,-1
12, 10, 630.0,766.0,-1
10, 13, 989.0,1398.0,1
13, 10, 989.0,1398.0,1
10, 14, 715.0,796.0,-1
14, 10, 715.0,796.0,-1
10, 15, 887.0,1183.0,1
15, 10, 887.0,1183.0,1
10, 16, 1035.0,1458.0,-1
16, 10, 1035.0,1458.0,-1
10, 10, 0.0,0.0,1
11, 12, 754.0,790.0,-1
12, 11, 754.0,790.0,-1
11, 13, 988.0,1347.0,-1
13, 11, 988.0,1347.0,-1
11, 14, 858.0,957.0,-1
14, 11, 858.0,957.0,-1
11, 15, 803.0,1133.0,1
15, 11, 803.0,1133.0,1
11, 16, 1046.0,1408.0,1
16, 11, 1046.0,1408.0,1
11, 11, 0.0,0.0,1
12, 13, 537.0,632.0,1
13, 12, 537.0,632.0,1
12, 14, 120.0,167.0,-1
14, 12, 120.0,167.0,-1
12, 15, 683.0,871.0,1
15, 12, 683.0,871.0,1
12, 16, 545.0,692.0,-1
16, 12, 545.0,692.0,-1
12, 12, 0.0,0.0,1
13, 14, 595.0,602.0,-1
14, 13, 595.0,602.0,-1
13, 15, 352.0,450.0,1
15, 13, 352.0,450.0,1
13, 16, 74.0,85.0,-1
16, 13, 74.0,85.0,-1
13, 13, 0.0,0.0,1
14, 15, 783.0,1038.0,-1
15, 14, 783.0,1038.0,-1
14, 16, 589.0,663.0,1
16, 14, 589.0,663.0,1
14, 14, 0.0,0.0,1
15, 16, 425.0,534.0,1
16, 15, 425.0,534.0,1
15, 15, 0.0,0.0,1
16, 16, 0.0,0.0,1


<end>