<number of nodes>
16

<ratio of available edges>
0.3

<max length of the drone flight>
100000 

<D 2/3>
1, 2, 4, 5, 7, 8, 9, 11, 12, 13, 16

<V>
2, 4, 5, 7, 9

<coordinates X,Y>
982.4046538848627, 666.3850248900601
372.8955956960409, 947.5353873652032
68.65538246364024, 810.2896675284135
600.400666756725, 955.6549475074934
487.3043558001343, 94.70136098759112
82.0880568690149, 637.7071986315972
509.69839604317104, 111.29214772518714
926.0156400552918, 414.6430552924356
296.3691836352037, 417.4903436348535
142.86021215068303, 870.3745149481891
715.3120797545017, 717.2891884240936
893.5154311193992, 964.8894321490008
424.50438911670005, 64.02501989872182
734.7326619526114, 847.0965775223628
831.5617108461041, 268.06200844100067
181.57470791504787, 781.8438647325024

<adjacency matrix with truck distances>
1, 2, 672.0,891.0,1
2, 1, 672.0,891.0,1
1, 3, 926.0,1058.0,1
3, 1, 926.0,1058.0,1
1, 4, 480.0,672.0,1
4, 1, 480.0,672.0,1
1, 5, 757.0,1067.0,-1
5, 1, 757.0,1067.0,-1
1, 6, 901.0,929.0,1
6, 1, 901.0,929.0,1
1, 7, 730.0,1028.0,1
7, 1, 730.0,1028.0,1
1, 8, 258.0,309.0,-1
8, 1, 258.0,309.0,-1
1, 9, 730.0,935.0,-1
9, 1, 730.0,935.0,-1
1, 10, 864.0,1044.0,-1
10, 1, 864.0,1044.0,-1
1, 11, 272.0,318.0,-1
11, 1, 272.0,318.0,-1
1, 12, 312.0,388.0,-1
12, 1, 312.0,388.0,-1
1, 13, 822.0,1161.0,-1
13, 1, 822.0,1161.0,-1
1, 14, 307.0,429.0,-1
14, 1, 307.0,429.0,-1
1, 15, 426.0,550.0,-1
15, 1, 426.0,550.0,-1
1, 16, 810.0,917.0,-1
16, 1, 810.0,917.0,-1
1, 1, 0.0,0.0,1
2, 3, 334.0,442.0,-1
3, 2, 334.0,442.0,-1
2, 4, 228.0,236.0,-1
4, 2, 228.0,236.0,-1
2, 5, 861.0,968.0,-1
5, 2, 861.0,968.0,-1
2, 6, 425.0,601.0,1
6, 2, 425.0,601.0,1
2, 7, 848.0,974.0,-1
7, 2, 848.0,974.0,-1
2, 8, 769.0,1087.0,1
8, 2, 769.0,1087.0,1
2, 9, 536.0,607.0,1
9, 2, 536.0,607.0,1
2, 10, 243.0,308.0,-1
10, 2, 243.0,308.0,-1
2, 11, 413.0,573.0,-1
11, 2, 413.0,573.0,-1
2, 12, 521.0,538.0,-1
12, 2, 521.0,538.0,-1
2, 13, 886.0,936.0,1
13, 2, 886.0,936.0,1
2, 14, 376.0,463.0,1
14, 2, 376.0,463.0,1
2, 15, 820.0,1139.0,-1
15, 2, 820.0,1139.0,-1
2, 16, 254.0,358.0,1
16, 2, 254.0,358.0,1
2, 2, 0.0,0.0,1
3, 4, 552.0,678.0,-1
4, 3, 552.0,678.0,-1
3, 5, 830.0,1135.0,-1
5, 3, 830.0,1135.0,-1
3, 6, 174.0,187.0,1
6, 3, 174.0,187.0,1
3, 7, 827.0,1141.0,-1
7, 3, 827.0,1141.0,-1
3, 8, 945.0,1254.0,1
8, 3, 945.0,1254.0,1
3, 9, 455.0,621.0,-1
9, 3, 455.0,621.0,-1
3, 10, 96.0,135.0,-1
10, 3, 96.0,135.0,-1
3, 11, 654.0,740.0,1
11, 3, 654.0,740.0,1
3, 12, 840.0,980.0,1
12, 3, 840.0,980.0,1
3, 13, 827.0,1103.0,-1
13, 3, 827.0,1103.0,-1
3, 14, 668.0,703.0,1
14, 3, 668.0,703.0,1
3, 15, 936.0,1306.0,1
15, 3, 936.0,1306.0,1
3, 16, 117.0,142.0,1
16, 3, 117.0,142.0,1
3, 3, 0.0,0.0,1
4, 5, 869.0,975.0,-1
5, 4, 869.0,975.0,-1
4, 6, 609.0,837.0,-1
6, 4, 609.0,837.0,-1
4, 7, 850.0,936.0,1
7, 4, 850.0,936.0,1
4, 8, 632.0,867.0,-1
8, 4, 632.0,867.0,-1
4, 9, 619.0,843.0,1
9, 4, 619.0,843.0,1
4, 10, 466.0,543.0,-1
10, 4, 466.0,543.0,-1
4, 11, 265.0,354.0,-1
11, 4, 265.0,354.0,-1
4, 12, 294.0,303.0,-1
12, 4, 294.0,303.0,-1
4, 13, 909.0,1068.0,-1
13, 4, 909.0,1068.0,-1
4, 14, 173.0,243.0,1
14, 4, 173.0,243.0,1
4, 15, 726.0,919.0,-1
15, 4, 726.0,919.0,-1
4, 16, 454.0,593.0,-1
16, 4, 454.0,593.0,-1
4, 4, 0.0,0.0,1
5, 6, 678.0,949.0,-1
6, 5, 678.0,949.0,-1
5, 7, 28.0,39.0,-1
7, 5, 28.0,39.0,-1
5, 8, 543.0,759.0,1
8, 5, 543.0,759.0,1
5, 9, 376.0,514.0,1
9, 5, 376.0,514.0,1
5, 10, 849.0,1121.0,-1
10, 5, 849.0,1121.0,-1
5, 11, 664.0,851.0,-1
11, 5, 664.0,851.0,-1
5, 12, 961.0,1277.0,-1
12, 5, 961.0,1277.0,-1
5, 13, 70.0,94.0,-1
13, 5, 70.0,94.0,-1
5, 14, 793.0,1000.0,-1
14, 5, 793.0,1000.0,-1
5, 15, 386.0,518.0,1
15, 5, 386.0,518.0,1
5, 16, 753.0,993.0,-1
16, 5, 753.0,993.0,-1
5, 5, 0.0,0.0,1
6, 7, 679.0,955.0,-1
7, 6, 679.0,955.0,-1
6, 8, 873.0,1067.0,-1
8, 6, 873.0,1067.0,-1
6, 9, 308.0,435.0,1
9, 6, 308.0,435.0,1
6, 10, 241.0,294.0,-1
10, 6, 241.0,294.0,-1
6, 11, 639.0,713.0,1
11, 6, 639.0,713.0,1
6, 12, 875.0,1139.0,-1
12, 6, 875.0,1139.0,-1
6, 13, 669.0,917.0,-1
13, 6, 669.0,917.0,-1
6, 14, 686.0,863.0,-1
14, 6, 686.0,863.0,-1
6, 15, 836.0,1120.0,-1
15, 6, 836.0,1120.0,-1
6, 16, 176.0,244.0,1
16, 6, 176.0,244.0,1
6, 6, 0.0,0.0,1
7, 8, 516.0,720.0,1
8, 7, 516.0,720.0,1
7, 9, 374.0,520.0,-1
9, 7, 374.0,520.0,-1
7, 10, 844.0,1126.0,-1
10, 7, 844.0,1126.0,-1
7, 11, 640.0,812.0,-1
11, 7, 640.0,812.0,-1
7, 12, 936.0,1238.0,-1
12, 7, 936.0,1238.0,-1
7, 13, 98.0,133.0,-1
13, 7, 98.0,133.0,-1
7, 14, 770.0,961.0,-1
14, 7, 770.0,961.0,-1
7, 15, 359.0,479.0,-1
15, 7, 359.0,479.0,-1
7, 16, 747.0,999.0,-1
16, 7, 747.0,999.0,-1
7, 7, 0.0,0.0,1
8, 9, 630.0,633.0,-1
9, 8, 630.0,633.0,-1
8, 10, 907.0,1239.0,1
10, 8, 907.0,1239.0,1
8, 11, 369.0,514.0,1
11, 8, 369.0,514.0,1
8, 12, 552.0,583.0,-1
12, 8, 552.0,583.0,-1
8, 13, 612.0,853.0,-1
13, 8, 612.0,853.0,-1
8, 14, 473.0,624.0,-1
14, 8, 473.0,624.0,-1
8, 15, 175.0,242.0,-1
15, 8, 175.0,242.0,-1
8, 16, 831.0,1112.0,1
16, 8, 831.0,1112.0,1
8, 8, 0.0,0.0,1
9, 10, 479.0,607.0,-1
10, 9, 479.0,607.0,-1
9, 11, 516.0,719.0,1
11, 9, 516.0,719.0,1
9, 12, 811.0,1145.0,-1
12, 9, 811.0,1145.0,-1
9, 13, 376.0,482.0,-1
13, 9, 376.0,482.0,-1
9, 14, 614.0,868.0,-1
14, 9, 614.0,868.0,-1
9, 15, 556.0,685.0,-1
15, 9, 556.0,685.0,-1
9, 16, 383.0,480.0,1
16, 9, 383.0,480.0,1
9, 9, 0.0,0.0,1
10, 11, 593.0,726.0,-1
11, 10, 593.0,726.0,-1
10, 12, 757.0,846.0,-1
12, 10, 757.0,846.0,-1
10, 13, 855.0,1088.0,-1
13, 10, 855.0,1088.0,-1
10, 14, 593.0,616.0,-1
14, 10, 593.0,616.0,-1
10, 15, 915.0,1292.0,-1
15, 10, 915.0,1292.0,-1
10, 16, 97.0,128.0,-1
16, 10, 97.0,128.0,-1
10, 10, 0.0,0.0,1
11, 12, 306.0,426.0,-1
12, 11, 306.0,426.0,-1
11, 13, 716.0,945.0,-1
13, 11, 716.0,945.0,-1
11, 14, 132.0,150.0,-1
14, 11, 132.0,150.0,-1
11, 15, 465.0,566.0,-1
15, 11, 465.0,566.0,-1
11, 16, 538.0,599.0,-1
16, 11, 538.0,599.0,-1
11, 11, 0.0,0.0,1
12, 13, 1016.0,1370.0,-1
13, 12, 1016.0,1370.0,-1
12, 14, 198.0,277.0,-1
14, 12, 198.0,277.0,-1
12, 15, 700.0,759.0,1
15, 12, 700.0,759.0,1
12, 16, 736.0,895.0,1
16, 12, 736.0,895.0,1
12, 12, 0.0,0.0,1
13, 14, 843.0,1094.0,-1
14, 13, 843.0,1094.0,-1
13, 15, 456.0,612.0,-1
15, 13, 456.0,612.0,-1
13, 16, 758.0,961.0,1
16, 13, 758.0,961.0,1
13, 13, 0.0,0.0,1
14, 15, 588.0,676.0,-1
15, 14, 588.0,676.0,-1
14, 16, 557.0,619.0,-1
16, 14, 557.0,619.0,-1
14, 14, 0.0,0.0,1
15, 16, 829.0,1164.0,-1
16, 15, 829.0,1164.0,-1
15, 15, 0.0,0.0,1
16, 16, 0.0,0.0,1


<end>