<number of nodes>
16

<ratio of available edges>
0.3

<max length of the drone flight>
100000 

<D 2/3>
1, 3, 4, 6, 7, 8, 10, 11, 12, 13, 15

<V>
4, 7, 8, 11, 15

<coordinates X,Y>
969.7285573282176, 181.1651300028724
326.2283135155321, 677.8305359915465
426.7358082443831, 870.8540454580667
454.03264085436393, 112.9666298877177
280.98313955139395, 356.47011561468935
124.13239199449401, 632.5160219258444
320.0538371317854, 813.3186963139698
554.8196920082271, 619.8110579053446
184.5183621463572, 450.6140301368981
618.7980414200148, 138.93011427949085
699.4141383204241, 352.88286983852066
810.034240084156, 812.0858886571162
963.9912473384031, 846.3606571734259
722.3628354484899, 105.17789349575587
45.72494929833848, 47.85357291326289
902.9549415990026, 118.11519162457357

<adjacency matrix with truck distances>
1, 2, 813.0,1141.0,1
2, 1, 813.0,1141.0,1
1, 3, 878.0,1233.0,-1
3, 1, 878.0,1233.0,-1
1, 4, 521.0,584.0,-1
4, 1, 521.0,584.0,-1
1, 5, 711.0,865.0,-1
5, 1, 711.0,865.0,-1
1, 6, 959.0,1297.0,1
6, 1, 959.0,1297.0,1
1, 7, 907.0,1282.0,-1
7, 1, 907.0,1282.0,-1
1, 8, 604.0,854.0,1
8, 1, 604.0,854.0,1
1, 9, 831.0,1055.0,1
9, 1, 831.0,1055.0,1
1, 10, 354.0,394.0,-1
10, 1, 354.0,394.0,-1
1, 11, 321.0,443.0,1
11, 1, 321.0,443.0,1
1, 12, 651.0,791.0,1
12, 1, 651.0,791.0,1
1, 13, 666.0,671.0,-1
13, 1, 666.0,671.0,-1
1, 14, 259.0,324.0,-1
14, 1, 259.0,324.0,-1
1, 15, 934.0,1058.0,-1
15, 1, 934.0,1058.0,-1
1, 16, 92.0,130.0,-1
16, 1, 92.0,130.0,-1
1, 1, 0.0,0.0,1
2, 3, 218.0,294.0,-1
3, 2, 218.0,294.0,-1
2, 4, 580.0,693.0,-1
4, 2, 580.0,693.0,-1
2, 5, 325.0,367.0,1
5, 2, 325.0,367.0,1
2, 6, 208.0,248.0,-1
6, 2, 208.0,248.0,-1
2, 7, 136.0,142.0,-1
7, 2, 136.0,142.0,-1
2, 8, 236.0,287.0,-1
8, 2, 236.0,287.0,-1
2, 9, 268.0,369.0,-1
9, 2, 268.0,369.0,-1
2, 10, 614.0,832.0,-1
10, 2, 614.0,832.0,-1
2, 11, 495.0,699.0,-1
11, 2, 495.0,699.0,-1
2, 12, 503.0,619.0,-1
12, 2, 503.0,619.0,-1
2, 13, 660.0,807.0,-1
13, 2, 660.0,807.0,-1
2, 14, 697.0,969.0,1
14, 2, 697.0,969.0,1
2, 15, 690.0,911.0,-1
15, 2, 690.0,911.0,-1
2, 16, 804.0,1137.0,-1
16, 2, 804.0,1137.0,-1
2, 2, 0.0,0.0,1
3, 4, 759.0,786.0,-1
4, 3, 759.0,786.0,-1
3, 5, 535.0,661.0,-1
5, 3, 535.0,661.0,-1
3, 6, 386.0,541.0,-1
6, 3, 386.0,541.0,-1
3, 7, 122.0,165.0,-1
7, 3, 122.0,165.0,-1
3, 8, 282.0,380.0,1
8, 3, 282.0,380.0,1
3, 9, 486.0,663.0,-1
9, 3, 486.0,663.0,-1
3, 10, 757.0,924.0,-1
10, 3, 757.0,924.0,-1
3, 11, 586.0,791.0,-1
11, 3, 586.0,791.0,-1
3, 12, 388.0,443.0,1
12, 3, 388.0,443.0,1
3, 13, 538.0,562.0,-1
13, 3, 538.0,562.0,-1
3, 14, 821.0,1062.0,1
14, 3, 821.0,1062.0,1
3, 15, 907.0,1205.0,-1
15, 3, 907.0,1205.0,-1
3, 16, 891.0,1229.0,1
16, 3, 891.0,1229.0,1
3, 3, 0.0,0.0,1
4, 5, 299.0,417.0,-1
5, 4, 299.0,417.0,-1
4, 6, 616.0,850.0,-1
6, 4, 616.0,850.0,-1
4, 7, 714.0,835.0,-1
7, 4, 714.0,835.0,-1
4, 8, 517.0,608.0,-1
8, 4, 517.0,608.0,-1
4, 9, 433.0,608.0,1
9, 4, 433.0,608.0,1
4, 10, 167.0,191.0,1
10, 4, 167.0,191.0,1
4, 11, 344.0,486.0,-1
11, 4, 344.0,486.0,-1
4, 12, 785.0,1056.0,-1
12, 4, 785.0,1056.0,-1
4, 13, 894.0,1244.0,1
13, 4, 894.0,1244.0,1
4, 14, 269.0,277.0,-1
14, 4, 269.0,277.0,-1
4, 15, 414.0,474.0,-1
15, 4, 414.0,474.0,-1
4, 16, 449.0,455.0,-1
16, 4, 449.0,455.0,-1
4, 4, 0.0,0.0,1
5, 6, 318.0,433.0,-1
6, 5, 318.0,433.0,-1
5, 7, 459.0,496.0,-1
7, 5, 459.0,496.0,-1
5, 8, 380.0,538.0,1
8, 5, 380.0,538.0,1
5, 9, 135.0,191.0,-1
9, 5, 135.0,191.0,-1
5, 10, 402.0,556.0,1
10, 5, 402.0,556.0,1
5, 11, 419.0,423.0,-1
11, 5, 419.0,423.0,-1
5, 12, 699.0,985.0,1
12, 5, 699.0,985.0,1
5, 13, 841.0,1173.0,-1
13, 5, 841.0,1173.0,-1
5, 14, 508.0,693.0,1
14, 5, 508.0,693.0,1
5, 15, 389.0,544.0,-1
15, 5, 389.0,544.0,-1
5, 16, 667.0,861.0,-1
16, 5, 667.0,861.0,-1
5, 5, 0.0,0.0,1
6, 7, 267.0,377.0,-1
7, 6, 267.0,377.0,-1
6, 8, 431.0,444.0,-1
8, 6, 431.0,444.0,-1
6, 9, 192.0,243.0,-1
9, 6, 192.0,243.0,-1
6, 10, 699.0,989.0,-1
10, 6, 699.0,989.0,-1
6, 11, 640.0,855.0,1
11, 6, 640.0,855.0,1
6, 12, 710.0,866.0,1
12, 6, 710.0,866.0,1
6, 13, 867.0,1054.0,-1
13, 6, 867.0,1054.0,-1
6, 14, 798.0,1126.0,1
14, 6, 798.0,1126.0,1
6, 15, 590.0,664.0,-1
15, 6, 590.0,664.0,-1
6, 16, 934.0,1294.0,1
16, 6, 934.0,1294.0,1
6, 6, 0.0,0.0,1
7, 8, 305.0,429.0,-1
8, 7, 305.0,429.0,-1
7, 9, 388.0,499.0,1
9, 7, 388.0,499.0,1
7, 10, 738.0,974.0,-1
10, 7, 738.0,974.0,-1
7, 11, 597.0,840.0,1
11, 7, 597.0,840.0,1
7, 12, 490.0,492.0,1
12, 7, 490.0,492.0,1
7, 13, 645.0,677.0,1
13, 7, 645.0,677.0,1
7, 14, 815.0,1111.0,-1
14, 7, 815.0,1111.0,-1
7, 15, 814.0,1040.0,-1
15, 7, 814.0,1040.0,-1
7, 16, 908.0,1279.0,1
16, 7, 908.0,1279.0,1
7, 7, 0.0,0.0,1
8, 9, 408.0,540.0,-1
9, 8, 408.0,540.0,-1
8, 10, 486.0,545.0,1
10, 8, 486.0,545.0,1
8, 11, 304.0,412.0,-1
11, 8, 304.0,412.0,-1
8, 12, 320.0,448.0,1
12, 8, 320.0,448.0,1
8, 13, 468.0,636.0,-1
13, 8, 468.0,636.0,-1
8, 14, 542.0,683.0,-1
14, 8, 542.0,683.0,-1
8, 15, 766.0,1082.0,1
15, 8, 766.0,1082.0,1
8, 16, 611.0,850.0,-1
16, 8, 611.0,850.0,-1
8, 8, 0.0,0.0,1
9, 10, 535.0,746.0,1
10, 9, 535.0,746.0,1
9, 11, 525.0,613.0,-1
11, 9, 525.0,613.0,-1
9, 12, 723.0,987.0,-1
12, 9, 723.0,987.0,-1
9, 13, 875.0,1176.0,-1
13, 9, 875.0,1176.0,-1
9, 14, 640.0,884.0,-1
14, 9, 640.0,884.0,-1
9, 15, 427.0,542.0,1
15, 9, 427.0,542.0,1
9, 16, 792.0,1051.0,-1
16, 9, 792.0,1051.0,-1
9, 9, 0.0,0.0,1
10, 11, 229.0,295.0,-1
11, 10, 229.0,295.0,-1
10, 12, 700.0,865.0,-1
12, 10, 700.0,865.0,-1
10, 13, 788.0,1053.0,-1
13, 10, 788.0,1053.0,-1
10, 14, 109.0,138.0,-1
14, 10, 109.0,138.0,-1
10, 15, 581.0,665.0,-1
15, 10, 581.0,665.0,-1
10, 16, 285.0,305.0,1
16, 10, 285.0,305.0,1
10, 10, 0.0,0.0,1
11, 12, 473.0,570.0,-1
12, 11, 473.0,570.0,-1
11, 13, 560.0,759.0,-1
13, 11, 560.0,759.0,-1
11, 14, 249.0,271.0,-1
14, 11, 249.0,271.0,-1
11, 15, 722.0,959.0,-1
15, 11, 722.0,959.0,-1
11, 16, 311.0,439.0,-1
16, 11, 311.0,439.0,-1
11, 11, 0.0,0.0,1
12, 13, 158.0,189.0,1
13, 12, 158.0,189.0,1
12, 14, 713.0,795.0,-1
14, 12, 713.0,795.0,-1
12, 15, 1081.0,1529.0,-1
15, 12, 1081.0,1529.0,-1
12, 16, 701.0,787.0,-1
16, 12, 701.0,787.0,-1
12, 12, 0.0,0.0,1
13, 14, 780.0,983.0,-1
14, 13, 780.0,983.0,-1
13, 15, 1217.0,1717.0,-1
15, 13, 1217.0,1717.0,-1
13, 16, 731.0,790.0,-1
16, 13, 731.0,790.0,-1
13, 13, 0.0,0.0,1
14, 15, 680.0,734.0,-1
15, 14, 680.0,734.0,-1
14, 16, 182.0,194.0,1
16, 14, 182.0,194.0,1
14, 14, 0.0,0.0,1
15, 16, 861.0,928.0,-1
16, 15, 861.0,928.0,-1
15, 15, 0.0,0.0,1
16, 16, 0.0,0.0,1


<end>