<number of nodes>
16

<ratio of available edges>
0.3

<max length of the drone flight>
100000 

<D 2/3>
1, 2, 3, 4, 7, 10, 11, 12, 13, 14, 16

<V>
3, 4, 7, 11, 13

<coordinates X,Y>
397.82274704800255, 466.61216529115575
448.00006621700805, 33.05077105954463
328.7153662078436, 560.0315731129232
670.6413076052664, 448.5923558124285
102.76995595900316, 794.3678062293321
92.4758438316059, 227.16299425329885
49.556636133751994, 820.1212948862037
951.4830831156684, 855.8147470776166
300.3406150900139, 991.4467819018479
129.02364826507738, 1.1026342993886316
278.81405680424774, 337.29032026372937
814.1238521639863, 297.35213736227206
10.406841339891798, 406.09561738997616
996.3355764799034, 565.4788624917364
467.0315133796773, 394.0237857749108
519.4862903496877, 715.3409974861835

<adjacency matrix with truck distances>
1, 2, 437.0,484.0,1
2, 1, 437.0,484.0,1
1, 3, 117.0,163.0,-1
3, 1, 117.0,163.0,-1
1, 4, 274.0,291.0,-1
4, 1, 274.0,291.0,-1
1, 5, 441.0,623.0,1
5, 1, 441.0,623.0,1
1, 6, 389.0,545.0,-1
6, 1, 389.0,545.0,-1
1, 7, 497.0,702.0,-1
7, 1, 497.0,702.0,-1
1, 8, 677.0,943.0,-1
8, 1, 677.0,943.0,-1
1, 9, 534.0,623.0,1
9, 1, 534.0,623.0,1
1, 10, 538.0,735.0,-1
10, 1, 538.0,735.0,-1
1, 11, 176.0,249.0,-1
11, 1, 176.0,249.0,-1
1, 12, 450.0,586.0,-1
12, 1, 450.0,586.0,-1
1, 13, 393.0,448.0,1
13, 1, 393.0,448.0,1
1, 14, 607.0,698.0,-1
14, 1, 607.0,698.0,-1
1, 15, 101.0,142.0,1
15, 1, 101.0,142.0,1
1, 16, 277.0,371.0,1
16, 1, 277.0,371.0,1
1, 1, 0.0,0.0,1
2, 3, 541.0,647.0,-1
3, 2, 541.0,647.0,-1
2, 4, 472.0,639.0,-1
4, 2, 472.0,639.0,-1
2, 5, 836.0,1107.0,-1
5, 2, 836.0,1107.0,-1
2, 6, 406.0,550.0,-1
6, 2, 406.0,550.0,-1
2, 7, 883.0,1186.0,-1
7, 2, 883.0,1186.0,-1
2, 8, 965.0,1327.0,-1
8, 2, 965.0,1327.0,-1
2, 9, 970.0,1107.0,-1
9, 2, 970.0,1107.0,-1
2, 10, 321.0,351.0,-1
10, 2, 321.0,351.0,-1
2, 11, 349.0,474.0,-1
11, 2, 349.0,474.0,-1
2, 12, 452.0,631.0,1
12, 2, 452.0,631.0,1
2, 13, 576.0,811.0,-1
13, 2, 576.0,811.0,-1
2, 14, 765.0,1081.0,-1
14, 2, 765.0,1081.0,-1
2, 15, 362.0,381.0,-1
15, 2, 362.0,381.0,-1
2, 16, 687.0,754.0,-1
16, 2, 687.0,754.0,-1
2, 2, 0.0,0.0,1
3, 4, 360.0,454.0,-1
4, 3, 360.0,454.0,-1
3, 5, 326.0,461.0,-1
5, 3, 326.0,461.0,-1
3, 6, 409.0,570.0,1
6, 3, 409.0,570.0,1
3, 7, 382.0,540.0,-1
7, 3, 382.0,540.0,-1
3, 8, 690.0,919.0,-1
8, 3, 690.0,919.0,-1
3, 9, 433.0,460.0,-1
9, 3, 433.0,460.0,-1
3, 10, 594.0,759.0,-1
10, 3, 594.0,759.0,-1
3, 11, 229.0,273.0,-1
11, 3, 229.0,273.0,-1
3, 12, 552.0,749.0,1
12, 3, 552.0,749.0,1
3, 13, 354.0,473.0,-1
13, 3, 354.0,473.0,-1
3, 14, 668.0,674.0,-1
14, 3, 668.0,674.0,-1
3, 15, 217.0,305.0,-1
15, 3, 217.0,305.0,-1
3, 16, 246.0,347.0,-1
16, 3, 246.0,347.0,-1
3, 3, 0.0,0.0,1
4, 5, 665.0,914.0,1
5, 4, 665.0,914.0,1
4, 6, 620.0,800.0,-1
6, 4, 620.0,800.0,-1
4, 7, 724.0,993.0,1
7, 4, 724.0,993.0,1
4, 8, 495.0,689.0,-1
8, 4, 495.0,689.0,-1
4, 9, 658.0,914.0,-1
9, 4, 658.0,914.0,-1
4, 10, 703.0,990.0,1
10, 4, 703.0,990.0,1
4, 11, 408.0,504.0,-1
11, 4, 408.0,504.0,-1
4, 12, 209.0,295.0,1
12, 4, 209.0,295.0,1
4, 13, 662.0,703.0,1
13, 4, 662.0,703.0,1
4, 14, 347.0,443.0,-1
14, 4, 347.0,443.0,-1
4, 15, 211.0,259.0,-1
15, 4, 211.0,259.0,-1
4, 16, 307.0,418.0,1
16, 4, 307.0,418.0,1
4, 4, 0.0,0.0,1
5, 6, 568.0,578.0,-1
6, 5, 568.0,578.0,-1
5, 7, 60.0,79.0,1
7, 5, 60.0,79.0,1
5, 8, 851.0,911.0,1
8, 5, 851.0,911.0,1
5, 9, 280.0,395.0,1
9, 5, 280.0,395.0,1
5, 10, 794.0,820.0,1
10, 5, 794.0,820.0,1
5, 11, 490.0,634.0,-1
11, 5, 490.0,634.0,-1
5, 12, 868.0,1209.0,-1
12, 5, 868.0,1209.0,-1
5, 13, 400.0,481.0,1
13, 5, 400.0,481.0,1
5, 14, 923.0,1123.0,1
14, 5, 923.0,1123.0,1
5, 15, 542.0,765.0,-1
15, 5, 542.0,765.0,-1
5, 16, 425.0,496.0,-1
16, 5, 425.0,496.0,-1
5, 5, 0.0,0.0,1
6, 7, 595.0,636.0,-1
7, 6, 595.0,636.0,-1
6, 8, 1065.0,1488.0,-1
8, 6, 1065.0,1488.0,-1
6, 9, 793.0,973.0,-1
9, 6, 793.0,973.0,-1
6, 10, 229.0,263.0,-1
10, 6, 229.0,263.0,-1
6, 11, 217.0,297.0,-1
11, 6, 217.0,297.0,-1
6, 12, 726.0,792.0,-1
12, 6, 726.0,792.0,-1
6, 13, 197.0,262.0,-1
13, 6, 197.0,262.0,-1
6, 14, 966.0,1243.0,-1
14, 6, 966.0,1243.0,-1
6, 15, 411.0,542.0,-1
15, 6, 411.0,542.0,-1
6, 16, 649.0,916.0,1
16, 6, 649.0,916.0,1
6, 6, 0.0,0.0,1
7, 8, 903.0,938.0,-1
8, 7, 903.0,938.0,-1
7, 9, 304.0,423.0,-1
9, 7, 304.0,423.0,-1
7, 10, 823.0,899.0,-1
10, 7, 823.0,899.0,-1
7, 11, 535.0,713.0,1
11, 7, 535.0,713.0,1
7, 12, 927.0,1288.0,1
12, 7, 927.0,1288.0,1
7, 13, 416.0,454.0,-1
13, 7, 416.0,454.0,-1
7, 14, 981.0,1202.0,-1
14, 7, 981.0,1202.0,-1
7, 15, 597.0,844.0,-1
15, 7, 597.0,844.0,-1
7, 16, 482.0,575.0,-1
16, 7, 482.0,575.0,-1
7, 7, 0.0,0.0,1
8, 9, 666.0,787.0,-1
9, 8, 666.0,787.0,-1
8, 10, 1187.0,1678.0,-1
10, 8, 1187.0,1678.0,-1
8, 11, 850.0,1192.0,-1
11, 8, 850.0,1192.0,-1
8, 12, 576.0,696.0,-1
12, 8, 576.0,696.0,-1
8, 13, 1044.0,1391.0,-1
13, 8, 1044.0,1391.0,-1
8, 14, 294.0,336.0,-1
14, 8, 294.0,336.0,-1
8, 15, 670.0,947.0,1
15, 8, 670.0,947.0,1
8, 16, 455.0,573.0,1
16, 8, 455.0,573.0,1
8, 8, 0.0,0.0,1
9, 10, 1006.0,1162.0,-1
10, 9, 1006.0,1162.0,-1
9, 11, 655.0,676.0,-1
11, 9, 655.0,676.0,-1
9, 12, 864.0,1208.0,1
12, 9, 864.0,1208.0,1
9, 13, 654.0,876.0,-1
13, 9, 654.0,876.0,-1
9, 14, 817.0,1122.0,1
14, 9, 817.0,1122.0,1
9, 15, 621.0,765.0,-1
15, 9, 621.0,765.0,-1
9, 16, 353.0,496.0,1
16, 9, 353.0,496.0,1
9, 9, 0.0,0.0,1
10, 11, 369.0,486.0,-1
11, 10, 369.0,486.0,-1
10, 12, 747.0,982.0,1
12, 10, 747.0,982.0,1
10, 13, 423.0,524.0,-1
13, 10, 423.0,524.0,-1
10, 14, 1035.0,1432.0,-1
14, 10, 1035.0,1432.0,-1
10, 15, 519.0,731.0,1
15, 10, 519.0,731.0,1
10, 16, 815.0,1105.0,-1
16, 10, 815.0,1105.0,-1
10, 10, 0.0,0.0,1
11, 12, 537.0,576.0,-1
12, 11, 537.0,576.0,-1
11, 13, 278.0,338.0,-1
13, 11, 278.0,338.0,-1
11, 14, 753.0,946.0,-1
14, 11, 753.0,946.0,-1
11, 15, 197.0,245.0,1
15, 11, 197.0,245.0,1
11, 16, 449.0,619.0,-1
16, 11, 449.0,619.0,-1
11, 11, 0.0,0.0,1
12, 13, 812.0,913.0,-1
13, 12, 812.0,913.0,-1
12, 14, 325.0,451.0,-1
14, 12, 325.0,451.0,-1
12, 15, 361.0,444.0,-1
15, 12, 361.0,444.0,-1
12, 16, 512.0,713.0,1
16, 12, 512.0,713.0,1
12, 12, 0.0,0.0,1
13, 14, 999.0,1146.0,-1
14, 13, 999.0,1146.0,-1
13, 15, 457.0,469.0,1
15, 13, 457.0,469.0,1
13, 16, 596.0,819.0,1
16, 13, 596.0,819.0,1
13, 13, 0.0,0.0,1
14, 15, 557.0,701.0,-1
15, 14, 557.0,701.0,-1
14, 16, 500.0,627.0,-1
16, 14, 500.0,627.0,-1
14, 14, 0.0,0.0,1
15, 16, 326.0,374.0,1
16, 15, 326.0,374.0,1
15, 15, 0.0,0.0,1
16, 16, 0.0,0.0,1


<end>