<number of nodes>
16

<ratio of available edges>
0.3

<max length of the drone flight>
100000 

<D 2/3>
1, 2, 5, 6, 7, 8, 9, 10, 11, 15, 16

<V>
2, 8, 9, 11, 15

<coordinates X,Y>
912.0043750781684, 257.0790715594872
915.7544256675966, 672.1053861687855
542.8715631903638, 810.6914670986304
620.7970584749814, 311.56849746551063
272.2167342557503, 667.9314891354848
304.5488136494404, 474.8467241426357
397.75254211094426, 985.2564195385655
574.1324852318176, 797.3292951505031
611.394086169182, 708.753133142393
560.2395905570381, 273.2987827307295
748.2043426505629, 23.950072450177284
200.84323264316902, 237.09317173430057
37.520925367099345, 725.9463274542325
462.3443018721485, 58.648825023644875
379.91787468591747, 890.5660431554435
368.24403399676953, 854.2081578316403

<adjacency matrix with truck distances>
1, 2, 416.0,419.0,-1
2, 1, 416.0,419.0,-1
1, 3, 666.0,923.0,-1
3, 1, 666.0,923.0,-1
1, 4, 297.0,346.0,-1
4, 1, 297.0,346.0,-1
1, 5, 761.0,1051.0,-1
5, 1, 761.0,1051.0,-1
1, 6, 646.0,826.0,-1
6, 1, 646.0,826.0,-1
1, 7, 892.0,1243.0,-1
7, 1, 892.0,1243.0,-1
1, 8, 638.0,879.0,-1
8, 1, 638.0,879.0,-1
1, 9, 543.0,753.0,1
9, 1, 543.0,753.0,1
1, 10, 353.0,368.0,-1
10, 1, 353.0,368.0,-1
1, 11, 285.0,397.0,-1
11, 1, 285.0,397.0,-1
1, 12, 712.0,732.0,1
12, 1, 712.0,732.0,1
1, 13, 993.0,1344.0,-1
13, 1, 993.0,1344.0,-1
1, 14, 492.0,649.0,-1
14, 1, 492.0,649.0,-1
1, 15, 828.0,1166.0,-1
15, 1, 828.0,1166.0,-1
1, 16, 808.0,1141.0,1
16, 1, 808.0,1141.0,1
1, 1, 0.0,0.0,1
2, 3, 398.0,512.0,-1
3, 2, 398.0,512.0,-1
2, 4, 466.0,656.0,1
4, 2, 466.0,656.0,1
2, 5, 644.0,648.0,1
5, 2, 644.0,648.0,1
2, 6, 643.0,809.0,1
6, 2, 643.0,809.0,1
2, 7, 606.0,832.0,-1
7, 2, 606.0,832.0,-1
2, 8, 364.0,467.0,-1
8, 2, 364.0,467.0,-1
2, 9, 307.0,342.0,1
9, 2, 307.0,342.0,1
2, 10, 535.0,755.0,1
10, 2, 535.0,755.0,1
2, 11, 670.0,816.0,-1
11, 2, 670.0,816.0,-1
2, 12, 837.0,1150.0,1
12, 2, 837.0,1150.0,1
2, 13, 880.0,933.0,-1
13, 2, 880.0,933.0,-1
2, 14, 763.0,1067.0,-1
14, 2, 763.0,1067.0,-1
2, 15, 579.0,755.0,-1
15, 2, 579.0,755.0,-1
2, 16, 578.0,730.0,-1
16, 2, 578.0,730.0,-1
2, 2, 0.0,0.0,1
3, 4, 506.0,578.0,-1
4, 3, 506.0,578.0,-1
3, 5, 306.0,414.0,1
5, 3, 306.0,414.0,1
3, 6, 412.0,575.0,1
6, 3, 412.0,575.0,1
3, 7, 228.0,320.0,-1
7, 3, 228.0,320.0,-1
3, 8, 34.0,45.0,1
8, 3, 34.0,45.0,1
3, 9, 123.0,171.0,-1
9, 3, 123.0,171.0,-1
3, 10, 538.0,555.0,1
10, 3, 538.0,555.0,1
3, 11, 814.0,993.0,1
11, 3, 814.0,993.0,1
3, 12, 668.0,916.0,-1
12, 3, 668.0,916.0,-1
3, 13, 513.0,591.0,1
13, 3, 513.0,591.0,1
3, 14, 757.0,833.0,-1
14, 3, 757.0,833.0,-1
3, 15, 182.0,243.0,1
15, 3, 182.0,243.0,1
3, 16, 180.0,219.0,-1
16, 3, 180.0,219.0,-1
3, 3, 0.0,0.0,1
4, 5, 499.0,705.0,1
5, 4, 499.0,705.0,1
4, 6, 356.0,480.0,-1
6, 4, 356.0,480.0,-1
4, 7, 710.0,897.0,-1
7, 4, 710.0,897.0,-1
4, 8, 488.0,533.0,-1
8, 4, 488.0,533.0,-1
4, 9, 398.0,407.0,1
9, 4, 398.0,407.0,1
4, 10, 72.0,99.0,1
10, 4, 72.0,99.0,1
4, 11, 315.0,416.0,1
11, 4, 315.0,416.0,1
4, 12, 427.0,495.0,-1
12, 4, 427.0,495.0,-1
4, 13, 716.0,998.0,-1
13, 4, 716.0,998.0,-1
4, 14, 299.0,412.0,-1
14, 4, 299.0,412.0,-1
4, 15, 628.0,820.0,-1
15, 4, 628.0,820.0,-1
4, 16, 599.0,796.0,-1
16, 4, 599.0,796.0,-1
4, 4, 0.0,0.0,1
5, 6, 196.0,226.0,-1
6, 5, 196.0,226.0,-1
5, 7, 342.0,443.0,-1
7, 5, 342.0,443.0,-1
5, 8, 329.0,432.0,-1
8, 5, 329.0,432.0,-1
5, 9, 342.0,380.0,1
9, 5, 342.0,380.0,1
5, 10, 489.0,683.0,-1
10, 5, 489.0,683.0,-1
5, 11, 801.0,1120.0,-1
11, 5, 801.0,1120.0,-1
5, 12, 437.0,503.0,-1
12, 5, 437.0,503.0,-1
5, 13, 242.0,293.0,-1
13, 5, 242.0,293.0,-1
5, 14, 639.0,800.0,1
14, 5, 639.0,800.0,1
5, 15, 248.0,331.0,-1
15, 5, 248.0,331.0,-1
5, 16, 210.0,283.0,1
16, 5, 210.0,283.0,1
5, 5, 0.0,0.0,1
6, 7, 519.0,604.0,-1
7, 6, 519.0,604.0,-1
6, 8, 421.0,593.0,1
8, 6, 421.0,593.0,1
6, 9, 386.0,541.0,-1
9, 6, 386.0,541.0,-1
6, 10, 326.0,458.0,-1
10, 6, 326.0,458.0,-1
6, 11, 633.0,895.0,-1
11, 6, 633.0,895.0,-1
6, 12, 260.0,342.0,-1
12, 6, 260.0,342.0,-1
6, 13, 367.0,519.0,-1
13, 6, 367.0,519.0,-1
6, 14, 446.0,574.0,-1
14, 6, 446.0,574.0,-1
6, 15, 423.0,492.0,-1
15, 6, 423.0,492.0,-1
6, 16, 385.0,444.0,-1
16, 6, 385.0,444.0,-1
6, 6, 0.0,0.0,1
7, 8, 258.0,365.0,-1
8, 7, 258.0,365.0,-1
7, 9, 350.0,491.0,1
9, 7, 350.0,491.0,1
7, 10, 731.0,875.0,-1
10, 7, 731.0,875.0,-1
7, 11, 1024.0,1312.0,-1
11, 7, 1024.0,1312.0,-1
7, 12, 774.0,946.0,-1
12, 7, 774.0,946.0,-1
7, 13, 444.0,620.0,-1
13, 7, 444.0,620.0,-1
7, 14, 929.0,992.0,-1
14, 7, 929.0,992.0,-1
7, 15, 97.0,113.0,1
15, 7, 97.0,113.0,1
7, 16, 135.0,161.0,-1
16, 7, 135.0,161.0,-1
7, 7, 0.0,0.0,1
8, 9, 97.0,126.0,-1
9, 8, 97.0,126.0,-1
8, 10, 525.0,538.0,1
10, 8, 525.0,538.0,1
8, 11, 793.0,948.0,1
11, 8, 793.0,948.0,1
8, 12, 674.0,934.0,-1
12, 8, 674.0,934.0,-1
8, 13, 542.0,608.0,-1
13, 8, 542.0,608.0,-1
8, 14, 748.0,851.0,1
14, 8, 748.0,851.0,1
8, 15, 216.0,288.0,1
15, 8, 216.0,288.0,1
8, 16, 214.0,263.0,-1
16, 8, 214.0,263.0,-1
8, 8, 0.0,0.0,1
9, 10, 439.0,487.0,-1
10, 9, 439.0,487.0,-1
9, 11, 699.0,822.0,1
11, 9, 699.0,822.0,1
9, 12, 626.0,883.0,1
12, 9, 626.0,883.0,1
9, 13, 575.0,592.0,1
13, 9, 575.0,592.0,1
9, 14, 667.0,800.0,-1
14, 9, 667.0,800.0,-1
9, 15, 295.0,414.0,-1
15, 9, 295.0,414.0,-1
9, 16, 284.0,389.0,-1
16, 9, 284.0,389.0,-1
9, 9, 0.0,0.0,1
10, 11, 313.0,438.0,-1
11, 10, 313.0,438.0,-1
10, 12, 362.0,396.0,-1
12, 10, 362.0,396.0,-1
10, 13, 692.0,976.0,-1
13, 10, 692.0,976.0,-1
10, 14, 236.0,313.0,-1
14, 10, 236.0,313.0,-1
10, 15, 644.0,798.0,-1
15, 10, 644.0,798.0,-1
10, 16, 612.0,773.0,-1
16, 10, 612.0,773.0,-1
10, 10, 0.0,0.0,1
11, 12, 588.0,761.0,-1
12, 11, 588.0,761.0,-1
11, 13, 999.0,1413.0,1
13, 11, 999.0,1413.0,1
11, 14, 288.0,321.0,-1
14, 11, 288.0,321.0,-1
11, 15, 942.0,1235.0,-1
15, 11, 942.0,1235.0,-1
11, 16, 914.0,1211.0,-1
16, 11, 914.0,1211.0,-1
11, 11, 0.0,0.0,1
12, 13, 516.0,653.0,-1
13, 12, 516.0,653.0,-1
12, 14, 317.0,440.0,-1
14, 12, 317.0,440.0,-1
12, 15, 678.0,833.0,-1
15, 12, 678.0,833.0,-1
12, 16, 640.0,785.0,1
16, 12, 640.0,785.0,1
12, 12, 0.0,0.0,1
13, 14, 792.0,1093.0,-1
14, 13, 792.0,1093.0,-1
13, 15, 380.0,508.0,1
15, 13, 380.0,508.0,1
13, 16, 355.0,459.0,-1
16, 13, 355.0,459.0,-1
13, 13, 0.0,0.0,1
14, 15, 836.0,915.0,-1
15, 14, 836.0,915.0,-1
14, 16, 802.0,890.0,-1
16, 14, 802.0,890.0,-1
14, 14, 0.0,0.0,1
15, 16, 39.0,49.0,-1
16, 15, 39.0,49.0,-1
15, 15, 0.0,0.0,1
16, 16, 0.0,0.0,1


<end>