<number of nodes>
16

<ratio of available edges>
0.3

<max length of the drone flight>
100000 

<D 2/3>
1, 2, 3, 4, 5, 6, 8, 9, 13, 14, 16

<V>
2, 4, 5, 13, 16

<coordinates X,Y>
635.0079367647049, 682.6623987274346
858.4489938844371, 90.55547416289959
564.0507152930704, 848.1697700716965
876.7777096741513, 793.9248015788008
940.401927477652, 739.3182061996039
372.13847942315834, 781.3981246205832
401.39933220406954, 466.7335131764699
528.5424119384035, 652.4511470266447
155.90401043573928, 29.211727652065324
717.8687261484298, 240.61117697806833
586.7633231221934, 918.934933655229
556.6841729564447, 674.3677056625902
263.4194815937706, 511.92423842515353
360.7377454298811, 525.9437596947641
303.5535798770861, 934.9971080808663
433.62247914770956, 141.85365653554572

<adjacency matrix with truck distances>
1, 2, 633.0,816.0,-1
2, 1, 633.0,816.0,-1
1, 3, 181.0,237.0,1
3, 1, 181.0,237.0,1
1, 4, 267.0,354.0,1
4, 1, 267.0,354.0,1
1, 5, 311.0,363.0,-1
5, 1, 311.0,363.0,-1
1, 6, 281.0,362.0,-1
6, 1, 281.0,362.0,-1
1, 7, 319.0,450.0,-1
7, 1, 319.0,450.0,-1
1, 8, 111.0,137.0,-1
8, 1, 111.0,137.0,-1
1, 9, 811.0,1133.0,1
9, 1, 811.0,1133.0,1
1, 10, 450.0,525.0,-1
10, 1, 450.0,525.0,-1
1, 11, 242.0,285.0,1
11, 1, 242.0,285.0,1
1, 12, 79.0,87.0,-1
12, 1, 79.0,87.0,-1
1, 13, 409.0,543.0,-1
13, 1, 409.0,543.0,-1
1, 14, 316.0,431.0,-1
14, 1, 316.0,431.0,-1
1, 15, 417.0,584.0,-1
15, 1, 417.0,584.0,-1
1, 16, 578.0,743.0,1
16, 1, 578.0,743.0,1
1, 1, 0.0,0.0,1
2, 3, 813.0,1053.0,-1
3, 2, 813.0,1053.0,-1
2, 4, 704.0,722.0,1
4, 2, 704.0,722.0,1
2, 5, 654.0,731.0,-1
5, 2, 654.0,731.0,-1
2, 6, 845.0,1178.0,-1
6, 2, 845.0,1178.0,-1
2, 7, 592.0,834.0,-1
7, 2, 592.0,834.0,-1
2, 8, 652.0,892.0,-1
8, 2, 652.0,892.0,-1
2, 9, 706.0,764.0,-1
9, 2, 706.0,764.0,-1
2, 10, 206.0,291.0,1
10, 2, 206.0,291.0,1
2, 11, 872.0,1101.0,-1
11, 2, 872.0,1101.0,-1
2, 12, 658.0,886.0,-1
12, 2, 658.0,886.0,-1
2, 13, 730.0,1017.0,-1
13, 2, 730.0,1017.0,-1
2, 14, 662.0,934.0,-1
14, 2, 662.0,934.0,-1
2, 15, 1011.0,1400.0,-1
15, 2, 1011.0,1400.0,-1
2, 16, 428.0,477.0,-1
16, 2, 428.0,477.0,-1
2, 2, 0.0,0.0,1
3, 4, 318.0,367.0,-1
4, 3, 318.0,367.0,-1
3, 5, 392.0,486.0,1
5, 3, 392.0,486.0,1
3, 6, 204.0,259.0,-1
6, 3, 204.0,259.0,-1
3, 7, 415.0,545.0,-1
7, 3, 415.0,545.0,-1
3, 8, 199.0,232.0,-1
8, 3, 199.0,232.0,-1
3, 9, 916.0,1228.0,-1
9, 3, 916.0,1228.0,-1
3, 10, 627.0,762.0,-1
10, 3, 627.0,762.0,-1
3, 11, 75.0,94.0,-1
11, 3, 75.0,94.0,-1
3, 12, 174.0,182.0,-1
12, 3, 174.0,182.0,-1
3, 13, 452.0,637.0,1
13, 3, 452.0,637.0,1
3, 14, 382.0,526.0,1
14, 3, 382.0,526.0,1
3, 15, 275.0,348.0,1
15, 3, 275.0,348.0,1
3, 16, 719.0,837.0,-1
16, 3, 719.0,837.0,-1
3, 3, 0.0,0.0,1
4, 5, 84.0,119.0,-1
5, 4, 84.0,119.0,-1
4, 6, 505.0,518.0,1
6, 4, 505.0,518.0,1
4, 7, 578.0,803.0,-1
7, 4, 578.0,803.0,-1
4, 8, 376.0,490.0,-1
8, 4, 376.0,490.0,-1
4, 9, 1051.0,1486.0,-1
9, 4, 1051.0,1486.0,-1
4, 10, 576.0,713.0,-1
10, 4, 576.0,713.0,-1
4, 11, 316.0,416.0,-1
11, 4, 316.0,416.0,-1
4, 12, 342.0,440.0,1
12, 4, 342.0,440.0,1
4, 13, 676.0,896.0,-1
13, 4, 676.0,896.0,-1
4, 14, 582.0,785.0,1
14, 4, 582.0,785.0,1
4, 15, 591.0,715.0,1
15, 4, 591.0,715.0,1
4, 16, 789.0,1096.0,-1
16, 4, 789.0,1096.0,-1
4, 4, 0.0,0.0,1
5, 6, 570.0,611.0,-1
6, 5, 570.0,611.0,-1
5, 7, 605.0,812.0,-1
7, 5, 605.0,812.0,-1
5, 8, 421.0,499.0,-1
8, 5, 421.0,499.0,-1
5, 9, 1059.0,1495.0,-1
9, 5, 1059.0,1495.0,-1
5, 10, 547.0,722.0,-1
10, 5, 547.0,722.0,-1
5, 11, 397.0,534.0,-1
11, 5, 397.0,534.0,-1
5, 12, 390.0,449.0,-1
12, 5, 390.0,449.0,-1
5, 13, 715.0,905.0,-1
13, 5, 715.0,905.0,-1
5, 14, 618.0,794.0,1
14, 5, 618.0,794.0,1
5, 15, 667.0,833.0,1
15, 5, 667.0,833.0,1
5, 16, 784.0,1105.0,-1
16, 5, 784.0,1105.0,-1
5, 5, 0.0,0.0,1
6, 7, 317.0,344.0,-1
7, 6, 317.0,344.0,-1
6, 8, 203.0,286.0,-1
8, 6, 203.0,286.0,-1
6, 9, 783.0,969.0,-1
9, 6, 783.0,969.0,-1
6, 10, 642.0,887.0,-1
10, 6, 642.0,887.0,-1
6, 11, 255.0,353.0,-1
11, 6, 255.0,353.0,-1
6, 12, 214.0,292.0,-1
12, 6, 214.0,292.0,-1
6, 13, 291.0,379.0,1
13, 6, 291.0,379.0,1
6, 14, 256.0,267.0,-1
14, 6, 256.0,267.0,-1
6, 15, 169.0,223.0,1
15, 6, 169.0,223.0,1
6, 16, 643.0,702.0,-1
16, 6, 643.0,702.0,-1
6, 6, 0.0,0.0,1
7, 8, 226.0,313.0,-1
8, 7, 226.0,313.0,-1
7, 9, 502.0,684.0,1
9, 7, 502.0,684.0,1
7, 10, 389.0,543.0,-1
10, 7, 389.0,543.0,-1
7, 11, 489.0,638.0,-1
11, 7, 489.0,638.0,-1
7, 12, 260.0,363.0,1
12, 7, 260.0,363.0,1
7, 13, 146.0,184.0,-1
13, 7, 146.0,184.0,-1
7, 14, 72.0,100.0,1
14, 7, 72.0,100.0,1
7, 15, 479.0,567.0,-1
15, 7, 479.0,567.0,-1
7, 16, 327.0,358.0,-1
16, 7, 327.0,358.0,-1
7, 7, 0.0,0.0,1
8, 9, 727.0,996.0,-1
9, 8, 727.0,996.0,-1
8, 10, 454.0,602.0,-1
10, 8, 454.0,602.0,-1
8, 11, 273.0,325.0,-1
11, 8, 273.0,325.0,-1
8, 12, 36.0,51.0,-1
12, 8, 36.0,51.0,-1
8, 13, 301.0,406.0,-1
13, 8, 301.0,406.0,-1
8, 14, 211.0,295.0,1
14, 8, 211.0,295.0,1
8, 15, 362.0,508.0,1
15, 8, 362.0,508.0,1
8, 16, 520.0,606.0,-1
16, 8, 520.0,606.0,-1
8, 8, 0.0,0.0,1
9, 10, 601.0,774.0,-1
10, 9, 601.0,774.0,-1
9, 11, 989.0,1321.0,-1
11, 9, 989.0,1321.0,-1
9, 12, 760.0,1046.0,-1
12, 9, 760.0,1046.0,-1
9, 13, 495.0,591.0,1
13, 9, 495.0,591.0,1
9, 14, 538.0,702.0,-1
14, 9, 538.0,702.0,-1
9, 15, 918.0,1054.0,-1
15, 9, 918.0,1054.0,-1
9, 16, 300.0,391.0,1
16, 9, 300.0,391.0,1
9, 9, 0.0,0.0,1
10, 11, 691.0,810.0,-1
11, 10, 691.0,810.0,-1
10, 12, 463.0,595.0,-1
12, 10, 463.0,595.0,-1
10, 13, 530.0,726.0,-1
13, 10, 530.0,726.0,-1
10, 14, 458.0,643.0,-1
14, 10, 458.0,643.0,-1
10, 15, 809.0,1109.0,-1
15, 10, 809.0,1109.0,-1
10, 16, 301.0,384.0,-1
16, 10, 301.0,384.0,-1
10, 10, 0.0,0.0,1
11, 12, 247.0,275.0,-1
12, 11, 247.0,275.0,-1
11, 13, 520.0,731.0,1
13, 11, 520.0,731.0,1
11, 14, 454.0,620.0,1
14, 11, 454.0,620.0,1
11, 15, 284.0,300.0,1
15, 11, 284.0,300.0,1
11, 16, 793.0,931.0,-1
16, 11, 793.0,931.0,-1
11, 11, 0.0,0.0,1
12, 13, 336.0,456.0,1
13, 12, 336.0,456.0,1
12, 14, 246.0,345.0,1
14, 12, 246.0,345.0,1
12, 15, 364.0,514.0,1
15, 12, 364.0,514.0,1
12, 16, 547.0,656.0,-1
16, 12, 547.0,656.0,-1
12, 12, 0.0,0.0,1
13, 14, 99.0,112.0,1
14, 13, 99.0,112.0,1
13, 15, 425.0,464.0,1
15, 13, 425.0,464.0,1
13, 16, 408.0,541.0,-1
16, 13, 408.0,541.0,-1
13, 13, 0.0,0.0,1
14, 15, 414.0,467.0,1
15, 14, 414.0,467.0,1
14, 16, 391.0,457.0,-1
16, 14, 391.0,457.0,-1
14, 14, 0.0,0.0,1
15, 16, 804.0,924.0,1
16, 15, 804.0,924.0,1
15, 15, 0.0,0.0,1
16, 16, 0.0,0.0,1


<end>