<number of nodes>
16

<ratio of available edges>
0.3

<max length of the drone flight>
100000 

<D 2/3>
1, 3, 5, 6, 7, 9, 11, 12, 13, 14, 16

<V>
3, 6, 7, 14, 16

<coordinates X,Y>
418.65747474346915, 256.12264314751224
257.1387892360907, 325.66643953531167
81.96105367273962, 686.6821991348223
945.6574726723, 36.69038879222755
703.0126584862986, 659.1009641681568
481.88194325256376, 72.35858478925324
189.23620339945256, 79.31453992932506
376.8109123790963, 723.5346193883574
630.3628730198348, 54.2493985280207
705.6680677534006, 755.5794185799098
571.8854997442288, 199.19642492023704
747.005014150882, 731.1912559489223
448.7221808592233, 52.82362259367124
839.8585212863658, 642.2185349331094
585.2850246657305, 94.40564136402382
956.3386862263179, 739.3478842695021

<adjacency matrix with truck distances>
1, 2, 176.0,232.0,-1
2, 1, 176.0,232.0,-1
1, 3, 547.0,768.0,1
3, 1, 547.0,768.0,1
1, 4, 571.0,747.0,-1
4, 1, 571.0,747.0,-1
1, 5, 494.0,688.0,-1
5, 1, 494.0,688.0,-1
1, 6, 195.0,247.0,-1
6, 1, 195.0,247.0,-1
1, 7, 290.0,407.0,-1
7, 1, 290.0,407.0,-1
1, 8, 470.0,510.0,-1
8, 1, 470.0,510.0,-1
1, 9, 293.0,414.0,-1
9, 1, 293.0,414.0,-1
1, 10, 577.0,787.0,-1
10, 1, 577.0,787.0,-1
1, 11, 164.0,211.0,-1
11, 1, 164.0,211.0,-1
1, 12, 578.0,804.0,-1
12, 1, 578.0,804.0,-1
1, 13, 206.0,234.0,-1
13, 1, 206.0,234.0,-1
1, 14, 572.0,808.0,-1
14, 1, 572.0,808.0,-1
1, 15, 233.0,329.0,-1
15, 1, 233.0,329.0,-1
1, 16, 723.0,1021.0,-1
16, 1, 723.0,1021.0,-1
1, 1, 0.0,0.0,1
2, 3, 402.0,537.0,-1
3, 2, 402.0,537.0,-1
2, 4, 747.0,978.0,-1
4, 2, 747.0,978.0,-1
2, 5, 557.0,780.0,1
5, 2, 557.0,780.0,1
2, 6, 339.0,479.0,-1
6, 2, 339.0,479.0,-1
2, 7, 256.0,315.0,1
7, 2, 256.0,315.0,1
2, 8, 416.0,518.0,-1
8, 2, 416.0,518.0,-1
2, 9, 462.0,645.0,-1
9, 2, 462.0,645.0,-1
2, 10, 622.0,879.0,1
10, 2, 622.0,879.0,1
2, 11, 340.0,442.0,-1
11, 2, 340.0,442.0,-1
2, 12, 636.0,896.0,1
12, 2, 636.0,896.0,1
2, 13, 334.0,465.0,1
13, 2, 334.0,465.0,1
2, 14, 664.0,900.0,-1
14, 2, 664.0,900.0,-1
2, 15, 402.0,560.0,1
15, 2, 402.0,560.0,1
2, 16, 813.0,1113.0,-1
16, 2, 813.0,1113.0,-1
2, 2, 0.0,0.0,1
3, 4, 1081.0,1514.0,-1
4, 3, 1081.0,1514.0,-1
3, 5, 622.0,649.0,1
5, 3, 622.0,649.0,1
3, 6, 734.0,1015.0,1
6, 3, 734.0,1015.0,1
3, 7, 617.0,715.0,-1
7, 3, 617.0,715.0,-1
3, 8, 298.0,332.0,-1
8, 3, 298.0,332.0,-1
3, 9, 838.0,1181.0,1
9, 3, 838.0,1181.0,1
3, 10, 628.0,693.0,1
10, 3, 628.0,693.0,1
3, 11, 692.0,978.0,-1
11, 3, 692.0,978.0,-1
3, 12, 667.0,710.0,-1
12, 3, 667.0,710.0,-1
3, 13, 733.0,1001.0,-1
13, 3, 733.0,1001.0,-1
3, 14, 760.0,803.0,-1
14, 3, 760.0,803.0,-1
3, 15, 778.0,1096.0,1
15, 3, 778.0,1096.0,1
3, 16, 876.0,928.0,-1
16, 3, 876.0,928.0,-1
3, 3, 0.0,0.0,1
4, 5, 669.0,866.0,-1
5, 4, 669.0,866.0,-1
4, 6, 466.0,500.0,-1
6, 4, 466.0,500.0,-1
4, 7, 758.0,800.0,-1
7, 4, 758.0,800.0,-1
4, 8, 892.0,1256.0,-1
8, 4, 892.0,1256.0,-1
4, 9, 316.0,333.0,1
9, 4, 316.0,333.0,1
4, 10, 758.0,959.0,-1
10, 4, 758.0,959.0,-1
4, 11, 408.0,537.0,1
11, 4, 408.0,537.0,1
4, 12, 723.0,894.0,1
12, 4, 723.0,894.0,1
4, 13, 498.0,514.0,-1
13, 4, 498.0,514.0,-1
4, 14, 615.0,712.0,1
14, 4, 615.0,712.0,1
4, 15, 365.0,419.0,-1
15, 4, 365.0,419.0,-1
4, 16, 703.0,714.0,1
16, 4, 703.0,714.0,1
4, 4, 0.0,0.0,1
5, 6, 628.0,808.0,1
6, 5, 628.0,808.0,1
5, 7, 775.0,1094.0,-1
7, 5, 775.0,1094.0,-1
5, 8, 333.0,391.0,-1
8, 5, 333.0,391.0,-1
5, 9, 610.0,678.0,-1
9, 5, 610.0,678.0,-1
5, 10, 97.0,100.0,-1
10, 5, 97.0,100.0,-1
5, 11, 479.0,592.0,1
11, 5, 479.0,592.0,1
5, 12, 85.0,117.0,1
12, 5, 85.0,117.0,1
5, 13, 658.0,861.0,-1
13, 5, 658.0,861.0,-1
5, 14, 138.0,154.0,-1
14, 5, 138.0,154.0,-1
5, 15, 577.0,683.0,1
15, 5, 577.0,683.0,1
5, 16, 266.0,334.0,-1
16, 5, 266.0,334.0,-1
5, 5, 0.0,0.0,1
6, 7, 293.0,300.0,1
7, 6, 293.0,300.0,1
6, 8, 660.0,757.0,-1
8, 6, 660.0,757.0,-1
6, 9, 150.0,167.0,-1
9, 6, 150.0,167.0,-1
6, 10, 719.0,908.0,1
10, 6, 719.0,908.0,1
6, 11, 156.0,217.0,-1
11, 6, 156.0,217.0,-1
6, 12, 711.0,924.0,1
12, 6, 711.0,924.0,1
6, 13, 39.0,53.0,-1
13, 6, 39.0,53.0,-1
6, 14, 673.0,928.0,-1
14, 6, 673.0,928.0,-1
6, 15, 106.0,126.0,-1
15, 6, 106.0,126.0,-1
6, 16, 819.0,1142.0,-1
16, 6, 819.0,1142.0,-1
6, 6, 0.0,0.0,1
7, 8, 671.0,832.0,-1
8, 7, 671.0,832.0,-1
7, 9, 442.0,467.0,-1
9, 7, 442.0,467.0,-1
7, 10, 851.0,1193.0,-1
10, 7, 851.0,1193.0,-1
7, 11, 401.0,503.0,-1
11, 7, 401.0,503.0,-1
7, 12, 858.0,1210.0,1
12, 7, 858.0,1210.0,1
7, 13, 261.0,286.0,-1
13, 7, 261.0,286.0,-1
7, 14, 861.0,1214.0,-1
14, 7, 861.0,1214.0,-1
7, 15, 397.0,412.0,-1
15, 7, 397.0,412.0,-1
7, 16, 1012.0,1428.0,-1
16, 7, 1012.0,1428.0,-1
7, 7, 0.0,0.0,1
8, 9, 716.0,923.0,1
9, 8, 716.0,923.0,1
8, 10, 331.0,361.0,-1
10, 8, 331.0,361.0,-1
8, 11, 560.0,720.0,-1
11, 8, 560.0,720.0,-1
8, 12, 371.0,378.0,-1
12, 8, 371.0,378.0,-1
8, 13, 675.0,743.0,1
13, 8, 675.0,743.0,1
8, 14, 471.0,545.0,-1
14, 8, 471.0,545.0,-1
8, 15, 663.0,838.0,-1
15, 8, 663.0,838.0,-1
8, 16, 580.0,596.0,1
16, 8, 580.0,596.0,1
8, 8, 0.0,0.0,1
9, 10, 706.0,777.0,1
10, 9, 706.0,777.0,1
9, 11, 157.0,204.0,-1
11, 9, 157.0,204.0,-1
9, 12, 687.0,794.0,-1
12, 9, 687.0,794.0,-1
9, 13, 182.0,184.0,1
13, 9, 182.0,184.0,1
9, 14, 625.0,798.0,-1
14, 9, 625.0,798.0,-1
9, 15, 61.0,86.0,-1
15, 9, 61.0,86.0,-1
9, 16, 759.0,1012.0,-1
16, 9, 759.0,1012.0,-1
9, 9, 0.0,0.0,1
10, 11, 573.0,691.0,1
11, 10, 573.0,691.0,1
10, 12, 48.0,66.0,1
12, 10, 48.0,66.0,1
10, 13, 749.0,960.0,-1
13, 10, 749.0,960.0,-1
10, 14, 176.0,248.0,-1
14, 10, 176.0,248.0,-1
10, 15, 673.0,782.0,1
15, 10, 673.0,782.0,1
10, 16, 252.0,267.0,1
16, 10, 252.0,267.0,1
10, 10, 0.0,0.0,1
11, 12, 561.0,708.0,-1
12, 11, 561.0,708.0,-1
11, 13, 192.0,270.0,-1
13, 11, 192.0,270.0,-1
11, 14, 518.0,711.0,-1
14, 11, 518.0,711.0,-1
11, 15, 106.0,119.0,-1
15, 11, 106.0,119.0,-1
11, 16, 663.0,925.0,1
16, 11, 663.0,925.0,1
11, 11, 0.0,0.0,1
12, 13, 742.0,977.0,-1
13, 12, 742.0,977.0,-1
12, 14, 129.0,182.0,-1
14, 12, 129.0,182.0,-1
12, 15, 658.0,799.0,-1
15, 12, 658.0,799.0,-1
12, 16, 210.0,218.0,-1
16, 12, 210.0,218.0,-1
12, 12, 0.0,0.0,1
13, 14, 708.0,981.0,-1
14, 13, 708.0,981.0,-1
13, 15, 143.0,179.0,-1
15, 13, 143.0,179.0,-1
13, 16, 854.0,1195.0,-1
16, 13, 854.0,1195.0,-1
13, 13, 0.0,0.0,1
14, 15, 605.0,803.0,-1
15, 14, 605.0,803.0,-1
14, 16, 152.0,214.0,-1
16, 14, 152.0,214.0,-1
14, 14, 0.0,0.0,1
15, 16, 745.0,1016.0,1
16, 15, 745.0,1016.0,1
15, 15, 0.0,0.0,1
16, 16, 0.0,0.0,1


<end>