<number of nodes>
16

<ratio of available edges>
0.3

<max length of the drone flight>
100000 

<D 2/3>
1, 3, 4, 5, 6, 9, 11, 12, 13, 14, 15

<V>
4, 6, 11, 14, 15

<coordinates X,Y>
93.22067931566079, 553.8119465404432
210.35826888836945, 660.6030354520169
303.4221108215821, 396.4363925961927
87.78804168128062, 247.95157484513373
198.12621642251554, 405.5470359740388
702.6736621785399, 559.9452646404852
425.7733814492635, 333.04432889629965
766.7556209923785, 607.2849416874345
568.7575386568001, 799.5344190781958
759.9034639293563, 990.040063174073
299.8339183408983, 684.8414274670898
456.20115673781595, 469.3491747696438
641.626471820011, 60.38875163957925
16.582753905785484, 766.2799247335287
129.35409756455633, 929.9425559627555
149.02113683296906, 785.6118190213479

<adjacency matrix with truck distances>
1, 2, 159.0,224.0,1
2, 1, 159.0,224.0,1
1, 3, 263.0,368.0,1
3, 1, 263.0,368.0,1
1, 4, 306.0,312.0,-1
4, 1, 306.0,312.0,-1
1, 5, 182.0,254.0,-1
5, 1, 182.0,254.0,-1
1, 6, 610.0,616.0,-1
6, 1, 610.0,616.0,-1
1, 7, 400.0,554.0,-1
7, 1, 400.0,554.0,-1
1, 8, 676.0,728.0,-1
8, 1, 676.0,728.0,-1
1, 9, 536.0,722.0,1
9, 1, 536.0,722.0,1
1, 10, 797.0,1103.0,-1
10, 1, 797.0,1103.0,-1
1, 11, 245.0,338.0,-1
11, 1, 245.0,338.0,-1
1, 12, 373.0,448.0,-1
12, 1, 373.0,448.0,-1
1, 13, 738.0,1042.0,-1
13, 1, 738.0,1042.0,-1
1, 14, 226.0,290.0,-1
14, 1, 226.0,290.0,-1
1, 15, 378.0,413.0,1
15, 1, 378.0,413.0,1
1, 16, 239.0,288.0,-1
16, 1, 239.0,288.0,-1
1, 1, 0.0,0.0,1
2, 3, 281.0,358.0,-1
3, 2, 281.0,358.0,-1
2, 4, 431.0,536.0,-1
4, 2, 431.0,536.0,-1
2, 5, 256.0,268.0,1
5, 2, 256.0,268.0,1
2, 6, 503.0,593.0,-1
6, 2, 503.0,593.0,-1
2, 7, 393.0,543.0,-1
7, 2, 393.0,543.0,-1
2, 8, 559.0,610.0,-1
8, 2, 559.0,610.0,-1
2, 9, 385.0,498.0,-1
9, 2, 385.0,498.0,-1
2, 10, 641.0,879.0,-1
10, 2, 641.0,879.0,-1
2, 11, 93.0,114.0,-1
11, 2, 93.0,114.0,-1
2, 12, 312.0,438.0,1
12, 2, 312.0,438.0,1
2, 13, 740.0,1032.0,-1
13, 2, 740.0,1032.0,-1
2, 14, 221.0,300.0,-1
14, 2, 221.0,300.0,-1
2, 15, 282.0,351.0,1
15, 2, 282.0,351.0,1
2, 16, 140.0,187.0,-1
16, 2, 140.0,187.0,-1
2, 2, 0.0,0.0,1
3, 4, 262.0,365.0,-1
4, 3, 262.0,365.0,-1
3, 5, 106.0,115.0,-1
5, 3, 106.0,115.0,-1
3, 6, 432.0,563.0,-1
6, 3, 432.0,563.0,-1
3, 7, 138.0,186.0,1
7, 3, 138.0,186.0,1
3, 8, 510.0,675.0,1
8, 3, 510.0,675.0,1
3, 9, 483.0,669.0,1
9, 3, 483.0,669.0,1
3, 10, 749.0,1051.0,1
10, 3, 749.0,1051.0,1
3, 11, 289.0,292.0,-1
11, 3, 289.0,292.0,-1
3, 12, 170.0,226.0,-1
12, 3, 170.0,226.0,-1
3, 13, 477.0,675.0,-1
13, 3, 477.0,675.0,-1
3, 14, 469.0,657.0,-1
14, 3, 469.0,657.0,-1
3, 15, 562.0,708.0,-1
15, 3, 562.0,708.0,-1
3, 16, 419.0,544.0,-1
16, 3, 419.0,544.0,-1
3, 3, 0.0,0.0,1
4, 5, 193.0,268.0,1
5, 4, 193.0,268.0,1
4, 6, 690.0,927.0,1
6, 4, 690.0,927.0,1
4, 7, 349.0,424.0,-1
7, 4, 349.0,424.0,-1
4, 8, 769.0,1039.0,-1
8, 4, 769.0,1039.0,-1
4, 9, 732.0,1033.0,-1
9, 4, 732.0,1033.0,-1
4, 10, 1002.0,1415.0,-1
10, 4, 1002.0,1415.0,-1
4, 11, 486.0,649.0,-1
11, 4, 486.0,649.0,-1
4, 12, 430.0,590.0,-1
12, 4, 430.0,590.0,-1
4, 13, 585.0,742.0,-1
13, 4, 585.0,742.0,-1
4, 14, 524.0,590.0,-1
14, 4, 524.0,590.0,-1
4, 15, 684.0,724.0,-1
15, 4, 684.0,724.0,-1
4, 16, 542.0,599.0,-1
16, 4, 542.0,599.0,-1
4, 4, 0.0,0.0,1
5, 6, 528.0,659.0,-1
6, 5, 528.0,659.0,-1
5, 7, 239.0,301.0,1
7, 5, 239.0,301.0,1
5, 8, 604.0,771.0,1
8, 5, 604.0,771.0,1
5, 9, 541.0,765.0,-1
9, 5, 541.0,765.0,-1
5, 10, 811.0,1147.0,-1
10, 5, 811.0,1147.0,-1
5, 11, 298.0,382.0,-1
11, 5, 298.0,382.0,-1
5, 12, 266.0,322.0,-1
12, 5, 266.0,322.0,-1
5, 13, 562.0,789.0,1
13, 5, 562.0,789.0,1
5, 14, 404.0,543.0,1
14, 5, 404.0,543.0,1
5, 15, 529.0,594.0,-1
15, 5, 529.0,594.0,-1
5, 16, 384.0,430.0,1
16, 5, 384.0,430.0,1
5, 5, 0.0,0.0,1
6, 7, 358.0,504.0,1
7, 6, 358.0,504.0,1
6, 8, 80.0,112.0,-1
8, 6, 80.0,112.0,-1
6, 9, 275.0,374.0,-1
9, 6, 275.0,374.0,-1
6, 10, 434.0,488.0,1
10, 6, 434.0,488.0,1
6, 11, 422.0,528.0,-1
11, 6, 422.0,528.0,-1
6, 12, 263.0,338.0,-1
12, 6, 263.0,338.0,-1
6, 13, 504.0,561.0,-1
13, 6, 504.0,561.0,-1
6, 14, 717.0,893.0,-1
14, 6, 717.0,893.0,-1
6, 15, 683.0,944.0,-1
15, 6, 683.0,944.0,-1
6, 16, 598.0,780.0,-1
16, 6, 598.0,780.0,-1
6, 6, 0.0,0.0,1
7, 8, 438.0,616.0,-1
8, 7, 438.0,616.0,-1
7, 9, 488.0,610.0,-1
9, 7, 488.0,610.0,-1
7, 10, 738.0,992.0,-1
10, 7, 738.0,992.0,-1
7, 11, 374.0,478.0,-1
11, 7, 374.0,478.0,-1
7, 12, 140.0,167.0,-1
12, 7, 140.0,167.0,-1
7, 13, 348.0,489.0,-1
13, 7, 348.0,489.0,-1
7, 14, 596.0,843.0,-1
14, 7, 596.0,843.0,-1
7, 15, 667.0,894.0,-1
15, 7, 667.0,894.0,-1
7, 16, 531.0,730.0,-1
16, 7, 531.0,730.0,-1
7, 7, 0.0,0.0,1
8, 9, 276.0,391.0,1
9, 8, 276.0,391.0,1
8, 10, 383.0,390.0,1
10, 8, 383.0,390.0,1
8, 11, 474.0,545.0,1
11, 8, 474.0,545.0,1
8, 12, 340.0,449.0,1
12, 8, 340.0,449.0,1
8, 13, 562.0,673.0,-1
13, 8, 562.0,673.0,-1
8, 14, 767.0,910.0,1
14, 8, 767.0,910.0,1
8, 15, 715.0,961.0,1
15, 8, 715.0,961.0,1
8, 16, 643.0,797.0,-1
16, 8, 643.0,797.0,-1
8, 8, 0.0,0.0,1
9, 10, 270.0,382.0,-1
10, 9, 270.0,382.0,-1
9, 11, 293.0,384.0,1
11, 9, 293.0,384.0,1
9, 12, 349.0,443.0,-1
12, 9, 349.0,443.0,-1
9, 13, 743.0,813.0,-1
13, 9, 743.0,813.0,-1
9, 14, 554.0,586.0,-1
14, 9, 554.0,586.0,-1
9, 15, 459.0,570.0,1
15, 9, 459.0,570.0,1
9, 16, 420.0,434.0,-1
16, 9, 420.0,434.0,-1
9, 9, 0.0,0.0,1
10, 11, 553.0,766.0,-1
11, 10, 553.0,766.0,-1
10, 12, 603.0,825.0,-1
12, 10, 603.0,825.0,-1
10, 13, 938.0,1048.0,-1
13, 10, 938.0,1048.0,-1
10, 14, 777.0,968.0,-1
14, 10, 777.0,968.0,-1
10, 15, 634.0,691.0,-1
15, 10, 634.0,691.0,-1
10, 16, 645.0,816.0,-1
16, 10, 645.0,816.0,-1
10, 10, 0.0,0.0,1
11, 12, 267.0,372.0,1
12, 11, 267.0,372.0,1
11, 13, 712.0,967.0,1
13, 11, 712.0,967.0,1
11, 14, 295.0,365.0,-1
14, 11, 295.0,365.0,-1
11, 15, 299.0,416.0,-1
15, 11, 299.0,416.0,-1
11, 16, 182.0,252.0,-1
16, 11, 182.0,252.0,-1
11, 11, 0.0,0.0,1
12, 13, 450.0,595.0,-1
13, 12, 450.0,595.0,-1
12, 14, 531.0,737.0,-1
14, 12, 531.0,737.0,-1
12, 15, 565.0,788.0,1
15, 12, 565.0,788.0,1
12, 16, 441.0,624.0,1
16, 12, 441.0,624.0,1
12, 12, 0.0,0.0,1
13, 14, 943.0,1331.0,1
14, 13, 943.0,1331.0,1
13, 15, 1010.0,1382.0,1
15, 13, 1010.0,1382.0,1
13, 16, 877.0,1218.0,1
16, 13, 877.0,1218.0,1
13, 13, 0.0,0.0,1
14, 15, 199.0,277.0,1
15, 14, 199.0,277.0,1
14, 16, 134.0,152.0,-1
16, 14, 134.0,152.0,-1
14, 14, 0.0,0.0,1
15, 16, 146.0,164.0,-1
16, 15, 146.0,164.0,-1
15, 15, 0.0,0.0,1
16, 16, 0.0,0.0,1


<end>