<number of nodes>
16

<ratio of available edges>
0.3

<max length of the drone flight>
100000 

<D 2/3>
1, 2, 3, 4, 5, 6, 7, 8, 9, 12, 13

<V>
2, 3, 5, 9, 12

<coordinates X,Y>
596.8652013533807, 472.5098077788318
473.51240764343606, 268.90469238781645
125.42799792506014, 412.41024556428425
393.2064934566509, 789.7956399347293
251.4712078257661, 654.5268953082234
594.1168995371935, 553.4231286391955
575.8238785562485, 293.62479331105834
626.2868497490441, 523.9424833514805
49.752282750227536, 987.2321034055201
224.52511027858887, 446.09853909371395
805.2113849841601, 724.9335748867143
68.9418164317121, 721.2259365231988
456.75296530668635, 463.82800987626104
928.1043820988674, 299.26407780605683
752.2868323647034, 714.1883188734678
760.0574832310203, 206.36569123986365

<adjacency matrix with truck distances>
1, 2, 239.0,327.0,-1
2, 1, 239.0,327.0,-1
1, 3, 476.0,532.0,-1
3, 1, 476.0,532.0,-1
1, 4, 378.0,521.0,-1
4, 1, 378.0,521.0,-1
1, 5, 391.0,528.0,-1
5, 1, 391.0,528.0,-1
1, 6, 81.0,84.0,-1
6, 1, 81.0,84.0,-1
1, 7, 181.0,200.0,1
7, 1, 181.0,200.0,1
1, 8, 60.0,81.0,1
8, 1, 60.0,81.0,1
1, 9, 752.0,1062.0,1
9, 1, 752.0,1062.0,1
1, 10, 374.0,399.0,-1
10, 1, 374.0,399.0,-1
1, 11, 328.0,461.0,1
11, 1, 328.0,461.0,1
1, 12, 584.0,777.0,-1
12, 1, 584.0,777.0,-1
1, 13, 141.0,149.0,-1
13, 1, 141.0,149.0,-1
1, 14, 374.0,505.0,-1
14, 1, 374.0,505.0,-1
1, 15, 288.0,398.0,1
15, 1, 288.0,398.0,1
1, 16, 313.0,430.0,1
16, 1, 313.0,430.0,1
1, 1, 0.0,0.0,1
2, 3, 377.0,492.0,1
3, 2, 377.0,492.0,1
2, 4, 528.0,602.0,-1
4, 2, 528.0,602.0,-1
2, 5, 445.0,608.0,-1
5, 2, 445.0,608.0,-1
2, 6, 310.0,406.0,-1
6, 2, 310.0,406.0,-1
2, 7, 106.0,128.0,-1
7, 2, 106.0,128.0,-1
2, 8, 298.0,408.0,1
8, 2, 298.0,408.0,1
2, 9, 835.0,1143.0,-1
9, 2, 835.0,1143.0,-1
2, 10, 306.0,427.0,-1
10, 2, 306.0,427.0,-1
2, 11, 564.0,788.0,-1
11, 2, 564.0,788.0,-1
2, 12, 607.0,857.0,-1
12, 2, 607.0,857.0,-1
2, 13, 196.0,212.0,-1
13, 2, 196.0,212.0,-1
2, 14, 456.0,485.0,1
14, 2, 456.0,485.0,1
2, 15, 526.0,725.0,-1
15, 2, 526.0,725.0,-1
2, 16, 294.0,350.0,-1
16, 2, 294.0,350.0,-1
2, 2, 0.0,0.0,1
3, 4, 463.0,646.0,-1
4, 3, 463.0,646.0,-1
3, 5, 273.0,369.0,-1
5, 3, 273.0,369.0,-1
3, 6, 490.0,610.0,-1
6, 3, 490.0,610.0,-1
3, 7, 466.0,570.0,1
7, 3, 466.0,570.0,1
3, 8, 514.0,613.0,-1
8, 3, 514.0,613.0,-1
3, 9, 580.0,651.0,-1
9, 3, 580.0,651.0,-1
3, 10, 105.0,133.0,-1
10, 3, 105.0,133.0,-1
3, 11, 749.0,993.0,-1
11, 3, 749.0,993.0,-1
3, 12, 314.0,366.0,-1
12, 3, 314.0,366.0,-1
3, 13, 336.0,383.0,-1
13, 3, 336.0,383.0,-1
3, 14, 811.0,916.0,-1
14, 3, 811.0,916.0,-1
3, 15, 696.0,929.0,1
15, 3, 696.0,929.0,1
3, 16, 668.0,841.0,-1
16, 3, 668.0,841.0,-1
3, 3, 0.0,0.0,1
4, 5, 196.0,278.0,1
5, 4, 196.0,278.0,1
4, 6, 311.0,438.0,-1
6, 4, 311.0,438.0,-1
4, 7, 529.0,679.0,-1
7, 4, 529.0,679.0,-1
4, 8, 354.0,499.0,1
8, 4, 354.0,499.0,1
4, 9, 397.0,541.0,-1
9, 4, 397.0,541.0,-1
4, 10, 383.0,513.0,-1
10, 4, 383.0,513.0,-1
4, 11, 418.0,477.0,-1
11, 4, 418.0,477.0,-1
4, 12, 332.0,393.0,-1
12, 4, 332.0,393.0,-1
4, 13, 333.0,390.0,-1
13, 4, 333.0,390.0,-1
4, 14, 726.0,1026.0,-1
14, 4, 726.0,1026.0,-1
4, 15, 367.0,435.0,1
15, 4, 367.0,435.0,1
4, 16, 690.0,951.0,-1
16, 4, 690.0,951.0,-1
4, 4, 0.0,0.0,1
5, 6, 358.0,444.0,-1
6, 5, 358.0,444.0,-1
5, 7, 486.0,686.0,-1
7, 5, 486.0,686.0,-1
5, 8, 397.0,506.0,1
8, 5, 397.0,506.0,1
5, 9, 390.0,535.0,1
9, 5, 390.0,535.0,1
5, 10, 211.0,236.0,1
10, 5, 211.0,236.0,1
5, 11, 559.0,625.0,1
11, 5, 559.0,625.0,1
5, 12, 195.0,250.0,1
12, 5, 195.0,250.0,1
5, 13, 281.0,396.0,1
13, 5, 281.0,396.0,1
5, 14, 765.0,1032.0,-1
14, 5, 765.0,1032.0,-1
5, 15, 505.0,561.0,-1
15, 5, 505.0,561.0,-1
5, 16, 678.0,957.0,1
16, 5, 678.0,957.0,1
5, 5, 0.0,0.0,1
6, 7, 261.0,279.0,-1
7, 6, 261.0,279.0,-1
6, 8, 44.0,62.0,-1
8, 6, 44.0,62.0,-1
6, 9, 697.0,979.0,1
9, 6, 697.0,979.0,1
6, 10, 385.0,477.0,-1
10, 6, 385.0,477.0,-1
6, 11, 272.0,383.0,-1
11, 6, 272.0,383.0,-1
6, 12, 552.0,693.0,1
12, 6, 552.0,693.0,1
6, 13, 165.0,227.0,-1
13, 6, 165.0,227.0,-1
6, 14, 420.0,589.0,-1
14, 6, 420.0,589.0,-1
6, 15, 226.0,319.0,-1
15, 6, 226.0,319.0,-1
6, 16, 385.0,513.0,-1
16, 6, 385.0,513.0,-1
6, 6, 0.0,0.0,1
7, 8, 236.0,281.0,1
8, 7, 236.0,281.0,1
7, 9, 871.0,1220.0,-1
9, 7, 871.0,1220.0,-1
7, 10, 383.0,504.0,-1
10, 7, 383.0,504.0,-1
7, 11, 489.0,661.0,-1
11, 7, 489.0,661.0,-1
7, 12, 664.0,935.0,-1
12, 7, 664.0,935.0,-1
7, 13, 208.0,290.0,-1
13, 7, 208.0,290.0,-1
7, 14, 353.0,358.0,-1
14, 7, 353.0,358.0,-1
7, 15, 457.0,598.0,1
15, 7, 457.0,598.0,1
7, 16, 204.0,272.0,-1
16, 7, 204.0,272.0,-1
7, 7, 0.0,0.0,1
8, 9, 740.0,1040.0,-1
9, 8, 740.0,1040.0,-1
8, 10, 410.0,480.0,-1
10, 8, 410.0,480.0,-1
8, 11, 270.0,380.0,-1
11, 8, 270.0,380.0,-1
8, 12, 592.0,755.0,-1
12, 8, 592.0,755.0,-1
8, 13, 180.0,230.0,-1
13, 8, 180.0,230.0,-1
8, 14, 377.0,527.0,-1
14, 8, 377.0,527.0,-1
8, 15, 229.0,317.0,-1
15, 8, 229.0,317.0,-1
8, 16, 345.0,452.0,-1
16, 8, 345.0,452.0,-1
8, 8, 0.0,0.0,1
9, 10, 569.0,716.0,1
10, 9, 569.0,716.0,1
9, 11, 800.0,1018.0,-1
11, 9, 800.0,1018.0,-1
9, 12, 267.0,286.0,1
12, 9, 267.0,286.0,1
9, 13, 664.0,931.0,-1
13, 9, 664.0,931.0,-1
9, 14, 1116.0,1567.0,-1
14, 9, 1116.0,1567.0,-1
9, 15, 754.0,976.0,-1
15, 9, 754.0,976.0,-1
9, 16, 1056.0,1492.0,1
16, 9, 1056.0,1492.0,1
9, 9, 0.0,0.0,1
10, 11, 645.0,860.0,-1
11, 10, 645.0,860.0,-1
10, 12, 317.0,431.0,1
12, 10, 317.0,431.0,1
10, 13, 233.0,250.0,-1
13, 10, 233.0,250.0,-1
10, 14, 719.0,851.0,1
14, 10, 719.0,851.0,1
10, 15, 592.0,796.0,1
15, 10, 592.0,796.0,1
10, 16, 587.0,776.0,1
16, 10, 587.0,776.0,1
10, 10, 0.0,0.0,1
11, 12, 737.0,740.0,-1
12, 11, 737.0,740.0,-1
11, 13, 436.0,610.0,1
13, 11, 436.0,610.0,1
11, 14, 444.0,549.0,1
14, 11, 444.0,549.0,1
11, 15, 55.0,64.0,-1
15, 11, 55.0,64.0,-1
11, 16, 521.0,564.0,-1
16, 11, 521.0,564.0,-1
11, 11, 0.0,0.0,1
12, 13, 466.0,646.0,1
13, 12, 466.0,646.0,1
12, 14, 958.0,1282.0,-1
14, 12, 958.0,1282.0,-1
12, 15, 684.0,691.0,1
15, 12, 684.0,691.0,1
12, 16, 862.0,1206.0,-1
16, 12, 862.0,1206.0,-1
12, 12, 0.0,0.0,1
13, 14, 500.0,636.0,-1
14, 13, 500.0,636.0,-1
13, 15, 388.0,546.0,-1
15, 13, 388.0,546.0,-1
13, 16, 398.0,561.0,-1
16, 13, 398.0,561.0,-1
13, 13, 0.0,0.0,1
14, 15, 451.0,591.0,-1
15, 14, 451.0,591.0,-1
14, 16, 193.0,261.0,-1
16, 14, 193.0,261.0,-1
14, 14, 0.0,0.0,1
15, 16, 508.0,516.0,-1
16, 15, 508.0,516.0,-1
15, 15, 0.0,0.0,1
16, 16, 0.0,0.0,1


<end>