<number of nodes>
16

<ratio of available edges>
0.3

<max length of the drone flight>
100000 

<D 2/3>
1, 2, 4, 5, 6, 7, 9, 10, 11, 12, 14

<V>
2, 4, 10, 11, 14

<coordinates X,Y>
474.0569151396941, 854.6657832892911
533.2881413859095, 127.27262257469864
602.9342788945276, 63.72137134494081
278.4231282725604, 767.3990225720121
95.6463758751637, 729.8899823155602
340.9554231963498, 615.2750355604342
822.6581118819134, 632.3839526097635
576.574664100313, 572.1863897313589
496.14206457408517, 658.4951455651203
427.48978059784037, 863.2040456765978
567.3299413765668, 60.68825275263029
491.73339803735945, 688.7474495774613
465.5779002588123, 809.2723258761165
952.9467665294868, 25.931736430245923
602.7660463724367, 46.68543762632654
431.3297900207337, 59.22429396523695

<adjacency matrix with truck distances>
1, 2, 730.0,787.0,1
2, 1, 730.0,787.0,1
1, 3, 802.0,920.0,1
3, 1, 802.0,920.0,1
1, 4, 215.0,283.0,-1
4, 1, 215.0,283.0,-1
1, 5, 399.0,504.0,-1
5, 1, 399.0,504.0,-1
1, 6, 274.0,373.0,-1
6, 1, 274.0,373.0,-1
1, 7, 414.0,571.0,1
7, 1, 414.0,571.0,1
1, 8, 301.0,385.0,-1
8, 1, 301.0,385.0,-1
1, 9, 198.0,219.0,-1
9, 1, 198.0,219.0,-1
1, 10, 48.0,56.0,-1
10, 1, 48.0,56.0,-1
1, 11, 800.0,888.0,1
11, 1, 800.0,888.0,1
1, 12, 167.0,184.0,1
12, 1, 167.0,184.0,1
1, 13, 47.0,54.0,1
13, 1, 47.0,54.0,1
1, 14, 958.0,1308.0,-1
14, 1, 958.0,1308.0,-1
1, 15, 819.0,937.0,-1
15, 1, 819.0,937.0,-1
1, 16, 797.0,839.0,-1
16, 1, 797.0,839.0,-1
1, 1, 0.0,0.0,1
2, 3, 95.0,134.0,1
3, 2, 95.0,134.0,1
2, 4, 689.0,895.0,-1
4, 2, 689.0,895.0,-1
2, 5, 745.0,1041.0,-1
5, 2, 745.0,1041.0,-1
2, 6, 525.0,681.0,-1
6, 2, 525.0,681.0,-1
2, 7, 583.0,795.0,-1
7, 2, 583.0,795.0,-1
2, 8, 448.0,489.0,-1
8, 2, 448.0,489.0,-1
2, 9, 533.0,569.0,-1
9, 2, 533.0,569.0,-1
2, 10, 744.0,842.0,1
10, 2, 744.0,842.0,1
2, 11, 75.0,101.0,-1
11, 2, 75.0,101.0,-1
2, 12, 564.0,604.0,-1
12, 2, 564.0,604.0,-1
2, 13, 686.0,750.0,-1
13, 2, 686.0,750.0,-1
2, 14, 432.0,521.0,1
14, 2, 432.0,521.0,1
2, 15, 107.0,151.0,-1
15, 2, 107.0,151.0,-1
2, 16, 123.0,171.0,-1
16, 2, 123.0,171.0,-1
2, 2, 0.0,0.0,1
3, 4, 775.0,1029.0,1
4, 3, 775.0,1029.0,1
3, 5, 838.0,1174.0,-1
5, 3, 838.0,1174.0,-1
3, 6, 611.0,814.0,-1
6, 3, 611.0,814.0,-1
3, 7, 610.0,789.0,1
7, 3, 610.0,789.0,1
3, 8, 510.0,535.0,1
8, 3, 510.0,535.0,1
3, 9, 605.0,702.0,-1
9, 3, 605.0,702.0,-1
3, 10, 819.0,975.0,1
10, 3, 819.0,975.0,1
3, 11, 36.0,39.0,-1
11, 3, 36.0,39.0,-1
3, 12, 635.0,737.0,-1
12, 3, 635.0,737.0,-1
3, 13, 759.0,883.0,-1
13, 3, 759.0,883.0,-1
3, 14, 353.0,388.0,-1
14, 3, 353.0,388.0,-1
3, 15, 18.0,18.0,-1
15, 3, 18.0,18.0,-1
3, 16, 172.0,177.0,-1
16, 3, 172.0,177.0,-1
3, 3, 0.0,0.0,1
4, 5, 187.0,221.0,-1
5, 4, 187.0,221.0,-1
4, 6, 165.0,215.0,-1
6, 4, 165.0,215.0,-1
4, 7, 561.0,680.0,1
7, 4, 561.0,680.0,1
4, 8, 357.0,494.0,-1
8, 4, 357.0,494.0,-1
4, 9, 244.0,327.0,-1
9, 4, 244.0,327.0,-1
4, 10, 178.0,245.0,-1
10, 4, 178.0,245.0,-1
4, 11, 764.0,996.0,-1
11, 4, 764.0,996.0,-1
4, 12, 228.0,292.0,-1
12, 4, 228.0,292.0,-1
4, 13, 192.0,230.0,-1
13, 4, 192.0,230.0,-1
4, 14, 1003.0,1416.0,-1
14, 4, 1003.0,1416.0,-1
4, 15, 791.0,1046.0,-1
15, 4, 791.0,1046.0,-1
4, 16, 725.0,862.0,1
16, 4, 725.0,862.0,1
4, 4, 0.0,0.0,1
5, 6, 271.0,360.0,-1
6, 5, 271.0,360.0,-1
5, 7, 734.0,825.0,1
7, 5, 734.0,825.0,1
5, 8, 507.0,639.0,-1
8, 5, 507.0,639.0,-1
5, 9, 407.0,472.0,1
9, 5, 407.0,472.0,1
5, 10, 358.0,466.0,-1
10, 5, 358.0,466.0,-1
5, 11, 819.0,1141.0,-1
11, 5, 819.0,1141.0,-1
5, 12, 399.0,438.0,-1
12, 5, 399.0,438.0,-1
5, 13, 379.0,450.0,1
13, 5, 379.0,450.0,1
5, 14, 1110.0,1562.0,-1
14, 5, 1110.0,1562.0,-1
5, 15, 851.0,1191.0,-1
15, 5, 851.0,1191.0,-1
5, 16, 750.0,1007.0,1
16, 5, 750.0,1007.0,1
5, 5, 0.0,0.0,1
6, 7, 483.0,499.0,1
7, 6, 483.0,499.0,1
6, 8, 240.0,279.0,-1
8, 6, 240.0,279.0,-1
6, 9, 162.0,199.0,-1
9, 6, 162.0,199.0,-1
6, 10, 263.0,335.0,-1
10, 6, 263.0,335.0,-1
6, 11, 600.0,781.0,-1
11, 6, 600.0,781.0,-1
6, 12, 168.0,225.0,1
12, 6, 168.0,225.0,1
6, 13, 231.0,319.0,1
13, 6, 231.0,319.0,1
6, 14, 850.0,1202.0,1
14, 6, 850.0,1202.0,1
6, 15, 626.0,831.0,-1
15, 6, 626.0,831.0,-1
6, 16, 564.0,647.0,1
16, 6, 564.0,647.0,1
6, 6, 0.0,0.0,1
7, 8, 254.0,307.0,-1
8, 7, 254.0,307.0,-1
7, 9, 328.0,353.0,-1
9, 7, 328.0,353.0,-1
7, 10, 458.0,626.0,-1
10, 7, 458.0,626.0,-1
7, 11, 627.0,828.0,1
11, 7, 627.0,828.0,1
7, 12, 336.0,388.0,-1
12, 7, 336.0,388.0,-1
7, 13, 399.0,534.0,-1
13, 7, 399.0,534.0,-1
7, 14, 621.0,737.0,-1
14, 7, 621.0,737.0,-1
7, 15, 626.0,806.0,-1
15, 7, 626.0,806.0,-1
7, 16, 695.0,965.0,-1
16, 7, 695.0,965.0,-1
7, 7, 0.0,0.0,1
8, 9, 118.0,167.0,1
9, 8, 118.0,167.0,1
8, 10, 327.0,441.0,-1
10, 8, 327.0,441.0,-1
8, 11, 512.0,521.0,-1
11, 8, 512.0,521.0,-1
8, 12, 145.0,202.0,1
12, 8, 145.0,202.0,1
8, 13, 262.0,349.0,-1
13, 8, 262.0,349.0,-1
8, 14, 664.0,923.0,-1
14, 8, 664.0,923.0,-1
8, 15, 527.0,552.0,-1
15, 8, 527.0,552.0,-1
8, 16, 534.0,659.0,-1
16, 8, 534.0,659.0,-1
8, 8, 0.0,0.0,1
9, 10, 216.0,274.0,-1
10, 9, 216.0,274.0,-1
9, 11, 603.0,669.0,-1
11, 9, 603.0,669.0,-1
9, 12, 31.0,35.0,1
12, 9, 31.0,35.0,1
9, 13, 154.0,182.0,-1
13, 9, 154.0,182.0,-1
9, 14, 781.0,1090.0,-1
14, 9, 781.0,1090.0,-1
9, 15, 622.0,719.0,1
15, 9, 622.0,719.0,1
9, 16, 603.0,665.0,-1
16, 9, 603.0,665.0,-1
9, 9, 0.0,0.0,1
10, 11, 815.0,943.0,1
11, 10, 815.0,943.0,1
10, 12, 186.0,239.0,-1
12, 10, 186.0,239.0,-1
10, 13, 67.0,93.0,1
13, 10, 67.0,93.0,1
10, 14, 989.0,1363.0,-1
14, 10, 989.0,1363.0,-1
10, 15, 836.0,992.0,-1
15, 10, 836.0,992.0,-1
10, 16, 804.0,808.0,-1
16, 10, 804.0,808.0,-1
10, 10, 0.0,0.0,1
11, 12, 633.0,704.0,-1
12, 11, 633.0,704.0,-1
11, 13, 756.0,851.0,-1
13, 11, 756.0,851.0,-1
11, 14, 388.0,421.0,-1
14, 11, 388.0,421.0,-1
11, 15, 39.0,50.0,1
15, 11, 39.0,50.0,1
11, 16, 137.0,138.0,-1
16, 11, 137.0,138.0,-1
11, 11, 0.0,0.0,1
12, 13, 124.0,147.0,-1
13, 12, 124.0,147.0,-1
12, 14, 808.0,1125.0,-1
14, 12, 808.0,1125.0,-1
12, 15, 652.0,754.0,1
15, 12, 652.0,754.0,1
12, 16, 633.0,690.0,1
16, 12, 633.0,690.0,1
12, 12, 0.0,0.0,1
13, 14, 923.0,1271.0,1
14, 13, 923.0,1271.0,1
13, 15, 775.0,900.0,1
15, 13, 775.0,900.0,1
13, 16, 751.0,785.0,-1
16, 13, 751.0,785.0,-1
13, 13, 0.0,0.0,1
14, 15, 351.0,371.0,-1
15, 14, 351.0,371.0,-1
14, 16, 523.0,555.0,-1
16, 14, 523.0,555.0,-1
14, 14, 0.0,0.0,1
15, 16, 172.0,184.0,-1
16, 15, 172.0,184.0,-1
15, 15, 0.0,0.0,1
16, 16, 0.0,0.0,1


<end>