<number of nodes>
16

<ratio of available edges>
0.3

<max length of the drone flight>
100000 

<D 2/3>
1, 3, 5, 9, 10, 11, 12, 13, 14, 15, 16

<V>
9, 10, 11, 12, 13

<coordinates X,Y>
366.6464424054554, 249.78139888952305
893.0169113549379, 799.8976671832257
58.717889531542276, 498.04011900951105
223.57463056113724, 908.1128160757971
862.3630873402528, 948.520523414894
368.2833702056731, 704.0840859943186
389.7850438277069, 23.510165863805128
17.102816199391775, 7.642278738815343
570.8008858952015, 616.5880094244857
38.76772303589108, 918.4562323804881
467.6327406029381, 605.1534906390615
848.3457985448402, 93.12232302740088
485.69948246429135, 850.3044741591987
124.30915758682633, 351.18575814715865
775.6571825066384, 651.329249575746
158.6638155671199, 883.5581578456795

<adjacency matrix with truck distances>
1, 2, 762.0,1077.0,-1
2, 1, 762.0,1077.0,-1
1, 3, 396.0,557.0,1
3, 1, 396.0,557.0,1
1, 4, 674.0,802.0,-1
4, 1, 674.0,802.0,-1
1, 5, 857.0,1195.0,-1
5, 1, 857.0,1195.0,-1
1, 6, 455.0,456.0,-1
6, 1, 455.0,456.0,-1
1, 7, 228.0,250.0,1
7, 1, 228.0,250.0,1
1, 8, 426.0,592.0,1
8, 1, 426.0,592.0,1
1, 9, 420.0,571.0,-1
9, 1, 420.0,571.0,-1
1, 10, 745.0,997.0,-1
10, 1, 745.0,997.0,-1
1, 11, 370.0,457.0,-1
11, 1, 370.0,457.0,-1
1, 12, 507.0,639.0,-1
12, 1, 507.0,639.0,-1
1, 13, 613.0,720.0,-1
13, 1, 613.0,720.0,-1
1, 14, 263.0,344.0,-1
14, 1, 263.0,344.0,-1
1, 15, 574.0,811.0,1
15, 1, 574.0,811.0,1
1, 16, 668.0,842.0,-1
16, 1, 668.0,842.0,-1
1, 1, 0.0,0.0,1
2, 3, 888.0,1137.0,-1
3, 2, 888.0,1137.0,-1
2, 4, 679.0,778.0,-1
4, 2, 679.0,778.0,-1
2, 5, 152.0,180.0,-1
5, 2, 152.0,180.0,-1
2, 6, 534.0,621.0,-1
6, 2, 534.0,621.0,-1
2, 7, 926.0,1280.0,-1
7, 2, 926.0,1280.0,-1
2, 8, 1182.0,1669.0,1
8, 2, 1182.0,1669.0,1
2, 9, 371.0,506.0,1
9, 2, 371.0,506.0,1
2, 10, 863.0,973.0,-1
10, 2, 863.0,973.0,-1
2, 11, 468.0,621.0,-1
11, 2, 468.0,621.0,-1
2, 12, 709.0,752.0,-1
12, 2, 709.0,752.0,-1
2, 13, 411.0,458.0,1
13, 2, 411.0,458.0,1
2, 14, 891.0,1218.0,1
14, 2, 891.0,1218.0,1
2, 15, 190.0,266.0,-1
15, 2, 190.0,266.0,-1
2, 16, 740.0,819.0,1
16, 2, 740.0,819.0,1
2, 2, 0.0,0.0,1
3, 4, 442.0,575.0,-1
4, 3, 442.0,575.0,-1
3, 5, 922.0,1255.0,-1
5, 3, 922.0,1255.0,-1
3, 6, 372.0,516.0,1
6, 3, 372.0,516.0,1
3, 7, 579.0,806.0,-1
7, 3, 579.0,806.0,-1
3, 8, 493.0,533.0,-1
8, 3, 493.0,533.0,-1
3, 9, 526.0,631.0,-1
9, 3, 526.0,631.0,-1
3, 10, 421.0,441.0,1
10, 3, 421.0,441.0,1
3, 11, 423.0,517.0,-1
11, 3, 423.0,517.0,-1
3, 12, 888.0,1195.0,-1
12, 3, 888.0,1195.0,-1
3, 13, 554.0,780.0,-1
13, 3, 554.0,780.0,-1
3, 14, 161.0,213.0,1
14, 3, 161.0,213.0,1
3, 15, 734.0,871.0,-1
15, 3, 734.0,871.0,-1
3, 16, 399.0,486.0,-1
16, 3, 399.0,486.0,-1
3, 3, 0.0,0.0,1
4, 5, 641.0,680.0,-1
5, 4, 641.0,680.0,-1
4, 6, 251.0,349.0,1
6, 4, 251.0,349.0,1
4, 7, 901.0,1051.0,1
7, 4, 901.0,1051.0,1
4, 8, 924.0,1107.0,-1
8, 4, 924.0,1107.0,-1
4, 9, 454.0,639.0,-1
9, 4, 454.0,639.0,-1
4, 10, 186.0,196.0,-1
10, 4, 186.0,196.0,-1
4, 11, 390.0,548.0,-1
11, 4, 390.0,548.0,-1
4, 12, 1027.0,1440.0,1
12, 4, 1027.0,1440.0,1
4, 13, 269.0,320.0,-1
13, 4, 269.0,320.0,-1
4, 14, 566.0,657.0,-1
14, 4, 566.0,657.0,-1
4, 15, 609.0,809.0,-1
15, 4, 609.0,809.0,-1
4, 16, 70.0,90.0,1
16, 4, 70.0,90.0,1
4, 4, 0.0,0.0,1
5, 6, 552.0,739.0,1
6, 5, 552.0,739.0,1
5, 7, 1039.0,1398.0,1
7, 5, 1039.0,1398.0,1
5, 8, 1265.0,1787.0,-1
8, 5, 1265.0,1787.0,-1
5, 9, 442.0,624.0,-1
9, 5, 442.0,624.0,-1
5, 10, 825.0,854.0,1
10, 5, 825.0,854.0,1
5, 11, 524.0,739.0,1
11, 5, 524.0,739.0,1
5, 12, 856.0,870.0,-1
12, 5, 856.0,870.0,-1
5, 13, 390.0,475.0,-1
13, 5, 390.0,475.0,-1
5, 14, 950.0,1336.0,-1
14, 5, 950.0,1336.0,-1
5, 15, 310.0,384.0,-1
15, 5, 310.0,384.0,-1
5, 16, 707.0,769.0,-1
16, 5, 707.0,769.0,-1
5, 5, 0.0,0.0,1
6, 7, 681.0,703.0,-1
7, 6, 681.0,703.0,-1
6, 8, 780.0,1048.0,-1
8, 6, 780.0,1048.0,-1
6, 9, 221.0,291.0,-1
9, 6, 221.0,291.0,-1
6, 10, 394.0,544.0,-1
10, 6, 394.0,544.0,-1
6, 11, 141.0,199.0,-1
11, 6, 141.0,199.0,-1
6, 12, 778.0,1092.0,-1
12, 6, 778.0,1092.0,-1
6, 13, 188.0,264.0,1
13, 6, 188.0,264.0,1
6, 14, 430.0,597.0,-1
14, 6, 430.0,597.0,-1
6, 15, 411.0,461.0,1
15, 6, 411.0,461.0,1
6, 16, 276.0,390.0,1
16, 6, 276.0,390.0,1
6, 6, 0.0,0.0,1
7, 8, 374.0,389.0,-1
8, 7, 374.0,389.0,-1
7, 9, 621.0,775.0,1
9, 7, 621.0,775.0,1
7, 10, 962.0,1246.0,-1
10, 7, 962.0,1246.0,-1
7, 11, 587.0,660.0,1
11, 7, 587.0,660.0,1
7, 12, 464.0,529.0,-1
12, 7, 464.0,529.0,-1
7, 13, 833.0,923.0,1
13, 7, 833.0,923.0,1
7, 14, 422.0,594.0,-1
14, 7, 422.0,594.0,-1
7, 15, 737.0,1014.0,-1
15, 7, 737.0,1014.0,-1
7, 16, 891.0,1092.0,-1
16, 7, 891.0,1092.0,-1
7, 7, 0.0,0.0,1
8, 9, 824.0,1163.0,-1
9, 8, 824.0,1163.0,-1
8, 10, 912.0,933.0,1
10, 8, 912.0,933.0,1
8, 11, 749.0,1049.0,-1
11, 8, 749.0,1049.0,-1
8, 12, 836.0,917.0,-1
12, 8, 836.0,917.0,-1
8, 13, 965.0,1312.0,-1
13, 8, 965.0,1312.0,-1
8, 14, 360.0,451.0,-1
14, 8, 360.0,451.0,-1
8, 15, 995.0,1403.0,-1
15, 8, 995.0,1403.0,-1
8, 16, 888.0,1018.0,1
16, 8, 888.0,1018.0,1
8, 8, 0.0,0.0,1
9, 10, 612.0,834.0,-1
10, 9, 612.0,834.0,-1
9, 11, 104.0,115.0,-1
11, 9, 104.0,115.0,-1
9, 12, 593.0,802.0,-1
12, 9, 593.0,802.0,-1
9, 13, 249.0,319.0,1
13, 9, 249.0,319.0,1
9, 14, 520.0,712.0,-1
14, 9, 520.0,712.0,-1
9, 15, 208.0,240.0,-1
15, 9, 208.0,240.0,-1
9, 16, 492.0,680.0,-1
16, 9, 492.0,680.0,-1
9, 9, 0.0,0.0,1
10, 11, 532.0,743.0,-1
11, 10, 532.0,743.0,-1
10, 12, 1157.0,1635.0,1
12, 10, 1157.0,1635.0,1
10, 13, 453.0,516.0,1
13, 10, 453.0,516.0,1
10, 14, 574.0,653.0,-1
14, 10, 574.0,653.0,-1
10, 15, 784.0,1005.0,-1
15, 10, 784.0,1005.0,-1
10, 16, 125.0,155.0,-1
16, 10, 125.0,155.0,-1
10, 10, 0.0,0.0,1
11, 12, 639.0,893.0,-1
12, 11, 639.0,893.0,-1
11, 13, 246.0,264.0,1
13, 11, 246.0,264.0,1
11, 14, 428.0,598.0,-1
14, 11, 428.0,598.0,-1
11, 15, 312.0,355.0,-1
15, 11, 312.0,355.0,-1
11, 16, 416.0,588.0,-1
16, 11, 416.0,588.0,-1
11, 11, 0.0,0.0,1
12, 13, 840.0,1120.0,-1
13, 12, 840.0,1120.0,-1
12, 14, 769.0,983.0,1
14, 12, 769.0,983.0,1
12, 15, 563.0,631.0,-1
15, 12, 563.0,631.0,-1
12, 16, 1050.0,1481.0,-1
16, 12, 1050.0,1481.0,-1
12, 12, 0.0,0.0,1
13, 14, 617.0,861.0,1
14, 13, 617.0,861.0,1
13, 15, 352.0,489.0,-1
15, 13, 352.0,489.0,-1
13, 16, 329.0,361.0,1
16, 13, 329.0,361.0,1
13, 13, 0.0,0.0,1
14, 15, 718.0,952.0,-1
15, 14, 718.0,952.0,-1
14, 16, 534.0,567.0,-1
16, 14, 534.0,567.0,-1
14, 14, 0.0,0.0,1
15, 16, 660.0,850.0,1
16, 15, 660.0,850.0,1
15, 15, 0.0,0.0,1
16, 16, 0.0,0.0,1


<end>