<number of nodes>
16

<ratio of available edges>
0.3

<max length of the drone flight>
100000 

<D 2/3>
1, 2, 3, 5, 7, 8, 9, 11, 12, 15, 16

<V>
2, 5, 8, 12, 16

<coordinates X,Y>
779.681729741366, 810.5293020950827
203.9954946237978, 768.1662789378403
252.02626558132792, 995.7221060157791
140.23848313780803, 499.7001160163076
669.1437296127416, 35.19556497101317
814.9544348950383, 450.2228516237985
675.9557153872131, 862.0132048795433
323.4829703900355, 590.8707470858506
301.4797268406806, 675.51298741882
203.57876019810763, 607.3518716097037
55.077064134947236, 428.9783473939431
791.1258814356318, 353.4584543742678
58.4655361081057, 371.9058088469434
715.4738553324581, 321.38363410744967
645.3553039999869, 868.7251798358304
521.2024006675969, 850.0009277508975

<adjacency matrix with truck distances>
1, 2, 578.0,619.0,-1
2, 1, 578.0,619.0,-1
1, 3, 560.0,713.0,-1
3, 1, 560.0,713.0,-1
1, 4, 711.0,951.0,-1
4, 1, 711.0,951.0,-1
1, 5, 784.0,886.0,-1
5, 1, 784.0,886.0,-1
1, 6, 363.0,396.0,-1
6, 1, 363.0,396.0,-1
1, 7, 116.0,156.0,-1
7, 1, 116.0,156.0,-1
1, 8, 507.0,676.0,-1
8, 1, 507.0,676.0,-1
1, 9, 497.0,614.0,1
9, 1, 497.0,614.0,1
1, 10, 611.0,780.0,1
10, 1, 611.0,780.0,1
1, 11, 819.0,1107.0,1
11, 1, 819.0,1107.0,1
1, 12, 458.0,469.0,1
12, 1, 458.0,469.0,1
1, 13, 845.0,1160.0,-1
13, 1, 845.0,1160.0,-1
1, 14, 494.0,554.0,1
14, 1, 494.0,554.0,1
1, 15, 147.0,193.0,-1
15, 1, 147.0,193.0,-1
1, 16, 262.0,298.0,1
16, 1, 262.0,298.0,1
1, 1, 0.0,0.0,1
2, 3, 233.0,276.0,1
3, 2, 233.0,276.0,1
2, 4, 276.0,333.0,1
4, 2, 276.0,333.0,1
2, 5, 869.0,1199.0,-1
5, 2, 869.0,1199.0,-1
2, 6, 689.0,929.0,-1
6, 2, 689.0,929.0,-1
2, 7, 482.0,566.0,1
7, 2, 482.0,566.0,1
2, 8, 214.0,297.0,-1
8, 2, 214.0,297.0,-1
2, 9, 135.0,191.0,-1
9, 2, 135.0,191.0,-1
2, 10, 161.0,162.0,-1
10, 2, 161.0,162.0,-1
2, 11, 371.0,489.0,-1
11, 2, 371.0,489.0,-1
2, 12, 719.0,1002.0,-1
12, 2, 719.0,1002.0,-1
2, 13, 423.0,542.0,1
13, 2, 423.0,542.0,1
2, 14, 680.0,959.0,-1
14, 2, 680.0,959.0,-1
2, 15, 453.0,542.0,1
15, 2, 453.0,542.0,1
2, 16, 328.0,400.0,1
16, 2, 328.0,400.0,1
2, 2, 0.0,0.0,1
3, 4, 509.0,608.0,1
4, 3, 509.0,608.0,1
3, 5, 1048.0,1378.0,-1
5, 3, 1048.0,1378.0,-1
3, 6, 784.0,1109.0,-1
6, 3, 784.0,1109.0,-1
3, 7, 445.0,558.0,1
7, 3, 445.0,558.0,1
3, 8, 412.0,477.0,-1
8, 3, 412.0,477.0,-1
3, 9, 325.0,370.0,1
9, 3, 325.0,370.0,1
3, 10, 392.0,437.0,-1
10, 3, 392.0,437.0,-1
3, 11, 600.0,764.0,-1
11, 3, 600.0,764.0,-1
3, 12, 839.0,1182.0,1
12, 3, 839.0,1182.0,1
3, 13, 654.0,818.0,-1
13, 3, 654.0,818.0,-1
3, 14, 819.0,1138.0,-1
14, 3, 819.0,1138.0,-1
3, 15, 414.0,521.0,-1
15, 3, 414.0,521.0,-1
3, 16, 307.0,415.0,-1
16, 3, 307.0,415.0,-1
3, 3, 0.0,0.0,1
4, 5, 704.0,994.0,-1
5, 4, 704.0,994.0,-1
4, 6, 677.0,725.0,-1
6, 4, 677.0,725.0,-1
4, 7, 647.0,899.0,1
7, 4, 647.0,899.0,1
4, 8, 205.0,275.0,-1
8, 4, 205.0,275.0,-1
4, 9, 239.0,338.0,-1
9, 4, 239.0,338.0,-1
4, 10, 125.0,171.0,-1
10, 4, 125.0,171.0,-1
4, 11, 111.0,156.0,-1
11, 4, 111.0,156.0,-1
4, 12, 668.0,798.0,1
12, 4, 668.0,798.0,1
4, 13, 152.0,210.0,-1
13, 4, 152.0,210.0,-1
4, 14, 603.0,754.0,-1
14, 4, 603.0,754.0,-1
4, 15, 626.0,875.0,-1
15, 4, 626.0,875.0,-1
4, 16, 518.0,732.0,-1
16, 4, 518.0,732.0,-1
4, 4, 0.0,0.0,1
5, 6, 440.0,561.0,-1
6, 5, 440.0,561.0,-1
5, 7, 827.0,834.0,1
7, 5, 827.0,834.0,1
5, 8, 655.0,902.0,-1
8, 5, 655.0,902.0,-1
5, 9, 739.0,1008.0,-1
9, 5, 739.0,1008.0,-1
5, 10, 738.0,1038.0,-1
10, 5, 738.0,1038.0,-1
5, 11, 730.0,1008.0,-1
11, 5, 730.0,1008.0,-1
5, 12, 341.0,441.0,-1
12, 5, 341.0,441.0,-1
5, 13, 698.0,948.0,-1
13, 5, 698.0,948.0,-1
5, 14, 290.0,333.0,1
14, 5, 290.0,333.0,1
5, 15, 834.0,858.0,-1
15, 5, 834.0,858.0,-1
5, 16, 829.0,963.0,-1
16, 5, 829.0,963.0,-1
5, 5, 0.0,0.0,1
6, 7, 435.0,551.0,1
7, 6, 435.0,551.0,1
6, 8, 512.0,633.0,-1
8, 6, 512.0,633.0,-1
6, 9, 561.0,739.0,1
9, 6, 561.0,739.0,1
6, 10, 632.0,769.0,1
10, 6, 632.0,769.0,1
6, 11, 761.0,782.0,-1
11, 6, 761.0,782.0,-1
6, 12, 100.0,121.0,-1
12, 6, 100.0,121.0,-1
6, 13, 761.0,835.0,1
13, 6, 761.0,835.0,1
6, 14, 163.0,229.0,-1
14, 6, 163.0,229.0,-1
6, 15, 452.0,589.0,-1
15, 6, 452.0,589.0,-1
6, 16, 497.0,694.0,-1
16, 6, 497.0,694.0,-1
6, 6, 0.0,0.0,1
7, 8, 445.0,624.0,-1
8, 7, 445.0,624.0,-1
7, 9, 419.0,561.0,-1
9, 7, 419.0,561.0,-1
7, 10, 537.0,728.0,-1
10, 7, 537.0,728.0,-1
7, 11, 757.0,1054.0,-1
11, 7, 757.0,1054.0,-1
7, 12, 522.0,624.0,-1
12, 7, 522.0,624.0,-1
7, 13, 789.0,1108.0,-1
13, 7, 789.0,1108.0,-1
7, 14, 543.0,581.0,-1
14, 7, 543.0,581.0,-1
7, 15, 32.0,38.0,1
15, 7, 32.0,38.0,1
7, 16, 156.0,167.0,-1
16, 7, 156.0,167.0,-1
7, 7, 0.0,0.0,1
8, 9, 88.0,107.0,1
9, 8, 88.0,107.0,1
8, 10, 122.0,137.0,-1
10, 8, 122.0,137.0,-1
8, 11, 314.0,431.0,-1
11, 8, 314.0,431.0,-1
8, 12, 525.0,706.0,-1
12, 8, 525.0,706.0,-1
8, 13, 344.0,484.0,-1
13, 8, 344.0,484.0,-1
8, 14, 476.0,662.0,-1
14, 8, 476.0,662.0,-1
8, 15, 426.0,600.0,-1
15, 8, 426.0,600.0,-1
8, 16, 326.0,457.0,-1
16, 8, 326.0,457.0,-1
8, 8, 0.0,0.0,1
9, 10, 120.0,167.0,-1
10, 9, 120.0,167.0,-1
9, 11, 349.0,493.0,-1
11, 9, 349.0,493.0,-1
9, 12, 587.0,812.0,-1
12, 9, 587.0,812.0,-1
9, 13, 389.0,547.0,-1
13, 9, 389.0,547.0,-1
9, 14, 545.0,769.0,1
14, 9, 545.0,769.0,1
9, 15, 395.0,538.0,-1
15, 9, 395.0,538.0,-1
9, 16, 281.0,395.0,1
16, 9, 281.0,395.0,1
9, 9, 0.0,0.0,1
10, 11, 233.0,327.0,-1
11, 10, 233.0,327.0,-1
10, 12, 641.0,842.0,1
12, 10, 641.0,842.0,1
10, 13, 277.0,381.0,-1
13, 10, 277.0,381.0,-1
10, 14, 587.0,798.0,-1
14, 10, 587.0,798.0,-1
10, 15, 514.0,704.0,-1
15, 10, 514.0,704.0,-1
10, 16, 400.0,561.0,-1
16, 10, 400.0,561.0,-1
10, 10, 0.0,0.0,1
11, 12, 740.0,812.0,-1
12, 11, 740.0,812.0,-1
11, 13, 58.0,61.0,-1
13, 11, 58.0,61.0,-1
11, 14, 670.0,768.0,-1
14, 11, 670.0,768.0,-1
11, 15, 737.0,1031.0,-1
15, 11, 737.0,1031.0,-1
11, 16, 629.0,888.0,1
16, 11, 629.0,888.0,1
11, 11, 0.0,0.0,1
12, 13, 733.0,752.0,1
13, 12, 733.0,752.0,1
12, 14, 83.0,108.0,-1
14, 12, 83.0,108.0,-1
12, 15, 536.0,662.0,1
15, 12, 536.0,662.0,1
12, 16, 566.0,767.0,-1
16, 12, 566.0,767.0,-1
12, 12, 0.0,0.0,1
13, 14, 659.0,708.0,1
14, 13, 659.0,708.0,1
13, 15, 769.0,1084.0,1
15, 13, 769.0,1084.0,1
13, 16, 666.0,941.0,-1
16, 13, 666.0,941.0,-1
13, 13, 0.0,0.0,1
14, 15, 552.0,618.0,-1
15, 14, 552.0,618.0,-1
14, 16, 564.0,723.0,1
16, 14, 564.0,723.0,1
14, 14, 0.0,0.0,1
15, 16, 126.0,143.0,1
16, 15, 126.0,143.0,1
15, 15, 0.0,0.0,1
16, 16, 0.0,0.0,1


<end>