<number of nodes>
16

<ratio of available edges>
0.3

<max length of the drone flight>
100000 

<D 2/3>
1, 2, 4, 5, 6, 9, 11, 12, 13, 14, 15

<V>
2, 6, 12, 13, 14

<coordinates X,Y>
175.70065840205828, 158.47942868053192
497.27871086535527, 480.29000451528174
543.5789469685117, 493.77501196817036
241.54691202769945, 349.9240435272381
584.5640723933305, 364.30963290001665
593.5702588631686, 101.55771591797264
665.4808805031582, 349.1555423961315
671.7011277489731, 993.3612019491263
833.2372180628561, 628.4103907538728
33.355849117609964, 633.4981409060819
750.3900880686135, 488.77393412342803
168.9073217189458, 914.8741978918462
349.5439845088356, 708.0041306575556
994.3820756399882, 0.1539874712050021
857.6865162978996, 542.3589299702411
803.6058155029837, 455.7432250891328

<adjacency matrix with truck distances>
1, 2, 455.0,644.0,-1
2, 1, 455.0,644.0,-1
1, 3, 498.0,704.0,1
3, 1, 498.0,704.0,1
1, 4, 203.0,258.0,-1
4, 1, 203.0,258.0,-1
1, 5, 458.0,615.0,-1
5, 1, 458.0,615.0,-1
1, 6, 422.0,475.0,-1
6, 1, 422.0,475.0,-1
1, 7, 526.0,681.0,1
7, 1, 526.0,681.0,1
1, 8, 972.0,1331.0,1
8, 1, 972.0,1331.0,1
1, 9, 809.0,1128.0,1
9, 1, 809.0,1128.0,1
1, 10, 496.0,618.0,-1
10, 1, 496.0,618.0,-1
1, 11, 663.0,905.0,1
11, 1, 663.0,905.0,1
1, 12, 757.0,764.0,-1
12, 1, 757.0,764.0,-1
1, 13, 577.0,724.0,1
13, 1, 577.0,724.0,1
1, 14, 834.0,978.0,-1
14, 1, 834.0,978.0,-1
1, 15, 783.0,1066.0,-1
15, 1, 783.0,1066.0,-1
1, 16, 695.0,926.0,-1
16, 1, 695.0,926.0,-1
1, 1, 0.0,0.0,1
2, 3, 49.0,60.0,-1
3, 2, 49.0,60.0,-1
2, 4, 288.0,387.0,1
4, 2, 288.0,387.0,1
2, 5, 146.0,204.0,1
5, 2, 146.0,204.0,1
2, 6, 391.0,476.0,-1
6, 2, 391.0,476.0,-1
2, 7, 214.0,300.0,1
7, 2, 214.0,300.0,1
2, 8, 542.0,688.0,-1
8, 2, 542.0,688.0,-1
2, 9, 368.0,485.0,-1
9, 2, 368.0,485.0,-1
2, 10, 489.0,618.0,-1
10, 2, 489.0,618.0,-1
2, 11, 254.0,262.0,-1
11, 2, 254.0,262.0,-1
2, 12, 545.0,763.0,-1
12, 2, 545.0,763.0,-1
2, 13, 272.0,376.0,1
13, 2, 272.0,376.0,1
2, 14, 692.0,978.0,-1
14, 2, 692.0,978.0,-1
2, 15, 366.0,423.0,1
15, 2, 366.0,423.0,1
2, 16, 308.0,331.0,1
16, 2, 308.0,331.0,1
2, 2, 0.0,0.0,1
3, 4, 335.0,446.0,-1
4, 3, 335.0,446.0,-1
3, 5, 136.0,171.0,-1
5, 3, 136.0,171.0,-1
3, 6, 396.0,443.0,-1
6, 3, 396.0,443.0,-1
3, 7, 190.0,267.0,-1
7, 3, 190.0,267.0,-1
3, 8, 516.0,628.0,1
8, 3, 516.0,628.0,1
3, 9, 320.0,425.0,-1
9, 3, 320.0,425.0,-1
3, 10, 530.0,650.0,-1
10, 3, 530.0,650.0,-1
3, 11, 207.0,212.0,-1
11, 3, 207.0,212.0,-1
3, 12, 564.0,796.0,-1
12, 3, 564.0,796.0,-1
3, 13, 290.0,409.0,-1
13, 3, 290.0,409.0,-1
3, 14, 669.0,945.0,-1
14, 3, 669.0,945.0,-1
3, 15, 318.0,363.0,-1
15, 3, 318.0,363.0,-1
3, 16, 263.0,299.0,1
16, 3, 263.0,299.0,1
3, 3, 0.0,0.0,1
4, 5, 344.0,358.0,-1
5, 4, 344.0,358.0,-1
4, 6, 431.0,601.0,-1
6, 4, 431.0,601.0,-1
4, 7, 424.0,425.0,-1
7, 4, 424.0,425.0,-1
4, 8, 774.0,1074.0,-1
8, 4, 774.0,1074.0,-1
4, 9, 654.0,871.0,-1
9, 4, 654.0,871.0,-1
4, 10, 352.0,492.0,1
10, 4, 352.0,492.0,1
4, 11, 528.0,648.0,-1
11, 4, 528.0,648.0,-1
4, 12, 570.0,638.0,1
12, 4, 570.0,638.0,1
4, 13, 375.0,467.0,-1
13, 4, 375.0,467.0,-1
4, 14, 831.0,1103.0,-1
14, 4, 831.0,1103.0,-1
4, 15, 646.0,809.0,-1
15, 4, 646.0,809.0,-1
4, 16, 572.0,668.0,-1
16, 4, 572.0,668.0,-1
4, 4, 0.0,0.0,1
5, 6, 263.0,272.0,1
6, 5, 263.0,272.0,1
5, 7, 83.0,97.0,-1
7, 5, 83.0,97.0,-1
5, 8, 636.0,717.0,-1
8, 5, 636.0,717.0,-1
5, 9, 363.0,513.0,1
9, 5, 363.0,513.0,1
5, 10, 614.0,821.0,-1
10, 5, 614.0,821.0,-1
5, 11, 208.0,291.0,1
11, 5, 208.0,291.0,1
5, 12, 690.0,967.0,-1
12, 5, 690.0,967.0,-1
5, 13, 417.0,579.0,1
13, 5, 417.0,579.0,1
5, 14, 549.0,774.0,1
14, 5, 549.0,774.0,1
5, 15, 327.0,452.0,-1
15, 5, 327.0,452.0,-1
5, 16, 238.0,311.0,1
16, 5, 238.0,311.0,1
5, 5, 0.0,0.0,1
6, 7, 258.0,320.0,-1
7, 6, 258.0,320.0,-1
6, 8, 896.0,970.0,1
8, 6, 896.0,970.0,1
6, 9, 579.0,767.0,-1
9, 6, 579.0,767.0,-1
6, 10, 773.0,1093.0,1
10, 6, 773.0,1093.0,1
6, 11, 418.0,545.0,-1
11, 6, 418.0,545.0,-1
6, 12, 918.0,1238.0,-1
12, 6, 918.0,1238.0,-1
6, 13, 654.0,851.0,-1
13, 6, 654.0,851.0,-1
6, 14, 414.0,503.0,-1
14, 6, 414.0,503.0,-1
6, 15, 514.0,705.0,-1
15, 6, 514.0,705.0,-1
6, 16, 412.0,565.0,-1
16, 6, 412.0,565.0,-1
6, 6, 0.0,0.0,1
7, 8, 645.0,651.0,-1
8, 7, 645.0,651.0,-1
7, 9, 326.0,448.0,-1
9, 7, 326.0,448.0,-1
7, 10, 694.0,917.0,1
10, 7, 694.0,917.0,1
7, 11, 164.0,225.0,1
11, 7, 164.0,225.0,1
7, 12, 753.0,1063.0,1
12, 7, 753.0,1063.0,1
7, 13, 479.0,675.0,-1
13, 7, 479.0,675.0,-1
7, 14, 480.0,678.0,-1
14, 7, 480.0,678.0,-1
7, 15, 273.0,386.0,-1
15, 7, 273.0,386.0,-1
7, 16, 175.0,245.0,-1
16, 7, 175.0,245.0,-1
7, 7, 0.0,0.0,1
8, 9, 400.0,527.0,-1
9, 8, 400.0,527.0,-1
8, 10, 733.0,999.0,1
10, 8, 733.0,999.0,1
8, 11, 511.0,584.0,-1
11, 8, 511.0,584.0,-1
8, 12, 509.0,582.0,-1
12, 8, 509.0,582.0,-1
8, 13, 431.0,608.0,-1
13, 8, 431.0,608.0,-1
8, 14, 1045.0,1316.0,1
14, 8, 1045.0,1316.0,1
8, 15, 488.0,637.0,-1
15, 8, 488.0,637.0,-1
8, 16, 554.0,670.0,-1
16, 8, 554.0,670.0,-1
8, 8, 0.0,0.0,1
9, 10, 800.0,805.0,-1
10, 9, 800.0,805.0,-1
9, 11, 163.0,223.0,-1
11, 9, 163.0,223.0,-1
9, 12, 724.0,951.0,-1
12, 9, 724.0,951.0,-1
9, 13, 491.0,564.0,-1
13, 9, 491.0,564.0,-1
9, 14, 649.0,790.0,-1
14, 9, 649.0,790.0,-1
9, 15, 90.0,111.0,1
15, 9, 90.0,111.0,1
9, 16, 176.0,203.0,-1
16, 9, 176.0,203.0,-1
9, 9, 0.0,0.0,1
10, 11, 732.0,862.0,1
11, 10, 732.0,862.0,1
10, 12, 313.0,417.0,1
12, 10, 313.0,417.0,1
10, 13, 325.0,391.0,-1
13, 10, 325.0,391.0,-1
10, 14, 1151.0,1595.0,-1
14, 10, 1151.0,1595.0,-1
10, 15, 830.0,916.0,-1
15, 10, 830.0,916.0,-1
10, 16, 791.0,949.0,-1
16, 10, 791.0,949.0,-1
10, 10, 0.0,0.0,1
11, 12, 721.0,1008.0,1
12, 11, 721.0,1008.0,1
11, 13, 457.0,621.0,-1
13, 11, 457.0,621.0,-1
11, 14, 547.0,733.0,-1
14, 11, 547.0,733.0,-1
11, 15, 120.0,161.0,-1
15, 11, 120.0,161.0,-1
11, 16, 63.0,87.0,-1
16, 11, 63.0,87.0,-1
11, 11, 0.0,0.0,1
12, 13, 275.0,388.0,1
13, 12, 275.0,388.0,1
12, 14, 1233.0,1741.0,-1
14, 12, 1233.0,1741.0,-1
12, 15, 784.0,1062.0,-1
15, 12, 784.0,1062.0,-1
12, 16, 784.0,1094.0,-1
16, 12, 784.0,1094.0,-1
12, 12, 0.0,0.0,1
13, 14, 958.0,1353.0,1
14, 13, 958.0,1353.0,1
13, 15, 535.0,674.0,-1
15, 13, 535.0,674.0,-1
13, 16, 520.0,707.0,-1
16, 13, 520.0,707.0,-1
13, 13, 0.0,0.0,1
14, 15, 560.0,679.0,-1
15, 14, 560.0,679.0,-1
14, 16, 494.0,647.0,1
16, 14, 494.0,647.0,1
14, 14, 0.0,0.0,1
15, 16, 103.0,141.0,-1
16, 15, 103.0,141.0,-1
15, 15, 0.0,0.0,1
16, 16, 0.0,0.0,1


<end>