<number of nodes>
16

<ratio of available edges>
0.3

<max length of the drone flight>
100000 

<D 2/3>
1, 2, 5, 6, 7, 9, 11, 12, 13, 14, 15

<V>
2, 5, 7, 14, 15

<coordinates X,Y>
942.9240301876715, 189.09432218552618
232.7067506907632, 414.8591796491947
299.9866371060933, 282.3941451500046
11.275121284927453, 912.3827054430145
178.49484416656918, 937.511228858816
4.8265335494036945, 468.52467853473973
506.15465434002755, 228.1452457008484
990.5361135516686, 116.29120103007402
585.3623870024278, 951.352474779379
700.5476070315898, 418.5162619525639
597.7862544666602, 256.73026954694626
935.0887103706486, 133.31271388652289
746.2352728426257, 150.9814389678809
111.85254294081395, 902.8622499902425
434.7993018599232, 137.31250208090893
642.2866976060651, 768.7022956633742

<adjacency matrix with truck distances>
1, 2, 746.0,936.0,1
2, 1, 746.0,936.0,1
1, 3, 650.0,737.0,-1
3, 1, 650.0,737.0,-1
1, 4, 1180.0,1655.0,-1
4, 1, 1180.0,1655.0,-1
1, 5, 1070.0,1513.0,-1
5, 1, 1070.0,1513.0,-1
1, 6, 979.0,1218.0,-1
6, 1, 979.0,1218.0,-1
1, 7, 439.0,476.0,-1
7, 1, 439.0,476.0,-1
1, 8, 87.0,121.0,-1
8, 1, 87.0,121.0,-1
1, 9, 842.0,1120.0,1
9, 1, 842.0,1120.0,1
1, 10, 334.0,472.0,1
10, 1, 334.0,472.0,1
1, 11, 352.0,413.0,1
11, 1, 352.0,413.0,1
1, 12, 57.0,64.0,-1
12, 1, 57.0,64.0,-1
1, 13, 201.0,235.0,-1
13, 1, 201.0,235.0,-1
1, 14, 1096.0,1545.0,-1
14, 1, 1096.0,1545.0,-1
1, 15, 511.0,560.0,-1
15, 1, 511.0,560.0,-1
1, 16, 653.0,881.0,-1
16, 1, 653.0,881.0,-1
1, 1, 0.0,0.0,1
2, 3, 149.0,200.0,-1
3, 2, 149.0,200.0,-1
2, 4, 545.0,719.0,1
4, 2, 545.0,719.0,1
2, 5, 526.0,577.0,-1
5, 2, 526.0,577.0,-1
2, 6, 235.0,282.0,1
6, 2, 235.0,282.0,1
2, 7, 332.0,461.0,-1
7, 2, 332.0,461.0,-1
2, 8, 815.0,1057.0,-1
8, 2, 815.0,1057.0,-1
2, 9, 643.0,890.0,-1
9, 2, 643.0,890.0,-1
2, 10, 468.0,472.0,-1
10, 2, 468.0,472.0,-1
2, 11, 398.0,524.0,-1
11, 2, 398.0,524.0,-1
2, 12, 757.0,984.0,-1
12, 2, 757.0,984.0,-1
2, 13, 578.0,778.0,-1
13, 2, 578.0,778.0,-1
2, 14, 503.0,609.0,-1
14, 2, 503.0,609.0,-1
2, 15, 344.0,480.0,1
15, 2, 344.0,480.0,1
2, 16, 542.0,764.0,-1
16, 2, 542.0,764.0,-1
2, 2, 0.0,0.0,1
3, 4, 693.0,919.0,-1
4, 3, 693.0,919.0,-1
3, 5, 667.0,777.0,1
5, 3, 667.0,777.0,1
3, 6, 349.0,482.0,1
6, 3, 349.0,482.0,1
3, 7, 214.0,261.0,-1
7, 3, 214.0,261.0,-1
3, 8, 711.0,857.0,1
8, 3, 711.0,857.0,1
3, 9, 728.0,955.0,1
9, 3, 728.0,955.0,1
3, 10, 424.0,537.0,-1
10, 3, 424.0,537.0,-1
3, 11, 299.0,324.0,-1
11, 3, 299.0,324.0,-1
3, 12, 653.0,785.0,1
12, 3, 653.0,785.0,1
3, 13, 466.0,578.0,-1
13, 3, 466.0,578.0,-1
3, 14, 649.0,809.0,-1
14, 3, 649.0,809.0,-1
3, 15, 199.0,280.0,1
15, 3, 199.0,280.0,1
3, 16, 595.0,829.0,-1
16, 3, 595.0,829.0,-1
3, 3, 0.0,0.0,1
4, 5, 170.0,193.0,1
5, 4, 170.0,193.0,1
4, 6, 444.0,451.0,1
6, 4, 444.0,451.0,1
4, 7, 845.0,1180.0,-1
7, 4, 845.0,1180.0,-1
4, 8, 1263.0,1776.0,-1
8, 4, 1263.0,1776.0,-1
4, 9, 576.0,614.0,-1
9, 4, 576.0,614.0,-1
4, 10, 848.0,1184.0,1
10, 4, 848.0,1184.0,1
4, 11, 880.0,1243.0,-1
11, 4, 880.0,1243.0,-1
4, 12, 1209.0,1703.0,-1
12, 4, 1209.0,1703.0,-1
4, 13, 1059.0,1497.0,-1
13, 4, 1059.0,1497.0,-1
4, 14, 102.0,111.0,-1
14, 4, 102.0,111.0,-1
4, 15, 884.0,1199.0,-1
15, 4, 884.0,1199.0,-1
4, 16, 648.0,775.0,-1
16, 4, 648.0,775.0,-1
4, 4, 0.0,0.0,1
5, 6, 501.0,643.0,-1
6, 5, 501.0,643.0,-1
5, 7, 782.0,1038.0,1
7, 5, 782.0,1038.0,1
5, 8, 1155.0,1634.0,-1
8, 5, 1155.0,1634.0,-1
5, 9, 408.0,421.0,1
9, 5, 408.0,421.0,1
5, 10, 737.0,1042.0,-1
10, 5, 737.0,1042.0,-1
5, 11, 800.0,1101.0,-1
11, 5, 800.0,1101.0,-1
5, 12, 1105.0,1561.0,1
12, 5, 1105.0,1561.0,1
5, 13, 971.0,1355.0,1
13, 5, 971.0,1355.0,1
5, 14, 76.0,102.0,-1
14, 5, 76.0,102.0,-1
5, 15, 841.0,1057.0,1
15, 5, 841.0,1057.0,1
5, 16, 494.0,633.0,-1
16, 5, 494.0,633.0,-1
5, 5, 0.0,0.0,1
6, 7, 556.0,742.0,-1
7, 6, 556.0,742.0,-1
6, 8, 1047.0,1338.0,-1
8, 6, 1047.0,1338.0,-1
6, 9, 756.0,1064.0,1
9, 6, 756.0,1064.0,1
6, 10, 698.0,746.0,-1
10, 6, 698.0,746.0,-1
6, 11, 630.0,805.0,1
11, 6, 630.0,805.0,1
6, 12, 989.0,1266.0,-1
12, 6, 989.0,1266.0,-1
6, 13, 807.0,1059.0,-1
13, 6, 807.0,1059.0,-1
6, 14, 448.0,542.0,-1
14, 6, 448.0,542.0,-1
6, 15, 543.0,762.0,1
15, 6, 543.0,762.0,1
6, 16, 705.0,938.0,-1
16, 6, 705.0,938.0,-1
6, 6, 0.0,0.0,1
7, 8, 498.0,597.0,1
8, 7, 498.0,597.0,1
7, 9, 728.0,803.0,1
9, 7, 728.0,803.0,1
7, 10, 273.0,385.0,-1
10, 7, 273.0,385.0,-1
7, 11, 96.0,121.0,-1
11, 7, 96.0,121.0,-1
7, 12, 440.0,524.0,-1
12, 7, 440.0,524.0,-1
7, 13, 253.0,318.0,-1
13, 7, 253.0,318.0,-1
7, 14, 782.0,1070.0,-1
14, 7, 782.0,1070.0,-1
7, 15, 116.0,163.0,1
15, 7, 116.0,163.0,1
7, 16, 558.0,677.0,-1
16, 7, 558.0,677.0,-1
7, 7, 0.0,0.0,1
8, 9, 929.0,1241.0,-1
9, 8, 929.0,1241.0,-1
8, 10, 419.0,593.0,-1
10, 8, 419.0,593.0,-1
8, 11, 418.0,534.0,-1
11, 8, 418.0,534.0,-1
8, 12, 59.0,73.0,1
12, 8, 59.0,73.0,1
8, 13, 247.0,279.0,-1
13, 8, 247.0,279.0,-1
8, 14, 1180.0,1666.0,-1
14, 8, 1180.0,1666.0,-1
8, 15, 557.0,577.0,1
15, 8, 557.0,577.0,1
8, 16, 740.0,1001.0,1
16, 8, 740.0,1001.0,1
8, 8, 0.0,0.0,1
9, 10, 546.0,649.0,-1
10, 9, 546.0,649.0,-1
9, 11, 695.0,708.0,1
11, 9, 695.0,708.0,1
9, 12, 890.0,1168.0,-1
12, 9, 890.0,1168.0,-1
9, 13, 817.0,962.0,-1
13, 9, 817.0,962.0,-1
9, 14, 476.0,523.0,-1
14, 9, 476.0,523.0,-1
9, 15, 828.0,965.0,-1
15, 9, 828.0,965.0,-1
9, 16, 192.0,240.0,-1
16, 9, 192.0,240.0,-1
9, 9, 0.0,0.0,1
10, 11, 192.0,265.0,-1
11, 10, 192.0,265.0,-1
10, 12, 370.0,520.0,-1
12, 10, 370.0,520.0,-1
10, 13, 272.0,314.0,-1
13, 10, 272.0,314.0,-1
10, 14, 763.0,1074.0,-1
14, 10, 763.0,1074.0,-1
10, 15, 387.0,547.0,1
15, 10, 387.0,547.0,1
10, 16, 355.0,409.0,-1
16, 10, 355.0,409.0,-1
10, 10, 0.0,0.0,1
11, 12, 360.0,461.0,-1
12, 11, 360.0,461.0,-1
11, 13, 183.0,255.0,-1
13, 11, 183.0,255.0,-1
11, 14, 809.0,1133.0,-1
14, 11, 809.0,1133.0,-1
11, 15, 203.0,283.0,-1
15, 11, 203.0,283.0,-1
11, 16, 514.0,557.0,-1
16, 11, 514.0,557.0,-1
11, 11, 0.0,0.0,1
12, 13, 190.0,207.0,-1
13, 12, 190.0,207.0,-1
12, 14, 1127.0,1593.0,-1
14, 12, 1127.0,1593.0,-1
12, 15, 501.0,505.0,-1
15, 12, 501.0,505.0,-1
12, 16, 700.0,929.0,-1
16, 12, 700.0,929.0,-1
12, 12, 0.0,0.0,1
13, 14, 984.0,1387.0,1
14, 13, 984.0,1387.0,1
13, 15, 312.0,326.0,-1
15, 13, 312.0,326.0,-1
13, 16, 627.0,722.0,1
16, 13, 627.0,722.0,1
13, 13, 0.0,0.0,1
14, 15, 831.0,1089.0,-1
15, 14, 831.0,1089.0,-1
14, 16, 548.0,665.0,1
16, 14, 548.0,665.0,1
14, 14, 0.0,0.0,1
15, 16, 665.0,839.0,1
16, 15, 665.0,839.0,1
15, 15, 0.0,0.0,1
16, 16, 0.0,0.0,1


<end>