<number of nodes>
16

<ratio of available edges>
0.3

<max length of the drone flight>
100000 

<D 2/3>
1, 2, 3, 5, 6, 7, 9, 10, 11, 14, 16

<V>
2, 3, 7, 11, 14

<coordinates X,Y>
857.2250067930006, 887.0764589643818
337.9388470476098, 268.4117408134114
757.2558369185381, 512.4689666773294
324.40432047037865, 930.6257962212258
714.8173812215788, 533.5137154164241
665.9956212340946, 280.6307237122001
444.2279653798135, 325.61344272525173
692.1490064611828, 605.3473110041037
563.8253838936339, 412.68603262600783
136.87422134005578, 698.7017350317216
35.59693317006615, 236.28569999817324
688.5393049638866, 586.3214249014047
66.43924792420826, 772.551660993175
433.7140580675019, 163.4153826973825
810.4571379335538, 928.5112812076753
271.24610756563203, 921.1043684057444

<adjacency matrix with truck distances>
1, 2, 808.0,1138.0,-1
2, 1, 808.0,1138.0,-1
1, 3, 388.0,475.0,-1
3, 1, 388.0,475.0,-1
1, 4, 535.0,577.0,1
4, 1, 535.0,577.0,1
1, 5, 382.0,496.0,-1
5, 1, 382.0,496.0,-1
1, 6, 636.0,798.0,-1
6, 1, 636.0,798.0,-1
1, 7, 697.0,975.0,-1
7, 1, 697.0,975.0,-1
1, 8, 327.0,447.0,-1
8, 1, 327.0,447.0,-1
1, 9, 558.0,768.0,-1
9, 1, 558.0,768.0,-1
1, 10, 745.0,909.0,-1
10, 1, 745.0,909.0,-1
1, 11, 1049.0,1473.0,1
11, 1, 1049.0,1473.0,1
1, 12, 345.0,470.0,-1
12, 1, 345.0,470.0,-1
1, 13, 800.0,906.0,1
13, 1, 800.0,906.0,1
1, 14, 839.0,1148.0,-1
14, 1, 839.0,1148.0,-1
1, 15, 63.0,89.0,-1
15, 1, 63.0,89.0,-1
1, 16, 587.0,621.0,-1
16, 1, 587.0,621.0,-1
1, 1, 0.0,0.0,1
2, 3, 486.0,664.0,-1
3, 2, 486.0,664.0,-1
2, 4, 663.0,676.0,-1
4, 2, 663.0,676.0,-1
2, 5, 461.0,642.0,-1
5, 2, 461.0,642.0,-1
2, 6, 329.0,341.0,-1
6, 2, 329.0,341.0,-1
2, 7, 121.0,164.0,1
7, 2, 121.0,164.0,1
2, 8, 489.0,692.0,-1
8, 2, 489.0,692.0,-1
2, 9, 269.0,371.0,-1
9, 2, 269.0,371.0,-1
2, 10, 475.0,632.0,-1
10, 2, 475.0,632.0,-1
2, 11, 305.0,335.0,-1
11, 2, 305.0,335.0,-1
2, 12, 474.0,669.0,-1
12, 2, 474.0,669.0,-1
2, 13, 573.0,776.0,1
13, 2, 573.0,776.0,1
2, 14, 143.0,201.0,1
14, 2, 143.0,201.0,1
2, 15, 812.0,1133.0,-1
15, 2, 812.0,1133.0,-1
2, 16, 657.0,720.0,-1
16, 2, 657.0,720.0,-1
2, 2, 0.0,0.0,1
3, 4, 602.0,852.0,-1
4, 3, 602.0,852.0,-1
3, 5, 48.0,64.0,1
5, 3, 48.0,64.0,1
3, 6, 250.0,324.0,-1
6, 3, 250.0,324.0,-1
3, 7, 365.0,500.0,-1
7, 3, 365.0,500.0,-1
3, 8, 114.0,158.0,-1
8, 3, 114.0,158.0,-1
3, 9, 218.0,294.0,-1
9, 3, 218.0,294.0,-1
3, 10, 648.0,807.0,-1
10, 3, 648.0,807.0,-1
3, 11, 773.0,998.0,-1
11, 3, 773.0,998.0,-1
3, 12, 101.0,143.0,1
12, 3, 101.0,143.0,1
3, 13, 739.0,951.0,-1
13, 3, 739.0,951.0,-1
3, 14, 476.0,673.0,1
14, 3, 476.0,673.0,1
3, 15, 420.0,470.0,-1
15, 3, 420.0,470.0,-1
3, 16, 635.0,895.0,1
16, 3, 635.0,895.0,1
3, 3, 0.0,0.0,1
4, 5, 557.0,788.0,1
5, 4, 557.0,788.0,1
4, 6, 735.0,992.0,-1
6, 4, 735.0,992.0,-1
4, 7, 617.0,725.0,-1
7, 4, 617.0,725.0,-1
4, 8, 491.0,694.0,-1
8, 4, 491.0,694.0,-1
4, 9, 571.0,758.0,1
9, 4, 571.0,758.0,1
4, 10, 299.0,420.0,-1
10, 4, 299.0,420.0,-1
4, 11, 753.0,984.0,1
11, 4, 753.0,984.0,1
4, 12, 502.0,709.0,-1
12, 4, 502.0,709.0,-1
4, 13, 303.0,417.0,-1
13, 4, 303.0,417.0,-1
4, 14, 775.0,877.0,1
14, 4, 775.0,877.0,1
4, 15, 487.0,489.0,-1
15, 4, 487.0,489.0,-1
4, 16, 55.0,63.0,1
16, 4, 55.0,63.0,1
4, 4, 0.0,0.0,1
5, 6, 258.0,302.0,1
6, 5, 258.0,302.0,1
5, 7, 342.0,479.0,1
7, 5, 342.0,479.0,1
5, 8, 76.0,95.0,-1
8, 5, 76.0,95.0,-1
5, 9, 194.0,272.0,-1
9, 5, 194.0,272.0,-1
5, 10, 602.0,744.0,-1
10, 5, 602.0,744.0,-1
5, 11, 742.0,977.0,1
11, 5, 742.0,977.0,1
5, 12, 59.0,80.0,-1
12, 5, 59.0,80.0,-1
5, 13, 692.0,888.0,1
13, 5, 692.0,888.0,1
5, 14, 465.0,652.0,-1
14, 5, 465.0,652.0,-1
5, 15, 407.0,491.0,-1
15, 5, 407.0,491.0,-1
5, 16, 590.0,832.0,-1
16, 5, 590.0,832.0,-1
5, 5, 0.0,0.0,1
6, 7, 227.0,267.0,-1
7, 6, 227.0,267.0,-1
6, 8, 326.0,351.0,-1
8, 6, 326.0,351.0,-1
6, 9, 167.0,235.0,-1
9, 6, 167.0,235.0,-1
6, 10, 675.0,948.0,-1
10, 6, 675.0,948.0,-1
6, 11, 632.0,675.0,-1
11, 6, 632.0,675.0,-1
6, 12, 307.0,329.0,-1
12, 6, 307.0,329.0,-1
6, 13, 776.0,1092.0,-1
13, 6, 776.0,1092.0,-1
6, 14, 261.0,350.0,1
14, 6, 261.0,350.0,1
6, 15, 664.0,793.0,-1
15, 6, 664.0,793.0,-1
6, 16, 753.0,1036.0,-1
16, 6, 753.0,1036.0,-1
6, 6, 0.0,0.0,1
7, 8, 374.0,528.0,-1
8, 7, 374.0,528.0,-1
7, 9, 148.0,207.0,-1
9, 7, 148.0,207.0,-1
7, 10, 484.0,681.0,-1
10, 7, 484.0,681.0,-1
7, 11, 419.0,498.0,-1
11, 7, 419.0,498.0,-1
7, 12, 358.0,506.0,-1
12, 7, 358.0,506.0,-1
7, 13, 586.0,825.0,-1
13, 7, 586.0,825.0,-1
7, 14, 163.0,173.0,1
14, 7, 163.0,173.0,1
7, 15, 706.0,970.0,1
15, 7, 706.0,970.0,1
7, 16, 621.0,769.0,1
16, 7, 621.0,769.0,1
7, 7, 0.0,0.0,1
8, 9, 232.0,321.0,-1
9, 8, 232.0,321.0,-1
8, 10, 564.0,649.0,-1
10, 8, 564.0,649.0,-1
8, 11, 754.0,1026.0,-1
11, 8, 754.0,1026.0,-1
8, 12, 20.0,23.0,1
12, 8, 20.0,23.0,1
8, 13, 648.0,793.0,1
13, 8, 648.0,793.0,1
8, 14, 512.0,701.0,-1
14, 8, 512.0,701.0,-1
8, 15, 345.0,442.0,1
15, 8, 345.0,442.0,1
8, 16, 527.0,737.0,-1
16, 8, 527.0,737.0,-1
8, 8, 0.0,0.0,1
9, 10, 514.0,713.0,1
10, 9, 514.0,713.0,1
9, 11, 557.0,705.0,-1
11, 9, 557.0,705.0,-1
9, 12, 214.0,299.0,1
12, 9, 214.0,299.0,1
9, 13, 614.0,858.0,-1
13, 9, 614.0,858.0,-1
9, 14, 282.0,380.0,-1
14, 9, 282.0,380.0,-1
9, 15, 572.0,763.0,-1
15, 9, 572.0,763.0,-1
9, 16, 587.0,801.0,1
16, 9, 587.0,801.0,1
9, 9, 0.0,0.0,1
10, 11, 474.0,564.0,-1
11, 10, 474.0,564.0,-1
10, 12, 563.0,665.0,-1
12, 10, 563.0,665.0,-1
10, 13, 103.0,145.0,1
13, 10, 103.0,145.0,1
10, 14, 613.0,833.0,1
14, 10, 613.0,833.0,1
10, 15, 712.0,904.0,1
15, 10, 712.0,904.0,1
10, 16, 260.0,357.0,-1
16, 10, 260.0,357.0,-1
10, 10, 0.0,0.0,1
11, 12, 741.0,1003.0,1
12, 11, 741.0,1003.0,1
11, 13, 538.0,568.0,1
13, 11, 538.0,568.0,1
11, 14, 405.0,471.0,-1
14, 11, 405.0,471.0,-1
11, 15, 1040.0,1468.0,-1
15, 11, 1040.0,1468.0,-1
11, 16, 725.0,921.0,-1
16, 11, 725.0,921.0,-1
11, 11, 0.0,0.0,1
12, 13, 650.0,809.0,-1
13, 12, 650.0,809.0,-1
12, 14, 494.0,678.0,-1
14, 12, 494.0,678.0,-1
12, 15, 364.0,465.0,1
15, 12, 364.0,465.0,1
12, 16, 535.0,753.0,-1
16, 12, 535.0,753.0,-1
12, 12, 0.0,0.0,1
13, 14, 712.0,977.0,-1
14, 13, 712.0,977.0,-1
13, 15, 761.0,900.0,1
15, 13, 761.0,900.0,1
13, 16, 254.0,354.0,-1
16, 13, 254.0,354.0,-1
13, 13, 0.0,0.0,1
14, 15, 853.0,1142.0,-1
15, 14, 853.0,1142.0,-1
14, 16, 775.0,921.0,-1
16, 14, 775.0,921.0,-1
14, 14, 0.0,0.0,1
15, 16, 540.0,547.0,-1
16, 15, 540.0,547.0,-1
15, 15, 0.0,0.0,1
16, 16, 0.0,0.0,1


<end>