<number of nodes>
16

<ratio of available edges>
0.3

<max length of the drone flight>
100000 

<D 2/3>
1, 3, 7, 8, 9, 10, 12, 13, 14, 15, 16

<V>
3, 7, 9, 14, 16

<coordinates X,Y>
863.2722501932574, 164.74927491109642
156.80123024665565, 979.4481160590219
788.1234588589907, 795.4057828579981
542.8727840581056, 811.8680034866984
311.835934924055, 785.5489937457611
816.7807351858631, 238.47519885322302
205.63114219113876, 621.3186253780815
879.9331742476678, 330.0203231394051
917.1434026378273, 431.27173920452674
471.93684186524166, 789.7209787867905
321.67305640983966, 603.6660798191199
25.96150776369773, 465.4539966036275
452.9425590073993, 816.3105176500926
891.1100764959197, 818.8669425206017
491.4112419744826, 347.2386539331146
537.0521912206818, 740.9403000474181

<adjacency matrix with truck distances>
1, 2, 1079.0,1522.0,1
2, 1, 1079.0,1522.0,1
1, 3, 636.0,706.0,-1
3, 1, 636.0,706.0,-1
1, 4, 723.0,968.0,-1
4, 1, 723.0,968.0,-1
1, 5, 831.0,1173.0,1
5, 1, 831.0,1173.0,1
1, 6, 88.0,121.0,-1
6, 1, 88.0,121.0,-1
1, 7, 801.0,1115.0,-1
7, 1, 801.0,1115.0,-1
1, 8, 167.0,182.0,-1
8, 1, 167.0,182.0,-1
1, 9, 272.0,321.0,-1
9, 1, 272.0,321.0,-1
1, 10, 738.0,1017.0,-1
10, 1, 738.0,1017.0,-1
1, 11, 698.0,981.0,-1
11, 1, 698.0,981.0,-1
1, 12, 890.0,1139.0,1
12, 1, 890.0,1139.0,1
1, 13, 771.0,1062.0,-1
13, 1, 771.0,1062.0,-1
1, 14, 655.0,682.0,-1
14, 1, 655.0,682.0,-1
1, 15, 415.0,555.0,-1
15, 1, 415.0,555.0,-1
1, 16, 663.0,903.0,-1
16, 1, 663.0,903.0,-1
1, 1, 0.0,0.0,1
2, 3, 658.0,816.0,-1
3, 2, 658.0,816.0,-1
2, 4, 421.0,554.0,1
4, 2, 421.0,554.0,1
2, 5, 249.0,349.0,-1
5, 2, 249.0,349.0,-1
2, 6, 993.0,1401.0,-1
6, 2, 993.0,1401.0,-1
2, 7, 362.0,407.0,-1
7, 2, 362.0,407.0,-1
2, 8, 972.0,1373.0,1
8, 2, 972.0,1373.0,1
2, 9, 938.0,1309.0,1
9, 2, 938.0,1309.0,1
2, 10, 368.0,505.0,-1
10, 2, 368.0,505.0,-1
2, 11, 411.0,541.0,-1
11, 2, 411.0,541.0,-1
2, 12, 531.0,645.0,-1
12, 2, 531.0,645.0,-1
2, 13, 339.0,460.0,1
13, 2, 339.0,460.0,1
2, 14, 752.0,895.0,1
14, 2, 752.0,895.0,1
2, 15, 716.0,967.0,1
15, 2, 716.0,967.0,1
2, 16, 449.0,619.0,-1
16, 2, 449.0,619.0,-1
2, 2, 0.0,0.0,1
3, 4, 246.0,262.0,-1
4, 3, 246.0,262.0,-1
3, 5, 477.0,487.0,-1
5, 3, 477.0,487.0,-1
3, 6, 558.0,586.0,-1
6, 3, 558.0,586.0,-1
3, 7, 608.0,757.0,1
7, 3, 608.0,757.0,1
3, 8, 475.0,558.0,1
8, 3, 475.0,558.0,1
3, 9, 387.0,494.0,-1
9, 3, 387.0,494.0,-1
3, 10, 317.0,322.0,1
10, 3, 317.0,322.0,1
3, 11, 505.0,659.0,1
11, 3, 505.0,659.0,1
3, 12, 831.0,1093.0,-1
12, 3, 831.0,1093.0,-1
3, 13, 336.0,357.0,-1
13, 3, 336.0,357.0,-1
3, 14, 106.0,127.0,-1
14, 3, 106.0,127.0,-1
3, 15, 538.0,745.0,-1
15, 3, 538.0,745.0,-1
3, 16, 257.0,306.0,-1
16, 3, 257.0,306.0,-1
3, 3, 0.0,0.0,1
4, 5, 233.0,258.0,-1
5, 4, 233.0,258.0,-1
4, 6, 636.0,848.0,-1
6, 4, 636.0,848.0,-1
4, 7, 388.0,528.0,1
7, 4, 388.0,528.0,1
4, 8, 589.0,819.0,-1
8, 4, 589.0,819.0,-1
4, 9, 534.0,755.0,-1
9, 4, 534.0,755.0,-1
4, 10, 75.0,94.0,-1
10, 4, 75.0,94.0,-1
4, 11, 304.0,430.0,1
11, 4, 304.0,430.0,1
4, 12, 623.0,864.0,1
12, 4, 623.0,864.0,1
4, 13, 91.0,95.0,-1
13, 4, 91.0,95.0,-1
4, 14, 349.0,356.0,-1
14, 4, 349.0,356.0,-1
4, 15, 468.0,517.0,-1
15, 4, 468.0,517.0,-1
4, 16, 72.0,77.0,-1
16, 4, 72.0,77.0,-1
4, 4, 0.0,0.0,1
5, 6, 745.0,1053.0,-1
6, 5, 745.0,1053.0,-1
5, 7, 196.0,271.0,-1
7, 5, 196.0,271.0,-1
5, 8, 729.0,1024.0,1
8, 5, 729.0,1024.0,1
5, 9, 702.0,960.0,-1
9, 5, 702.0,960.0,-1
5, 10, 161.0,165.0,-1
10, 5, 161.0,165.0,-1
5, 11, 183.0,192.0,-1
11, 5, 183.0,192.0,-1
5, 12, 430.0,606.0,-1
12, 5, 430.0,606.0,-1
5, 13, 145.0,172.0,-1
13, 5, 145.0,172.0,-1
5, 14, 581.0,613.0,-1
14, 5, 581.0,613.0,-1
5, 15, 474.0,618.0,-1
15, 5, 474.0,618.0,-1
5, 16, 230.0,270.0,-1
16, 5, 230.0,270.0,-1
5, 5, 0.0,0.0,1
6, 7, 722.0,994.0,-1
7, 6, 722.0,994.0,-1
6, 8, 112.0,155.0,1
8, 6, 112.0,155.0,1
6, 9, 218.0,294.0,1
9, 6, 218.0,294.0,1
6, 10, 651.0,897.0,-1
10, 6, 651.0,897.0,-1
6, 11, 616.0,861.0,-1
11, 6, 616.0,861.0,-1
6, 12, 823.0,1018.0,1
12, 6, 823.0,1018.0,1
6, 13, 683.0,942.0,-1
13, 6, 683.0,942.0,-1
6, 14, 586.0,655.0,1
14, 6, 586.0,655.0,1
6, 15, 344.0,435.0,-1
15, 6, 344.0,435.0,-1
6, 16, 576.0,783.0,1
16, 6, 576.0,783.0,1
6, 6, 0.0,0.0,1
7, 8, 735.0,966.0,1
8, 7, 735.0,966.0,1
7, 9, 737.0,902.0,-1
9, 7, 737.0,902.0,-1
7, 10, 316.0,435.0,-1
10, 7, 316.0,435.0,-1
7, 11, 118.0,134.0,1
11, 7, 118.0,134.0,1
7, 12, 238.0,336.0,-1
12, 7, 238.0,336.0,-1
7, 13, 315.0,443.0,1
13, 7, 315.0,443.0,1
7, 14, 714.0,884.0,-1
14, 7, 714.0,884.0,-1
7, 15, 396.0,560.0,-1
15, 7, 396.0,560.0,-1
7, 16, 353.0,452.0,-1
16, 7, 353.0,452.0,-1
7, 7, 0.0,0.0,1
8, 9, 108.0,139.0,-1
9, 8, 108.0,139.0,-1
8, 10, 615.0,868.0,-1
10, 8, 615.0,868.0,-1
8, 11, 622.0,832.0,-1
11, 8, 622.0,832.0,-1
8, 12, 865.0,990.0,1
12, 8, 865.0,990.0,1
8, 13, 648.0,914.0,-1
13, 8, 648.0,914.0,-1
8, 14, 489.0,501.0,-1
14, 8, 489.0,501.0,-1
8, 15, 389.0,406.0,1
15, 8, 389.0,406.0,1
8, 16, 536.0,754.0,1
16, 8, 536.0,754.0,1
8, 8, 0.0,0.0,1
9, 10, 572.0,804.0,-1
10, 9, 572.0,804.0,-1
9, 11, 620.0,768.0,-1
11, 9, 620.0,768.0,-1
9, 12, 892.0,926.0,-1
12, 9, 892.0,926.0,-1
9, 13, 604.0,850.0,-1
13, 9, 604.0,850.0,-1
9, 14, 389.0,414.0,1
14, 9, 389.0,414.0,1
9, 15, 434.0,510.0,-1
15, 9, 434.0,510.0,-1
9, 16, 491.0,690.0,-1
16, 9, 491.0,690.0,-1
9, 9, 0.0,0.0,1
10, 11, 240.0,337.0,-1
11, 10, 240.0,337.0,-1
10, 12, 552.0,771.0,1
12, 10, 552.0,771.0,1
10, 13, 33.0,46.0,-1
13, 10, 33.0,46.0,-1
10, 14, 421.0,449.0,1
14, 10, 421.0,449.0,1
10, 15, 443.0,462.0,1
15, 10, 443.0,462.0,1
10, 16, 82.0,114.0,-1
16, 10, 82.0,114.0,-1
10, 10, 0.0,0.0,1
11, 12, 327.0,434.0,-1
12, 11, 327.0,434.0,-1
11, 13, 250.0,344.0,-1
13, 11, 250.0,344.0,-1
11, 14, 609.0,785.0,1
14, 11, 609.0,785.0,1
11, 15, 308.0,427.0,-1
15, 11, 308.0,427.0,-1
11, 16, 256.0,353.0,-1
16, 11, 256.0,353.0,-1
11, 11, 0.0,0.0,1
12, 13, 553.0,778.0,1
13, 12, 553.0,778.0,1
12, 14, 935.0,1219.0,-1
14, 12, 935.0,1219.0,-1
12, 15, 481.0,584.0,-1
15, 12, 481.0,584.0,-1
12, 16, 581.0,787.0,-1
16, 12, 581.0,787.0,-1
12, 12, 0.0,0.0,1
13, 14, 439.0,441.0,-1
14, 13, 439.0,441.0,-1
13, 15, 471.0,508.0,-1
15, 13, 471.0,508.0,-1
13, 16, 113.0,160.0,1
16, 13, 113.0,160.0,1
13, 13, 0.0,0.0,1
14, 15, 619.0,872.0,1
15, 14, 619.0,872.0,1
14, 16, 363.0,432.0,-1
16, 14, 363.0,432.0,-1
14, 14, 0.0,0.0,1
15, 16, 397.0,440.0,-1
16, 15, 397.0,440.0,-1
15, 15, 0.0,0.0,1
16, 16, 0.0,0.0,1


<end>