<number of nodes>
16

<ratio of available edges>
0.3

<max length of the drone flight>
100000 

<D 2/3>
1, 3, 4, 5, 8, 9, 10, 12, 13, 15, 16

<V>
4, 5, 9, 13, 16

<coordinates X,Y>
353.7616600383556, 996.8931588122133
508.4359105874156, 828.71734715747
233.46337944437317, 10.602308851043631
269.20405898407046, 485.6983715338789
291.2873257058498, 130.099743322704
585.0813628735805, 783.482697114098
509.017724061661, 401.48993150057936
775.8679561453889, 867.1708886445155
589.5233135158909, 241.7215836078081
906.1816344973267, 663.8069081410927
946.0578669427885, 237.77135019807892
649.0150577285578, 614.675811686197
618.7199475028323, 709.6522823263256
254.6351314319915, 111.91582735347966
894.8850616253192, 217.6727134761093
568.1504026138185, 76.90429046685479

<adjacency matrix with truck distances>
1, 2, 229.0,323.0,1
2, 1, 229.0,323.0,1
1, 3, 994.0,1107.0,-1
3, 1, 994.0,1107.0,-1
1, 4, 519.0,596.0,1
4, 1, 519.0,596.0,1
1, 5, 870.0,930.0,1
5, 1, 870.0,930.0,1
1, 6, 315.0,445.0,-1
6, 1, 315.0,445.0,-1
1, 7, 616.0,751.0,-1
7, 1, 616.0,751.0,-1
1, 8, 442.0,552.0,-1
8, 1, 442.0,552.0,-1
1, 9, 792.0,991.0,-1
9, 1, 792.0,991.0,-1
1, 10, 646.0,886.0,-1
10, 1, 646.0,886.0,-1
1, 11, 963.0,1352.0,1
11, 1, 963.0,1352.0,1
1, 12, 483.0,678.0,-1
12, 1, 483.0,678.0,-1
1, 13, 391.0,553.0,-1
13, 1, 391.0,553.0,-1
1, 14, 891.0,985.0,-1
14, 1, 891.0,985.0,-1
1, 15, 949.0,1321.0,-1
15, 1, 949.0,1321.0,-1
1, 16, 945.0,1135.0,-1
16, 1, 945.0,1135.0,-1
1, 1, 0.0,0.0,1
2, 3, 864.0,1094.0,-1
3, 2, 864.0,1094.0,-1
2, 4, 419.0,583.0,-1
4, 2, 419.0,583.0,-1
2, 5, 732.0,916.0,-1
5, 2, 732.0,916.0,-1
2, 6, 89.0,122.0,-1
6, 2, 89.0,122.0,-1
2, 7, 428.0,428.0,-1
7, 2, 428.0,428.0,-1
2, 8, 271.0,306.0,-1
8, 2, 271.0,306.0,-1
2, 9, 593.0,669.0,-1
9, 2, 593.0,669.0,-1
2, 10, 431.0,563.0,-1
10, 2, 431.0,563.0,-1
2, 11, 736.0,1029.0,1
11, 2, 736.0,1029.0,1
2, 12, 257.0,355.0,-1
12, 2, 257.0,355.0,-1
2, 13, 163.0,230.0,-1
13, 2, 163.0,230.0,-1
2, 14, 761.0,971.0,-1
14, 2, 761.0,971.0,-1
2, 15, 723.0,998.0,1
15, 2, 723.0,998.0,1
2, 16, 755.0,812.0,-1
16, 2, 755.0,812.0,-1
2, 2, 0.0,0.0,1
3, 4, 477.0,511.0,-1
4, 3, 477.0,511.0,-1
3, 5, 133.0,178.0,-1
5, 3, 133.0,178.0,-1
3, 6, 850.0,1125.0,-1
6, 3, 850.0,1125.0,-1
3, 7, 479.0,667.0,-1
7, 3, 479.0,667.0,-1
3, 8, 1014.0,1399.0,1
8, 3, 1014.0,1399.0,1
3, 9, 425.0,588.0,-1
9, 3, 425.0,588.0,-1
3, 10, 938.0,1326.0,1
10, 3, 938.0,1326.0,1
3, 11, 748.0,940.0,-1
11, 3, 748.0,940.0,-1
3, 12, 734.0,1020.0,1
12, 3, 734.0,1020.0,1
3, 13, 799.0,1085.0,-1
13, 3, 799.0,1085.0,-1
3, 14, 104.0,123.0,-1
14, 3, 104.0,123.0,-1
3, 15, 694.0,869.0,1
15, 3, 694.0,869.0,1
3, 16, 342.0,401.0,1
16, 3, 342.0,401.0,1
3, 3, 0.0,0.0,1
4, 5, 357.0,378.0,-1
5, 4, 357.0,378.0,-1
4, 6, 435.0,614.0,-1
6, 4, 435.0,614.0,-1
4, 7, 255.0,325.0,1
7, 4, 255.0,325.0,1
4, 8, 635.0,889.0,1
8, 4, 635.0,889.0,1
4, 9, 403.0,565.0,-1
9, 4, 403.0,565.0,-1
4, 10, 662.0,816.0,-1
10, 4, 662.0,816.0,-1
4, 11, 721.0,925.0,-1
11, 4, 721.0,925.0,-1
4, 12, 402.0,509.0,1
12, 4, 402.0,509.0,1
4, 13, 416.0,574.0,-1
13, 4, 416.0,574.0,-1
4, 14, 375.0,389.0,-1
14, 4, 375.0,389.0,-1
4, 15, 681.0,894.0,-1
15, 4, 681.0,894.0,-1
4, 16, 507.0,708.0,-1
16, 4, 507.0,708.0,-1
4, 4, 0.0,0.0,1
5, 6, 717.0,948.0,-1
6, 5, 717.0,948.0,-1
5, 7, 348.0,490.0,-1
7, 5, 348.0,490.0,-1
5, 8, 883.0,1222.0,-1
8, 5, 883.0,1222.0,-1
5, 9, 319.0,410.0,-1
9, 5, 319.0,410.0,-1
5, 10, 815.0,1149.0,1
10, 5, 815.0,1149.0,1
5, 11, 664.0,763.0,1
11, 5, 664.0,763.0,1
5, 12, 603.0,843.0,1
12, 5, 603.0,843.0,1
5, 13, 666.0,907.0,-1
13, 5, 666.0,907.0,-1
5, 14, 41.0,55.0,-1
14, 5, 41.0,55.0,-1
5, 15, 610.0,692.0,-1
15, 5, 610.0,692.0,-1
5, 16, 282.0,331.0,-1
16, 5, 282.0,331.0,-1
5, 5, 0.0,0.0,1
6, 7, 390.0,459.0,-1
7, 6, 390.0,459.0,-1
6, 8, 209.0,275.0,-1
8, 6, 209.0,275.0,-1
6, 9, 542.0,547.0,1
9, 6, 542.0,547.0,1
6, 10, 343.0,441.0,-1
10, 6, 343.0,441.0,-1
6, 11, 655.0,907.0,-1
11, 6, 655.0,907.0,-1
6, 12, 181.0,233.0,-1
12, 6, 181.0,233.0,-1
6, 13, 82.0,108.0,-1
13, 6, 82.0,108.0,-1
6, 14, 749.0,1003.0,1
14, 6, 749.0,1003.0,1
6, 15, 646.0,876.0,1
15, 6, 646.0,876.0,1
6, 16, 707.0,724.0,1
16, 6, 707.0,724.0,1
6, 6, 0.0,0.0,1
7, 8, 537.0,733.0,1
8, 7, 537.0,733.0,1
7, 9, 179.0,241.0,-1
9, 7, 179.0,241.0,-1
7, 10, 476.0,660.0,-1
10, 7, 476.0,660.0,-1
7, 11, 467.0,601.0,1
11, 7, 467.0,601.0,1
7, 12, 256.0,354.0,-1
12, 7, 256.0,354.0,-1
7, 13, 328.0,418.0,-1
13, 7, 328.0,418.0,-1
7, 14, 386.0,544.0,-1
14, 7, 386.0,544.0,-1
7, 15, 428.0,570.0,1
15, 7, 428.0,570.0,1
7, 16, 330.0,384.0,-1
16, 7, 330.0,384.0,-1
7, 7, 0.0,0.0,1
8, 9, 653.0,812.0,-1
9, 8, 653.0,812.0,-1
8, 10, 242.0,334.0,-1
10, 8, 242.0,334.0,-1
8, 11, 653.0,800.0,-1
11, 8, 653.0,800.0,-1
8, 12, 283.0,380.0,1
12, 8, 283.0,380.0,1
8, 13, 223.0,315.0,-1
13, 8, 223.0,315.0,-1
8, 14, 918.0,1277.0,-1
14, 8, 918.0,1277.0,-1
8, 15, 661.0,769.0,-1
15, 8, 661.0,769.0,-1
8, 16, 818.0,998.0,1
16, 8, 818.0,998.0,1
8, 8, 0.0,0.0,1
9, 10, 528.0,739.0,-1
10, 9, 528.0,739.0,-1
9, 11, 357.0,361.0,-1
11, 9, 357.0,361.0,-1
9, 12, 378.0,433.0,1
12, 9, 378.0,433.0,1
9, 13, 469.0,498.0,1
13, 9, 469.0,498.0,1
9, 14, 360.0,465.0,-1
14, 9, 360.0,465.0,-1
9, 15, 307.0,330.0,1
15, 9, 307.0,330.0,1
9, 16, 167.0,187.0,-1
16, 9, 167.0,187.0,-1
9, 9, 0.0,0.0,1
10, 11, 428.0,466.0,-1
11, 10, 428.0,466.0,-1
10, 12, 262.0,307.0,1
12, 10, 262.0,307.0,1
10, 13, 292.0,334.0,1
13, 10, 292.0,334.0,1
10, 14, 854.0,1204.0,-1
14, 10, 854.0,1204.0,-1
10, 15, 447.0,458.0,-1
15, 10, 447.0,458.0,-1
10, 16, 678.0,925.0,1
16, 10, 678.0,925.0,1
10, 10, 0.0,0.0,1
11, 12, 480.0,674.0,1
12, 11, 480.0,674.0,1
11, 13, 575.0,800.0,-1
13, 11, 575.0,800.0,-1
11, 14, 703.0,818.0,-1
14, 11, 703.0,818.0,-1
11, 15, 55.0,72.0,1
15, 11, 55.0,72.0,1
11, 16, 411.0,539.0,-1
16, 11, 411.0,539.0,-1
11, 11, 0.0,0.0,1
12, 13, 100.0,126.0,-1
13, 12, 100.0,126.0,-1
12, 14, 639.0,898.0,-1
14, 12, 639.0,898.0,-1
12, 15, 467.0,643.0,-1
15, 12, 467.0,643.0,-1
12, 16, 544.0,619.0,-1
16, 12, 544.0,619.0,-1
12, 12, 0.0,0.0,1
13, 14, 700.0,962.0,-1
14, 13, 700.0,962.0,-1
13, 15, 565.0,769.0,-1
15, 13, 565.0,769.0,-1
13, 16, 635.0,684.0,-1
16, 13, 635.0,684.0,-1
13, 13, 0.0,0.0,1
14, 15, 649.0,747.0,1
15, 14, 649.0,747.0,1
14, 16, 316.0,349.0,1
16, 14, 316.0,349.0,1
14, 14, 0.0,0.0,1
15, 16, 356.0,468.0,-1
16, 15, 356.0,468.0,-1
15, 15, 0.0,0.0,1
16, 16, 0.0,0.0,1


<end>