<number of nodes>
16

<ratio of available edges>
0.3

<max length of the drone flight>
100000 

<D 2/3>
1, 2, 3, 5, 6, 7, 8, 10, 13, 15, 16

<V>
3, 5, 7, 8, 13

<coordinates X,Y>
215.41588655329727, 794.835863002701
124.73574259475812, 134.7049725251559
564.8350448882744, 90.26601456639106
34.44339404467141, 643.1683851775371
192.0524725843707, 415.67043234618694
512.8029913261291, 546.1830598110438
760.3783784399587, 543.3450299119833
980.0870667694086, 418.85767357807663
735.1559240573598, 8.040575845564504
835.9562501670845, 253.30758529597043
237.08035195239123, 813.1530435170216
17.174081793236862, 733.0200694260649
633.4734685101523, 287.489291979868
677.0537847714169, 749.8032887031189
18.329563651073133, 28.146082264941086
472.70960147888246, 974.860460929162

<adjacency matrix with truck distances>
1, 2, 667.0,751.0,-1
2, 1, 667.0,751.0,-1
1, 3, 787.0,1054.0,-1
3, 1, 787.0,1054.0,-1
1, 4, 237.0,333.0,-1
4, 1, 237.0,333.0,-1
1, 5, 380.0,403.0,1
5, 1, 380.0,403.0,1
1, 6, 388.0,547.0,-1
6, 1, 388.0,547.0,-1
1, 7, 601.0,797.0,-1
7, 1, 601.0,797.0,-1
1, 8, 853.0,1141.0,-1
8, 1, 853.0,1141.0,-1
1, 9, 943.0,1307.0,-1
9, 1, 943.0,1307.0,-1
1, 10, 824.0,1163.0,1
10, 1, 824.0,1163.0,1
1, 11, 29.0,40.0,-1
11, 1, 29.0,40.0,-1
1, 12, 208.0,261.0,-1
12, 1, 208.0,261.0,-1
1, 13, 658.0,926.0,1
13, 1, 658.0,926.0,1
1, 14, 464.0,507.0,1
14, 1, 464.0,507.0,1
1, 15, 792.0,964.0,1
15, 1, 792.0,964.0,1
1, 16, 315.0,438.0,-1
16, 1, 315.0,438.0,-1
1, 1, 0.0,0.0,1
2, 3, 443.0,485.0,1
3, 2, 443.0,485.0,1
2, 4, 517.0,599.0,-1
4, 2, 517.0,599.0,-1
2, 5, 289.0,349.0,-1
5, 2, 289.0,349.0,-1
2, 6, 566.0,800.0,1
6, 2, 566.0,800.0,1
2, 7, 756.0,1045.0,-1
7, 2, 756.0,1045.0,-1
2, 8, 902.0,1140.0,-1
8, 2, 902.0,1140.0,-1
2, 9, 624.0,738.0,1
9, 2, 624.0,738.0,1
2, 10, 722.0,830.0,-1
10, 2, 722.0,830.0,-1
2, 11, 688.0,791.0,1
11, 2, 688.0,791.0,1
2, 12, 608.0,706.0,-1
12, 2, 608.0,706.0,-1
2, 13, 532.0,662.0,1
13, 2, 532.0,662.0,1
2, 14, 827.0,1168.0,-1
14, 2, 827.0,1168.0,-1
2, 15, 151.0,213.0,-1
15, 2, 151.0,213.0,-1
2, 16, 910.0,1189.0,-1
16, 2, 910.0,1189.0,-1
2, 2, 0.0,0.0,1
3, 4, 767.0,1084.0,-1
4, 3, 767.0,1084.0,-1
3, 5, 495.0,699.0,-1
5, 3, 495.0,699.0,-1
3, 6, 459.0,508.0,1
6, 3, 459.0,508.0,1
3, 7, 494.0,649.0,-1
7, 3, 494.0,649.0,-1
3, 8, 530.0,744.0,-1
8, 3, 530.0,744.0,-1
3, 9, 190.0,253.0,-1
9, 3, 190.0,253.0,-1
3, 10, 317.0,435.0,1
10, 3, 317.0,435.0,1
3, 11, 794.0,1051.0,-1
11, 3, 794.0,1051.0,-1
3, 12, 845.0,1191.0,1
12, 3, 845.0,1191.0,1
3, 13, 209.0,266.0,-1
13, 3, 209.0,266.0,-1
3, 14, 670.0,772.0,-1
14, 3, 670.0,772.0,-1
3, 15, 551.0,609.0,-1
15, 3, 551.0,609.0,-1
3, 16, 890.0,977.0,1
16, 3, 890.0,977.0,1
3, 3, 0.0,0.0,1
4, 5, 277.0,386.0,-1
5, 4, 277.0,386.0,-1
4, 6, 489.0,576.0,-1
6, 4, 489.0,576.0,-1
4, 7, 733.0,826.0,1
7, 4, 733.0,826.0,1
4, 8, 972.0,1170.0,-1
8, 4, 972.0,1170.0,-1
4, 9, 946.0,1336.0,1
9, 4, 946.0,1336.0,1
4, 10, 892.0,1192.0,-1
10, 4, 892.0,1192.0,-1
4, 11, 265.0,373.0,-1
11, 4, 265.0,373.0,-1
4, 12, 92.0,108.0,-1
12, 4, 92.0,108.0,-1
4, 13, 697.0,955.0,1
13, 4, 697.0,955.0,1
4, 14, 652.0,750.0,-1
14, 4, 652.0,750.0,-1
4, 15, 616.0,632.0,1
15, 4, 616.0,632.0,1
4, 16, 550.0,770.0,1
16, 4, 550.0,770.0,1
4, 4, 0.0,0.0,1
5, 6, 347.0,452.0,1
6, 5, 347.0,452.0,1
5, 7, 583.0,697.0,-1
7, 5, 583.0,697.0,-1
5, 8, 789.0,792.0,-1
8, 5, 789.0,792.0,-1
5, 9, 680.0,951.0,-1
9, 5, 680.0,951.0,-1
5, 10, 665.0,807.0,1
10, 5, 665.0,807.0,1
5, 11, 401.0,443.0,-1
11, 5, 401.0,443.0,-1
5, 12, 363.0,493.0,-1
12, 5, 363.0,493.0,-1
5, 13, 460.0,570.0,-1
13, 5, 460.0,570.0,-1
5, 14, 589.0,820.0,-1
14, 5, 589.0,820.0,-1
5, 15, 425.0,562.0,-1
15, 5, 425.0,562.0,-1
5, 16, 626.0,840.0,-1
16, 5, 626.0,840.0,-1
5, 5, 0.0,0.0,1
6, 7, 248.0,251.0,-1
7, 6, 248.0,251.0,-1
6, 8, 485.0,595.0,-1
8, 6, 485.0,595.0,-1
6, 9, 583.0,761.0,-1
9, 6, 583.0,761.0,-1
6, 10, 437.0,617.0,-1
10, 6, 437.0,617.0,-1
6, 11, 384.0,543.0,-1
11, 6, 384.0,543.0,-1
6, 12, 530.0,683.0,-1
12, 6, 530.0,683.0,-1
6, 13, 286.0,380.0,1
13, 6, 286.0,380.0,1
6, 14, 262.0,368.0,-1
14, 6, 262.0,368.0,-1
6, 15, 717.0,1013.0,-1
15, 6, 717.0,1013.0,-1
6, 16, 431.0,469.0,-1
16, 6, 431.0,469.0,-1
6, 6, 0.0,0.0,1
7, 8, 253.0,345.0,1
8, 7, 253.0,345.0,1
7, 9, 536.0,561.0,-1
9, 7, 536.0,561.0,-1
7, 10, 300.0,366.0,-1
10, 7, 300.0,366.0,-1
7, 11, 589.0,794.0,-1
11, 7, 589.0,794.0,-1
7, 12, 768.0,933.0,1
12, 7, 768.0,933.0,1
7, 13, 286.0,383.0,1
13, 7, 286.0,383.0,1
7, 14, 223.0,290.0,-1
14, 7, 223.0,290.0,-1
7, 15, 904.0,1258.0,-1
15, 7, 904.0,1258.0,-1
7, 16, 519.0,720.0,1
16, 7, 519.0,720.0,1
7, 7, 0.0,0.0,1
8, 9, 479.0,656.0,-1
9, 8, 479.0,656.0,-1
8, 10, 220.0,310.0,-1
10, 8, 220.0,310.0,-1
8, 11, 842.0,1138.0,-1
11, 8, 842.0,1138.0,-1
8, 12, 1013.0,1278.0,-1
12, 8, 1013.0,1278.0,-1
8, 13, 371.0,478.0,-1
13, 8, 371.0,478.0,-1
8, 14, 449.0,634.0,1
14, 8, 449.0,634.0,1
8, 15, 1039.0,1353.0,1
15, 8, 1039.0,1353.0,1
8, 16, 753.0,1064.0,-1
16, 8, 753.0,1064.0,-1
8, 8, 0.0,0.0,1
9, 10, 266.0,347.0,-1
10, 9, 266.0,347.0,-1
9, 11, 947.0,1304.0,-1
11, 9, 947.0,1304.0,-1
9, 12, 1021.0,1443.0,1
12, 9, 1021.0,1443.0,1
9, 13, 298.0,382.0,-1
13, 9, 298.0,382.0,-1
9, 14, 745.0,800.0,-1
14, 9, 745.0,800.0,-1
9, 15, 718.0,737.0,-1
15, 9, 718.0,737.0,-1
9, 16, 1002.0,1230.0,-1
16, 9, 1002.0,1230.0,-1
9, 9, 0.0,0.0,1
10, 11, 820.0,1159.0,-1
11, 10, 820.0,1159.0,-1
10, 12, 949.0,1299.0,1
12, 10, 949.0,1299.0,1
10, 13, 206.0,237.0,-1
13, 10, 206.0,237.0,-1
10, 14, 522.0,656.0,1
14, 10, 522.0,656.0,1
10, 15, 849.0,1043.0,-1
15, 10, 849.0,1043.0,-1
10, 16, 808.0,1085.0,-1
16, 10, 808.0,1085.0,-1
10, 10, 0.0,0.0,1
11, 12, 235.0,301.0,-1
12, 11, 235.0,301.0,-1
11, 13, 659.0,923.0,-1
13, 11, 659.0,923.0,-1
11, 14, 445.0,504.0,1
14, 11, 445.0,504.0,1
11, 15, 815.0,1004.0,-1
15, 11, 815.0,1004.0,-1
11, 16, 286.0,398.0,-1
16, 11, 286.0,398.0,-1
11, 11, 0.0,0.0,1
12, 13, 761.0,1062.0,1
13, 12, 761.0,1062.0,1
12, 14, 661.0,677.0,1
14, 12, 661.0,677.0,1
12, 15, 705.0,707.0,-1
15, 12, 705.0,707.0,-1
12, 16, 516.0,698.0,-1
16, 12, 516.0,698.0,-1
12, 12, 0.0,0.0,1
13, 14, 465.0,506.0,-1
14, 13, 465.0,506.0,-1
13, 15, 668.0,875.0,1
15, 13, 668.0,875.0,1
13, 16, 706.0,849.0,-1
16, 13, 706.0,849.0,-1
13, 13, 0.0,0.0,1
14, 15, 978.0,1381.0,1
15, 14, 978.0,1381.0,1
14, 16, 304.0,430.0,-1
16, 14, 304.0,430.0,-1
14, 14, 0.0,0.0,1
15, 16, 1051.0,1402.0,-1
16, 15, 1051.0,1402.0,-1
15, 15, 0.0,0.0,1
16, 16, 0.0,0.0,1


<end>