<number of nodes>
16

<ratio of available edges>
0.3

<max length of the drone flight>
100000 

<D 2/3>
1, 2, 3, 4, 6, 7, 9, 13, 14, 15, 16

<V>
2, 3, 7, 9, 14

<coordinates X,Y>
273.51526427925984, 837.5728476550867
588.9451910754517, 4.593978186469319
781.4077346705828, 39.76907352878438
688.2741652022418, 521.2472160619285
14.059653677933241, 397.91907987939675
974.1330582942918, 589.9101814779481
572.1075823546257, 47.47869750118702
461.6816286316813, 130.36353048366976
594.0514949641522, 100.94393803818257
181.9892645937637, 552.524055837954
268.6998108767435, 411.3447495771275
956.3965337957027, 358.14543372848647
151.32924341483405, 912.3581091877115
3.36734237999287, 434.25185684309974
915.9281958101856, 814.8873337529711
181.6898694863788, 733.6890069575855

<adjacency matrix with truck distances>
1, 2, 891.0,1149.0,-1
2, 1, 891.0,1149.0,-1
1, 3, 946.0,1306.0,-1
3, 1, 946.0,1306.0,-1
1, 4, 522.0,732.0,-1
4, 1, 522.0,732.0,-1
1, 5, 511.0,700.0,-1
5, 1, 511.0,700.0,-1
1, 6, 744.0,949.0,1
6, 1, 744.0,949.0,1
1, 7, 845.0,1089.0,-1
7, 1, 845.0,1089.0,-1
1, 8, 732.0,896.0,-1
8, 1, 732.0,896.0,-1
1, 9, 804.0,1058.0,1
9, 1, 804.0,1058.0,1
1, 10, 300.0,377.0,1
10, 1, 300.0,377.0,1
1, 11, 427.0,432.0,1
11, 1, 427.0,432.0,1
1, 12, 835.0,1163.0,-1
12, 1, 835.0,1163.0,-1
1, 13, 144.0,197.0,-1
13, 1, 144.0,197.0,-1
1, 14, 486.0,674.0,1
14, 1, 486.0,674.0,1
1, 15, 643.0,666.0,1
15, 1, 643.0,666.0,1
1, 16, 139.0,196.0,-1
16, 1, 139.0,196.0,-1
1, 1, 0.0,0.0,1
2, 3, 196.0,228.0,1
3, 2, 196.0,228.0,1
2, 4, 527.0,616.0,-1
4, 2, 527.0,616.0,-1
2, 5, 697.0,969.0,-1
5, 2, 697.0,969.0,-1
2, 6, 701.0,971.0,1
6, 2, 701.0,971.0,1
2, 7, 47.0,60.0,1
7, 2, 47.0,60.0,1
2, 8, 179.0,254.0,-1
8, 2, 179.0,254.0,-1
2, 9, 97.0,102.0,1
9, 2, 97.0,102.0,1
2, 10, 683.0,955.0,-1
10, 2, 683.0,955.0,-1
2, 11, 518.0,727.0,-1
11, 2, 518.0,727.0,-1
2, 12, 510.0,722.0,-1
12, 2, 510.0,722.0,-1
2, 13, 1008.0,1346.0,1
13, 2, 1008.0,1346.0,1
2, 14, 727.0,1016.0,-1
14, 2, 727.0,1016.0,-1
2, 15, 874.0,1138.0,-1
15, 2, 874.0,1138.0,-1
2, 16, 836.0,1137.0,1
16, 2, 836.0,1137.0,1
2, 2, 0.0,0.0,1
3, 4, 491.0,575.0,-1
4, 3, 491.0,575.0,-1
3, 5, 847.0,1126.0,-1
5, 3, 847.0,1126.0,-1
3, 6, 583.0,743.0,1
6, 3, 583.0,743.0,1
3, 7, 210.0,218.0,-1
7, 3, 210.0,218.0,-1
3, 8, 333.0,411.0,-1
8, 3, 333.0,411.0,-1
3, 9, 198.0,249.0,1
9, 3, 198.0,249.0,1
3, 10, 789.0,1113.0,-1
10, 3, 789.0,1113.0,-1
3, 11, 634.0,885.0,-1
11, 3, 634.0,885.0,-1
3, 12, 364.0,494.0,-1
12, 3, 364.0,494.0,-1
3, 13, 1077.0,1503.0,-1
13, 3, 1077.0,1503.0,-1
3, 14, 873.0,1173.0,-1
14, 3, 873.0,1173.0,-1
3, 15, 787.0,910.0,1
15, 3, 787.0,910.0,1
3, 16, 918.0,1294.0,-1
16, 3, 918.0,1294.0,-1
3, 3, 0.0,0.0,1
4, 5, 686.0,798.0,-1
5, 4, 686.0,798.0,-1
4, 6, 294.0,355.0,-1
6, 4, 294.0,355.0,-1
4, 7, 488.0,590.0,-1
7, 4, 488.0,590.0,-1
4, 8, 452.0,618.0,1
8, 4, 452.0,618.0,1
4, 9, 431.0,515.0,-1
9, 4, 431.0,515.0,-1
4, 10, 508.0,538.0,-1
10, 4, 508.0,538.0,-1
4, 11, 434.0,530.0,1
11, 4, 434.0,530.0,1
4, 12, 314.0,432.0,-1
12, 4, 314.0,432.0,-1
4, 13, 665.0,929.0,-1
13, 4, 665.0,929.0,-1
4, 14, 691.0,772.0,-1
14, 4, 691.0,772.0,-1
4, 15, 372.0,522.0,-1
15, 4, 372.0,522.0,-1
4, 16, 550.0,720.0,-1
16, 4, 550.0,720.0,-1
4, 4, 0.0,0.0,1
5, 6, 980.0,1153.0,-1
6, 5, 980.0,1153.0,-1
5, 7, 659.0,909.0,-1
7, 5, 659.0,909.0,-1
5, 8, 522.0,716.0,1
8, 5, 522.0,716.0,1
5, 9, 652.0,877.0,-1
9, 5, 652.0,877.0,-1
5, 10, 229.0,323.0,-1
10, 5, 229.0,323.0,-1
5, 11, 255.0,269.0,-1
11, 5, 255.0,269.0,-1
5, 12, 944.0,983.0,-1
12, 5, 944.0,983.0,-1
5, 13, 533.0,652.0,1
13, 5, 533.0,652.0,1
5, 14, 38.0,48.0,1
14, 5, 38.0,48.0,1
5, 15, 994.0,1319.0,-1
15, 5, 994.0,1319.0,-1
5, 16, 376.0,504.0,-1
16, 5, 376.0,504.0,-1
5, 5, 0.0,0.0,1
6, 7, 676.0,945.0,-1
7, 6, 676.0,945.0,-1
6, 8, 689.0,972.0,-1
8, 6, 689.0,972.0,-1
6, 9, 620.0,870.0,-1
9, 6, 620.0,870.0,-1
6, 10, 794.0,830.0,-1
10, 6, 794.0,830.0,-1
6, 11, 728.0,884.0,-1
11, 6, 728.0,884.0,-1
6, 12, 233.0,250.0,-1
12, 6, 233.0,250.0,-1
6, 13, 884.0,1146.0,1
13, 6, 884.0,1146.0,1
6, 14, 984.0,1127.0,-1
14, 6, 984.0,1127.0,-1
6, 15, 233.0,284.0,-1
15, 6, 233.0,284.0,-1
6, 16, 806.0,937.0,-1
16, 6, 806.0,937.0,-1
6, 6, 0.0,0.0,1
7, 8, 139.0,194.0,-1
8, 7, 139.0,194.0,-1
7, 9, 58.0,76.0,-1
9, 7, 58.0,76.0,-1
7, 10, 639.0,896.0,-1
10, 7, 639.0,896.0,-1
7, 11, 474.0,668.0,-1
11, 7, 474.0,668.0,-1
7, 12, 495.0,695.0,-1
12, 7, 495.0,695.0,-1
7, 13, 962.0,1286.0,-1
13, 7, 962.0,1286.0,-1
7, 14, 688.0,956.0,-1
14, 7, 688.0,956.0,-1
7, 15, 841.0,1112.0,-1
15, 7, 841.0,1112.0,-1
7, 16, 790.0,1077.0,1
16, 7, 790.0,1077.0,1
7, 7, 0.0,0.0,1
8, 9, 136.0,162.0,1
9, 8, 136.0,162.0,1
8, 10, 507.0,702.0,-1
10, 8, 507.0,702.0,-1
8, 11, 341.0,474.0,-1
11, 8, 341.0,474.0,-1
8, 12, 545.0,723.0,-1
12, 8, 545.0,723.0,-1
8, 13, 842.0,1093.0,1
13, 8, 842.0,1093.0,1
8, 14, 550.0,763.0,-1
14, 8, 550.0,763.0,-1
8, 15, 822.0,1139.0,-1
15, 8, 822.0,1139.0,-1
8, 16, 666.0,884.0,1
16, 8, 666.0,884.0,1
8, 8, 0.0,0.0,1
9, 10, 612.0,864.0,-1
10, 9, 612.0,864.0,-1
9, 11, 450.0,636.0,1
11, 9, 450.0,636.0,1
9, 12, 445.0,620.0,1
12, 9, 445.0,620.0,1
9, 13, 925.0,1255.0,-1
13, 9, 925.0,1255.0,-1
9, 14, 679.0,924.0,1
14, 9, 679.0,924.0,1
9, 15, 784.0,1036.0,-1
15, 9, 784.0,1036.0,-1
9, 16, 756.0,1046.0,-1
16, 9, 756.0,1046.0,-1
9, 9, 0.0,0.0,1
10, 11, 166.0,228.0,-1
11, 10, 166.0,228.0,-1
10, 12, 799.0,969.0,1
12, 10, 799.0,969.0,1
10, 13, 362.0,391.0,-1
13, 10, 362.0,391.0,-1
10, 14, 215.0,297.0,-1
14, 10, 215.0,297.0,-1
10, 15, 780.0,997.0,-1
15, 10, 780.0,997.0,-1
10, 16, 182.0,182.0,1
16, 10, 182.0,182.0,1
10, 10, 0.0,0.0,1
11, 12, 690.0,741.0,1
12, 11, 690.0,741.0,1
11, 13, 515.0,619.0,1
13, 11, 515.0,619.0,1
11, 14, 267.0,289.0,1
14, 11, 267.0,289.0,1
11, 15, 763.0,1051.0,-1
15, 11, 763.0,1051.0,-1
11, 16, 334.0,410.0,1
16, 11, 334.0,410.0,1
11, 11, 0.0,0.0,1
12, 13, 978.0,1360.0,-1
13, 12, 978.0,1360.0,-1
12, 14, 957.0,1030.0,-1
14, 12, 957.0,1030.0,-1
12, 15, 459.0,498.0,-1
15, 12, 459.0,498.0,-1
12, 16, 861.0,1151.0,-1
16, 12, 861.0,1151.0,-1
12, 12, 0.0,0.0,1
13, 14, 501.0,627.0,-1
14, 13, 501.0,627.0,-1
13, 15, 771.0,863.0,1
15, 13, 771.0,863.0,1
13, 16, 182.0,210.0,-1
16, 13, 182.0,210.0,-1
13, 13, 0.0,0.0,1
14, 15, 989.0,1294.0,-1
15, 14, 989.0,1294.0,-1
14, 16, 349.0,478.0,1
16, 14, 349.0,478.0,1
14, 14, 0.0,0.0,1
15, 16, 739.0,816.0,-1
16, 15, 739.0,816.0,-1
15, 15, 0.0,0.0,1
16, 16, 0.0,0.0,1


<end>