<number of nodes>
16

<ratio of available edges>
0.3

<max length of the drone flight>
100000 

<D 2/3>
1, 3, 4, 5, 6, 7, 9, 11, 12, 13, 16

<V>
3, 6, 12, 13, 16

<coordinates X,Y>
827.2308323515356, 716.8498237998957
171.24711132218252, 661.349711540047
364.02149103037016, 2.3650383838343796
246.98000129540176, 538.8371930430736
665.1105484518741, 842.8432698933211
987.6632059488428, 285.94576257454617
735.9858490393746, 117.56711254755848
104.4415699741248, 757.3639950945117
675.3315346286369, 187.83823892240613
951.8551849536706, 354.2889191277828
716.4425094376526, 583.0248938903297
128.41500009717598, 433.81029442874063
807.4286945603416, 812.8945752927561
793.8963861118843, 450.81491432688904
661.6706740350756, 576.1257947473149
492.9890879826484, 260.74763277939763

<adjacency matrix with truck distances>
1, 2, 659.0,712.0,1
2, 1, 659.0,712.0,1
1, 3, 852.0,1178.0,1
3, 1, 852.0,1178.0,1
1, 4, 607.0,759.0,-1
4, 1, 607.0,759.0,-1
1, 5, 206.0,289.0,-1
5, 1, 206.0,289.0,-1
1, 6, 460.0,592.0,-1
6, 1, 460.0,592.0,-1
1, 7, 607.0,691.0,-1
7, 1, 607.0,691.0,-1
1, 8, 724.0,764.0,1
8, 1, 724.0,764.0,1
1, 9, 551.0,681.0,-1
9, 1, 551.0,681.0,-1
1, 10, 384.0,488.0,1
10, 1, 384.0,488.0,1
1, 11, 174.0,245.0,-1
11, 1, 174.0,245.0,-1
1, 12, 754.0,982.0,-1
12, 1, 754.0,982.0,-1
1, 13, 99.0,116.0,-1
13, 1, 99.0,116.0,-1
1, 14, 269.0,300.0,1
14, 1, 269.0,300.0,1
1, 15, 218.0,307.0,1
15, 1, 218.0,307.0,1
1, 16, 566.0,791.0,-1
16, 1, 566.0,791.0,-1
1, 1, 0.0,0.0,1
2, 3, 687.0,852.0,-1
3, 2, 687.0,852.0,-1
2, 4, 145.0,199.0,-1
4, 2, 145.0,199.0,-1
2, 5, 527.0,676.0,-1
5, 2, 527.0,676.0,-1
2, 6, 899.0,1192.0,-1
6, 2, 899.0,1192.0,-1
2, 7, 784.0,1109.0,1
7, 2, 784.0,1109.0,1
2, 8, 117.0,163.0,-1
8, 2, 117.0,163.0,-1
2, 9, 692.0,978.0,1
9, 2, 692.0,978.0,1
2, 10, 839.0,1088.0,1
10, 2, 839.0,1088.0,1
2, 11, 551.0,624.0,-1
11, 2, 551.0,624.0,-1
2, 12, 232.0,271.0,-1
12, 2, 232.0,271.0,-1
2, 13, 654.0,788.0,1
13, 2, 654.0,788.0,1
2, 14, 658.0,834.0,-1
14, 2, 658.0,834.0,-1
2, 15, 498.0,576.0,-1
15, 2, 498.0,576.0,-1
2, 16, 514.0,723.0,-1
16, 2, 514.0,723.0,-1
2, 2, 0.0,0.0,1
3, 4, 550.0,654.0,1
4, 3, 550.0,654.0,1
3, 5, 893.0,1142.0,1
5, 3, 893.0,1142.0,1
3, 6, 686.0,908.0,-1
6, 3, 686.0,908.0,-1
3, 7, 390.0,488.0,-1
7, 3, 390.0,488.0,-1
3, 8, 799.0,1015.0,1
8, 3, 799.0,1015.0,1
3, 9, 363.0,497.0,1
9, 3, 363.0,497.0,1
3, 10, 686.0,940.0,-1
10, 3, 686.0,940.0,-1
3, 11, 680.0,934.0,1
11, 3, 680.0,934.0,1
3, 12, 492.0,668.0,-1
12, 3, 492.0,668.0,-1
3, 13, 924.0,1254.0,1
13, 3, 924.0,1254.0,1
3, 14, 622.0,879.0,-1
14, 3, 622.0,879.0,-1
3, 15, 647.0,872.0,-1
15, 3, 647.0,872.0,-1
3, 16, 289.0,388.0,-1
16, 3, 289.0,388.0,-1
3, 3, 0.0,0.0,1
4, 5, 517.0,723.0,-1
5, 4, 517.0,723.0,-1
4, 6, 783.0,994.0,-1
6, 4, 783.0,994.0,-1
4, 7, 646.0,911.0,-1
7, 4, 646.0,911.0,-1
4, 8, 261.0,362.0,-1
8, 4, 261.0,362.0,-1
4, 9, 554.0,780.0,1
9, 4, 554.0,780.0,1
4, 10, 729.0,890.0,-1
10, 4, 729.0,890.0,-1
4, 11, 472.0,514.0,-1
11, 4, 472.0,514.0,-1
4, 12, 159.0,224.0,-1
12, 4, 159.0,224.0,-1
4, 13, 624.0,835.0,-1
13, 4, 624.0,835.0,-1
4, 14, 554.0,635.0,-1
14, 4, 554.0,635.0,-1
4, 15, 417.0,452.0,-1
15, 4, 417.0,452.0,-1
4, 16, 372.0,525.0,1
16, 4, 372.0,525.0,1
4, 4, 0.0,0.0,1
5, 6, 644.0,880.0,-1
6, 5, 644.0,880.0,-1
5, 7, 729.0,797.0,-1
7, 5, 729.0,797.0,-1
5, 8, 568.0,647.0,1
8, 5, 568.0,647.0,1
5, 9, 656.0,666.0,-1
9, 5, 656.0,666.0,-1
5, 10, 567.0,776.0,1
10, 5, 567.0,776.0,1
5, 11, 265.0,312.0,1
11, 5, 265.0,312.0,1
5, 12, 675.0,946.0,-1
12, 5, 675.0,946.0,-1
5, 13, 146.0,173.0,-1
13, 5, 146.0,173.0,-1
5, 14, 413.0,521.0,-1
14, 5, 413.0,521.0,-1
5, 15, 267.0,271.0,1
15, 5, 267.0,271.0,1
5, 16, 608.0,755.0,1
16, 5, 608.0,755.0,1
5, 5, 0.0,0.0,1
6, 7, 303.0,421.0,-1
7, 6, 303.0,421.0,-1
6, 8, 1002.0,1355.0,-1
8, 6, 1002.0,1355.0,-1
6, 9, 328.0,411.0,-1
9, 6, 328.0,411.0,-1
6, 10, 78.0,105.0,-1
10, 6, 78.0,105.0,-1
6, 11, 403.0,569.0,-1
11, 6, 403.0,569.0,-1
6, 12, 872.0,1008.0,1
12, 6, 872.0,1008.0,1
6, 13, 557.0,708.0,-1
13, 6, 557.0,708.0,-1
6, 14, 255.0,359.0,-1
14, 6, 255.0,359.0,-1
6, 15, 437.0,617.0,1
15, 6, 437.0,617.0,1
6, 16, 496.0,520.0,-1
16, 6, 496.0,520.0,-1
6, 6, 0.0,0.0,1
7, 8, 899.0,1272.0,1
8, 7, 899.0,1272.0,1
7, 9, 93.0,131.0,-1
9, 7, 93.0,131.0,-1
7, 10, 321.0,453.0,1
10, 7, 321.0,453.0,1
7, 11, 466.0,486.0,-1
11, 7, 466.0,486.0,-1
7, 12, 685.0,924.0,-1
12, 7, 685.0,924.0,-1
7, 13, 699.0,767.0,-1
13, 7, 699.0,767.0,-1
7, 14, 339.0,392.0,1
14, 7, 339.0,392.0,1
7, 15, 465.0,533.0,-1
15, 7, 465.0,533.0,-1
7, 16, 283.0,387.0,-1
16, 7, 283.0,387.0,-1
7, 7, 0.0,0.0,1
8, 9, 807.0,1141.0,-1
9, 8, 807.0,1141.0,-1
8, 10, 939.0,1251.0,-1
10, 8, 939.0,1251.0,-1
8, 11, 637.0,787.0,-1
11, 8, 637.0,787.0,-1
8, 12, 325.0,348.0,-1
12, 8, 325.0,348.0,-1
8, 13, 706.0,759.0,-1
13, 8, 706.0,759.0,-1
8, 14, 755.0,997.0,-1
14, 8, 755.0,997.0,-1
8, 15, 586.0,739.0,-1
15, 8, 586.0,739.0,-1
8, 16, 631.0,886.0,-1
16, 8, 631.0,886.0,-1
8, 8, 0.0,0.0,1
9, 10, 323.0,443.0,-1
10, 9, 323.0,443.0,-1
9, 11, 398.0,437.0,-1
11, 9, 398.0,437.0,-1
9, 12, 600.0,793.0,-1
12, 9, 600.0,793.0,-1
9, 13, 639.0,758.0,-1
13, 9, 639.0,758.0,-1
9, 14, 289.0,382.0,1
14, 9, 289.0,382.0,1
9, 15, 389.0,402.0,1
15, 9, 389.0,402.0,1
9, 16, 197.0,256.0,-1
16, 9, 197.0,256.0,-1
9, 9, 0.0,0.0,1
10, 11, 329.0,465.0,-1
11, 10, 329.0,465.0,-1
10, 12, 828.0,903.0,-1
12, 10, 828.0,903.0,-1
10, 13, 481.0,604.0,-1
13, 10, 481.0,604.0,-1
10, 14, 186.0,255.0,-1
14, 10, 186.0,255.0,-1
10, 15, 366.0,513.0,1
15, 10, 366.0,513.0,1
10, 16, 469.0,553.0,-1
16, 10, 469.0,553.0,-1
10, 10, 0.0,0.0,1
11, 12, 607.0,738.0,-1
12, 11, 607.0,738.0,-1
11, 13, 248.0,321.0,1
13, 11, 248.0,321.0,1
11, 14, 154.0,210.0,1
14, 11, 154.0,210.0,1
11, 15, 56.0,62.0,-1
15, 11, 56.0,62.0,-1
11, 16, 393.0,546.0,-1
16, 11, 393.0,546.0,-1
11, 11, 0.0,0.0,1
12, 13, 778.0,1059.0,-1
13, 12, 778.0,1059.0,-1
12, 14, 666.0,683.0,1
14, 12, 666.0,683.0,1
12, 15, 552.0,676.0,-1
15, 12, 552.0,676.0,-1
12, 16, 404.0,538.0,1
16, 12, 404.0,538.0,1
12, 12, 0.0,0.0,1
13, 14, 363.0,376.0,-1
14, 13, 363.0,376.0,-1
13, 15, 279.0,383.0,1
15, 13, 279.0,383.0,1
13, 16, 636.0,867.0,-1
16, 13, 636.0,867.0,-1
13, 13, 0.0,0.0,1
14, 15, 183.0,258.0,-1
15, 14, 183.0,258.0,-1
14, 16, 356.0,491.0,-1
16, 14, 356.0,491.0,-1
14, 14, 0.0,0.0,1
15, 16, 358.0,485.0,-1
16, 15, 358.0,485.0,-1
15, 15, 0.0,0.0,1
16, 16, 0.0,0.0,1


<end>