<number of nodes>
16

<ratio of available edges>
0.3

<max length of the drone flight>
100000 

<D 2/3>
1, 2, 3, 4, 7, 9, 11, 12, 13, 14, 16

<V>
2, 4, 7, 12, 13

<coordinates X,Y>
623.156931107228, 401.11587249246224
775.6559137910737, 373.32324633218275
784.3275158437073, 448.3214701792927
30.945063717903462, 329.92059886332737
547.9922793147455, 30.521251286066537
967.4722391107416, 589.2607580492158
802.2803945127844, 716.5174937629071
230.66040988804437, 388.5503522825037
715.9266025512983, 739.1068460750628
228.73899659844446, 911.094457457444
339.6635256988464, 220.82844708966303
430.89014227510893, 799.3650144571236
768.6793310205865, 701.5885837274795
886.1633812166323, 443.17363641096483
99.15025435952872, 540.043461723541
698.9658720778177, 320.1418315475713

<adjacency matrix with truck distances>
1, 2, 156.0,181.0,1
2, 1, 156.0,181.0,1
1, 3, 168.0,209.0,1
3, 1, 168.0,209.0,1
1, 4, 597.0,664.0,-1
4, 1, 597.0,664.0,-1
1, 5, 379.0,446.0,-1
5, 1, 379.0,446.0,-1
1, 6, 393.0,533.0,1
6, 1, 393.0,533.0,1
1, 7, 363.0,495.0,-1
7, 1, 363.0,495.0,-1
1, 8, 393.0,406.0,-1
8, 1, 393.0,406.0,-1
1, 9, 351.0,431.0,-1
9, 1, 351.0,431.0,-1
1, 10, 645.0,905.0,-1
10, 1, 645.0,905.0,-1
1, 11, 336.0,464.0,-1
11, 1, 336.0,464.0,-1
1, 12, 443.0,591.0,-1
12, 1, 443.0,591.0,-1
1, 13, 334.0,446.0,-1
13, 1, 334.0,446.0,-1
1, 14, 267.0,306.0,1
14, 1, 267.0,306.0,1
1, 15, 543.0,663.0,-1
15, 1, 543.0,663.0,-1
1, 16, 111.0,157.0,-1
16, 1, 111.0,157.0,-1
1, 1, 0.0,0.0,1
2, 3, 76.0,84.0,-1
3, 2, 76.0,84.0,-1
2, 4, 746.0,789.0,1
4, 2, 746.0,789.0,1
2, 5, 412.0,571.0,-1
5, 2, 412.0,571.0,-1
2, 6, 289.0,408.0,-1
6, 2, 289.0,408.0,-1
2, 7, 345.0,370.0,-1
7, 2, 345.0,370.0,-1
2, 8, 546.0,561.0,-1
8, 2, 546.0,561.0,-1
2, 9, 371.0,426.0,-1
9, 2, 371.0,426.0,-1
2, 10, 768.0,1085.0,-1
10, 2, 768.0,1085.0,-1
2, 11, 462.0,589.0,1
11, 2, 462.0,589.0,1
2, 12, 549.0,771.0,-1
12, 2, 549.0,771.0,-1
2, 13, 329.0,336.0,-1
13, 2, 329.0,336.0,-1
2, 14, 131.0,181.0,-1
14, 2, 131.0,181.0,-1
2, 15, 697.0,844.0,1
15, 2, 697.0,844.0,1
2, 16, 94.0,130.0,1
16, 2, 94.0,130.0,1
2, 2, 0.0,0.0,1
3, 4, 763.0,872.0,-1
4, 3, 763.0,872.0,-1
3, 5, 481.0,655.0,-1
5, 3, 481.0,655.0,-1
3, 6, 232.0,325.0,-1
6, 3, 232.0,325.0,-1
3, 7, 269.0,287.0,-1
7, 3, 269.0,287.0,-1
3, 8, 557.0,614.0,-1
8, 3, 557.0,614.0,-1
3, 9, 299.0,360.0,-1
9, 3, 299.0,360.0,-1
3, 10, 724.0,1019.0,-1
10, 3, 724.0,1019.0,-1
3, 11, 500.0,673.0,-1
11, 3, 500.0,673.0,-1
3, 12, 499.0,705.0,1
12, 3, 499.0,705.0,1
3, 13, 254.0,269.0,-1
13, 3, 254.0,269.0,-1
3, 14, 102.0,107.0,1
14, 3, 102.0,107.0,1
3, 15, 692.0,777.0,-1
15, 3, 692.0,777.0,-1
3, 16, 155.0,214.0,-1
16, 3, 155.0,214.0,-1
3, 3, 0.0,0.0,1
4, 5, 598.0,817.0,-1
5, 4, 598.0,817.0,-1
4, 6, 972.0,1196.0,-1
6, 4, 972.0,1196.0,-1
4, 7, 863.0,1158.0,-1
7, 4, 863.0,1158.0,-1
4, 8, 209.0,259.0,-1
8, 4, 209.0,259.0,-1
4, 9, 798.0,1095.0,1
9, 4, 798.0,1095.0,1
4, 10, 614.0,779.0,-1
10, 4, 614.0,779.0,-1
4, 11, 328.0,418.0,-1
11, 4, 328.0,418.0,-1
4, 12, 617.0,870.0,-1
12, 4, 617.0,870.0,-1
4, 13, 827.0,1110.0,-1
13, 4, 827.0,1110.0,-1
4, 14, 863.0,969.0,1
14, 4, 863.0,969.0,1
4, 15, 221.0,279.0,-1
15, 4, 221.0,279.0,-1
4, 16, 669.0,678.0,-1
16, 4, 669.0,678.0,-1
4, 4, 0.0,0.0,1
5, 6, 699.0,979.0,-1
6, 5, 699.0,979.0,-1
5, 7, 732.0,941.0,1
7, 5, 732.0,941.0,1
5, 8, 479.0,676.0,-1
8, 5, 479.0,676.0,-1
5, 9, 729.0,877.0,-1
9, 5, 729.0,877.0,-1
5, 10, 937.0,1200.0,1
10, 5, 937.0,1200.0,1
5, 11, 283.0,399.0,-1
11, 5, 283.0,399.0,-1
5, 12, 778.0,886.0,-1
12, 5, 778.0,886.0,-1
5, 13, 707.0,892.0,1
13, 5, 707.0,892.0,1
5, 14, 534.0,751.0,-1
14, 5, 534.0,751.0,-1
5, 15, 680.0,959.0,1
15, 5, 680.0,959.0,1
5, 16, 327.0,441.0,-1
16, 5, 327.0,441.0,-1
5, 5, 0.0,0.0,1
6, 7, 209.0,293.0,-1
7, 6, 209.0,293.0,-1
6, 8, 764.0,938.0,-1
8, 6, 764.0,938.0,-1
6, 9, 293.0,402.0,1
9, 6, 293.0,402.0,1
6, 10, 806.0,1061.0,-1
10, 6, 806.0,1061.0,-1
6, 11, 728.0,997.0,1
11, 6, 728.0,997.0,1
6, 12, 577.0,747.0,-1
12, 6, 577.0,747.0,-1
6, 13, 229.0,312.0,-1
13, 6, 229.0,312.0,-1
6, 14, 168.0,228.0,-1
14, 6, 168.0,228.0,-1
6, 15, 870.0,918.0,-1
15, 6, 870.0,918.0,-1
6, 16, 381.0,538.0,1
16, 6, 381.0,538.0,1
6, 6, 0.0,0.0,1
7, 8, 660.0,900.0,-1
8, 7, 660.0,900.0,-1
7, 9, 90.0,109.0,-1
9, 7, 90.0,109.0,-1
7, 10, 606.0,769.0,-1
10, 7, 606.0,769.0,-1
7, 11, 679.0,959.0,1
11, 7, 679.0,959.0,1
7, 12, 381.0,455.0,-1
12, 7, 381.0,455.0,-1
7, 13, 37.0,49.0,-1
13, 7, 37.0,49.0,-1
7, 14, 286.0,358.0,-1
14, 7, 286.0,358.0,-1
7, 15, 725.0,880.0,-1
15, 7, 725.0,880.0,-1
7, 16, 410.0,500.0,-1
16, 7, 410.0,500.0,-1
7, 7, 0.0,0.0,1
8, 9, 599.0,836.0,-1
9, 8, 599.0,836.0,-1
8, 10, 523.0,525.0,1
10, 8, 523.0,525.0,1
8, 11, 201.0,277.0,1
11, 8, 201.0,277.0,1
8, 12, 458.0,612.0,-1
12, 8, 458.0,612.0,-1
8, 13, 623.0,852.0,1
13, 8, 623.0,852.0,1
8, 14, 658.0,711.0,1
14, 8, 658.0,711.0,1
8, 15, 201.0,284.0,-1
15, 8, 201.0,284.0,-1
8, 16, 474.0,537.0,1
16, 8, 474.0,537.0,1
8, 8, 0.0,0.0,1
9, 10, 517.0,660.0,1
10, 9, 517.0,660.0,1
9, 11, 641.0,895.0,-1
11, 9, 641.0,895.0,-1
9, 12, 292.0,346.0,1
12, 9, 292.0,346.0,1
9, 13, 65.0,91.0,-1
13, 9, 65.0,91.0,-1
9, 14, 342.0,467.0,-1
14, 9, 342.0,467.0,-1
9, 15, 649.0,816.0,1
15, 9, 649.0,816.0,1
9, 16, 420.0,436.0,1
16, 9, 420.0,436.0,1
9, 9, 0.0,0.0,1
10, 11, 700.0,802.0,-1
11, 10, 700.0,802.0,-1
10, 12, 231.0,314.0,1
12, 10, 231.0,314.0,1
10, 13, 580.0,750.0,1
13, 10, 580.0,750.0,1
10, 14, 807.0,1126.0,-1
14, 10, 807.0,1126.0,-1
10, 15, 394.0,501.0,-1
15, 10, 394.0,501.0,-1
10, 16, 756.0,1062.0,-1
16, 10, 756.0,1062.0,-1
10, 10, 0.0,0.0,1
11, 12, 586.0,670.0,-1
12, 11, 586.0,670.0,-1
11, 13, 645.0,910.0,1
13, 11, 645.0,910.0,1
11, 14, 590.0,769.0,-1
14, 11, 590.0,769.0,-1
11, 15, 400.0,560.0,-1
15, 11, 400.0,560.0,-1
11, 16, 373.0,459.0,-1
16, 11, 373.0,459.0,-1
11, 11, 0.0,0.0,1
12, 13, 352.0,436.0,-1
13, 12, 352.0,436.0,-1
12, 14, 579.0,812.0,1
14, 12, 579.0,812.0,1
12, 15, 422.0,592.0,1
15, 12, 422.0,592.0,1
12, 16, 550.0,748.0,1
16, 12, 550.0,748.0,1
12, 12, 0.0,0.0,1
13, 14, 284.0,376.0,-1
14, 13, 284.0,376.0,-1
13, 15, 689.0,832.0,-1
15, 13, 689.0,832.0,-1
13, 16, 388.0,452.0,1
16, 13, 388.0,452.0,1
13, 13, 0.0,0.0,1
14, 15, 793.0,884.0,-1
15, 14, 793.0,884.0,-1
14, 16, 225.0,311.0,-1
16, 14, 225.0,311.0,-1
14, 14, 0.0,0.0,1
15, 16, 639.0,820.0,-1
16, 15, 639.0,820.0,-1
15, 15, 0.0,0.0,1
16, 16, 0.0,0.0,1


<end>