<number of nodes>
16

<ratio of available edges>
0.3

<max length of the drone flight>
100000 

<D 2/3>
1, 2, 3, 4, 5, 8, 12, 13, 14, 15, 16

<V>
2, 5, 8, 14, 16

<coordinates X,Y>
540.0990944763695, 652.8399140617524
504.1877339602107, 339.4247064883798
622.9556653944876, 619.5519820740425
778.2074340883651, 708.5025788013629
398.56687254317285, 130.3605364260289
693.9497180073497, 554.7093544476011
296.5574690694768, 268.362602986802
544.0434650650217, 519.6065689359319
777.1058622278025, 330.26364769464305
935.7316233303623, 685.0976451756293
69.11811340673655, 878.9237669037293
106.36284530145574, 347.549212364582
570.2738124145243, 902.9952189824213
379.79293274751086, 192.04770364281157
293.1974464905557, 565.6561023714925
927.3764474363538, 811.8941980485316

<adjacency matrix with truck distances>
1, 2, 316.0,350.0,-1
2, 1, 316.0,350.0,-1
1, 3, 90.0,117.0,-1
3, 1, 90.0,117.0,-1
1, 4, 245.0,294.0,-1
4, 1, 245.0,294.0,-1
1, 5, 542.0,665.0,-1
5, 1, 542.0,665.0,-1
1, 6, 183.0,252.0,1
6, 1, 183.0,252.0,1
1, 7, 456.0,629.0,1
7, 1, 456.0,629.0,1
1, 8, 134.0,138.0,1
8, 1, 134.0,138.0,1
1, 9, 401.0,560.0,-1
9, 1, 401.0,560.0,-1
1, 10, 397.0,428.0,1
10, 1, 397.0,428.0,1
1, 11, 523.0,698.0,-1
11, 1, 523.0,698.0,-1
1, 12, 531.0,740.0,1
12, 1, 531.0,740.0,1
1, 13, 252.0,281.0,-1
13, 1, 252.0,281.0,-1
1, 14, 488.0,622.0,-1
14, 1, 488.0,622.0,-1
1, 15, 262.0,335.0,-1
15, 1, 262.0,335.0,-1
1, 16, 419.0,547.0,-1
16, 1, 419.0,547.0,-1
1, 1, 0.0,0.0,1
2, 3, 305.0,399.0,-1
3, 2, 305.0,399.0,-1
2, 4, 460.0,644.0,1
4, 2, 460.0,644.0,1
2, 5, 235.0,315.0,-1
5, 2, 235.0,315.0,-1
2, 6, 287.0,406.0,1
6, 2, 287.0,406.0,1
2, 7, 220.0,279.0,-1
7, 2, 220.0,279.0,-1
2, 8, 185.0,221.0,-1
8, 2, 185.0,221.0,-1
2, 9, 274.0,283.0,-1
9, 2, 274.0,283.0,-1
2, 10, 553.0,778.0,-1
10, 2, 553.0,778.0,-1
2, 11, 694.0,975.0,-1
11, 2, 694.0,975.0,-1
2, 12, 398.0,406.0,-1
12, 2, 398.0,406.0,-1
2, 13, 568.0,630.0,-1
13, 2, 568.0,630.0,-1
2, 14, 193.0,272.0,-1
14, 2, 193.0,272.0,-1
2, 15, 310.0,438.0,1
15, 2, 310.0,438.0,1
2, 16, 635.0,896.0,-1
16, 2, 635.0,896.0,-1
2, 2, 0.0,0.0,1
3, 4, 179.0,245.0,-1
4, 3, 179.0,245.0,-1
3, 5, 539.0,714.0,-1
5, 3, 539.0,714.0,-1
3, 6, 97.0,136.0,-1
6, 3, 97.0,136.0,-1
3, 7, 480.0,678.0,1
7, 3, 480.0,678.0,1
3, 8, 128.0,179.0,-1
8, 3, 128.0,179.0,-1
3, 9, 328.0,444.0,-1
9, 3, 328.0,444.0,-1
3, 10, 320.0,379.0,-1
10, 3, 320.0,379.0,-1
3, 11, 612.0,814.0,-1
11, 3, 612.0,814.0,-1
3, 12, 584.0,789.0,-1
12, 3, 584.0,789.0,-1
3, 13, 289.0,337.0,-1
13, 3, 289.0,337.0,-1
3, 14, 492.0,671.0,-1
14, 3, 492.0,671.0,-1
3, 15, 335.0,384.0,-1
15, 3, 335.0,384.0,-1
3, 16, 361.0,497.0,-1
16, 3, 361.0,497.0,-1
3, 3, 0.0,0.0,1
4, 5, 692.0,958.0,1
5, 4, 692.0,958.0,1
4, 6, 176.0,239.0,1
6, 4, 176.0,239.0,1
4, 7, 653.0,922.0,-1
7, 4, 653.0,922.0,-1
4, 8, 301.0,424.0,1
8, 4, 301.0,424.0,1
4, 9, 379.0,380.0,-1
9, 4, 379.0,380.0,-1
4, 10, 160.0,181.0,-1
10, 4, 160.0,181.0,-1
4, 11, 730.0,880.0,-1
11, 4, 730.0,880.0,-1
4, 12, 763.0,1033.0,-1
12, 4, 763.0,1033.0,-1
4, 13, 285.0,403.0,-1
13, 4, 285.0,403.0,-1
4, 14, 653.0,915.0,-1
14, 4, 653.0,915.0,-1
4, 15, 506.0,628.0,-1
15, 4, 506.0,628.0,-1
4, 16, 182.0,253.0,1
16, 4, 182.0,253.0,1
4, 4, 0.0,0.0,1
5, 6, 518.0,720.0,1
6, 5, 518.0,720.0,1
5, 7, 172.0,241.0,-1
7, 5, 172.0,241.0,-1
5, 8, 416.0,535.0,1
8, 5, 416.0,535.0,1
5, 9, 429.0,579.0,-1
9, 5, 429.0,579.0,-1
5, 10, 773.0,1092.0,1
10, 5, 773.0,1092.0,1
5, 11, 818.0,1079.0,-1
11, 5, 818.0,1079.0,-1
5, 12, 365.0,510.0,-1
12, 5, 365.0,510.0,-1
5, 13, 792.0,945.0,-1
13, 5, 792.0,945.0,-1
5, 14, 65.0,81.0,1
14, 5, 65.0,81.0,1
5, 15, 448.0,541.0,-1
15, 5, 448.0,541.0,-1
5, 16, 863.0,1211.0,-1
16, 5, 863.0,1211.0,-1
5, 5, 0.0,0.0,1
6, 7, 490.0,684.0,-1
7, 6, 490.0,684.0,-1
6, 8, 154.0,186.0,1
8, 6, 154.0,186.0,1
6, 9, 240.0,308.0,1
9, 6, 240.0,308.0,1
6, 10, 275.0,373.0,-1
10, 6, 275.0,373.0,-1
6, 11, 704.0,950.0,1
11, 6, 704.0,950.0,1
6, 12, 624.0,795.0,-1
12, 6, 624.0,795.0,-1
6, 13, 370.0,472.0,-1
13, 6, 370.0,472.0,-1
6, 14, 480.0,677.0,1
14, 6, 480.0,677.0,1
6, 15, 401.0,412.0,1
15, 6, 401.0,412.0,1
6, 16, 348.0,491.0,-1
16, 6, 348.0,491.0,-1
6, 6, 0.0,0.0,1
7, 8, 353.0,499.0,-1
8, 7, 353.0,499.0,-1
7, 9, 485.0,543.0,-1
9, 7, 485.0,543.0,-1
7, 10, 764.0,1056.0,-1
10, 7, 764.0,1056.0,-1
7, 11, 652.0,839.0,1
11, 7, 652.0,839.0,1
7, 12, 207.0,270.0,1
12, 7, 207.0,270.0,1
7, 13, 692.0,909.0,-1
13, 7, 692.0,909.0,-1
7, 14, 113.0,160.0,-1
14, 7, 113.0,160.0,-1
7, 15, 298.0,301.0,-1
15, 7, 298.0,301.0,-1
7, 16, 833.0,1175.0,1
16, 7, 833.0,1175.0,1
7, 7, 0.0,0.0,1
8, 9, 301.0,423.0,1
9, 8, 301.0,423.0,1
8, 10, 426.0,558.0,-1
10, 8, 426.0,558.0,-1
8, 11, 596.0,835.0,-1
11, 8, 596.0,835.0,-1
8, 12, 471.0,610.0,-1
12, 8, 471.0,610.0,-1
8, 13, 385.0,410.0,1
13, 8, 385.0,410.0,1
8, 14, 367.0,492.0,-1
14, 8, 367.0,492.0,-1
8, 15, 256.0,297.0,1
15, 8, 256.0,297.0,1
8, 16, 483.0,676.0,-1
16, 8, 483.0,676.0,-1
8, 8, 0.0,0.0,1
9, 10, 389.0,514.0,-1
10, 9, 389.0,514.0,-1
9, 11, 896.0,1257.0,1
11, 9, 896.0,1257.0,1
9, 12, 671.0,689.0,-1
12, 9, 671.0,689.0,-1
9, 13, 609.0,780.0,1
13, 9, 609.0,780.0,1
9, 14, 421.0,536.0,1
14, 9, 421.0,536.0,1
9, 15, 539.0,720.0,1
15, 9, 539.0,720.0,1
9, 16, 505.0,632.0,1
16, 9, 505.0,632.0,1
9, 9, 0.0,0.0,1
10, 11, 889.0,1061.0,-1
11, 10, 889.0,1061.0,-1
10, 12, 896.0,1167.0,-1
12, 10, 896.0,1167.0,-1
10, 13, 426.0,584.0,-1
13, 10, 426.0,584.0,-1
10, 14, 744.0,1049.0,-1
14, 10, 744.0,1049.0,-1
10, 15, 654.0,762.0,1
15, 10, 654.0,762.0,1
10, 16, 128.0,136.0,-1
16, 10, 128.0,136.0,-1
10, 10, 0.0,0.0,1
11, 12, 533.0,569.0,-1
12, 11, 533.0,569.0,-1
11, 13, 502.0,526.0,-1
13, 11, 502.0,526.0,-1
11, 14, 754.0,998.0,-1
14, 11, 754.0,998.0,-1
11, 15, 386.0,538.0,1
15, 11, 386.0,538.0,1
11, 16, 861.0,926.0,-1
16, 11, 861.0,926.0,-1
11, 11, 0.0,0.0,1
12, 13, 724.0,1020.0,-1
13, 12, 724.0,1020.0,-1
12, 14, 315.0,429.0,-1
14, 12, 315.0,429.0,-1
12, 15, 288.0,405.0,-1
15, 12, 288.0,405.0,-1
12, 16, 944.0,1286.0,-1
16, 12, 944.0,1286.0,-1
12, 12, 0.0,0.0,1
13, 14, 737.0,902.0,-1
14, 13, 737.0,902.0,-1
13, 15, 437.0,615.0,1
15, 13, 437.0,615.0,1
13, 16, 369.0,449.0,-1
16, 13, 369.0,449.0,-1
13, 13, 0.0,0.0,1
14, 15, 384.0,461.0,-1
15, 14, 384.0,461.0,-1
14, 16, 828.0,1168.0,-1
16, 14, 828.0,1168.0,-1
14, 14, 0.0,0.0,1
15, 16, 681.0,881.0,-1
16, 15, 681.0,881.0,-1
15, 15, 0.0,0.0,1
16, 16, 0.0,0.0,1


<end>