<number of nodes>
16

<ratio of available edges>
0.3

<max length of the drone flight>
100000 

<D 2/3>
1, 2, 3, 4, 5, 9, 10, 11, 13, 14, 15

<V>
4, 5, 10, 14, 15

<coordinates X,Y>
991.001438263826, 695.3242724667588
190.02840358588242, 943.0503219070987
57.130586712929485, 175.53290605768888
254.61806933027637, 390.70762203539584
501.55197349844303, 446.0195360904352
944.3495522706443, 183.049014141796
178.11745183932226, 969.5940843690872
576.8893545450136, 501.4067844670978
792.1023267334162, 214.83003940982604
670.3682161269514, 745.8453291325171
136.16114121722845, 881.4600317993884
467.62393355435955, 827.7829639065011
445.40539234265503, 570.064648870396
233.2705336150106, 829.0669479028188
149.63834203501713, 384.1036015436278
470.40792116410177, 846.9791751689785

<adjacency matrix with truck distances>
1, 2, 839.0,1049.0,-1
2, 1, 839.0,1049.0,-1
1, 3, 1069.0,1454.0,-1
3, 1, 1069.0,1454.0,-1
1, 4, 797.0,1042.0,-1
4, 1, 797.0,1042.0,-1
1, 5, 550.0,739.0,-1
5, 1, 550.0,739.0,-1
1, 6, 515.0,559.0,-1
6, 1, 515.0,559.0,-1
1, 7, 858.0,1088.0,1
7, 1, 858.0,1088.0,1
1, 8, 458.0,609.0,-1
8, 1, 458.0,609.0,-1
1, 9, 521.0,680.0,1
9, 1, 521.0,680.0,1
1, 10, 325.0,372.0,-1
10, 1, 325.0,372.0,-1
1, 11, 875.0,1041.0,-1
11, 1, 875.0,1041.0,-1
1, 12, 540.0,656.0,-1
12, 1, 540.0,656.0,-1
1, 13, 560.0,671.0,-1
13, 1, 560.0,671.0,-1
1, 14, 770.0,892.0,-1
14, 1, 770.0,892.0,-1
1, 15, 898.0,1153.0,1
15, 1, 898.0,1153.0,1
1, 16, 543.0,673.0,1
16, 1, 543.0,673.0,1
1, 1, 0.0,0.0,1
2, 3, 779.0,901.0,-1
3, 2, 779.0,901.0,-1
2, 4, 557.0,617.0,-1
4, 2, 557.0,617.0,-1
2, 5, 587.0,809.0,-1
5, 2, 587.0,809.0,-1
2, 6, 1071.0,1515.0,-1
6, 2, 1071.0,1515.0,-1
2, 7, 30.0,39.0,-1
7, 2, 30.0,39.0,-1
2, 8, 588.0,829.0,-1
8, 2, 588.0,829.0,-1
2, 9, 945.0,1331.0,1
9, 2, 945.0,1331.0,1
2, 10, 520.0,678.0,-1
10, 2, 520.0,678.0,-1
2, 11, 82.0,116.0,1
11, 2, 82.0,116.0,1
2, 12, 301.0,393.0,-1
12, 2, 301.0,393.0,-1
2, 13, 453.0,629.0,1
13, 2, 453.0,629.0,1
2, 14, 122.0,158.0,-1
14, 2, 122.0,158.0,-1
2, 15, 561.0,600.0,-1
15, 2, 561.0,600.0,-1
2, 16, 297.0,377.0,-1
16, 2, 297.0,377.0,-1
2, 2, 0.0,0.0,1
3, 4, 293.0,413.0,1
4, 3, 293.0,413.0,1
3, 5, 521.0,715.0,1
5, 3, 521.0,715.0,1
3, 6, 888.0,895.0,-1
6, 3, 888.0,895.0,-1
3, 7, 804.0,916.0,-1
7, 3, 804.0,916.0,-1
3, 8, 614.0,846.0,1
8, 3, 614.0,846.0,1
3, 9, 737.0,775.0,-1
9, 3, 737.0,775.0,-1
3, 10, 838.0,1184.0,-1
10, 3, 838.0,1184.0,-1
3, 11, 711.0,785.0,-1
11, 3, 711.0,785.0,-1
3, 12, 771.0,1063.0,-1
12, 3, 771.0,1063.0,-1
3, 13, 554.0,783.0,-1
13, 3, 554.0,783.0,-1
3, 14, 677.0,830.0,1
14, 3, 677.0,830.0,1
3, 15, 229.0,302.0,1
15, 3, 229.0,302.0,1
3, 16, 789.0,1085.0,-1
16, 3, 789.0,1085.0,-1
3, 3, 0.0,0.0,1
4, 5, 254.0,303.0,-1
5, 4, 254.0,303.0,-1
4, 6, 721.0,898.0,-1
6, 4, 721.0,898.0,-1
4, 7, 584.0,656.0,-1
7, 4, 584.0,656.0,-1
4, 8, 341.0,433.0,-1
8, 4, 341.0,433.0,-1
4, 9, 566.0,714.0,1
9, 4, 566.0,714.0,1
4, 10, 547.0,771.0,-1
10, 4, 547.0,771.0,-1
4, 11, 505.0,610.0,-1
11, 4, 505.0,610.0,-1
4, 12, 487.0,651.0,-1
12, 4, 487.0,651.0,-1
4, 13, 262.0,371.0,-1
13, 4, 262.0,371.0,-1
4, 14, 439.0,460.0,-1
14, 4, 439.0,460.0,-1
4, 15, 106.0,112.0,1
15, 4, 106.0,112.0,1
4, 16, 505.0,673.0,1
16, 4, 505.0,673.0,1
4, 4, 0.0,0.0,1
5, 6, 515.0,706.0,-1
6, 5, 515.0,706.0,-1
5, 7, 616.0,848.0,1
7, 5, 616.0,848.0,1
5, 8, 94.0,131.0,1
8, 5, 94.0,131.0,1
5, 9, 372.0,522.0,-1
9, 5, 372.0,522.0,-1
5, 10, 345.0,469.0,-1
10, 5, 345.0,469.0,-1
5, 11, 569.0,801.0,1
11, 5, 569.0,801.0,1
5, 12, 384.0,416.0,-1
12, 5, 384.0,416.0,-1
5, 13, 137.0,181.0,-1
13, 5, 137.0,181.0,-1
5, 14, 468.0,652.0,-1
14, 5, 468.0,652.0,-1
5, 15, 358.0,414.0,1
15, 5, 358.0,414.0,1
5, 16, 403.0,433.0,1
16, 5, 403.0,433.0,1
5, 5, 0.0,0.0,1
6, 7, 1099.0,1553.0,1
7, 6, 1099.0,1553.0,1
6, 8, 487.0,686.0,1
8, 6, 487.0,686.0,1
6, 9, 156.0,185.0,1
9, 6, 156.0,185.0,1
6, 10, 626.0,837.0,-1
10, 6, 626.0,837.0,-1
6, 11, 1069.0,1507.0,-1
11, 6, 1069.0,1507.0,-1
6, 12, 802.0,1122.0,-1
12, 6, 802.0,1122.0,-1
6, 13, 632.0,886.0,1
13, 6, 632.0,886.0,1
6, 14, 961.0,1358.0,-1
14, 6, 961.0,1358.0,-1
6, 15, 820.0,996.0,-1
15, 6, 820.0,996.0,-1
6, 16, 816.0,1138.0,-1
16, 6, 816.0,1138.0,-1
6, 6, 0.0,0.0,1
7, 8, 615.0,867.0,-1
8, 7, 615.0,867.0,-1
7, 9, 973.0,1369.0,-1
9, 7, 973.0,1369.0,-1
7, 10, 541.0,716.0,-1
10, 7, 541.0,716.0,-1
7, 11, 98.0,131.0,-1
11, 7, 98.0,131.0,-1
7, 12, 323.0,432.0,-1
12, 7, 323.0,432.0,-1
7, 13, 481.0,667.0,-1
13, 7, 481.0,667.0,-1
7, 14, 151.0,196.0,-1
14, 7, 151.0,196.0,-1
7, 15, 587.0,614.0,-1
15, 7, 587.0,614.0,-1
7, 16, 317.0,415.0,-1
16, 7, 317.0,415.0,-1
7, 7, 0.0,0.0,1
8, 9, 359.0,502.0,-1
9, 8, 359.0,502.0,-1
8, 10, 262.0,338.0,-1
10, 8, 262.0,338.0,-1
8, 11, 582.0,821.0,-1
11, 8, 582.0,821.0,-1
8, 12, 345.0,436.0,1
12, 8, 345.0,436.0,1
8, 13, 149.0,201.0,1
13, 8, 149.0,201.0,1
8, 14, 475.0,672.0,1
14, 8, 475.0,672.0,1
8, 15, 444.0,545.0,1
15, 8, 444.0,545.0,1
8, 16, 362.0,453.0,-1
16, 8, 362.0,453.0,-1
8, 8, 0.0,0.0,1
9, 10, 545.0,653.0,-1
10, 9, 545.0,653.0,-1
9, 11, 936.0,1323.0,-1
11, 9, 936.0,1323.0,-1
9, 12, 694.0,938.0,-1
12, 9, 694.0,938.0,-1
9, 13, 497.0,702.0,1
13, 9, 497.0,702.0,1
9, 14, 831.0,1174.0,1
14, 9, 831.0,1174.0,1
9, 15, 665.0,812.0,-1
15, 9, 665.0,812.0,-1
9, 16, 710.0,954.0,-1
16, 9, 710.0,954.0,-1
9, 9, 0.0,0.0,1
10, 11, 552.0,670.0,1
11, 10, 552.0,670.0,1
10, 12, 219.0,285.0,-1
12, 10, 219.0,285.0,-1
10, 13, 286.0,401.0,-1
13, 10, 286.0,401.0,-1
10, 14, 445.0,521.0,1
14, 10, 445.0,521.0,1
10, 15, 635.0,883.0,-1
15, 10, 635.0,883.0,-1
10, 16, 225.0,302.0,-1
16, 10, 225.0,302.0,-1
10, 10, 0.0,0.0,1
11, 12, 336.0,386.0,1
12, 11, 336.0,386.0,1
11, 13, 439.0,621.0,-1
13, 11, 439.0,621.0,-1
11, 14, 111.0,150.0,-1
14, 11, 111.0,150.0,-1
11, 15, 498.0,511.0,-1
15, 11, 498.0,511.0,-1
11, 16, 337.0,369.0,-1
16, 11, 337.0,369.0,-1
11, 11, 0.0,0.0,1
12, 13, 259.0,280.0,-1
13, 12, 259.0,280.0,-1
12, 14, 235.0,236.0,-1
14, 12, 235.0,236.0,-1
12, 15, 546.0,762.0,-1
15, 12, 546.0,762.0,-1
12, 16, 20.0,22.0,1
16, 12, 20.0,22.0,1
12, 12, 0.0,0.0,1
13, 14, 335.0,472.0,1
14, 13, 335.0,472.0,1
13, 15, 350.0,482.0,-1
15, 13, 350.0,482.0,-1
13, 16, 279.0,302.0,-1
16, 13, 279.0,302.0,-1
13, 13, 0.0,0.0,1
14, 15, 453.0,529.0,-1
15, 14, 453.0,529.0,-1
14, 16, 238.0,256.0,-1
16, 14, 238.0,256.0,-1
14, 14, 0.0,0.0,1
15, 16, 564.0,784.0,1
16, 15, 564.0,784.0,1
15, 15, 0.0,0.0,1
16, 16, 0.0,0.0,1


<end>