<number of nodes>
16

<ratio of available edges>
0.3

<max length of the drone flight>
100000 

<D 2/3>
1, 2, 4, 5, 6, 8, 9, 11, 12, 13, 16

<V>
5, 6, 8, 9, 16

<coordinates X,Y>
453.058641361416, 598.5563652754806
884.6691005775265, 65.82851818298346
541.9797086989803, 318.9183004707238
171.5885852182818, 566.0502426865468
757.1688827768836, 642.8279459617098
956.6911211047926, 60.27844736606451
-0.3432623102337664, 335.1060738528154
592.7560413767416, 85.16259340128772
750.7484872225472, 527.8153883782338
470.4045452621095, 482.1042004063816
285.16884800223283, 339.36931916892524
240.6448209981588, 146.23936648260255
522.2441277278232, 681.2678636190901
157.75770178756963, 667.5299247039505
587.5787865893102, 938.0494154588879
867.2122403020945, 984.09166571183

<adjacency matrix with truck distances>
1, 2, 686.0,965.0,-1
2, 1, 686.0,965.0,-1
1, 3, 294.0,369.0,-1
3, 1, 294.0,369.0,-1
1, 4, 284.0,314.0,-1
4, 1, 284.0,314.0,-1
1, 5, 308.0,349.0,-1
5, 1, 308.0,349.0,-1
1, 6, 738.0,1042.0,-1
6, 1, 738.0,1042.0,-1
1, 7, 525.0,717.0,-1
7, 1, 525.0,717.0,-1
1, 8, 533.0,654.0,-1
8, 1, 533.0,654.0,-1
1, 9, 306.0,369.0,-1
9, 1, 306.0,369.0,-1
1, 10, 118.0,134.0,-1
10, 1, 118.0,134.0,-1
1, 11, 309.0,428.0,-1
11, 1, 309.0,428.0,-1
1, 12, 500.0,665.0,1
12, 1, 500.0,665.0,1
1, 13, 108.0,152.0,-1
13, 1, 108.0,152.0,-1
1, 14, 304.0,365.0,-1
14, 1, 304.0,365.0,-1
1, 15, 366.0,475.0,1
15, 1, 366.0,475.0,1
1, 16, 566.0,800.0,1
16, 1, 566.0,800.0,1
1, 1, 0.0,0.0,1
2, 3, 427.0,596.0,-1
3, 2, 427.0,596.0,-1
2, 4, 872.0,1214.0,-1
4, 2, 872.0,1214.0,-1
2, 5, 591.0,705.0,-1
5, 2, 591.0,705.0,-1
2, 6, 73.0,78.0,1
6, 2, 73.0,78.0,1
2, 7, 926.0,1155.0,-1
7, 2, 926.0,1155.0,-1
2, 8, 293.0,312.0,-1
8, 2, 293.0,312.0,-1
2, 9, 482.0,596.0,-1
9, 2, 482.0,596.0,-1
2, 10, 588.0,831.0,1
10, 2, 588.0,831.0,1
2, 11, 659.0,874.0,-1
11, 2, 659.0,874.0,-1
2, 12, 650.0,725.0,-1
12, 2, 650.0,725.0,-1
2, 13, 715.0,978.0,1
13, 2, 715.0,978.0,1
2, 14, 944.0,1329.0,1
14, 2, 944.0,1329.0,1
2, 15, 922.0,1170.0,-1
15, 2, 922.0,1170.0,-1
2, 16, 919.0,936.0,1
16, 2, 919.0,936.0,1
2, 2, 0.0,0.0,1
3, 4, 446.0,618.0,1
4, 3, 446.0,618.0,1
3, 5, 389.0,540.0,-1
5, 3, 389.0,540.0,-1
3, 6, 489.0,674.0,-1
6, 3, 489.0,674.0,-1
3, 7, 543.0,559.0,-1
7, 3, 543.0,559.0,-1
3, 8, 240.0,285.0,1
8, 3, 240.0,285.0,1
3, 9, 296.0,418.0,1
9, 3, 296.0,418.0,1
3, 10, 179.0,235.0,1
10, 3, 179.0,235.0,1
3, 11, 258.0,278.0,1
11, 3, 258.0,278.0,1
3, 12, 348.0,475.0,1
12, 3, 348.0,475.0,1
3, 13, 363.0,383.0,-1
13, 3, 363.0,383.0,-1
3, 14, 519.0,733.0,1
14, 3, 519.0,733.0,1
3, 15, 621.0,665.0,1
15, 3, 621.0,665.0,1
3, 16, 741.0,991.0,1
16, 3, 741.0,991.0,1
3, 3, 0.0,0.0,1
4, 5, 591.0,663.0,1
5, 4, 591.0,663.0,1
4, 6, 934.0,1291.0,1
6, 4, 934.0,1291.0,1
4, 7, 288.0,403.0,1
7, 4, 288.0,403.0,1
4, 8, 640.0,903.0,-1
8, 4, 640.0,903.0,-1
4, 9, 581.0,618.0,-1
9, 4, 581.0,618.0,-1
4, 10, 311.0,383.0,1
10, 4, 311.0,383.0,1
4, 11, 254.0,341.0,-1
11, 4, 254.0,341.0,-1
4, 12, 426.0,489.0,1
12, 4, 426.0,489.0,1
4, 13, 370.0,466.0,-1
13, 4, 370.0,466.0,-1
4, 14, 103.0,116.0,-1
14, 4, 103.0,116.0,-1
4, 15, 559.0,788.0,-1
15, 4, 559.0,788.0,-1
4, 16, 812.0,1114.0,-1
16, 4, 812.0,1114.0,-1
4, 4, 0.0,0.0,1
5, 6, 616.0,783.0,1
6, 5, 616.0,783.0,1
5, 7, 818.0,1066.0,-1
7, 5, 818.0,1066.0,-1
5, 8, 582.0,723.0,-1
8, 5, 582.0,723.0,-1
5, 9, 116.0,122.0,1
9, 5, 116.0,122.0,1
5, 10, 329.0,448.0,-1
10, 5, 329.0,448.0,-1
5, 11, 562.0,776.0,-1
11, 5, 562.0,776.0,-1
5, 12, 717.0,1014.0,1
12, 5, 717.0,1014.0,1
5, 13, 239.0,274.0,-1
13, 5, 239.0,274.0,-1
5, 14, 600.0,625.0,-1
14, 5, 600.0,625.0,-1
5, 15, 341.0,465.0,-1
15, 5, 341.0,465.0,-1
5, 16, 359.0,452.0,-1
16, 5, 359.0,452.0,-1
5, 5, 0.0,0.0,1
6, 7, 996.0,1232.0,-1
7, 6, 996.0,1232.0,-1
6, 8, 365.0,389.0,-1
8, 6, 365.0,389.0,-1
6, 9, 511.0,674.0,-1
9, 6, 511.0,674.0,-1
6, 10, 644.0,909.0,-1
10, 6, 644.0,909.0,-1
6, 11, 728.0,951.0,-1
11, 6, 728.0,951.0,-1
6, 12, 722.0,803.0,-1
12, 6, 722.0,803.0,-1
6, 13, 758.0,1056.0,-1
13, 6, 758.0,1056.0,-1
6, 14, 1004.0,1407.0,-1
14, 6, 1004.0,1407.0,-1
6, 15, 953.0,1247.0,1
15, 6, 953.0,1247.0,1
6, 16, 929.0,1014.0,1
16, 6, 929.0,1014.0,1
6, 6, 0.0,0.0,1
7, 8, 644.0,844.0,-1
8, 7, 644.0,844.0,-1
7, 9, 776.0,944.0,-1
9, 7, 776.0,944.0,-1
7, 10, 494.0,618.0,-1
10, 7, 494.0,618.0,-1
7, 11, 286.0,290.0,-1
11, 7, 286.0,290.0,-1
7, 12, 307.0,430.0,1
12, 7, 307.0,430.0,1
7, 13, 627.0,869.0,-1
13, 7, 627.0,869.0,-1
7, 14, 369.0,491.0,-1
14, 7, 369.0,491.0,-1
7, 15, 843.0,1191.0,1
15, 7, 843.0,1191.0,1
7, 16, 1084.0,1517.0,-1
16, 7, 1084.0,1517.0,-1
7, 7, 0.0,0.0,1
8, 9, 471.0,601.0,1
9, 8, 471.0,601.0,1
8, 10, 416.0,520.0,-1
10, 8, 416.0,520.0,-1
8, 11, 400.0,562.0,-1
11, 8, 400.0,562.0,-1
8, 12, 358.0,414.0,-1
12, 8, 358.0,414.0,-1
8, 13, 601.0,667.0,-1
13, 8, 601.0,667.0,-1
8, 14, 727.0,1018.0,-1
14, 8, 727.0,1018.0,-1
8, 15, 853.0,859.0,1
15, 8, 853.0,859.0,1
8, 16, 940.0,1174.0,-1
16, 8, 940.0,1174.0,-1
8, 8, 0.0,0.0,1
9, 10, 285.0,327.0,-1
10, 9, 285.0,327.0,-1
9, 11, 503.0,655.0,-1
11, 9, 503.0,655.0,-1
9, 12, 638.0,892.0,-1
12, 9, 638.0,892.0,-1
9, 13, 276.0,382.0,-1
13, 9, 276.0,382.0,-1
9, 14, 610.0,733.0,-1
14, 9, 610.0,733.0,-1
9, 15, 442.0,574.0,-1
15, 9, 442.0,574.0,-1
9, 16, 471.0,573.0,-1
16, 9, 471.0,573.0,-1
9, 9, 0.0,0.0,1
10, 11, 234.0,328.0,-1
11, 10, 234.0,328.0,-1
10, 12, 407.0,566.0,-1
12, 10, 407.0,566.0,-1
10, 13, 206.0,252.0,1
13, 10, 206.0,252.0,1
10, 14, 364.0,499.0,1
14, 10, 364.0,499.0,1
10, 15, 471.0,574.0,-1
15, 10, 471.0,574.0,-1
10, 16, 640.0,899.0,-1
16, 10, 640.0,899.0,-1
10, 10, 0.0,0.0,1
11, 12, 199.0,238.0,-1
12, 11, 199.0,238.0,-1
11, 13, 417.0,579.0,-1
13, 11, 417.0,579.0,-1
11, 14, 353.0,456.0,-1
14, 11, 353.0,456.0,-1
11, 15, 671.0,902.0,-1
15, 11, 671.0,902.0,-1
11, 16, 869.0,1227.0,-1
16, 11, 869.0,1227.0,-1
11, 11, 0.0,0.0,1
12, 13, 605.0,817.0,-1
13, 12, 605.0,817.0,-1
12, 14, 528.0,605.0,-1
14, 12, 528.0,605.0,-1
12, 15, 865.0,1139.0,1
15, 12, 865.0,1139.0,1
12, 16, 1047.0,1465.0,-1
16, 12, 1047.0,1465.0,-1
12, 12, 0.0,0.0,1
13, 14, 365.0,379.0,-1
14, 13, 365.0,379.0,-1
13, 15, 265.0,323.0,-1
15, 13, 265.0,323.0,-1
13, 16, 460.0,648.0,-1
16, 13, 460.0,648.0,-1
13, 13, 0.0,0.0,1
14, 15, 508.0,701.0,1
15, 14, 508.0,701.0,1
14, 16, 777.0,1027.0,-1
16, 14, 777.0,1027.0,-1
14, 14, 0.0,0.0,1
15, 16, 284.0,326.0,1
16, 15, 284.0,326.0,1
15, 15, 0.0,0.0,1
16, 16, 0.0,0.0,1


<end>