<number of nodes>
16

<ratio of available edges>
0.3

<max length of the drone flight>
100000 

<D 2/3>
1, 2, 3, 5, 6, 8, 10, 11, 13, 14, 15

<V>
3, 5, 10, 11, 14

<coordinates X,Y>
716.014619619395, 838.9445471325186
545.3654750894367, 188.19359343228814
193.50809882261606, 95.87526083893364
235.69424922213324, 835.5666113550747
887.0170334190005, 764.7304533981757
62.92505194790541, 980.4705267726624
581.5646389537351, 433.17362121406387
239.17636521075346, 168.3154474495665
732.7173422618289, 505.467767156286
287.1152104709387, 327.22382435239047
987.9299152302566, 818.61640210453
574.3371045311861, 944.2175700514886
350.79951935323584, 804.6954614617213
401.1145211287693, 472.21943703252714
313.72673543937793, 768.8034858853051
205.2862588898686, 806.5627310095352

<adjacency matrix with truck distances>
1, 2, 673.0,822.0,-1
2, 1, 673.0,822.0,-1
1, 3, 909.0,1266.0,-1
3, 1, 909.0,1266.0,-1
1, 4, 481.0,484.0,-1
4, 1, 481.0,484.0,-1
1, 5, 187.0,246.0,-1
5, 1, 187.0,246.0,-1
1, 6, 669.0,795.0,-1
6, 1, 669.0,795.0,-1
1, 7, 428.0,541.0,-1
7, 1, 428.0,541.0,-1
1, 8, 823.0,1148.0,1
8, 1, 823.0,1148.0,1
1, 9, 334.0,351.0,1
9, 1, 334.0,351.0,1
1, 10, 668.0,941.0,-1
10, 1, 668.0,941.0,-1
1, 11, 273.0,293.0,-1
11, 1, 273.0,293.0,-1
1, 12, 177.0,247.0,1
12, 1, 177.0,247.0,1
1, 13, 367.0,400.0,-1
13, 1, 367.0,400.0,-1
1, 14, 484.0,682.0,-1
14, 1, 484.0,682.0,-1
1, 15, 409.0,473.0,1
15, 1, 409.0,473.0,1
1, 16, 512.0,544.0,-1
16, 1, 512.0,544.0,-1
1, 1, 0.0,0.0,1
2, 3, 364.0,445.0,-1
3, 2, 364.0,445.0,-1
2, 4, 718.0,958.0,-1
4, 2, 718.0,958.0,-1
2, 5, 671.0,919.0,1
5, 2, 671.0,919.0,1
2, 6, 928.0,1275.0,-1
6, 2, 928.0,1275.0,-1
2, 7, 248.0,282.0,-1
7, 2, 248.0,282.0,-1
2, 8, 307.0,327.0,-1
8, 2, 307.0,327.0,-1
2, 9, 369.0,505.0,1
9, 2, 369.0,505.0,1
2, 10, 294.0,398.0,1
10, 2, 294.0,398.0,1
2, 11, 771.0,1073.0,-1
11, 2, 771.0,1073.0,-1
2, 12, 757.0,785.0,-1
12, 2, 757.0,785.0,-1
2, 13, 647.0,812.0,-1
13, 2, 647.0,812.0,-1
2, 14, 319.0,429.0,1
14, 2, 319.0,429.0,1
2, 15, 626.0,813.0,-1
15, 2, 626.0,813.0,-1
2, 16, 706.0,959.0,-1
16, 2, 706.0,959.0,-1
2, 2, 0.0,0.0,1
3, 4, 741.0,782.0,1
4, 3, 741.0,782.0,1
3, 5, 964.0,1363.0,1
5, 3, 964.0,1363.0,1
3, 6, 895.0,1016.0,1
6, 3, 895.0,1016.0,1
3, 7, 515.0,726.0,-1
7, 3, 515.0,726.0,-1
3, 8, 86.0,119.0,-1
8, 3, 86.0,119.0,-1
3, 9, 678.0,949.0,1
9, 3, 678.0,949.0,1
3, 10, 250.0,325.0,-1
10, 3, 250.0,325.0,-1
3, 11, 1074.0,1518.0,-1
11, 3, 1074.0,1518.0,-1
3, 12, 930.0,1230.0,-1
12, 3, 930.0,1230.0,-1
3, 13, 727.0,867.0,1
13, 3, 727.0,867.0,1
3, 14, 430.0,584.0,-1
14, 3, 430.0,584.0,-1
3, 15, 684.0,794.0,-1
15, 3, 684.0,794.0,-1
3, 16, 711.0,723.0,-1
16, 3, 711.0,723.0,-1
3, 3, 0.0,0.0,1
4, 5, 656.0,723.0,1
5, 4, 656.0,723.0,1
4, 6, 226.0,318.0,-1
6, 4, 226.0,318.0,-1
4, 7, 531.0,749.0,-1
7, 4, 531.0,749.0,-1
4, 8, 668.0,671.0,1
8, 4, 668.0,671.0,1
4, 9, 597.0,828.0,-1
9, 4, 597.0,828.0,-1
4, 10, 511.0,560.0,-1
10, 4, 511.0,560.0,-1
4, 11, 753.0,770.0,1
11, 4, 753.0,770.0,1
4, 12, 356.0,448.0,-1
12, 4, 356.0,448.0,-1
4, 13, 120.0,146.0,1
13, 4, 120.0,146.0,1
4, 14, 400.0,529.0,1
14, 4, 400.0,529.0,1
4, 15, 103.0,145.0,-1
15, 4, 103.0,145.0,-1
4, 16, 43.0,60.0,-1
16, 4, 43.0,60.0,-1
4, 4, 0.0,0.0,1
5, 6, 852.0,1040.0,-1
6, 5, 852.0,1040.0,-1
5, 7, 451.0,638.0,-1
7, 5, 451.0,638.0,-1
5, 8, 881.0,1245.0,-1
8, 5, 881.0,1245.0,-1
5, 9, 302.0,414.0,-1
9, 5, 302.0,414.0,-1
5, 10, 743.0,1038.0,-1
10, 5, 743.0,1038.0,-1
5, 11, 115.0,155.0,1
11, 5, 115.0,155.0,1
5, 12, 361.0,493.0,1
12, 5, 361.0,493.0,1
5, 13, 538.0,577.0,-1
13, 5, 538.0,577.0,-1
5, 14, 568.0,779.0,-1
14, 5, 568.0,779.0,-1
5, 15, 574.0,578.0,-1
15, 5, 574.0,578.0,-1
5, 16, 684.0,724.0,-1
16, 5, 684.0,724.0,-1
5, 5, 0.0,0.0,1
6, 7, 755.0,1066.0,1
7, 6, 755.0,1066.0,1
6, 8, 832.0,989.0,1
8, 6, 832.0,989.0,1
6, 9, 822.0,1145.0,-1
9, 6, 822.0,1145.0,-1
6, 10, 691.0,878.0,-1
10, 6, 691.0,878.0,-1
6, 11, 940.0,1087.0,-1
11, 6, 940.0,1087.0,-1
6, 12, 513.0,548.0,-1
12, 6, 513.0,548.0,-1
6, 13, 338.0,464.0,-1
13, 6, 338.0,464.0,-1
6, 14, 611.0,847.0,-1
14, 6, 611.0,847.0,-1
6, 15, 329.0,463.0,1
15, 6, 329.0,463.0,1
6, 16, 225.0,317.0,1
16, 6, 225.0,317.0,1
6, 6, 0.0,0.0,1
7, 8, 433.0,608.0,-1
8, 7, 433.0,608.0,-1
7, 9, 168.0,224.0,-1
9, 7, 168.0,224.0,-1
7, 10, 313.0,401.0,1
10, 7, 313.0,401.0,1
7, 11, 561.0,792.0,-1
11, 7, 561.0,792.0,-1
7, 12, 512.0,519.0,1
12, 7, 512.0,519.0,1
7, 13, 438.0,603.0,-1
13, 7, 438.0,603.0,-1
7, 14, 185.0,220.0,-1
14, 7, 185.0,220.0,-1
7, 15, 430.0,604.0,1
15, 7, 430.0,604.0,1
7, 16, 531.0,750.0,1
16, 7, 531.0,750.0,1
7, 7, 0.0,0.0,1
8, 9, 598.0,831.0,1
9, 8, 598.0,831.0,1
8, 10, 166.0,207.0,1
10, 8, 166.0,207.0,1
8, 11, 992.0,1400.0,-1
11, 8, 992.0,1400.0,-1
8, 12, 846.0,1112.0,-1
12, 8, 846.0,1112.0,-1
8, 13, 647.0,749.0,-1
13, 8, 647.0,749.0,-1
8, 14, 345.0,466.0,-1
14, 8, 345.0,466.0,-1
8, 15, 606.0,676.0,-1
15, 8, 606.0,676.0,-1
8, 16, 640.0,673.0,1
16, 8, 640.0,673.0,1
8, 8, 0.0,0.0,1
9, 10, 480.0,624.0,-1
10, 9, 480.0,624.0,-1
9, 11, 404.0,569.0,-1
11, 9, 404.0,569.0,-1
9, 12, 467.0,598.0,-1
12, 9, 467.0,598.0,-1
9, 13, 486.0,682.0,-1
13, 9, 486.0,682.0,-1
9, 14, 334.0,365.0,1
14, 9, 334.0,365.0,1
9, 15, 495.0,683.0,-1
15, 9, 495.0,683.0,-1
9, 16, 608.0,829.0,-1
16, 9, 608.0,829.0,-1
9, 9, 0.0,0.0,1
10, 11, 856.0,1193.0,-1
11, 10, 856.0,1193.0,-1
10, 12, 681.0,905.0,-1
12, 10, 681.0,905.0,-1
10, 13, 482.0,542.0,-1
13, 10, 482.0,542.0,-1
10, 14, 185.0,259.0,1
14, 10, 185.0,259.0,1
10, 15, 443.0,469.0,-1
15, 10, 443.0,469.0,-1
10, 16, 487.0,562.0,-1
16, 10, 487.0,562.0,-1
10, 10, 0.0,0.0,1
11, 12, 433.0,540.0,-1
12, 11, 433.0,540.0,-1
11, 13, 638.0,652.0,1
13, 11, 638.0,652.0,1
11, 14, 682.0,934.0,-1
14, 11, 682.0,934.0,-1
11, 15, 677.0,725.0,1
15, 11, 677.0,725.0,1
11, 16, 783.0,795.0,-1
16, 11, 783.0,795.0,-1
11, 11, 0.0,0.0,1
12, 13, 264.0,364.0,-1
13, 12, 264.0,364.0,-1
12, 14, 503.0,646.0,-1
14, 12, 503.0,646.0,-1
12, 15, 315.0,437.0,-1
15, 12, 315.0,437.0,-1
12, 16, 394.0,507.0,-1
16, 12, 394.0,507.0,-1
12, 12, 0.0,0.0,1
13, 14, 337.0,383.0,1
14, 13, 337.0,383.0,1
13, 15, 52.0,73.0,-1
15, 13, 52.0,73.0,-1
13, 16, 146.0,148.0,-1
16, 13, 146.0,148.0,-1
13, 13, 0.0,0.0,1
14, 15, 310.0,384.0,-1
15, 14, 310.0,384.0,-1
14, 16, 388.0,531.0,-1
16, 14, 388.0,531.0,-1
14, 14, 0.0,0.0,1
15, 16, 115.0,147.0,-1
16, 15, 115.0,147.0,-1
15, 15, 0.0,0.0,1
16, 16, 0.0,0.0,1


<end>