<number of nodes>
16

<ratio of available edges>
0.3

<max length of the drone flight>
100000 

<D 2/3>
1, 3, 4, 5, 6, 7, 8, 9, 12, 13, 15

<V>
3, 6, 7, 8, 12

<coordinates X,Y>
331.7653014393132, 783.9672095500117
661.7704615490793, 865.9822000220944
935.0433376548526, 46.69735850297709
338.4267907242902, 272.1933101013396
882.6251990445339, 151.53310677774223
791.7004715777475, 558.231925971397
376.94703860761956, 830.9830281096745
8.512977572169584, 330.67881315814776
811.9009493401354, 442.4160866187563
498.84097768226303, 744.8790789923092
226.01403204871673, 89.60363542327994
164.09941754919495, 743.7602599103702
854.2607286246684, 24.896984290314858
985.4948238827436, 409.2832750478915
506.22232059297846, 527.1989259418436
909.058129461504, 426.3348242983331

<adjacency matrix with truck distances>
1, 2, 341.0,413.0,-1
2, 1, 341.0,413.0,-1
1, 3, 953.0,1341.0,-1
3, 1, 953.0,1341.0,-1
1, 4, 512.0,519.0,1
4, 1, 512.0,519.0,1
1, 5, 839.0,1184.0,1
5, 1, 839.0,1184.0,1
1, 6, 513.0,686.0,1
6, 1, 513.0,686.0,1
1, 7, 66.0,93.0,-1
7, 1, 66.0,93.0,-1
1, 8, 557.0,777.0,1
8, 1, 557.0,777.0,1
1, 9, 590.0,822.0,-1
9, 1, 590.0,822.0,-1
1, 10, 172.0,207.0,1
10, 1, 172.0,207.0,1
1, 11, 703.0,801.0,-1
11, 1, 703.0,801.0,-1
1, 12, 173.0,208.0,-1
12, 1, 173.0,208.0,-1
1, 13, 922.0,1282.0,1
13, 1, 922.0,1282.0,1
1, 14, 754.0,1029.0,-1
14, 1, 754.0,1029.0,-1
1, 15, 311.0,432.0,-1
15, 1, 311.0,432.0,-1
1, 16, 680.0,935.0,1
16, 1, 680.0,935.0,1
1, 1, 0.0,0.0,1
2, 3, 864.0,1093.0,1
3, 2, 864.0,1093.0,1
2, 4, 677.0,918.0,1
4, 2, 677.0,918.0,1
2, 5, 748.0,936.0,-1
5, 2, 748.0,936.0,-1
2, 6, 335.0,438.0,1
6, 2, 335.0,438.0,1
2, 7, 287.0,320.0,-1
7, 2, 287.0,320.0,-1
2, 8, 845.0,1189.0,-1
8, 2, 845.0,1189.0,-1
2, 9, 450.0,574.0,1
9, 2, 450.0,574.0,1
2, 10, 204.0,285.0,-1
10, 2, 204.0,285.0,-1
2, 11, 891.0,1213.0,1
11, 2, 891.0,1213.0,1
2, 12, 513.0,620.0,-1
12, 2, 513.0,620.0,-1
2, 13, 863.0,1034.0,-1
13, 2, 863.0,1034.0,-1
2, 14, 560.0,781.0,-1
14, 2, 560.0,781.0,-1
2, 15, 373.0,495.0,-1
15, 2, 373.0,495.0,-1
2, 16, 505.0,687.0,-1
16, 2, 505.0,687.0,-1
2, 2, 0.0,0.0,1
3, 4, 638.0,823.0,-1
4, 3, 638.0,823.0,-1
3, 5, 118.0,158.0,-1
5, 3, 118.0,158.0,-1
3, 6, 532.0,655.0,-1
6, 3, 532.0,655.0,-1
3, 7, 963.0,1343.0,-1
7, 3, 963.0,1343.0,-1
3, 8, 970.0,1211.0,-1
8, 3, 970.0,1211.0,-1
3, 9, 415.0,519.0,-1
9, 3, 415.0,519.0,-1
3, 10, 824.0,1135.0,1
10, 3, 824.0,1135.0,1
3, 11, 711.0,752.0,-1
11, 3, 711.0,752.0,-1
3, 12, 1040.0,1469.0,-1
12, 3, 1040.0,1469.0,-1
3, 13, 84.0,103.0,-1
13, 3, 84.0,103.0,-1
3, 14, 367.0,414.0,-1
14, 3, 367.0,414.0,-1
3, 15, 645.0,910.0,1
15, 3, 645.0,910.0,1
3, 16, 381.0,406.0,-1
16, 3, 381.0,406.0,-1
3, 3, 0.0,0.0,1
4, 5, 558.0,665.0,-1
5, 4, 558.0,665.0,-1
4, 6, 536.0,740.0,1
6, 4, 536.0,740.0,1
4, 7, 561.0,598.0,-1
7, 4, 561.0,598.0,-1
4, 8, 336.0,389.0,-1
8, 4, 336.0,389.0,-1
4, 9, 504.0,644.0,-1
9, 4, 504.0,644.0,-1
4, 10, 500.0,634.0,-1
10, 4, 500.0,634.0,-1
4, 11, 215.0,296.0,-1
11, 4, 215.0,296.0,-1
4, 12, 503.0,646.0,1
12, 4, 503.0,646.0,1
4, 13, 573.0,764.0,-1
13, 4, 573.0,764.0,-1
4, 14, 662.0,785.0,-1
14, 4, 662.0,785.0,-1
4, 15, 306.0,423.0,-1
15, 4, 306.0,423.0,-1
4, 16, 592.0,725.0,-1
16, 4, 592.0,725.0,-1
4, 4, 0.0,0.0,1
5, 6, 417.0,498.0,1
6, 5, 417.0,498.0,1
5, 7, 847.0,1186.0,-1
7, 5, 847.0,1186.0,-1
5, 8, 893.0,1054.0,-1
8, 5, 893.0,1054.0,-1
5, 9, 300.0,362.0,1
9, 5, 300.0,362.0,1
5, 10, 707.0,978.0,-1
10, 5, 707.0,978.0,-1
5, 11, 660.0,719.0,-1
11, 5, 660.0,719.0,-1
5, 12, 932.0,1311.0,-1
12, 5, 932.0,1311.0,-1
5, 13, 130.0,156.0,-1
13, 5, 130.0,156.0,-1
5, 14, 278.0,361.0,-1
14, 5, 278.0,361.0,-1
5, 15, 532.0,753.0,-1
15, 5, 532.0,753.0,-1
5, 16, 277.0,302.0,-1
16, 5, 277.0,302.0,-1
5, 5, 0.0,0.0,1
6, 7, 497.0,688.0,-1
7, 6, 497.0,688.0,-1
6, 8, 816.0,1011.0,1
8, 6, 816.0,1011.0,1
6, 9, 118.0,137.0,-1
9, 6, 118.0,137.0,-1
6, 10, 348.0,480.0,1
10, 6, 348.0,480.0,1
6, 11, 735.0,1035.0,-1
11, 6, 735.0,1035.0,-1
6, 12, 655.0,814.0,-1
12, 6, 655.0,814.0,-1
6, 13, 537.0,596.0,-1
13, 6, 537.0,596.0,-1
6, 14, 245.0,343.0,1
14, 6, 245.0,343.0,1
6, 15, 288.0,317.0,1
15, 6, 288.0,317.0,1
6, 16, 177.0,250.0,1
16, 6, 177.0,250.0,1
6, 6, 0.0,0.0,1
7, 8, 622.0,869.0,1
8, 7, 622.0,869.0,1
7, 9, 584.0,824.0,1
9, 7, 584.0,824.0,1
7, 10, 150.0,208.0,-1
10, 7, 150.0,208.0,-1
7, 11, 757.0,893.0,-1
11, 7, 757.0,893.0,-1
7, 12, 231.0,301.0,-1
12, 7, 231.0,301.0,-1
7, 13, 937.0,1284.0,1
13, 7, 937.0,1284.0,1
7, 14, 741.0,1031.0,1
14, 7, 741.0,1031.0,1
7, 15, 331.0,434.0,-1
15, 7, 331.0,434.0,-1
7, 16, 669.0,937.0,-1
16, 7, 669.0,937.0,-1
7, 7, 0.0,0.0,1
8, 9, 812.0,916.0,-1
9, 8, 812.0,916.0,-1
8, 10, 642.0,905.0,1
10, 8, 642.0,905.0,1
8, 11, 325.0,459.0,-1
11, 8, 325.0,459.0,-1
8, 12, 442.0,569.0,-1
12, 8, 442.0,569.0,-1
8, 13, 900.0,1152.0,-1
13, 8, 900.0,1152.0,-1
8, 14, 981.0,1056.0,-1
14, 8, 981.0,1056.0,-1
8, 15, 536.0,695.0,1
15, 8, 536.0,695.0,1
8, 16, 906.0,997.0,-1
16, 8, 906.0,997.0,-1
8, 8, 0.0,0.0,1
9, 10, 436.0,616.0,1
10, 9, 436.0,616.0,1
9, 11, 684.0,939.0,-1
11, 9, 684.0,939.0,-1
9, 12, 715.0,950.0,-1
12, 9, 715.0,950.0,-1
9, 13, 420.0,460.0,-1
13, 9, 420.0,460.0,-1
9, 14, 177.0,207.0,-1
14, 9, 177.0,207.0,-1
9, 15, 318.0,391.0,-1
15, 9, 318.0,391.0,-1
9, 16, 99.0,114.0,-1
16, 9, 99.0,114.0,-1
9, 9, 0.0,0.0,1
10, 11, 710.0,929.0,-1
11, 10, 710.0,929.0,-1
10, 12, 335.0,336.0,-1
12, 10, 335.0,336.0,-1
10, 13, 803.0,1076.0,-1
13, 10, 803.0,1076.0,-1
10, 14, 592.0,823.0,-1
14, 10, 592.0,823.0,-1
10, 15, 218.0,226.0,-1
15, 10, 218.0,226.0,-1
10, 16, 520.0,729.0,-1
16, 10, 520.0,729.0,-1
10, 10, 0.0,0.0,1
11, 12, 658.0,717.0,1
12, 11, 658.0,717.0,1
11, 13, 632.0,693.0,-1
13, 11, 632.0,693.0,-1
11, 14, 825.0,1080.0,-1
14, 11, 825.0,1080.0,-1
11, 15, 520.0,718.0,-1
15, 11, 520.0,718.0,-1
11, 16, 762.0,1020.0,1
16, 11, 762.0,1020.0,1
11, 11, 0.0,0.0,1
12, 13, 997.0,1410.0,-1
13, 12, 997.0,1410.0,-1
12, 14, 887.0,1156.0,1
14, 12, 887.0,1156.0,1
12, 15, 405.0,559.0,-1
15, 12, 405.0,559.0,-1
12, 16, 810.0,1063.0,-1
16, 12, 810.0,1063.0,-1
12, 12, 0.0,0.0,1
13, 14, 407.0,516.0,-1
14, 13, 407.0,516.0,-1
13, 15, 612.0,851.0,-1
15, 13, 612.0,851.0,-1
13, 16, 406.0,457.0,1
16, 13, 406.0,457.0,1
13, 13, 0.0,0.0,1
14, 15, 494.0,598.0,1
15, 14, 494.0,598.0,1
14, 16, 79.0,94.0,-1
16, 14, 79.0,94.0,-1
14, 14, 0.0,0.0,1
15, 16, 416.0,504.0,1
16, 15, 416.0,504.0,1
15, 15, 0.0,0.0,1
16, 16, 0.0,0.0,1


<end>