<number of nodes>
16

<ratio of available edges>
0.3

<max length of the drone flight>
100000 

<D 2/3>
1, 2, 3, 4, 6, 7, 8, 9, 11, 13, 15

<V>
2, 6, 7, 9, 11

<coordinates X,Y>
97.52189199088426, 709.9949527649788
126.51631968666592, 964.806145603949
640.8127978155248, 120.02151507903693
523.1586695872733, 233.6462312508301
397.2860807472874, 620.5844713881875
4.525174369421342, 99.4294658460317
591.6395296148517, 877.2764610685971
857.0453732012624, 658.5412297194184
701.1421190601372, 937.154210432826
544.3332985820825, 709.9541760019634
205.61772920319675, 21.25051606294897
988.3988512555835, 706.5904606611035
233.17308284169923, 677.9459173431177
909.7757486689553, 312.5864077218693
161.07492096474172, 256.7450236934782
144.4435942714239, 329.2616596798829

<adjacency matrix with truck distances>
1, 2, 257.0,284.0,-1
2, 1, 257.0,284.0,-1
1, 3, 803.0,1134.0,1
3, 1, 803.0,1134.0,1
1, 4, 639.0,902.0,1
4, 1, 639.0,902.0,1
1, 5, 313.0,390.0,-1
5, 1, 313.0,390.0,-1
1, 6, 618.0,704.0,1
6, 1, 618.0,704.0,1
1, 7, 522.0,662.0,-1
7, 1, 522.0,662.0,-1
1, 8, 762.0,811.0,-1
8, 1, 762.0,811.0,-1
1, 9, 645.0,831.0,1
9, 1, 645.0,831.0,1
1, 10, 447.0,447.0,-1
10, 1, 447.0,447.0,-1
1, 11, 698.0,797.0,-1
11, 1, 698.0,797.0,-1
1, 12, 891.0,895.0,-1
12, 1, 891.0,895.0,-1
1, 13, 140.0,168.0,1
13, 1, 140.0,168.0,1
1, 14, 905.0,1210.0,1
14, 1, 905.0,1210.0,1
1, 15, 458.0,517.0,-1
15, 1, 458.0,517.0,-1
1, 16, 384.0,428.0,-1
16, 1, 384.0,428.0,-1
1, 1, 0.0,0.0,1
2, 3, 990.0,1360.0,1
3, 2, 990.0,1360.0,1
2, 4, 832.0,1128.0,1
4, 2, 832.0,1128.0,1
2, 5, 438.0,615.0,-1
5, 2, 438.0,615.0,-1
2, 6, 874.0,988.0,-1
6, 2, 874.0,988.0,-1
2, 7, 474.0,553.0,1
7, 2, 474.0,553.0,1
2, 8, 793.0,1037.0,-1
8, 2, 793.0,1037.0,-1
2, 9, 576.0,603.0,-1
9, 2, 576.0,603.0,-1
2, 10, 490.0,673.0,1
10, 2, 490.0,673.0,1
2, 11, 947.0,1023.0,-1
11, 2, 947.0,1023.0,-1
2, 12, 900.0,1121.0,-1
12, 2, 900.0,1121.0,-1
2, 13, 307.0,394.0,-1
13, 2, 307.0,394.0,-1
2, 14, 1020.0,1436.0,-1
14, 2, 1020.0,1436.0,-1
2, 15, 709.0,743.0,-1
15, 2, 709.0,743.0,-1
2, 16, 636.0,654.0,-1
16, 2, 636.0,654.0,-1
2, 2, 0.0,0.0,1
3, 4, 164.0,232.0,1
4, 3, 164.0,232.0,1
3, 5, 557.0,745.0,-1
5, 3, 557.0,745.0,-1
3, 6, 637.0,657.0,-1
6, 3, 637.0,657.0,-1
3, 7, 759.0,807.0,-1
7, 3, 759.0,807.0,-1
3, 8, 581.0,755.0,-1
8, 3, 581.0,755.0,-1
3, 9, 820.0,878.0,1
9, 3, 820.0,878.0,1
3, 10, 598.0,687.0,1
10, 3, 598.0,687.0,1
3, 11, 447.0,534.0,1
11, 3, 447.0,534.0,1
3, 12, 682.0,935.0,-1
12, 3, 682.0,935.0,-1
3, 13, 691.0,966.0,-1
13, 3, 691.0,966.0,-1
3, 14, 331.0,462.0,1
14, 3, 331.0,462.0,1
3, 15, 499.0,617.0,-1
15, 3, 499.0,617.0,-1
3, 16, 539.0,706.0,1
16, 3, 539.0,706.0,1
3, 3, 0.0,0.0,1
4, 5, 407.0,513.0,-1
5, 4, 407.0,513.0,-1
4, 6, 536.0,653.0,-1
6, 4, 536.0,653.0,-1
4, 7, 648.0,713.0,-1
7, 4, 648.0,713.0,-1
4, 8, 541.0,759.0,-1
8, 4, 541.0,759.0,-1
4, 9, 726.0,882.0,-1
9, 4, 726.0,882.0,-1
4, 10, 477.0,498.0,-1
10, 4, 477.0,498.0,-1
4, 11, 383.0,530.0,1
11, 4, 383.0,530.0,1
4, 12, 664.0,939.0,-1
12, 4, 664.0,939.0,-1
4, 13, 531.0,735.0,-1
13, 4, 531.0,735.0,-1
4, 14, 395.0,466.0,-1
14, 4, 395.0,466.0,-1
4, 15, 363.0,386.0,-1
15, 4, 363.0,386.0,-1
4, 16, 391.0,475.0,-1
16, 4, 391.0,475.0,-1
4, 4, 0.0,0.0,1
5, 6, 653.0,914.0,-1
6, 5, 653.0,914.0,-1
5, 7, 322.0,452.0,1
7, 5, 322.0,452.0,1
5, 8, 462.0,498.0,1
8, 5, 462.0,498.0,1
5, 9, 439.0,621.0,1
9, 5, 439.0,621.0,1
5, 10, 173.0,237.0,1
10, 5, 173.0,237.0,1
5, 11, 630.0,792.0,-1
11, 5, 630.0,792.0,-1
5, 12, 598.0,678.0,-1
12, 5, 598.0,678.0,-1
5, 13, 174.0,222.0,-1
13, 5, 174.0,222.0,-1
5, 14, 598.0,821.0,1
14, 5, 598.0,821.0,1
5, 15, 434.0,601.0,1
15, 5, 434.0,601.0,1
5, 16, 386.0,545.0,1
16, 5, 386.0,545.0,1
5, 5, 0.0,0.0,1
6, 7, 975.0,1365.0,1
7, 6, 975.0,1365.0,1
6, 8, 1020.0,1412.0,1
8, 6, 1020.0,1412.0,1
6, 9, 1090.0,1535.0,-1
9, 6, 1090.0,1535.0,-1
6, 10, 815.0,1151.0,-1
10, 6, 815.0,1151.0,-1
6, 11, 216.0,280.0,-1
11, 6, 216.0,280.0,-1
6, 12, 1157.0,1592.0,-1
12, 6, 1157.0,1592.0,-1
6, 13, 623.0,808.0,1
13, 6, 623.0,808.0,1
6, 14, 931.0,1119.0,-1
14, 6, 931.0,1119.0,-1
6, 15, 222.0,314.0,-1
15, 6, 222.0,314.0,-1
6, 16, 270.0,370.0,-1
16, 6, 270.0,370.0,-1
6, 6, 0.0,0.0,1
7, 8, 344.0,485.0,-1
8, 7, 344.0,485.0,-1
7, 9, 125.0,170.0,-1
9, 7, 125.0,170.0,-1
7, 10, 174.0,215.0,-1
10, 7, 174.0,215.0,-1
7, 11, 940.0,1243.0,1
11, 7, 940.0,1243.0,1
7, 12, 432.0,568.0,-1
12, 7, 432.0,568.0,-1
7, 13, 411.0,558.0,-1
13, 7, 411.0,558.0,-1
7, 14, 649.0,883.0,-1
14, 7, 649.0,883.0,-1
7, 15, 756.0,1052.0,-1
15, 7, 756.0,1052.0,-1
7, 16, 708.0,996.0,1
16, 7, 708.0,996.0,1
7, 7, 0.0,0.0,1
8, 9, 320.0,435.0,-1
9, 8, 320.0,435.0,-1
8, 10, 317.0,365.0,-1
10, 8, 317.0,365.0,-1
8, 11, 912.0,1289.0,-1
11, 8, 912.0,1289.0,-1
8, 12, 140.0,180.0,-1
12, 8, 140.0,180.0,-1
8, 13, 625.0,644.0,1
13, 8, 625.0,644.0,1
8, 14, 350.0,399.0,-1
14, 8, 350.0,399.0,-1
8, 15, 804.0,1098.0,1
15, 8, 804.0,1098.0,1
8, 16, 786.0,1042.0,-1
16, 8, 786.0,1042.0,-1
8, 8, 0.0,0.0,1
9, 10, 277.0,385.0,-1
10, 9, 277.0,385.0,-1
9, 11, 1042.0,1412.0,-1
11, 9, 1042.0,1412.0,-1
9, 12, 369.0,518.0,-1
12, 9, 369.0,518.0,-1
9, 13, 535.0,728.0,-1
13, 9, 535.0,728.0,-1
9, 14, 659.0,834.0,1
14, 9, 659.0,834.0,1
9, 15, 869.0,1221.0,-1
15, 9, 869.0,1221.0,-1
9, 16, 825.0,1165.0,-1
16, 9, 825.0,1165.0,-1
9, 9, 0.0,0.0,1
10, 11, 768.0,1028.0,-1
11, 10, 768.0,1028.0,-1
10, 12, 445.0,448.0,-1
12, 10, 445.0,448.0,-1
10, 13, 313.0,344.0,-1
13, 10, 313.0,344.0,-1
10, 14, 540.0,763.0,-1
14, 10, 540.0,763.0,-1
10, 15, 594.0,837.0,-1
15, 10, 594.0,837.0,-1
10, 16, 553.0,781.0,-1
16, 10, 553.0,781.0,-1
10, 10, 0.0,0.0,1
11, 12, 1041.0,1469.0,-1
12, 11, 1041.0,1469.0,-1
11, 13, 658.0,685.0,-1
13, 11, 658.0,685.0,-1
11, 14, 763.0,996.0,-1
14, 11, 763.0,996.0,-1
11, 15, 240.0,281.0,1
15, 11, 240.0,281.0,1
11, 16, 315.0,370.0,-1
16, 11, 315.0,370.0,-1
11, 11, 0.0,0.0,1
12, 13, 756.0,784.0,1
13, 12, 756.0,784.0,1
12, 14, 402.0,473.0,-1
14, 12, 402.0,473.0,-1
12, 15, 942.0,1278.0,-1
15, 12, 942.0,1278.0,-1
12, 16, 925.0,1222.0,1
16, 12, 925.0,1222.0,1
12, 12, 0.0,0.0,1
13, 14, 769.0,1042.0,-1
14, 13, 769.0,1042.0,-1
13, 15, 428.0,494.0,1
15, 13, 428.0,494.0,1
13, 16, 360.0,438.0,-1
16, 13, 360.0,438.0,-1
13, 13, 0.0,0.0,1
14, 15, 751.0,805.0,-1
15, 14, 751.0,805.0,-1
14, 16, 766.0,783.0,-1
16, 14, 766.0,783.0,-1
14, 14, 0.0,0.0,1
15, 16, 75.0,90.0,-1
16, 15, 75.0,90.0,-1
15, 15, 0.0,0.0,1
16, 16, 0.0,0.0,1


<end>