<number of nodes>
16

<ratio of available edges>
0.3

<max length of the drone flight>
100000 

<D 2/3>
1, 3, 4, 5, 6, 8, 9, 10, 11, 15, 16

<V>
3, 6, 8, 9, 15

<coordinates X,Y>
842.2806832642625, 432.9202243555661
431.5027490570535, 220.97290808990385
812.36237065007, 823.0178418505416
343.5343224516365, 396.1245057423238
763.7641241148634, 247.7805452602312
701.3706118693291, 588.8019809999782
523.6069494385634, 859.8773521940612
752.7719093603661, 461.2472978272161
189.91215922081153, 174.74965124803973
374.20525226448956, 287.9203117831447
728.0232036372545, 222.35199545655482
922.2466704002214, 549.140836253605
385.04141955551745, 878.4904478235047
713.2915227423487, 50.230020719166596
785.6787992025804, 142.01256085784863
565.2979365954818, 947.6693662302829

<adjacency matrix with truck distances>
1, 2, 463.0,623.0,-1
2, 1, 463.0,623.0,-1
1, 3, 392.0,421.0,1
3, 1, 392.0,421.0,1
1, 4, 501.0,536.0,1
4, 1, 501.0,536.0,1
1, 5, 202.0,264.0,-1
5, 1, 202.0,264.0,-1
1, 6, 211.0,297.0,-1
6, 1, 211.0,297.0,-1
1, 7, 533.0,746.0,-1
7, 1, 533.0,746.0,-1
1, 8, 94.0,118.0,-1
8, 1, 94.0,118.0,-1
1, 9, 702.0,911.0,-1
9, 1, 702.0,911.0,-1
1, 10, 491.0,614.0,-1
10, 1, 491.0,614.0,-1
1, 11, 240.0,325.0,-1
11, 1, 240.0,325.0,-1
1, 12, 142.0,197.0,-1
12, 1, 142.0,197.0,-1
1, 13, 639.0,903.0,1
13, 1, 639.0,903.0,1
1, 14, 404.0,512.0,-1
14, 1, 404.0,512.0,-1
1, 15, 297.0,348.0,-1
15, 1, 297.0,348.0,-1
1, 16, 585.0,792.0,-1
16, 1, 585.0,792.0,-1
1, 1, 0.0,0.0,1
2, 3, 713.0,983.0,-1
3, 2, 713.0,983.0,-1
2, 4, 197.0,264.0,-1
4, 2, 197.0,264.0,-1
2, 5, 334.0,360.0,-1
5, 2, 334.0,360.0,-1
2, 6, 457.0,638.0,1
6, 2, 457.0,638.0,1
2, 7, 646.0,732.0,-1
7, 2, 646.0,732.0,-1
2, 8, 402.0,562.0,-1
8, 2, 402.0,562.0,-1
2, 9, 246.0,288.0,-1
9, 2, 246.0,288.0,-1
2, 10, 89.0,125.0,-1
10, 2, 89.0,125.0,-1
2, 11, 297.0,298.0,-1
11, 2, 297.0,298.0,-1
2, 12, 591.0,819.0,1
12, 2, 591.0,819.0,1
2, 13, 660.0,704.0,1
13, 2, 660.0,704.0,1
2, 14, 330.0,453.0,-1
14, 2, 330.0,453.0,-1
2, 15, 363.0,434.0,-1
15, 2, 363.0,434.0,-1
2, 16, 739.0,861.0,-1
16, 2, 739.0,861.0,-1
2, 2, 0.0,0.0,1
3, 4, 635.0,896.0,-1
4, 3, 635.0,896.0,-1
3, 5, 578.0,624.0,-1
5, 3, 578.0,624.0,-1
3, 6, 260.0,346.0,-1
6, 3, 260.0,346.0,-1
3, 7, 292.0,326.0,-1
7, 3, 292.0,326.0,-1
3, 8, 367.0,422.0,1
8, 3, 367.0,422.0,1
3, 9, 899.0,1271.0,1
9, 3, 899.0,1271.0,1
3, 10, 692.0,974.0,-1
10, 3, 692.0,974.0,-1
3, 11, 607.0,686.0,1
11, 3, 607.0,686.0,1
3, 12, 296.0,384.0,-1
12, 3, 296.0,384.0,-1
3, 13, 431.0,483.0,1
13, 3, 431.0,483.0,1
3, 14, 780.0,872.0,1
14, 3, 780.0,872.0,1
3, 15, 682.0,708.0,-1
15, 3, 682.0,708.0,-1
3, 16, 277.0,372.0,-1
16, 3, 277.0,372.0,-1
3, 3, 0.0,0.0,1
4, 5, 446.0,569.0,-1
5, 4, 446.0,569.0,-1
4, 6, 407.0,551.0,-1
6, 4, 407.0,551.0,-1
4, 7, 498.0,644.0,-1
7, 4, 498.0,644.0,-1
4, 8, 415.0,475.0,1
8, 4, 415.0,475.0,1
4, 9, 270.0,375.0,-1
9, 4, 270.0,375.0,-1
4, 10, 113.0,139.0,-1
10, 4, 113.0,139.0,-1
4, 11, 422.0,559.0,-1
11, 4, 422.0,559.0,-1
4, 12, 599.0,732.0,-1
12, 4, 599.0,732.0,-1
4, 13, 485.0,524.0,-1
13, 4, 485.0,524.0,-1
4, 14, 507.0,716.0,-1
14, 4, 507.0,716.0,-1
4, 15, 510.0,697.0,1
15, 4, 510.0,697.0,1
4, 16, 595.0,774.0,-1
16, 4, 595.0,774.0,-1
4, 4, 0.0,0.0,1
5, 6, 347.0,404.0,1
6, 5, 347.0,404.0,1
5, 7, 658.0,853.0,-1
7, 5, 658.0,853.0,-1
5, 8, 214.0,225.0,1
8, 5, 214.0,225.0,1
5, 9, 579.0,647.0,-1
9, 5, 579.0,647.0,-1
5, 10, 392.0,430.0,-1
10, 5, 392.0,430.0,-1
5, 11, 44.0,62.0,1
11, 5, 44.0,62.0,1
5, 12, 341.0,460.0,-1
12, 5, 341.0,460.0,-1
5, 13, 736.0,1010.0,-1
13, 5, 736.0,1010.0,-1
5, 14, 204.0,249.0,-1
14, 5, 204.0,249.0,-1
5, 15, 109.0,128.0,-1
15, 5, 109.0,128.0,-1
5, 16, 728.0,899.0,-1
16, 5, 728.0,899.0,-1
5, 5, 0.0,0.0,1
6, 7, 325.0,449.0,-1
7, 6, 325.0,449.0,-1
6, 8, 138.0,179.0,-1
8, 6, 138.0,179.0,-1
6, 9, 659.0,926.0,1
9, 6, 659.0,926.0,1
6, 10, 445.0,629.0,1
10, 6, 445.0,629.0,1
6, 11, 368.0,394.0,1
11, 6, 368.0,394.0,1
6, 12, 225.0,261.0,-1
12, 6, 225.0,261.0,-1
6, 13, 429.0,607.0,-1
13, 6, 429.0,607.0,-1
6, 14, 539.0,551.0,-1
14, 6, 539.0,551.0,-1
6, 15, 455.0,532.0,-1
15, 6, 455.0,532.0,-1
6, 16, 384.0,495.0,-1
16, 6, 384.0,495.0,-1
6, 6, 0.0,0.0,1
7, 8, 460.0,628.0,1
8, 7, 460.0,628.0,1
7, 9, 763.0,1019.0,-1
9, 7, 763.0,1019.0,-1
7, 10, 592.0,722.0,1
10, 7, 592.0,722.0,1
7, 11, 670.0,842.0,1
11, 7, 670.0,842.0,1
7, 12, 506.0,710.0,1
12, 7, 506.0,710.0,1
7, 13, 140.0,158.0,-1
13, 7, 140.0,158.0,-1
7, 14, 832.0,1000.0,-1
14, 7, 832.0,1000.0,-1
7, 15, 765.0,980.0,1
15, 7, 765.0,980.0,1
7, 16, 98.0,130.0,-1
16, 7, 98.0,130.0,-1
7, 7, 0.0,0.0,1
8, 9, 632.0,850.0,-1
9, 8, 632.0,850.0,-1
8, 10, 417.0,552.0,1
10, 8, 417.0,552.0,1
8, 11, 241.0,264.0,-1
11, 8, 241.0,264.0,-1
8, 12, 191.0,258.0,-1
12, 8, 191.0,258.0,-1
8, 13, 557.0,785.0,-1
13, 8, 557.0,785.0,-1
8, 14, 413.0,451.0,-1
14, 8, 413.0,451.0,-1
8, 15, 321.0,353.0,-1
15, 8, 321.0,353.0,-1
8, 16, 522.0,674.0,-1
16, 8, 522.0,674.0,-1
8, 8, 0.0,0.0,1
9, 10, 217.0,298.0,1
10, 9, 217.0,298.0,1
9, 11, 541.0,586.0,1
11, 9, 541.0,586.0,1
9, 12, 823.0,1107.0,-1
12, 9, 823.0,1107.0,-1
9, 13, 731.0,899.0,-1
13, 9, 731.0,899.0,-1
9, 14, 538.0,648.0,1
14, 9, 538.0,648.0,1
9, 15, 597.0,629.0,-1
15, 9, 597.0,629.0,-1
9, 16, 860.0,1149.0,-1
16, 9, 860.0,1149.0,-1
9, 9, 0.0,0.0,1
10, 11, 360.0,420.0,-1
11, 10, 360.0,420.0,-1
10, 12, 608.0,810.0,-1
12, 10, 608.0,810.0,-1
10, 13, 591.0,602.0,-1
13, 10, 591.0,602.0,-1
10, 14, 415.0,577.0,1
14, 10, 415.0,577.0,1
10, 15, 437.0,558.0,1
15, 10, 437.0,558.0,1
10, 16, 687.0,851.0,-1
16, 10, 687.0,851.0,-1
10, 10, 0.0,0.0,1
11, 12, 381.0,522.0,1
12, 11, 381.0,522.0,1
11, 13, 741.0,1000.0,-1
13, 11, 741.0,1000.0,-1
11, 14, 173.0,187.0,1
14, 11, 173.0,187.0,1
11, 15, 99.0,138.0,-1
15, 11, 99.0,138.0,-1
11, 16, 744.0,889.0,1
16, 11, 744.0,889.0,1
11, 11, 0.0,0.0,1
12, 13, 631.0,867.0,-1
13, 12, 631.0,867.0,-1
12, 14, 541.0,708.0,-1
14, 12, 541.0,708.0,-1
12, 15, 430.0,544.0,1
15, 12, 430.0,544.0,1
12, 16, 536.0,756.0,1
16, 12, 536.0,756.0,1
12, 12, 0.0,0.0,1
13, 14, 891.0,1157.0,1
14, 13, 891.0,1157.0,1
13, 15, 839.0,1138.0,-1
15, 13, 839.0,1138.0,-1
13, 16, 194.0,250.0,-1
16, 13, 194.0,250.0,-1
13, 13, 0.0,0.0,1
14, 15, 117.0,165.0,-1
15, 14, 117.0,165.0,-1
14, 16, 910.0,1046.0,-1
16, 14, 910.0,1046.0,-1
14, 14, 0.0,0.0,1
15, 16, 836.0,1027.0,-1
16, 15, 836.0,1027.0,-1
15, 15, 0.0,0.0,1
16, 16, 0.0,0.0,1


<end>