<number of nodes>
16

<ratio of available edges>
0.3

<max length of the drone flight>
100000 

<D 2/3>
1, 2, 3, 4, 5, 6, 7, 10, 11, 14, 16

<V>
2, 5, 6, 10, 16

<coordinates X,Y>
638.8628291420913, 727.7177894763636
650.2880411482188, 314.59898452836524
802.6598986670341, 847.4781400422685
560.1342111563388, 863.0225644317666
599.6527155303337, 593.8970143415788
595.397698124189, 357.49746542757725
723.597657952095, 568.2157394446817
917.5474576487229, 409.83421822826824
782.0610129838536, 0.9172860992983041
450.5141196180162, 487.19823498691153
46.40299703639332, 224.88353098245167
672.7736294351816, 23.640251939325516
395.2641718560807, 789.9371888296276
870.7982620775298, 70.80136064051366
490.7561382065614, 557.3220294648112
496.8083823472168, 175.7115747598555

<adjacency matrix with truck distances>
1, 2, 414.0,425.0,-1
2, 1, 414.0,425.0,-1
1, 3, 203.0,284.0,-1
3, 1, 203.0,284.0,-1
1, 4, 157.0,215.0,-1
4, 1, 157.0,215.0,-1
1, 5, 140.0,174.0,1
5, 1, 140.0,174.0,1
1, 6, 373.0,414.0,-1
6, 1, 373.0,414.0,-1
1, 7, 181.0,245.0,1
7, 1, 181.0,245.0,1
1, 8, 423.0,597.0,-1
8, 1, 423.0,597.0,-1
1, 9, 741.0,870.0,1
9, 1, 741.0,870.0,1
1, 10, 306.0,429.0,-1
10, 1, 306.0,429.0,-1
1, 11, 778.0,1096.0,1
11, 1, 778.0,1096.0,1
1, 12, 705.0,738.0,1
12, 1, 705.0,738.0,1
1, 13, 252.0,306.0,-1
13, 1, 252.0,306.0,-1
1, 14, 697.0,889.0,-1
14, 1, 697.0,889.0,-1
1, 15, 226.0,319.0,1
15, 1, 226.0,319.0,1
1, 16, 570.0,695.0,-1
16, 1, 570.0,695.0,-1
1, 1, 0.0,0.0,1
2, 3, 555.0,686.0,-1
3, 2, 555.0,686.0,-1
2, 4, 556.0,639.0,-1
4, 2, 556.0,639.0,-1
2, 5, 284.0,330.0,-1
5, 2, 284.0,330.0,-1
2, 6, 70.0,98.0,1
6, 2, 70.0,98.0,1
2, 7, 264.0,327.0,-1
7, 2, 264.0,327.0,-1
2, 8, 284.0,363.0,-1
8, 2, 284.0,363.0,-1
2, 9, 341.0,446.0,-1
9, 2, 341.0,446.0,-1
2, 10, 265.0,373.0,-1
10, 2, 265.0,373.0,-1
2, 11, 611.0,694.0,1
11, 2, 611.0,694.0,1
2, 12, 292.0,314.0,-1
12, 2, 292.0,314.0,-1
2, 13, 540.0,731.0,-1
13, 2, 540.0,731.0,-1
2, 14, 329.0,465.0,-1
14, 2, 329.0,465.0,-1
2, 15, 291.0,403.0,-1
15, 2, 291.0,403.0,-1
2, 16, 207.0,293.0,-1
16, 2, 207.0,293.0,-1
2, 2, 0.0,0.0,1
3, 4, 244.0,259.0,-1
4, 3, 244.0,259.0,-1
3, 5, 325.0,457.0,1
5, 3, 325.0,457.0,1
3, 6, 533.0,698.0,-1
6, 3, 533.0,698.0,-1
3, 7, 291.0,359.0,-1
7, 3, 291.0,359.0,-1
3, 8, 453.0,553.0,1
8, 3, 453.0,553.0,1
3, 9, 847.0,868.0,-1
9, 3, 847.0,868.0,-1
3, 10, 504.0,713.0,1
10, 3, 504.0,713.0,1
3, 11, 980.0,1379.0,-1
11, 3, 980.0,1379.0,-1
3, 12, 835.0,954.0,-1
12, 3, 835.0,954.0,-1
3, 13, 412.0,465.0,-1
13, 3, 412.0,465.0,-1
3, 14, 780.0,845.0,1
14, 3, 780.0,845.0,1
3, 15, 426.0,603.0,-1
15, 3, 426.0,603.0,-1
3, 16, 739.0,978.0,-1
16, 3, 739.0,978.0,-1
3, 3, 0.0,0.0,1
4, 5, 273.0,309.0,-1
5, 4, 273.0,309.0,-1
4, 6, 507.0,541.0,-1
6, 4, 507.0,541.0,-1
4, 7, 338.0,459.0,-1
7, 4, 338.0,459.0,-1
4, 8, 578.0,811.0,1
8, 4, 578.0,811.0,1
4, 9, 891.0,1085.0,1
9, 4, 891.0,1085.0,1
4, 10, 392.0,486.0,-1
10, 4, 392.0,486.0,-1
4, 11, 820.0,1152.0,-1
11, 4, 820.0,1152.0,-1
4, 12, 847.0,953.0,-1
12, 4, 847.0,953.0,-1
4, 13, 181.0,238.0,-1
13, 4, 181.0,238.0,-1
4, 14, 851.0,1103.0,-1
14, 4, 851.0,1103.0,-1
4, 15, 314.0,376.0,-1
15, 4, 314.0,376.0,-1
4, 16, 691.0,751.0,-1
16, 4, 691.0,751.0,-1
4, 4, 0.0,0.0,1
5, 6, 237.0,241.0,-1
6, 5, 237.0,241.0,-1
5, 7, 127.0,150.0,1
7, 5, 127.0,150.0,1
5, 8, 368.0,502.0,-1
8, 5, 368.0,502.0,-1
5, 9, 621.0,776.0,-1
9, 5, 621.0,776.0,-1
5, 10, 184.0,256.0,-1
10, 5, 184.0,256.0,-1
5, 11, 666.0,923.0,-1
11, 5, 666.0,923.0,-1
5, 12, 575.0,644.0,-1
12, 5, 575.0,644.0,-1
5, 13, 284.0,401.0,-1
13, 5, 284.0,401.0,-1
5, 14, 590.0,795.0,1
14, 5, 590.0,795.0,1
5, 15, 115.0,146.0,-1
15, 5, 115.0,146.0,-1
5, 16, 431.0,522.0,-1
16, 5, 431.0,522.0,-1
5, 5, 0.0,0.0,1
6, 7, 247.0,339.0,1
7, 6, 247.0,339.0,1
6, 8, 327.0,375.0,-1
8, 6, 327.0,375.0,-1
6, 9, 403.0,544.0,-1
9, 6, 403.0,544.0,-1
6, 10, 195.0,275.0,-1
10, 6, 195.0,275.0,-1
6, 11, 565.0,682.0,-1
11, 6, 565.0,682.0,-1
6, 12, 343.0,412.0,1
12, 6, 343.0,412.0,1
6, 13, 477.0,633.0,-1
13, 6, 477.0,633.0,-1
6, 14, 398.0,563.0,1
14, 6, 398.0,563.0,1
6, 15, 226.0,305.0,1
15, 6, 226.0,305.0,1
6, 16, 207.0,281.0,1
16, 6, 207.0,281.0,1
6, 6, 0.0,0.0,1
7, 8, 251.0,353.0,-1
8, 7, 251.0,353.0,-1
7, 9, 571.0,626.0,1
9, 7, 571.0,626.0,1
7, 10, 285.0,355.0,-1
10, 7, 285.0,355.0,-1
7, 11, 760.0,1021.0,-1
11, 7, 760.0,1021.0,-1
7, 12, 547.0,596.0,-1
12, 7, 547.0,596.0,-1
7, 13, 397.0,551.0,-1
13, 7, 397.0,551.0,-1
7, 14, 519.0,645.0,-1
14, 7, 519.0,645.0,-1
7, 15, 234.0,244.0,-1
15, 7, 234.0,244.0,-1
7, 16, 454.0,620.0,-1
16, 7, 454.0,620.0,-1
7, 7, 0.0,0.0,1
8, 9, 431.0,545.0,-1
9, 8, 431.0,545.0,-1
8, 10, 474.0,545.0,-1
10, 8, 474.0,545.0,-1
8, 11, 891.0,1057.0,-1
11, 8, 891.0,1057.0,-1
8, 12, 458.0,631.0,-1
12, 8, 458.0,631.0,-1
8, 13, 646.0,903.0,-1
13, 8, 646.0,903.0,-1
8, 14, 343.0,386.0,-1
14, 8, 343.0,386.0,-1
8, 15, 452.0,575.0,-1
15, 8, 452.0,575.0,-1
8, 16, 482.0,655.0,1
16, 8, 482.0,655.0,1
8, 8, 0.0,0.0,1
9, 10, 589.0,818.0,1
10, 9, 589.0,818.0,1
9, 11, 769.0,960.0,-1
11, 9, 769.0,960.0,-1
9, 12, 112.0,133.0,1
12, 9, 112.0,133.0,1
9, 13, 879.0,1176.0,-1
13, 9, 879.0,1176.0,-1
9, 14, 113.0,159.0,-1
14, 9, 113.0,159.0,-1
9, 15, 629.0,848.0,-1
15, 9, 629.0,848.0,-1
9, 16, 335.0,461.0,-1
16, 9, 335.0,461.0,-1
9, 9, 0.0,0.0,1
10, 11, 482.0,667.0,-1
11, 10, 482.0,667.0,-1
10, 12, 515.0,686.0,1
12, 10, 515.0,686.0,1
10, 13, 308.0,358.0,1
13, 10, 308.0,358.0,1
10, 14, 592.0,837.0,1
14, 10, 592.0,837.0,1
10, 15, 81.0,111.0,1
15, 10, 81.0,111.0,1
10, 16, 315.0,358.0,1
16, 10, 315.0,358.0,1
10, 10, 0.0,0.0,1
11, 12, 658.0,828.0,-1
12, 11, 658.0,828.0,-1
11, 13, 665.0,914.0,1
13, 11, 665.0,914.0,1
11, 14, 839.0,979.0,-1
14, 11, 839.0,979.0,-1
11, 15, 555.0,777.0,1
15, 11, 555.0,777.0,1
11, 16, 454.0,500.0,1
16, 11, 454.0,500.0,1
11, 11, 0.0,0.0,1
12, 13, 815.0,1044.0,1
13, 12, 815.0,1044.0,1
12, 14, 204.0,246.0,-1
14, 12, 204.0,246.0,-1
12, 15, 564.0,716.0,1
15, 12, 564.0,716.0,1
12, 16, 233.0,329.0,-1
16, 12, 233.0,329.0,-1
12, 12, 0.0,0.0,1
13, 14, 863.0,1195.0,-1
14, 13, 863.0,1195.0,-1
13, 15, 252.0,329.0,1
15, 13, 252.0,329.0,1
13, 16, 623.0,716.0,-1
16, 13, 623.0,716.0,-1
13, 13, 0.0,0.0,1
14, 15, 618.0,867.0,-1
15, 14, 618.0,867.0,-1
14, 16, 389.0,479.0,-1
16, 14, 389.0,479.0,-1
14, 14, 0.0,0.0,1
15, 16, 382.0,388.0,-1
16, 15, 382.0,388.0,-1
15, 15, 0.0,0.0,1
16, 16, 0.0,0.0,1


<end>