<number of nodes>
16

<ratio of available edges>
0.3

<max length of the drone flight>
100000 

<D 2/3>
1, 2, 4, 5, 7, 8, 9, 11, 12, 13, 15

<V>
2, 5, 8, 9, 15

<coordinates X,Y>
802.8160448949036, 284.885443031066
830.7498270313666, 619.6662175452454
882.327509376195, 229.22968162232317
649.8831870336422, 461.35236897925927
734.8325027297777, 880.7650150781643
289.1045441607554, 853.0918432786874
645.3917071505689, 652.3469090668544
323.5838343532141, 39.89507527757622
72.22957735506665, 408.407421042933
110.89930422118736, 974.3586820637878
582.926283742349, 309.2051022296121
749.4202281719662, 807.589229997745
776.0405471231867, 199.19916735587373
172.07177047382, 993.5832973920063
373.61442153615104, 797.6564728930996
540.7341611489065, 489.23946374640747

<adjacency matrix with truck distances>
1, 2, 336.0,363.0,-1
2, 1, 336.0,363.0,-1
1, 3, 98.0,136.0,-1
3, 1, 98.0,136.0,-1
1, 4, 234.0,330.0,-1
4, 1, 234.0,330.0,-1
1, 5, 600.0,664.0,-1
5, 1, 600.0,664.0,-1
1, 6, 767.0,1082.0,-1
6, 1, 767.0,1082.0,-1
1, 7, 400.0,525.0,-1
7, 1, 400.0,525.0,-1
1, 8, 539.0,725.0,-1
8, 1, 539.0,725.0,-1
1, 9, 741.0,855.0,-1
9, 1, 741.0,855.0,-1
1, 10, 977.0,1382.0,-1
10, 1, 977.0,1382.0,-1
1, 11, 222.0,245.0,-1
11, 1, 222.0,245.0,-1
1, 12, 526.0,577.0,-1
12, 1, 526.0,577.0,-1
1, 13, 90.0,113.0,-1
13, 1, 90.0,113.0,-1
1, 14, 949.0,1340.0,1
14, 1, 949.0,1340.0,1
1, 15, 669.0,942.0,1
15, 1, 669.0,942.0,1
1, 16, 333.0,467.0,1
16, 1, 333.0,467.0,1
1, 1, 0.0,0.0,1
2, 3, 394.0,443.0,-1
3, 2, 394.0,443.0,-1
2, 4, 241.0,340.0,-1
4, 2, 241.0,340.0,-1
2, 5, 279.0,358.0,-1
5, 2, 279.0,358.0,-1
2, 6, 590.0,776.0,1
6, 2, 590.0,776.0,1
2, 7, 189.0,219.0,-1
7, 2, 189.0,219.0,-1
2, 8, 771.0,1087.0,1
8, 2, 771.0,1087.0,1
2, 9, 788.0,970.0,-1
9, 2, 788.0,970.0,-1
2, 10, 803.0,1075.0,-1
10, 2, 803.0,1075.0,-1
2, 11, 398.0,559.0,-1
11, 2, 398.0,559.0,-1
2, 12, 205.0,270.0,-1
12, 2, 205.0,270.0,-1
2, 13, 425.0,476.0,-1
13, 2, 425.0,476.0,-1
2, 14, 758.0,1033.0,-1
14, 2, 758.0,1033.0,-1
2, 15, 491.0,636.0,-1
15, 2, 491.0,636.0,-1
2, 16, 318.0,421.0,1
16, 2, 318.0,421.0,1
2, 2, 0.0,0.0,1
3, 4, 329.0,465.0,-1
4, 3, 329.0,465.0,-1
3, 5, 669.0,800.0,-1
5, 3, 669.0,800.0,-1
3, 6, 861.0,1218.0,-1
6, 3, 861.0,1218.0,-1
3, 7, 485.0,661.0,-1
7, 3, 485.0,661.0,-1
3, 8, 590.0,749.0,-1
8, 3, 590.0,749.0,-1
3, 9, 830.0,990.0,-1
9, 3, 830.0,990.0,-1
3, 10, 1073.0,1517.0,1
10, 3, 1073.0,1517.0,1
3, 11, 310.0,380.0,-1
11, 3, 310.0,380.0,-1
3, 12, 594.0,712.0,1
12, 3, 594.0,712.0,1
3, 13, 111.0,137.0,-1
13, 3, 111.0,137.0,-1
3, 14, 1044.0,1475.0,-1
14, 3, 1044.0,1475.0,-1
3, 15, 763.0,1078.0,-1
15, 3, 763.0,1078.0,-1
3, 16, 430.0,602.0,-1
16, 3, 430.0,602.0,-1
3, 3, 0.0,0.0,1
4, 5, 428.0,505.0,1
5, 4, 428.0,505.0,1
4, 6, 533.0,753.0,1
6, 4, 533.0,753.0,1
4, 7, 192.0,196.0,-1
7, 4, 192.0,196.0,-1
4, 8, 534.0,748.0,1
8, 4, 534.0,748.0,1
4, 9, 581.0,631.0,-1
9, 4, 581.0,631.0,-1
4, 10, 745.0,1052.0,-1
10, 4, 745.0,1052.0,-1
4, 11, 167.0,220.0,-1
11, 4, 167.0,220.0,-1
4, 12, 361.0,446.0,-1
12, 4, 361.0,446.0,-1
4, 13, 291.0,389.0,1
13, 4, 291.0,389.0,1
4, 14, 716.0,1011.0,-1
14, 4, 716.0,1011.0,-1
4, 15, 436.0,613.0,-1
15, 4, 436.0,613.0,-1
4, 16, 113.0,138.0,1
16, 4, 113.0,138.0,1
4, 4, 0.0,0.0,1
5, 6, 447.0,474.0,1
6, 5, 447.0,474.0,1
5, 7, 246.0,318.0,1
7, 5, 246.0,318.0,1
5, 8, 937.0,1253.0,1
8, 5, 937.0,1253.0,1
5, 9, 814.0,1135.0,-1
9, 5, 814.0,1135.0,-1
5, 10, 631.0,718.0,-1
10, 5, 631.0,718.0,-1
5, 11, 592.0,724.0,1
11, 5, 592.0,724.0,1
5, 12, 75.0,88.0,1
12, 5, 75.0,88.0,1
5, 13, 683.0,723.0,-1
13, 5, 683.0,723.0,-1
5, 14, 574.0,676.0,1
14, 5, 574.0,676.0,1
5, 15, 371.0,445.0,-1
15, 5, 371.0,445.0,-1
5, 16, 437.0,586.0,-1
16, 5, 437.0,586.0,-1
5, 5, 0.0,0.0,1
6, 7, 409.0,558.0,-1
7, 6, 409.0,558.0,-1
6, 8, 814.0,848.0,-1
8, 6, 814.0,848.0,-1
6, 9, 495.0,662.0,-1
9, 6, 495.0,662.0,-1
6, 10, 216.0,300.0,-1
10, 6, 216.0,300.0,-1
6, 11, 619.0,838.0,-1
11, 6, 619.0,838.0,-1
6, 12, 463.0,506.0,1
12, 6, 463.0,506.0,1
6, 13, 816.0,1141.0,-1
13, 6, 816.0,1141.0,-1
6, 14, 183.0,258.0,-1
14, 6, 183.0,258.0,-1
6, 15, 102.0,140.0,-1
15, 6, 102.0,140.0,-1
6, 16, 443.0,616.0,1
16, 6, 443.0,616.0,1
6, 6, 0.0,0.0,1
7, 8, 692.0,935.0,1
8, 7, 692.0,935.0,1
7, 9, 623.0,818.0,-1
9, 7, 623.0,818.0,-1
7, 10, 624.0,857.0,-1
10, 7, 624.0,857.0,-1
7, 11, 349.0,406.0,1
11, 7, 349.0,406.0,1
7, 12, 187.0,260.0,1
12, 7, 187.0,260.0,1
7, 13, 472.0,584.0,-1
13, 7, 472.0,584.0,-1
7, 14, 584.0,815.0,-1
14, 7, 584.0,815.0,-1
7, 15, 309.0,418.0,1
15, 7, 309.0,418.0,1
7, 16, 194.0,268.0,-1
16, 7, 194.0,268.0,-1
7, 7, 0.0,0.0,1
8, 9, 447.0,620.0,-1
9, 8, 447.0,620.0,-1
8, 10, 959.0,1148.0,1
10, 8, 959.0,1148.0,1
8, 11, 374.0,529.0,-1
11, 8, 374.0,529.0,-1
8, 12, 878.0,1194.0,1
12, 8, 878.0,1194.0,1
8, 13, 480.0,612.0,-1
13, 8, 480.0,612.0,-1
8, 14, 966.0,1106.0,-1
14, 8, 966.0,1106.0,-1
8, 15, 760.0,808.0,1
15, 8, 760.0,808.0,1
8, 16, 500.0,667.0,1
16, 8, 500.0,667.0,1
8, 8, 0.0,0.0,1
9, 10, 568.0,605.0,-1
10, 9, 568.0,605.0,-1
9, 11, 521.0,610.0,-1
11, 9, 521.0,610.0,-1
9, 12, 787.0,1077.0,-1
12, 9, 787.0,1077.0,-1
9, 13, 735.0,914.0,-1
13, 9, 735.0,914.0,-1
9, 14, 594.0,686.0,1
14, 9, 594.0,686.0,1
9, 15, 493.0,691.0,1
15, 9, 493.0,691.0,1
9, 16, 476.0,550.0,-1
16, 9, 476.0,550.0,-1
9, 9, 0.0,0.0,1
10, 11, 816.0,1138.0,-1
11, 10, 816.0,1138.0,-1
10, 12, 660.0,806.0,-1
12, 10, 660.0,806.0,-1
10, 13, 1022.0,1441.0,1
13, 10, 1022.0,1441.0,1
10, 14, 65.0,81.0,-1
14, 10, 65.0,81.0,-1
10, 15, 317.0,440.0,-1
15, 10, 317.0,440.0,-1
10, 16, 649.0,915.0,-1
16, 10, 649.0,915.0,-1
10, 10, 0.0,0.0,1
11, 12, 526.0,665.0,-1
12, 11, 526.0,665.0,-1
11, 13, 223.0,304.0,-1
13, 11, 223.0,304.0,-1
11, 14, 799.0,1096.0,1
14, 11, 799.0,1096.0,1
11, 15, 532.0,698.0,-1
15, 11, 532.0,698.0,-1
11, 16, 185.0,223.0,-1
16, 11, 185.0,223.0,-1
11, 11, 0.0,0.0,1
12, 13, 609.0,636.0,-1
13, 12, 609.0,636.0,-1
12, 14, 607.0,764.0,-1
14, 12, 607.0,764.0,-1
12, 15, 376.0,386.0,1
15, 12, 376.0,386.0,1
12, 16, 381.0,528.0,1
16, 12, 381.0,528.0,1
12, 12, 0.0,0.0,1
13, 14, 998.0,1399.0,-1
14, 13, 998.0,1399.0,-1
13, 15, 722.0,1001.0,-1
15, 13, 722.0,1001.0,-1
13, 16, 374.0,526.0,-1
16, 13, 374.0,526.0,-1
13, 13, 0.0,0.0,1
14, 15, 282.0,398.0,-1
15, 14, 282.0,398.0,-1
14, 16, 625.0,874.0,1
16, 14, 625.0,874.0,1
14, 14, 0.0,0.0,1
15, 16, 351.0,476.0,-1
16, 15, 351.0,476.0,-1
15, 15, 0.0,0.0,1
16, 16, 0.0,0.0,1


<end>