<number of nodes>
16

<ratio of available edges>
0.3

<max length of the drone flight>
100000 

<D 2/3>
1, 2, 4, 5, 6, 7, 8, 9, 12, 13, 14

<V>
5, 6, 7, 8, 9

<coordinates X,Y>
900.3646989444345, 377.10156215806643
681.5441139566503, 931.6392754494497
39.77244575802497, 933.1065979110521
520.7028509792576, 168.31223816720777
662.7601335195054, 307.4731925274054
420.08565548203813, 941.7885603715475
439.144677465965, 392.61473118968206
331.0141429801292, 263.7916498114673
179.43475335560962, 956.5162091849431
93.23447552314758, 655.9052204525872
23.99567338095217, 767.8492062343294
580.2103574982945, 247.60544623348522
667.0993048895056, 608.8146799905663
582.7549208371565, 840.3714503309499
791.5657512799357, 901.1014696575021
543.8612095986493, 570.1741597529826

<adjacency matrix with truck distances>
1, 2, 597.0,774.0,1
2, 1, 597.0,774.0,1
1, 3, 1025.0,1417.0,-1
3, 1, 1025.0,1417.0,-1
1, 4, 434.0,589.0,-1
4, 1, 434.0,589.0,-1
1, 5, 248.0,308.0,-1
5, 1, 248.0,308.0,-1
1, 6, 742.0,1045.0,1
6, 1, 742.0,1045.0,1
1, 7, 462.0,477.0,-1
7, 1, 462.0,477.0,-1
1, 8, 581.0,683.0,-1
8, 1, 581.0,683.0,-1
1, 9, 925.0,1301.0,-1
9, 1, 925.0,1301.0,-1
1, 10, 854.0,1086.0,-1
10, 1, 854.0,1086.0,-1
1, 11, 960.0,1268.0,-1
11, 1, 960.0,1268.0,-1
1, 12, 346.0,450.0,-1
12, 1, 346.0,450.0,-1
1, 13, 329.0,465.0,-1
13, 1, 329.0,465.0,-1
1, 14, 562.0,781.0,-1
14, 1, 562.0,781.0,-1
1, 15, 536.0,633.0,-1
15, 1, 536.0,633.0,-1
1, 16, 406.0,550.0,-1
16, 1, 406.0,550.0,-1
1, 1, 0.0,0.0,1
2, 3, 642.0,644.0,-1
3, 2, 642.0,644.0,-1
2, 4, 781.0,925.0,1
4, 2, 781.0,925.0,1
2, 5, 625.0,643.0,-1
5, 2, 625.0,643.0,-1
2, 6, 262.0,272.0,-1
6, 2, 262.0,272.0,-1
2, 7, 592.0,782.0,-1
7, 2, 592.0,782.0,-1
2, 8, 755.0,1019.0,-1
8, 2, 755.0,1019.0,-1
2, 9, 503.0,527.0,1
9, 2, 503.0,527.0,1
2, 10, 650.0,865.0,-1
10, 2, 650.0,865.0,-1
2, 11, 678.0,822.0,1
11, 2, 678.0,822.0,1
2, 12, 692.0,786.0,-1
12, 2, 692.0,786.0,-1
2, 13, 324.0,338.0,-1
13, 2, 324.0,338.0,-1
2, 14, 135.0,191.0,-1
14, 2, 135.0,191.0,-1
2, 15, 115.0,141.0,1
15, 2, 115.0,141.0,1
2, 16, 387.0,500.0,1
16, 2, 387.0,500.0,1
2, 2, 0.0,0.0,1
3, 4, 904.0,1246.0,-1
4, 3, 904.0,1246.0,-1
3, 5, 883.0,1249.0,-1
5, 3, 883.0,1249.0,-1
3, 6, 381.0,389.0,-1
6, 3, 381.0,389.0,-1
3, 7, 673.0,940.0,1
7, 3, 673.0,940.0,1
3, 8, 730.0,961.0,-1
8, 3, 730.0,961.0,-1
3, 9, 142.0,164.0,-1
9, 3, 142.0,164.0,-1
3, 10, 283.0,331.0,1
10, 3, 283.0,331.0,1
3, 11, 167.0,182.0,1
11, 3, 167.0,182.0,1
3, 12, 873.0,1226.0,-1
12, 3, 873.0,1226.0,-1
3, 13, 707.0,952.0,-1
13, 3, 707.0,952.0,-1
3, 14, 551.0,636.0,-1
14, 3, 551.0,636.0,-1
3, 15, 753.0,784.0,-1
15, 3, 753.0,784.0,-1
3, 16, 622.0,868.0,1
16, 3, 622.0,868.0,1
3, 3, 0.0,0.0,1
4, 5, 199.0,282.0,-1
5, 4, 199.0,282.0,-1
4, 6, 780.0,875.0,1
6, 4, 780.0,875.0,1
4, 7, 239.0,306.0,-1
7, 4, 239.0,306.0,-1
4, 8, 213.0,286.0,-1
8, 4, 213.0,286.0,-1
4, 9, 859.0,1130.0,-1
9, 4, 859.0,1130.0,-1
4, 10, 649.0,916.0,-1
10, 4, 649.0,916.0,-1
4, 11, 779.0,1097.0,-1
11, 4, 779.0,1097.0,-1
4, 12, 100.0,139.0,-1
12, 4, 100.0,139.0,-1
4, 13, 465.0,587.0,1
13, 4, 465.0,587.0,1
4, 14, 675.0,735.0,-1
14, 4, 675.0,735.0,-1
4, 15, 782.0,1004.0,-1
15, 4, 782.0,1004.0,-1
4, 16, 403.0,426.0,1
16, 4, 403.0,426.0,1
4, 4, 0.0,0.0,1
5, 6, 680.0,877.0,-1
6, 5, 680.0,877.0,-1
5, 7, 240.0,309.0,-1
7, 5, 240.0,309.0,-1
5, 8, 335.0,376.0,-1
8, 5, 335.0,376.0,-1
5, 9, 810.0,1133.0,1
9, 5, 810.0,1133.0,1
5, 10, 668.0,918.0,1
10, 5, 668.0,918.0,1
5, 11, 788.0,1100.0,1
11, 5, 788.0,1100.0,1
5, 12, 102.0,143.0,1
12, 5, 102.0,143.0,1
5, 13, 302.0,306.0,1
13, 5, 302.0,306.0,1
5, 14, 539.0,613.0,1
14, 5, 539.0,613.0,1
5, 15, 608.0,723.0,-1
15, 5, 608.0,723.0,-1
5, 16, 289.0,382.0,-1
16, 5, 289.0,382.0,-1
5, 5, 0.0,0.0,1
6, 7, 550.0,569.0,-1
7, 6, 550.0,569.0,-1
6, 8, 684.0,768.0,-1
8, 6, 684.0,768.0,-1
6, 9, 242.0,256.0,-1
9, 6, 242.0,256.0,-1
6, 10, 435.0,613.0,1
10, 6, 435.0,613.0,1
6, 11, 433.0,571.0,1
11, 6, 433.0,571.0,1
6, 12, 713.0,855.0,1
12, 6, 713.0,855.0,1
6, 13, 415.0,580.0,-1
13, 6, 415.0,580.0,-1
6, 14, 192.0,265.0,1
14, 6, 192.0,265.0,1
6, 15, 374.0,413.0,-1
15, 6, 374.0,413.0,-1
6, 16, 392.0,496.0,-1
16, 6, 392.0,496.0,-1
6, 6, 0.0,0.0,1
7, 8, 169.0,237.0,-1
8, 7, 169.0,237.0,-1
7, 9, 621.0,824.0,-1
9, 7, 621.0,824.0,-1
7, 10, 435.0,610.0,1
10, 7, 435.0,610.0,1
7, 11, 560.0,791.0,1
11, 7, 560.0,791.0,1
7, 12, 203.0,287.0,-1
12, 7, 203.0,287.0,-1
7, 13, 315.0,445.0,-1
13, 7, 315.0,445.0,-1
7, 14, 471.0,592.0,-1
14, 7, 471.0,592.0,-1
7, 15, 619.0,861.0,1
15, 7, 619.0,861.0,1
7, 16, 207.0,283.0,-1
16, 7, 207.0,283.0,-1
7, 7, 0.0,0.0,1
8, 9, 710.0,845.0,-1
9, 8, 710.0,845.0,-1
8, 10, 459.0,630.0,-1
10, 8, 459.0,630.0,-1
8, 11, 591.0,812.0,-1
11, 8, 591.0,812.0,-1
8, 12, 250.0,266.0,-1
12, 8, 250.0,266.0,-1
8, 13, 482.0,682.0,-1
13, 8, 482.0,682.0,-1
8, 14, 630.0,829.0,-1
14, 8, 630.0,829.0,-1
8, 15, 787.0,1098.0,1
15, 8, 787.0,1098.0,1
8, 16, 374.0,520.0,-1
16, 8, 374.0,520.0,-1
8, 8, 0.0,0.0,1
9, 10, 313.0,387.0,-1
10, 9, 313.0,387.0,-1
9, 11, 245.0,345.0,1
11, 9, 245.0,345.0,1
9, 12, 815.0,1110.0,-1
12, 9, 815.0,1110.0,-1
9, 13, 599.0,836.0,-1
13, 9, 599.0,836.0,-1
9, 14, 420.0,520.0,1
14, 9, 420.0,520.0,1
9, 15, 615.0,668.0,-1
15, 9, 615.0,668.0,-1
9, 16, 532.0,751.0,-1
16, 9, 532.0,751.0,-1
9, 9, 0.0,0.0,1
10, 11, 132.0,182.0,-1
11, 10, 132.0,182.0,-1
10, 12, 636.0,896.0,-1
12, 10, 636.0,896.0,-1
10, 13, 576.0,621.0,-1
13, 10, 576.0,621.0,-1
10, 14, 524.0,674.0,-1
14, 10, 524.0,674.0,-1
10, 15, 741.0,944.0,-1
15, 10, 741.0,944.0,-1
10, 16, 459.0,537.0,1
16, 10, 459.0,537.0,1
10, 10, 0.0,0.0,1
11, 12, 762.0,1077.0,1
12, 11, 762.0,1077.0,1
11, 13, 663.0,803.0,-1
13, 11, 663.0,803.0,-1
11, 14, 564.0,632.0,-1
14, 11, 564.0,632.0,-1
11, 15, 780.0,901.0,-1
15, 11, 780.0,901.0,-1
11, 16, 557.0,718.0,-1
16, 11, 557.0,718.0,-1
11, 11, 0.0,0.0,1
12, 13, 372.0,449.0,-1
13, 12, 372.0,449.0,-1
12, 14, 593.0,596.0,-1
14, 12, 593.0,596.0,-1
12, 15, 687.0,865.0,-1
15, 12, 687.0,865.0,-1
12, 16, 325.0,359.0,1
16, 12, 325.0,359.0,1
12, 12, 0.0,0.0,1
13, 14, 247.0,316.0,1
14, 13, 247.0,316.0,1
13, 15, 318.0,417.0,-1
15, 13, 318.0,417.0,-1
13, 16, 130.0,162.0,1
16, 13, 130.0,162.0,1
13, 13, 0.0,0.0,1
14, 15, 218.0,270.0,-1
15, 14, 218.0,270.0,-1
14, 16, 273.0,310.0,-1
16, 14, 273.0,310.0,-1
14, 14, 0.0,0.0,1
15, 16, 414.0,579.0,1
16, 15, 414.0,579.0,1
15, 15, 0.0,0.0,1
16, 16, 0.0,0.0,1


<end>