<number of nodes>
16

<ratio of available edges>
0.3

<max length of the drone flight>
100000 

<D 2/3>
1, 2, 3, 6, 7, 10, 11, 13, 14, 15, 16

<V>
2, 11, 14, 15, 16

<coordinates X,Y>
942.4343287972221, 438.0024592345022
644.3322528957381, 117.13215601593025
977.5380434264874, 976.8322860286771
16.649471447543927, 631.0199384079476
276.4358999174764, 273.6532999104066
595.4155706441444, 950.797193649956
219.5806431533358, 97.21564064142751
43.8437910184075, 438.2915460209699
84.26921996887428, 984.6687097477306
367.3646232729795, 490.3104396483037
710.1087429537048, 513.5446555541942
127.0577432354684, 345.5513511429137
209.8148166779639, 408.16415435779015
79.2153244735681, 596.0502831125659
13.056814523542261, 853.6104668206748
963.567331107497, 980.5776310899553

<adjacency matrix with truck distances>
1, 2, 438.0,619.0,1
2, 1, 438.0,619.0,1
1, 3, 540.0,574.0,1
3, 1, 540.0,574.0,1
1, 4, 946.0,1119.0,-1
4, 1, 946.0,1119.0,-1
1, 5, 686.0,831.0,1
5, 1, 686.0,831.0,1
1, 6, 620.0,860.0,1
6, 1, 620.0,860.0,1
1, 7, 800.0,1064.0,-1
7, 1, 800.0,1064.0,-1
1, 8, 899.0,899.0,-1
8, 1, 899.0,899.0,-1
1, 9, 1018.0,1405.0,-1
9, 1, 1018.0,1405.0,-1
1, 10, 578.0,628.0,-1
10, 1, 578.0,628.0,-1
1, 11, 245.0,308.0,-1
11, 1, 245.0,308.0,-1
1, 12, 821.0,908.0,-1
12, 1, 821.0,908.0,-1
1, 13, 734.0,763.0,-1
13, 1, 734.0,763.0,-1
1, 14, 878.0,1022.0,-1
14, 1, 878.0,1022.0,-1
1, 15, 1019.0,1345.0,1
15, 1, 1019.0,1345.0,1
1, 16, 543.0,564.0,-1
16, 1, 543.0,564.0,-1
1, 1, 0.0,0.0,1
2, 3, 923.0,1193.0,1
3, 2, 923.0,1193.0,1
2, 4, 812.0,1142.0,1
4, 2, 812.0,1142.0,1
2, 5, 400.0,525.0,1
5, 2, 400.0,525.0,1
2, 6, 836.0,883.0,1
6, 2, 836.0,883.0,1
2, 7, 426.0,445.0,1
7, 2, 426.0,445.0,1
2, 8, 681.0,922.0,-1
8, 2, 681.0,922.0,-1
2, 9, 1033.0,1428.0,-1
9, 2, 1033.0,1428.0,-1
2, 10, 465.0,651.0,-1
10, 2, 465.0,651.0,-1
2, 11, 402.0,463.0,-1
11, 2, 402.0,463.0,-1
2, 12, 566.0,746.0,1
12, 2, 566.0,746.0,1
2, 13, 523.0,726.0,-1
13, 2, 523.0,726.0,-1
2, 14, 741.0,1045.0,-1
14, 2, 741.0,1045.0,-1
2, 15, 971.0,1368.0,-1
15, 2, 971.0,1368.0,-1
2, 16, 921.0,1183.0,-1
16, 2, 921.0,1183.0,-1
2, 2, 0.0,0.0,1
3, 4, 1022.0,1307.0,-1
4, 3, 1022.0,1307.0,-1
3, 5, 993.0,1405.0,-1
5, 3, 993.0,1405.0,-1
3, 6, 384.0,409.0,1
6, 3, 384.0,409.0,1
3, 7, 1162.0,1638.0,-1
7, 3, 1162.0,1638.0,-1
3, 8, 1078.0,1473.0,-1
8, 3, 1078.0,1473.0,-1
3, 9, 894.0,902.0,-1
9, 3, 894.0,902.0,-1
3, 10, 781.0,1097.0,1
10, 3, 781.0,1097.0,1
3, 11, 535.0,731.0,-1
11, 3, 535.0,731.0,-1
3, 12, 1060.0,1482.0,-1
12, 3, 1060.0,1482.0,-1
3, 13, 956.0,1337.0,-1
13, 3, 956.0,1337.0,-1
3, 14, 976.0,1280.0,-1
14, 3, 976.0,1280.0,-1
3, 15, 973.0,1088.0,1
15, 3, 973.0,1088.0,1
3, 16, 15.0,18.0,1
16, 3, 15.0,18.0,1
3, 3, 0.0,0.0,1
4, 5, 442.0,618.0,-1
5, 4, 442.0,618.0,-1
4, 6, 662.0,899.0,-1
6, 4, 662.0,899.0,-1
4, 7, 572.0,737.0,-1
7, 4, 572.0,737.0,-1
4, 8, 195.0,220.0,1
8, 4, 195.0,220.0,1
4, 9, 361.0,422.0,-1
9, 4, 361.0,422.0,-1
4, 10, 378.0,492.0,-1
10, 4, 378.0,492.0,-1
4, 11, 704.0,811.0,-1
11, 4, 704.0,811.0,-1
4, 12, 307.0,396.0,-1
12, 4, 307.0,396.0,-1
4, 13, 295.0,417.0,1
13, 4, 295.0,417.0,1
4, 14, 72.0,98.0,1
14, 4, 72.0,98.0,1
4, 15, 223.0,227.0,-1
15, 4, 223.0,227.0,-1
4, 16, 1010.0,1297.0,-1
16, 4, 1010.0,1297.0,-1
4, 4, 0.0,0.0,1
5, 6, 749.0,997.0,-1
6, 5, 749.0,997.0,-1
5, 7, 186.0,234.0,1
7, 5, 186.0,234.0,1
5, 8, 285.0,398.0,1
8, 5, 285.0,398.0,1
5, 9, 737.0,904.0,-1
9, 5, 737.0,904.0,-1
5, 10, 235.0,308.0,-1
10, 5, 235.0,308.0,-1
5, 11, 496.0,674.0,1
11, 5, 496.0,674.0,1
5, 12, 166.0,222.0,-1
12, 5, 166.0,222.0,-1
5, 13, 151.0,202.0,-1
13, 5, 151.0,202.0,-1
5, 14, 378.0,520.0,-1
14, 5, 378.0,520.0,-1
5, 15, 637.0,844.0,-1
15, 5, 637.0,844.0,-1
5, 16, 986.0,1395.0,-1
16, 5, 986.0,1395.0,-1
5, 5, 0.0,0.0,1
6, 7, 933.0,1230.0,1
7, 6, 933.0,1230.0,1
6, 8, 753.0,1065.0,-1
8, 6, 753.0,1065.0,-1
6, 9, 513.0,546.0,-1
9, 6, 513.0,546.0,-1
6, 10, 514.0,689.0,1
10, 6, 514.0,689.0,1
6, 11, 453.0,552.0,-1
11, 6, 453.0,552.0,-1
6, 12, 766.0,1074.0,-1
12, 6, 766.0,1074.0,-1
6, 13, 666.0,929.0,-1
13, 6, 666.0,929.0,-1
6, 14, 627.0,871.0,-1
14, 6, 627.0,871.0,-1
6, 15, 591.0,680.0,1
15, 6, 591.0,680.0,1
6, 16, 370.0,398.0,1
16, 6, 370.0,398.0,1
6, 6, 0.0,0.0,1
7, 8, 384.0,517.0,1
8, 7, 384.0,517.0,1
7, 9, 898.0,1023.0,1
9, 7, 898.0,1023.0,1
7, 10, 420.0,541.0,-1
10, 7, 420.0,541.0,-1
7, 11, 644.0,907.0,-1
11, 7, 644.0,907.0,-1
7, 12, 266.0,341.0,-1
12, 7, 266.0,341.0,-1
7, 13, 312.0,321.0,-1
13, 7, 312.0,321.0,-1
7, 14, 519.0,640.0,-1
14, 7, 519.0,640.0,-1
7, 15, 785.0,963.0,-1
15, 7, 785.0,963.0,-1
7, 16, 1155.0,1628.0,-1
16, 7, 1155.0,1628.0,-1
7, 7, 0.0,0.0,1
8, 9, 548.0,587.0,-1
9, 8, 548.0,587.0,-1
8, 10, 328.0,376.0,-1
10, 8, 328.0,376.0,-1
8, 11, 671.0,742.0,-1
11, 8, 671.0,742.0,-1
8, 12, 125.0,176.0,-1
12, 8, 125.0,176.0,-1
8, 13, 169.0,197.0,1
13, 8, 169.0,197.0,1
8, 14, 162.0,194.0,-1
14, 8, 162.0,194.0,-1
8, 15, 417.0,447.0,1
15, 8, 417.0,447.0,1
8, 16, 1068.0,1463.0,1
16, 8, 1068.0,1463.0,1
8, 8, 0.0,0.0,1
9, 10, 570.0,778.0,-1
10, 9, 570.0,778.0,-1
9, 11, 784.0,1097.0,-1
11, 9, 784.0,1097.0,-1
9, 12, 641.0,682.0,-1
12, 9, 641.0,682.0,-1
9, 13, 591.0,703.0,-1
13, 9, 591.0,703.0,-1
9, 14, 389.0,394.0,-1
14, 9, 389.0,394.0,-1
9, 15, 150.0,203.0,-1
15, 9, 150.0,203.0,-1
9, 16, 880.0,884.0,-1
16, 9, 880.0,884.0,-1
9, 9, 0.0,0.0,1
10, 11, 344.0,366.0,-1
11, 10, 344.0,366.0,-1
10, 12, 281.0,386.0,-1
12, 10, 281.0,386.0,-1
10, 13, 178.0,240.0,-1
13, 10, 178.0,240.0,-1
10, 14, 307.0,394.0,-1
14, 10, 307.0,394.0,-1
10, 15, 508.0,718.0,-1
15, 10, 508.0,718.0,-1
10, 16, 772.0,1087.0,-1
16, 10, 772.0,1087.0,-1
10, 10, 0.0,0.0,1
11, 12, 607.0,752.0,-1
12, 11, 607.0,752.0,-1
11, 13, 512.0,606.0,-1
13, 11, 512.0,606.0,-1
11, 14, 637.0,714.0,1
14, 11, 637.0,714.0,1
11, 15, 776.0,1038.0,-1
15, 11, 776.0,1038.0,-1
11, 16, 532.0,721.0,-1
16, 11, 532.0,721.0,-1
11, 11, 0.0,0.0,1
12, 13, 104.0,146.0,1
13, 12, 104.0,146.0,1
12, 14, 256.0,299.0,1
14, 12, 256.0,299.0,1
12, 15, 521.0,623.0,-1
15, 12, 521.0,623.0,-1
12, 16, 1051.0,1472.0,-1
16, 12, 1051.0,1472.0,-1
12, 12, 0.0,0.0,1
13, 14, 229.0,319.0,-1
14, 13, 229.0,319.0,-1
13, 15, 487.0,643.0,1
15, 13, 487.0,643.0,1
13, 16, 947.0,1327.0,-1
16, 13, 947.0,1327.0,-1
13, 13, 0.0,0.0,1
14, 15, 266.0,324.0,1
15, 14, 266.0,324.0,1
14, 16, 965.0,1269.0,1
16, 14, 965.0,1269.0,1
14, 14, 0.0,0.0,1
15, 16, 959.0,1078.0,-1
16, 15, 959.0,1078.0,-1
15, 15, 0.0,0.0,1
16, 16, 0.0,0.0,1


<end>