<number of nodes>
16

<ratio of available edges>
0.3

<max length of the drone flight>
100000 

<D 2/3>
1, 2, 5, 6, 7, 8, 10, 12, 14, 15, 16

<V>
5, 6, 8, 10, 15

<coordinates X,Y>
468.24641936163493, 64.18558633184286
188.41445301650703, 552.9853544379193
168.29323637626203, 595.3508945838447
630.6462580171805, 230.0536609452029
555.3023658926609, 982.6068006065337
135.68349139938354, 968.1550463130691
559.1866870579012, 869.781640719981
175.70489321593968, 770.9497351157731
362.23394678844295, 694.8585177180083
932.5884518331823, 156.12454993289114
666.7539297820443, 573.793196115535
235.9305451071189, 234.54388935831727
448.3435494135456, 363.180894751437
566.2080423095255, 925.8970195716918
350.33901970023254, 822.2362383010083
222.47613519776868, 456.9560442044799

<adjacency matrix with truck distances>
1, 2, 564.0,769.0,-1
2, 1, 564.0,769.0,-1
1, 3, 611.0,832.0,1
3, 1, 611.0,832.0,1
1, 4, 233.0,329.0,-1
4, 1, 233.0,329.0,-1
1, 5, 923.0,1006.0,1
5, 1, 923.0,1006.0,1
1, 6, 964.0,1237.0,-1
6, 1, 964.0,1237.0,-1
1, 7, 811.0,897.0,-1
7, 1, 811.0,897.0,-1
1, 8, 765.0,1000.0,1
8, 1, 765.0,1000.0,1
1, 9, 640.0,737.0,-1
9, 1, 640.0,737.0,-1
1, 10, 474.0,557.0,-1
10, 1, 474.0,557.0,-1
1, 11, 547.0,709.0,1
11, 1, 547.0,709.0,1
1, 12, 289.0,403.0,-1
12, 1, 289.0,403.0,-1
1, 13, 300.0,319.0,1
13, 1, 300.0,319.0,1
1, 14, 868.0,960.0,-1
14, 1, 868.0,960.0,-1
1, 15, 768.0,876.0,1
15, 1, 768.0,876.0,1
1, 16, 464.0,639.0,-1
16, 1, 464.0,639.0,-1
1, 1, 0.0,0.0,1
2, 3, 47.0,63.0,-1
3, 2, 47.0,63.0,-1
2, 4, 548.0,766.0,1
4, 2, 548.0,766.0,1
2, 5, 565.0,797.0,1
5, 2, 565.0,797.0,1
2, 6, 419.0,468.0,-1
6, 2, 419.0,468.0,-1
2, 7, 488.0,688.0,-1
7, 2, 488.0,688.0,-1
2, 8, 219.0,231.0,-1
8, 2, 219.0,231.0,-1
2, 9, 225.0,316.0,-1
9, 2, 225.0,316.0,-1
2, 10, 844.0,1142.0,-1
10, 2, 844.0,1142.0,-1
2, 11, 479.0,500.0,1
11, 2, 479.0,500.0,1
2, 12, 322.0,366.0,1
12, 2, 322.0,366.0,1
2, 13, 322.0,450.0,-1
13, 2, 322.0,450.0,-1
2, 14, 531.0,751.0,-1
14, 2, 531.0,751.0,-1
2, 15, 315.0,432.0,-1
15, 2, 315.0,432.0,-1
2, 16, 102.0,131.0,-1
16, 2, 102.0,131.0,-1
2, 2, 0.0,0.0,1
3, 4, 590.0,828.0,-1
4, 3, 590.0,828.0,-1
3, 5, 548.0,775.0,-1
5, 3, 548.0,775.0,-1
3, 6, 375.0,406.0,-1
6, 3, 375.0,406.0,-1
3, 7, 478.0,666.0,-1
7, 3, 478.0,666.0,-1
3, 8, 176.0,184.0,1
8, 3, 176.0,184.0,1
3, 9, 218.0,294.0,-1
9, 3, 218.0,294.0,-1
3, 10, 882.0,1204.0,-1
10, 3, 882.0,1204.0,-1
3, 11, 499.0,521.0,1
11, 3, 499.0,521.0,1
3, 12, 368.0,429.0,1
12, 3, 368.0,429.0,1
3, 13, 364.0,513.0,1
13, 3, 364.0,513.0,1
3, 14, 518.0,729.0,-1
14, 3, 518.0,729.0,-1
3, 15, 291.0,409.0,-1
15, 3, 291.0,409.0,-1
3, 16, 149.0,193.0,-1
16, 3, 149.0,193.0,-1
3, 3, 0.0,0.0,1
4, 5, 757.0,828.0,1
5, 4, 757.0,828.0,1
4, 6, 889.0,1234.0,1
6, 4, 889.0,1234.0,1
4, 7, 644.0,712.0,-1
7, 4, 644.0,712.0,-1
4, 8, 707.0,996.0,-1
8, 4, 707.0,996.0,-1
4, 9, 537.0,734.0,-1
9, 4, 537.0,734.0,-1
4, 10, 311.0,376.0,1
10, 4, 311.0,376.0,1
4, 11, 346.0,380.0,-1
11, 4, 346.0,380.0,-1
4, 12, 395.0,400.0,-1
12, 4, 395.0,400.0,-1
4, 13, 226.0,316.0,-1
13, 4, 226.0,316.0,-1
4, 14, 699.0,761.0,1
14, 4, 699.0,761.0,1
4, 15, 656.0,873.0,-1
15, 4, 656.0,873.0,-1
4, 16, 467.0,636.0,-1
16, 4, 467.0,636.0,-1
4, 4, 0.0,0.0,1
5, 6, 420.0,435.0,-1
6, 5, 420.0,435.0,-1
5, 7, 113.0,117.0,-1
7, 5, 113.0,117.0,-1
5, 8, 435.0,592.0,-1
8, 5, 435.0,592.0,-1
5, 9, 347.0,481.0,-1
9, 5, 347.0,481.0,-1
5, 10, 909.0,1204.0,-1
10, 5, 909.0,1204.0,-1
5, 11, 424.0,521.0,-1
11, 5, 424.0,521.0,-1
5, 12, 814.0,1068.0,-1
12, 5, 814.0,1068.0,-1
5, 13, 629.0,727.0,-1
13, 5, 629.0,727.0,-1
5, 14, 58.0,68.0,-1
14, 5, 58.0,68.0,-1
5, 15, 261.0,366.0,1
15, 5, 261.0,366.0,1
5, 16, 623.0,859.0,-1
16, 5, 623.0,859.0,-1
5, 5, 0.0,0.0,1
6, 7, 435.0,522.0,1
7, 6, 435.0,522.0,1
6, 8, 202.0,238.0,1
8, 6, 202.0,238.0,1
6, 9, 355.0,500.0,1
9, 6, 355.0,500.0,1
6, 10, 1138.0,1609.0,-1
10, 6, 1138.0,1609.0,-1
6, 11, 662.0,926.0,-1
11, 6, 662.0,926.0,-1
6, 12, 741.0,834.0,-1
12, 6, 741.0,834.0,-1
6, 13, 681.0,918.0,-1
13, 6, 681.0,918.0,-1
6, 14, 433.0,473.0,-1
14, 6, 433.0,473.0,-1
6, 15, 260.0,361.0,-1
15, 6, 260.0,361.0,-1
6, 16, 519.0,598.0,-1
16, 6, 519.0,598.0,-1
6, 6, 0.0,0.0,1
7, 8, 397.0,483.0,-1
8, 7, 397.0,483.0,-1
7, 9, 264.0,372.0,-1
9, 7, 264.0,372.0,-1
7, 10, 806.0,1088.0,-1
10, 7, 806.0,1088.0,-1
7, 11, 315.0,404.0,-1
11, 7, 315.0,404.0,-1
7, 12, 713.0,959.0,-1
12, 7, 713.0,959.0,-1
7, 13, 519.0,618.0,1
13, 7, 519.0,618.0,1
7, 14, 57.0,64.0,-1
14, 7, 57.0,64.0,-1
7, 15, 215.0,257.0,-1
15, 7, 215.0,257.0,-1
7, 16, 533.0,750.0,1
16, 7, 533.0,750.0,1
7, 7, 0.0,0.0,1
8, 9, 202.0,263.0,-1
9, 8, 202.0,263.0,-1
8, 10, 976.0,1372.0,1
10, 8, 976.0,1372.0,1
8, 11, 530.0,689.0,1
11, 8, 530.0,689.0,1
8, 12, 540.0,597.0,-1
12, 8, 540.0,597.0,-1
8, 13, 491.0,681.0,-1
13, 8, 491.0,681.0,-1
8, 14, 421.0,546.0,1
14, 8, 421.0,546.0,1
8, 15, 183.0,226.0,-1
15, 8, 183.0,226.0,-1
8, 16, 318.0,361.0,-1
16, 8, 318.0,361.0,-1
8, 8, 0.0,0.0,1
9, 10, 785.0,1110.0,-1
10, 9, 785.0,1110.0,-1
9, 11, 328.0,426.0,-1
11, 9, 328.0,426.0,-1
9, 12, 478.0,587.0,-1
12, 9, 478.0,587.0,-1
9, 13, 343.0,418.0,-1
13, 9, 343.0,418.0,-1
9, 14, 309.0,436.0,1
14, 9, 309.0,436.0,1
9, 15, 128.0,140.0,-1
15, 9, 128.0,140.0,-1
9, 16, 276.0,378.0,-1
16, 9, 276.0,378.0,-1
9, 9, 0.0,0.0,1
10, 11, 496.0,684.0,1
11, 10, 496.0,684.0,1
10, 12, 702.0,776.0,-1
12, 10, 702.0,776.0,-1
10, 13, 527.0,692.0,-1
13, 10, 527.0,692.0,-1
10, 14, 853.0,1137.0,1
14, 10, 853.0,1137.0,1
10, 15, 885.0,1249.0,-1
15, 10, 885.0,1249.0,-1
10, 16, 772.0,1011.0,1
16, 10, 772.0,1011.0,1
10, 10, 0.0,0.0,1
11, 12, 549.0,771.0,-1
12, 11, 549.0,771.0,-1
11, 13, 304.0,430.0,-1
13, 11, 304.0,430.0,-1
11, 14, 367.0,453.0,1
14, 11, 367.0,453.0,1
11, 15, 403.0,565.0,1
15, 11, 403.0,565.0,1
11, 16, 460.0,562.0,-1
16, 11, 460.0,562.0,-1
11, 11, 0.0,0.0,1
12, 13, 249.0,342.0,-1
13, 12, 249.0,342.0,-1
12, 14, 767.0,1022.0,1
14, 12, 767.0,1022.0,1
12, 15, 599.0,703.0,-1
15, 12, 599.0,703.0,-1
12, 16, 223.0,236.0,1
16, 12, 223.0,236.0,1
12, 12, 0.0,0.0,1
13, 14, 575.0,681.0,-1
14, 13, 575.0,681.0,-1
13, 15, 470.0,558.0,-1
15, 13, 470.0,558.0,-1
13, 16, 245.0,320.0,-1
16, 13, 245.0,320.0,-1
13, 13, 0.0,0.0,1
14, 15, 240.0,320.0,-1
15, 14, 240.0,320.0,-1
14, 16, 582.0,813.0,1
16, 14, 582.0,813.0,1
14, 14, 0.0,0.0,1
15, 16, 388.0,494.0,-1
16, 15, 388.0,494.0,-1
15, 15, 0.0,0.0,1
16, 16, 0.0,0.0,1


<end>