<number of nodes>
16

<ratio of available edges>
0.3

<max length of the drone flight>
100000 

<D 2/3>
1, 2, 4, 5, 6, 7, 9, 10, 11, 13, 14

<V>
5, 6, 7, 11, 13

<coordinates X,Y>
356.3454442938172, 714.708633306781
841.3710151078908, 414.3346719227945
864.5272522325342, 546.3503842624242
651.0695043279078, 525.296273550193
843.4731710689798, 576.78684789299
293.8858089577421, 545.1197266200317
174.72569302462364, 373.2408083936131
721.9736192890063, 686.6860685313596
9.660615704766588, 171.33515655737594
478.87628634857765, 358.9779736856946
344.60057062006996, 952.0459824245229
62.40615251965693, 826.6582584819138
639.1971211505623, 979.8845901503763
107.0093507408344, 785.5164092377373
674.8776149854976, 72.58594770221063
484.8434313406386, 336.1565413275875

<adjacency matrix with truck distances>
1, 2, 571.0,786.0,-1
2, 1, 571.0,786.0,-1
1, 3, 536.0,677.0,1
3, 1, 536.0,677.0,1
1, 4, 351.0,485.0,-1
4, 1, 351.0,485.0,-1
1, 5, 507.0,626.0,-1
5, 1, 507.0,626.0,-1
1, 6, 181.0,233.0,-1
6, 1, 181.0,233.0,-1
1, 7, 387.0,524.0,1
7, 1, 387.0,524.0,1
1, 8, 367.0,394.0,-1
8, 1, 367.0,394.0,-1
1, 9, 645.0,891.0,-1
9, 1, 645.0,891.0,-1
1, 10, 377.0,479.0,-1
10, 1, 377.0,479.0,-1
1, 11, 238.0,250.0,1
11, 1, 238.0,250.0,1
1, 12, 315.0,406.0,-1
12, 1, 315.0,406.0,-1
1, 13, 388.0,549.0,-1
13, 1, 388.0,549.0,-1
1, 14, 260.0,321.0,-1
14, 1, 260.0,321.0,-1
1, 15, 717.0,961.0,-1
15, 1, 717.0,961.0,-1
1, 16, 400.0,508.0,-1
16, 1, 400.0,508.0,-1
1, 1, 0.0,0.0,1
2, 3, 135.0,156.0,1
3, 2, 135.0,156.0,1
2, 4, 221.0,302.0,-1
4, 2, 221.0,302.0,-1
2, 5, 163.0,165.0,1
5, 2, 163.0,165.0,1
2, 6, 563.0,679.0,1
6, 2, 563.0,679.0,1
2, 7, 668.0,708.0,-1
7, 2, 668.0,708.0,-1
2, 8, 298.0,392.0,-1
8, 2, 298.0,392.0,-1
2, 9, 867.0,1075.0,-1
9, 2, 867.0,1075.0,-1
2, 10, 367.0,418.0,-1
10, 2, 367.0,418.0,-1
2, 11, 733.0,1035.0,-1
11, 2, 733.0,1035.0,-1
2, 12, 882.0,1192.0,-1
12, 2, 882.0,1192.0,-1
2, 13, 601.0,768.0,1
13, 2, 601.0,768.0,1
2, 14, 823.0,1106.0,-1
14, 2, 823.0,1106.0,-1
2, 15, 381.0,509.0,-1
15, 2, 381.0,509.0,-1
2, 16, 365.0,435.0,-1
16, 2, 365.0,435.0,-1
2, 2, 0.0,0.0,1
3, 4, 215.0,235.0,1
4, 3, 215.0,235.0,1
3, 5, 38.0,52.0,-1
5, 3, 38.0,52.0,-1
3, 6, 571.0,572.0,-1
6, 3, 571.0,572.0,-1
3, 7, 712.0,863.0,-1
7, 3, 712.0,863.0,-1
3, 8, 201.0,283.0,-1
8, 3, 201.0,283.0,-1
3, 9, 934.0,1230.0,-1
9, 3, 934.0,1230.0,-1
3, 10, 429.0,574.0,-1
10, 3, 429.0,574.0,-1
3, 11, 660.0,926.0,-1
11, 3, 660.0,926.0,-1
3, 12, 850.0,1083.0,-1
12, 3, 850.0,1083.0,-1
3, 13, 489.0,659.0,1
13, 3, 489.0,659.0,1
3, 14, 795.0,997.0,-1
14, 3, 795.0,997.0,-1
3, 15, 511.0,664.0,-1
15, 3, 511.0,664.0,-1
3, 16, 434.0,590.0,-1
16, 3, 434.0,590.0,-1
3, 3, 0.0,0.0,1
4, 5, 200.0,244.0,-1
5, 4, 200.0,244.0,-1
4, 6, 358.0,378.0,1
6, 4, 358.0,378.0,1
4, 7, 501.0,629.0,-1
7, 4, 501.0,629.0,-1
4, 8, 177.0,233.0,1
8, 4, 177.0,233.0,1
4, 9, 733.0,996.0,-1
9, 4, 733.0,996.0,-1
4, 10, 240.0,339.0,-1
10, 4, 240.0,339.0,-1
4, 11, 526.0,734.0,1
11, 4, 526.0,734.0,1
4, 12, 662.0,891.0,-1
12, 4, 662.0,891.0,-1
4, 13, 455.0,467.0,-1
13, 4, 455.0,467.0,-1
4, 14, 604.0,805.0,1
14, 4, 604.0,805.0,1
4, 15, 454.0,477.0,-1
15, 4, 454.0,477.0,-1
4, 16, 252.0,356.0,-1
16, 4, 252.0,356.0,-1
4, 4, 0.0,0.0,1
5, 6, 551.0,582.0,1
6, 5, 551.0,582.0,1
5, 7, 700.0,873.0,1
7, 5, 700.0,873.0,1
5, 8, 164.0,232.0,-1
8, 5, 164.0,232.0,-1
5, 9, 928.0,1240.0,-1
9, 5, 928.0,1240.0,-1
5, 10, 425.0,583.0,1
10, 5, 425.0,583.0,1
5, 11, 625.0,875.0,1
11, 5, 625.0,875.0,1
5, 12, 821.0,1031.0,-1
12, 5, 821.0,1031.0,-1
5, 13, 452.0,608.0,-1
13, 5, 452.0,608.0,-1
5, 14, 766.0,946.0,-1
14, 5, 766.0,946.0,-1
5, 15, 532.0,673.0,1
15, 5, 532.0,673.0,1
5, 16, 432.0,600.0,-1
16, 5, 432.0,600.0,-1
5, 5, 0.0,0.0,1
6, 7, 210.0,292.0,-1
7, 6, 210.0,292.0,-1
6, 8, 451.0,570.0,1
8, 6, 451.0,570.0,1
6, 9, 470.0,659.0,1
9, 6, 470.0,659.0,1
6, 10, 263.0,372.0,-1
10, 6, 263.0,372.0,-1
6, 11, 411.0,458.0,-1
11, 6, 411.0,458.0,-1
6, 12, 365.0,514.0,-1
12, 6, 365.0,514.0,-1
6, 13, 556.0,781.0,-1
13, 6, 556.0,781.0,-1
6, 14, 305.0,428.0,-1
14, 6, 305.0,428.0,-1
6, 15, 607.0,854.0,-1
15, 6, 607.0,854.0,-1
6, 16, 284.0,400.0,1
16, 6, 284.0,400.0,1
6, 6, 0.0,0.0,1
7, 8, 631.0,861.0,-1
8, 7, 631.0,861.0,-1
7, 9, 261.0,367.0,-1
9, 7, 261.0,367.0,-1
7, 10, 305.0,319.0,-1
10, 7, 305.0,319.0,-1
7, 11, 604.0,749.0,1
11, 7, 604.0,749.0,1
7, 12, 468.0,566.0,-1
12, 7, 468.0,566.0,-1
7, 13, 765.0,1072.0,1
13, 7, 765.0,1072.0,1
7, 14, 418.0,480.0,-1
14, 7, 418.0,480.0,-1
7, 15, 584.0,801.0,1
15, 7, 584.0,801.0,1
7, 16, 313.0,348.0,-1
16, 7, 313.0,348.0,-1
7, 7, 0.0,0.0,1
8, 9, 880.0,1228.0,-1
9, 8, 880.0,1228.0,-1
8, 10, 409.0,571.0,-1
10, 8, 409.0,571.0,-1
8, 11, 462.0,643.0,1
11, 8, 462.0,643.0,1
8, 12, 675.0,800.0,-1
12, 8, 675.0,800.0,-1
8, 13, 305.0,376.0,1
13, 8, 305.0,376.0,1
8, 14, 623.0,714.0,-1
14, 8, 623.0,714.0,-1
8, 15, 616.0,662.0,-1
15, 8, 616.0,662.0,-1
8, 16, 424.0,588.0,-1
16, 8, 424.0,588.0,-1
8, 8, 0.0,0.0,1
9, 10, 506.0,657.0,1
10, 9, 506.0,657.0,1
9, 11, 850.0,1116.0,-1
11, 9, 850.0,1116.0,-1
9, 12, 658.0,709.0,1
12, 9, 658.0,709.0,1
9, 13, 1025.0,1439.0,-1
13, 9, 1025.0,1439.0,-1
9, 14, 622.0,712.0,-1
14, 9, 622.0,712.0,-1
9, 15, 673.0,764.0,1
15, 9, 673.0,764.0,1
9, 16, 503.0,641.0,1
16, 9, 503.0,641.0,1
9, 9, 0.0,0.0,1
10, 11, 609.0,728.0,1
11, 10, 609.0,728.0,1
10, 12, 627.0,885.0,-1
12, 10, 627.0,885.0,-1
10, 13, 642.0,782.0,-1
13, 10, 642.0,782.0,-1
10, 14, 566.0,799.0,-1
14, 10, 566.0,799.0,-1
10, 15, 348.0,483.0,-1
15, 10, 348.0,483.0,-1
10, 16, 24.0,29.0,-1
16, 10, 24.0,29.0,-1
10, 10, 0.0,0.0,1
11, 12, 309.0,408.0,1
12, 11, 309.0,408.0,1
11, 13, 296.0,323.0,-1
13, 11, 296.0,323.0,-1
11, 14, 291.0,405.0,-1
14, 11, 291.0,405.0,-1
11, 15, 940.0,1210.0,1
15, 11, 940.0,1210.0,1
11, 16, 632.0,757.0,-1
16, 11, 632.0,757.0,-1
11, 11, 0.0,0.0,1
12, 13, 597.0,731.0,1
13, 12, 597.0,731.0,1
12, 14, 61.0,86.0,-1
14, 12, 61.0,86.0,-1
12, 15, 972.0,1367.0,-1
15, 12, 972.0,1367.0,-1
12, 16, 648.0,913.0,-1
16, 12, 648.0,913.0,-1
12, 12, 0.0,0.0,1
13, 14, 567.0,727.0,-1
14, 13, 567.0,727.0,-1
13, 15, 908.0,943.0,-1
15, 13, 908.0,943.0,-1
13, 16, 662.0,799.0,-1
16, 13, 662.0,799.0,-1
13, 13, 0.0,0.0,1
14, 15, 912.0,1281.0,1
15, 14, 912.0,1281.0,1
14, 16, 588.0,828.0,1
16, 14, 588.0,828.0,1
14, 14, 0.0,0.0,1
15, 16, 325.0,454.0,-1
16, 15, 325.0,454.0,-1
15, 15, 0.0,0.0,1
16, 16, 0.0,0.0,1


<end>