<number of nodes>
16

<ratio of available edges>
0.3

<max length of the drone flight>
100000 

<D 2/3>
1, 2, 4, 5, 6, 7, 10, 11, 13, 14, 15

<V>
6, 7, 10, 11, 14

<coordinates X,Y>
248.65081736932282, 81.36531170854195
871.6041672312068, 324.5815343157074
75.15978085155842, 314.6379969869129
95.64948869702185, 239.3838074006579
966.2584214262749, 499.94143452136177
999.5495452342536, 265.37897712437604
188.6388538028119, 132.78046692538493
994.9805072442339, 873.607533963821
110.31163342057052, 862.4362376217563
687.4089995667632, 250.7353573363096
2.591965353500032, 39.52695232595289
3.759780687414439, 847.7903819839735
432.31237170391466, 536.4880442478948
454.39666739059277, 371.09081834636424
890.169188128655, 804.2443806650496
159.47853548285784, 875.9174469025137

<adjacency matrix with truck distances>
1, 2, 669.0,867.0,-1
2, 1, 669.0,867.0,-1
1, 3, 291.0,407.0,-1
3, 1, 291.0,407.0,-1
1, 4, 220.0,312.0,1
4, 1, 220.0,312.0,1
1, 5, 831.0,1137.0,-1
5, 1, 831.0,1137.0,-1
1, 6, 774.0,935.0,1
6, 1, 774.0,935.0,1
1, 7, 80.0,112.0,-1
7, 1, 80.0,112.0,-1
1, 8, 1089.0,1539.0,-1
8, 1, 1089.0,1539.0,-1
1, 9, 794.0,920.0,-1
9, 1, 794.0,920.0,-1
1, 10, 471.0,609.0,1
10, 1, 471.0,609.0,1
1, 11, 250.0,288.0,-1
11, 1, 250.0,288.0,-1
1, 12, 805.0,1012.0,1
12, 1, 805.0,1012.0,1
1, 13, 491.0,639.0,-1
13, 1, 491.0,639.0,-1
1, 14, 356.0,496.0,1
14, 1, 356.0,496.0,1
1, 15, 967.0,1365.0,-1
15, 1, 967.0,1365.0,-1
1, 16, 800.0,884.0,1
16, 1, 800.0,884.0,1
1, 1, 0.0,0.0,1
2, 3, 797.0,807.0,-1
3, 2, 797.0,807.0,-1
2, 4, 781.0,862.0,1
4, 2, 781.0,862.0,1
2, 5, 200.0,271.0,1
5, 2, 200.0,271.0,1
2, 6, 141.0,188.0,-1
6, 2, 141.0,188.0,-1
2, 7, 710.0,875.0,-1
7, 2, 710.0,875.0,-1
2, 8, 563.0,673.0,-1
8, 2, 563.0,673.0,-1
2, 9, 933.0,1300.0,1
9, 2, 933.0,1300.0,1
2, 10, 199.0,259.0,-1
10, 2, 199.0,259.0,-1
2, 11, 915.0,1155.0,-1
11, 2, 915.0,1155.0,-1
2, 12, 1014.0,1392.0,1
12, 2, 1014.0,1392.0,1
2, 13, 488.0,652.0,1
13, 2, 488.0,652.0,1
2, 14, 420.0,464.0,-1
14, 2, 420.0,464.0,-1
2, 15, 481.0,499.0,-1
15, 2, 481.0,499.0,-1
2, 16, 901.0,1264.0,1
16, 2, 901.0,1264.0,1
2, 2, 0.0,0.0,1
3, 4, 78.0,96.0,-1
4, 3, 78.0,96.0,-1
3, 5, 911.0,1077.0,-1
5, 3, 911.0,1077.0,-1
3, 6, 926.0,974.0,-1
6, 3, 926.0,974.0,-1
3, 7, 215.0,296.0,1
7, 3, 215.0,296.0,1
3, 8, 1077.0,1479.0,-1
8, 3, 1077.0,1479.0,-1
3, 9, 549.0,583.0,-1
9, 3, 549.0,583.0,-1
3, 10, 616.0,677.0,-1
10, 3, 616.0,677.0,-1
3, 11, 285.0,348.0,1
11, 3, 285.0,348.0,1
3, 12, 538.0,605.0,1
12, 3, 538.0,605.0,1
3, 13, 421.0,580.0,1
13, 3, 421.0,580.0,1
3, 14, 384.0,436.0,-1
14, 3, 384.0,436.0,-1
3, 15, 951.0,1305.0,-1
15, 3, 951.0,1305.0,-1
3, 16, 568.0,646.0,-1
16, 3, 568.0,646.0,-1
3, 3, 0.0,0.0,1
4, 5, 909.0,1132.0,1
5, 4, 909.0,1132.0,1
4, 6, 905.0,930.0,-1
6, 4, 905.0,930.0,-1
4, 7, 142.0,200.0,-1
7, 4, 142.0,200.0,-1
4, 8, 1101.0,1534.0,-1
8, 4, 1101.0,1534.0,-1
4, 9, 624.0,638.0,-1
9, 4, 624.0,638.0,-1
4, 10, 592.0,604.0,-1
10, 4, 592.0,604.0,-1
4, 11, 221.0,293.0,-1
11, 4, 221.0,293.0,-1
4, 12, 616.0,701.0,-1
12, 4, 616.0,701.0,-1
4, 13, 450.0,634.0,-1
13, 4, 450.0,634.0,-1
4, 14, 383.0,491.0,1
14, 4, 383.0,491.0,1
4, 15, 975.0,1360.0,-1
15, 4, 975.0,1360.0,-1
4, 16, 640.0,701.0,-1
16, 4, 640.0,701.0,-1
4, 4, 0.0,0.0,1
5, 6, 237.0,268.0,1
6, 5, 237.0,268.0,1
5, 7, 860.0,1145.0,-1
7, 5, 860.0,1145.0,-1
5, 8, 375.0,403.0,1
8, 5, 375.0,403.0,1
5, 9, 930.0,1219.0,-1
9, 5, 930.0,1219.0,-1
5, 10, 374.0,529.0,1
10, 5, 374.0,529.0,1
5, 11, 1069.0,1425.0,-1
11, 5, 1069.0,1425.0,-1
5, 12, 1024.0,1311.0,-1
12, 5, 1024.0,1311.0,-1
5, 13, 536.0,571.0,1
13, 5, 536.0,571.0,1
5, 14, 528.0,641.0,-1
14, 5, 528.0,641.0,-1
5, 15, 314.0,381.0,1
15, 5, 314.0,381.0,1
5, 16, 891.0,1183.0,1
16, 5, 891.0,1183.0,1
5, 5, 0.0,0.0,1
6, 7, 822.0,944.0,-1
7, 6, 822.0,944.0,-1
6, 8, 609.0,613.0,-1
8, 6, 609.0,613.0,-1
6, 9, 1072.0,1487.0,1
9, 6, 1072.0,1487.0,1
6, 10, 313.0,327.0,-1
10, 6, 313.0,327.0,-1
6, 11, 1023.0,1223.0,-1
11, 6, 1023.0,1223.0,-1
6, 12, 1154.0,1579.0,1
12, 6, 1154.0,1579.0,1
6, 13, 629.0,839.0,-1
13, 6, 629.0,839.0,-1
6, 14, 556.0,651.0,-1
14, 6, 556.0,651.0,-1
6, 15, 550.0,649.0,-1
15, 6, 550.0,649.0,-1
6, 16, 1039.0,1451.0,1
16, 6, 1039.0,1451.0,1
6, 6, 0.0,0.0,1
7, 8, 1095.0,1548.0,-1
8, 7, 1095.0,1548.0,-1
7, 9, 734.0,808.0,-1
9, 7, 734.0,808.0,-1
7, 10, 513.0,617.0,-1
10, 7, 513.0,617.0,-1
7, 11, 209.0,280.0,-1
11, 7, 209.0,280.0,-1
7, 12, 739.0,900.0,-1
12, 7, 739.0,900.0,-1
7, 13, 472.0,648.0,-1
13, 7, 472.0,648.0,-1
7, 14, 357.0,505.0,-1
14, 7, 357.0,505.0,-1
7, 15, 972.0,1373.0,-1
15, 7, 972.0,1373.0,-1
7, 16, 744.0,773.0,1
16, 7, 744.0,773.0,1
7, 7, 0.0,0.0,1
8, 9, 885.0,896.0,-1
9, 8, 885.0,896.0,-1
8, 10, 695.0,931.0,1
10, 8, 695.0,931.0,1
8, 11, 1297.0,1827.0,1
11, 8, 1297.0,1827.0,1
8, 12, 992.0,1018.0,1
12, 8, 992.0,1018.0,1
8, 13, 656.0,900.0,-1
13, 8, 656.0,900.0,-1
8, 14, 739.0,1044.0,1
14, 8, 739.0,1044.0,1
8, 15, 126.0,175.0,-1
15, 8, 126.0,175.0,-1
8, 16, 836.0,838.0,-1
16, 8, 836.0,838.0,-1
8, 8, 0.0,0.0,1
9, 10, 841.0,1189.0,-1
10, 9, 841.0,1189.0,-1
9, 11, 830.0,931.0,-1
11, 9, 830.0,931.0,-1
9, 12, 108.0,122.0,-1
12, 9, 108.0,122.0,-1
9, 13, 459.0,648.0,-1
13, 9, 459.0,648.0,-1
9, 14, 600.0,836.0,-1
14, 9, 600.0,836.0,-1
9, 15, 783.0,839.0,-1
15, 9, 783.0,839.0,-1
9, 16, 51.0,63.0,-1
16, 9, 51.0,63.0,-1
9, 9, 0.0,0.0,1
10, 11, 717.0,897.0,-1
11, 10, 717.0,897.0,-1
10, 12, 908.0,1281.0,-1
12, 10, 908.0,1281.0,-1
10, 13, 384.0,541.0,-1
13, 10, 384.0,541.0,-1
10, 14, 263.0,354.0,-1
14, 10, 263.0,354.0,-1
10, 15, 590.0,757.0,1
15, 10, 590.0,757.0,1
10, 16, 819.0,1154.0,-1
16, 10, 819.0,1154.0,-1
10, 10, 0.0,0.0,1
11, 12, 809.0,810.0,-1
12, 11, 809.0,810.0,-1
11, 13, 657.0,927.0,-1
13, 11, 657.0,927.0,-1
11, 14, 561.0,784.0,1
14, 11, 561.0,784.0,1
11, 15, 1172.0,1653.0,-1
15, 11, 1172.0,1653.0,-1
11, 16, 851.0,994.0,1
16, 11, 851.0,994.0,1
11, 11, 0.0,0.0,1
12, 13, 530.0,740.0,-1
13, 12, 530.0,740.0,-1
12, 14, 656.0,928.0,-1
14, 12, 656.0,928.0,-1
12, 15, 888.0,930.0,1
15, 12, 888.0,930.0,1
12, 16, 159.0,184.0,-1
16, 12, 159.0,184.0,-1
12, 12, 0.0,0.0,1
13, 14, 167.0,188.0,-1
14, 13, 167.0,188.0,-1
13, 15, 531.0,726.0,-1
15, 13, 531.0,726.0,-1
13, 16, 436.0,613.0,-1
16, 13, 436.0,613.0,-1
13, 13, 0.0,0.0,1
14, 15, 615.0,869.0,-1
15, 14, 615.0,869.0,-1
14, 16, 585.0,800.0,-1
16, 14, 585.0,800.0,-1
14, 14, 0.0,0.0,1
15, 16, 735.0,803.0,-1
16, 15, 735.0,803.0,-1
15, 15, 0.0,0.0,1
16, 16, 0.0,0.0,1


<end>