<number of nodes>
16

<ratio of available edges>
0.3

<max length of the drone flight>
100000 

<D 2/3>
1, 2, 3, 4, 5, 7, 8, 9, 13, 14, 15

<V>
3, 5, 7, 8, 15

<coordinates X,Y>
362.8705456275286, 109.41782721312599
518.7896394035538, 36.72534684467521
743.2466022701028, 434.5346517775262
289.90220377827137, 387.9262809510986
487.1204496421043, 477.08291941800695
760.452825124081, 417.4977569554738
392.7870578503227, 803.9327678923678
798.0260482614319, 918.0306367157855
126.56690631986565, 577.612348509999
65.26181269151297, 960.8160320726993
7.266993807696034, 920.4723988296332
149.70378417913298, 310.5936044705803
898.2719888686917, 515.8234213312194
624.822645040879, 747.887253066982
768.2314617271801, 133.3091112408053
984.5193840297472, 504.79856440995434

<adjacency matrix with truck distances>
1, 2, 173.0,229.0,-1
2, 1, 173.0,229.0,-1
1, 3, 501.0,706.0,-1
3, 1, 501.0,706.0,-1
1, 4, 288.0,352.0,1
4, 1, 288.0,352.0,1
1, 5, 389.0,492.0,1
5, 1, 389.0,492.0,1
1, 6, 503.0,706.0,-1
6, 1, 503.0,706.0,-1
1, 7, 696.0,725.0,-1
7, 1, 696.0,725.0,-1
1, 8, 919.0,1244.0,-1
8, 1, 919.0,1244.0,-1
1, 9, 525.0,705.0,-1
9, 1, 525.0,705.0,-1
1, 10, 902.0,1150.0,1
10, 1, 902.0,1150.0,1
1, 11, 886.0,1167.0,-1
11, 1, 886.0,1167.0,-1
1, 12, 294.0,415.0,1
12, 1, 294.0,415.0,1
1, 13, 673.0,942.0,-1
13, 1, 673.0,942.0,-1
1, 14, 691.0,901.0,-1
14, 1, 691.0,901.0,-1
1, 15, 407.0,430.0,-1
15, 1, 407.0,430.0,-1
1, 16, 737.0,1018.0,-1
16, 1, 737.0,1018.0,-1
1, 1, 0.0,0.0,1
2, 3, 457.0,623.0,1
3, 2, 457.0,623.0,1
2, 4, 420.0,581.0,-1
4, 2, 420.0,581.0,-1
2, 5, 442.0,473.0,-1
5, 2, 442.0,473.0,-1
2, 6, 451.0,623.0,-1
6, 2, 451.0,623.0,-1
2, 7, 778.0,894.0,-1
7, 2, 778.0,894.0,-1
2, 8, 925.0,1161.0,-1
8, 2, 925.0,1161.0,-1
2, 9, 669.0,934.0,-1
9, 2, 669.0,934.0,-1
2, 10, 1030.0,1378.0,-1
10, 2, 1030.0,1378.0,-1
2, 11, 1022.0,1396.0,-1
11, 2, 1022.0,1396.0,-1
2, 12, 460.0,643.0,-1
12, 2, 460.0,643.0,-1
2, 13, 612.0,859.0,1
13, 2, 612.0,859.0,1
2, 14, 720.0,818.0,1
14, 2, 720.0,818.0,1
2, 15, 268.0,347.0,-1
15, 2, 268.0,347.0,-1
2, 16, 661.0,934.0,-1
16, 2, 661.0,934.0,-1
2, 2, 0.0,0.0,1
3, 4, 456.0,500.0,-1
4, 3, 456.0,500.0,-1
3, 5, 260.0,299.0,-1
5, 3, 260.0,299.0,-1
3, 6, 25.0,35.0,-1
6, 3, 25.0,35.0,-1
3, 7, 510.0,720.0,1
7, 3, 510.0,720.0,1
3, 8, 487.0,539.0,-1
8, 3, 487.0,539.0,-1
3, 9, 634.0,760.0,-1
9, 3, 634.0,760.0,-1
3, 10, 859.0,1205.0,-1
10, 3, 859.0,1205.0,-1
3, 11, 882.0,1222.0,1
11, 3, 882.0,1222.0,1
3, 12, 607.0,718.0,-1
12, 3, 607.0,718.0,-1
3, 13, 176.0,237.0,-1
13, 3, 176.0,237.0,-1
3, 14, 335.0,432.0,1
14, 3, 335.0,432.0,1
3, 15, 303.0,327.0,-1
15, 3, 303.0,327.0,-1
3, 16, 252.0,312.0,-1
16, 3, 252.0,312.0,-1
3, 3, 0.0,0.0,1
4, 5, 217.0,287.0,1
5, 4, 217.0,287.0,1
4, 6, 472.0,501.0,1
6, 4, 472.0,501.0,1
4, 7, 429.0,519.0,1
7, 4, 429.0,519.0,1
4, 8, 735.0,1039.0,-1
8, 4, 735.0,1039.0,-1
4, 9, 251.0,354.0,1
9, 4, 251.0,354.0,1
4, 10, 616.0,798.0,1
10, 4, 616.0,798.0,1
4, 11, 603.0,816.0,-1
11, 4, 603.0,816.0,-1
4, 12, 161.0,218.0,1
12, 4, 161.0,218.0,1
4, 13, 622.0,737.0,-1
13, 4, 622.0,737.0,-1
4, 14, 492.0,695.0,-1
14, 4, 492.0,695.0,-1
4, 15, 542.0,733.0,-1
15, 4, 542.0,733.0,-1
4, 16, 705.0,812.0,-1
16, 4, 705.0,812.0,-1
4, 4, 0.0,0.0,1
5, 6, 280.0,333.0,-1
6, 5, 280.0,333.0,-1
5, 7, 341.0,422.0,-1
7, 5, 341.0,422.0,-1
5, 8, 540.0,752.0,-1
8, 5, 540.0,752.0,-1
5, 9, 375.0,462.0,-1
9, 5, 375.0,462.0,-1
5, 10, 642.0,906.0,-1
10, 5, 642.0,906.0,-1
5, 11, 654.0,924.0,-1
11, 5, 654.0,924.0,-1
5, 12, 377.0,504.0,-1
12, 5, 377.0,504.0,-1
5, 13, 413.0,450.0,-1
13, 5, 413.0,450.0,-1
5, 14, 304.0,409.0,-1
14, 5, 304.0,409.0,-1
5, 15, 445.0,625.0,-1
15, 5, 445.0,625.0,-1
5, 16, 499.0,526.0,-1
16, 5, 499.0,526.0,-1
5, 5, 0.0,0.0,1
6, 7, 534.0,755.0,-1
7, 6, 534.0,755.0,-1
6, 8, 502.0,539.0,-1
8, 6, 502.0,539.0,-1
6, 9, 654.0,795.0,-1
9, 6, 654.0,795.0,-1
6, 10, 883.0,1239.0,-1
10, 6, 883.0,1239.0,-1
6, 11, 906.0,1257.0,1
11, 6, 906.0,1257.0,1
6, 12, 621.0,718.0,1
12, 6, 621.0,718.0,1
6, 13, 170.0,237.0,-1
13, 6, 170.0,237.0,-1
6, 14, 358.0,467.0,-1
14, 6, 358.0,467.0,-1
6, 15, 285.0,292.0,-1
15, 6, 285.0,292.0,-1
6, 16, 241.0,312.0,-1
16, 6, 241.0,312.0,-1
6, 6, 0.0,0.0,1
7, 8, 421.0,520.0,1
8, 7, 421.0,520.0,1
7, 9, 350.0,493.0,1
9, 7, 350.0,493.0,1
7, 10, 364.0,485.0,-1
10, 7, 364.0,485.0,-1
7, 11, 403.0,503.0,1
11, 7, 403.0,503.0,1
7, 12, 550.0,737.0,-1
12, 7, 550.0,737.0,-1
7, 13, 582.0,794.0,1
13, 7, 582.0,794.0,1
7, 14, 239.0,289.0,-1
14, 7, 239.0,289.0,-1
7, 15, 769.0,1047.0,-1
15, 7, 769.0,1047.0,-1
7, 16, 664.0,891.0,-1
16, 7, 664.0,891.0,-1
7, 7, 0.0,0.0,1
8, 9, 753.0,1012.0,-1
9, 8, 753.0,1012.0,-1
8, 10, 735.0,776.0,-1
10, 8, 735.0,776.0,-1
8, 11, 791.0,794.0,1
11, 8, 791.0,794.0,1
8, 12, 889.0,1256.0,1
12, 8, 889.0,1256.0,1
8, 13, 415.0,503.0,1
13, 8, 415.0,503.0,1
8, 14, 243.0,344.0,-1
14, 8, 243.0,344.0,-1
8, 15, 786.0,815.0,-1
15, 8, 786.0,815.0,-1
8, 16, 454.0,600.0,-1
16, 8, 454.0,600.0,-1
8, 8, 0.0,0.0,1
9, 10, 389.0,445.0,1
10, 9, 389.0,445.0,1
9, 11, 364.0,463.0,-1
11, 9, 364.0,463.0,-1
9, 12, 269.0,291.0,1
12, 9, 269.0,291.0,1
9, 13, 775.0,834.0,-1
13, 9, 775.0,834.0,-1
9, 14, 527.0,669.0,-1
14, 9, 527.0,669.0,-1
9, 15, 781.0,1086.0,-1
15, 9, 781.0,1086.0,-1
9, 16, 862.0,931.0,-1
16, 9, 862.0,931.0,-1
9, 9, 0.0,0.0,1
10, 11, 71.0,99.0,-1
11, 10, 71.0,99.0,-1
10, 12, 656.0,735.0,1
12, 10, 656.0,735.0,1
10, 13, 945.0,1279.0,1
13, 10, 945.0,1279.0,1
10, 14, 599.0,773.0,-1
14, 10, 599.0,773.0,-1
10, 15, 1086.0,1531.0,1
15, 10, 1086.0,1531.0,1
10, 16, 1027.0,1376.0,-1
16, 10, 1027.0,1376.0,-1
10, 10, 0.0,0.0,1
11, 12, 627.0,753.0,1
12, 11, 627.0,753.0,1
11, 13, 979.0,1296.0,-1
13, 11, 979.0,1296.0,-1
11, 14, 642.0,791.0,-1
14, 11, 642.0,791.0,-1
11, 15, 1095.0,1549.0,-1
15, 11, 1095.0,1549.0,-1
11, 16, 1062.0,1393.0,-1
16, 11, 1062.0,1393.0,-1
11, 11, 0.0,0.0,1
12, 13, 777.0,954.0,1
13, 12, 777.0,954.0,1
12, 14, 646.0,913.0,1
14, 12, 646.0,913.0,1
12, 15, 644.0,796.0,-1
15, 12, 644.0,796.0,-1
12, 16, 858.0,1030.0,-1
16, 12, 858.0,1030.0,-1
12, 12, 0.0,0.0,1
13, 14, 359.0,506.0,-1
14, 13, 359.0,506.0,-1
13, 15, 405.0,513.0,1
15, 13, 405.0,513.0,1
13, 16, 87.0,98.0,-1
16, 13, 87.0,98.0,-1
13, 13, 0.0,0.0,1
14, 15, 632.0,758.0,1
15, 14, 632.0,758.0,1
14, 16, 435.0,603.0,1
16, 14, 435.0,603.0,1
14, 14, 0.0,0.0,1
15, 16, 430.0,588.0,-1
16, 15, 430.0,588.0,-1
15, 15, 0.0,0.0,1
16, 16, 0.0,0.0,1


<end>