<number of nodes>
16

<ratio of available edges>
0.3

<max length of the drone flight>
100000 

<D 2/3>
1, 2, 3, 5, 6, 8, 10, 11, 12, 13, 16

<V>
3, 5, 10, 13, 16

<coordinates X,Y>
260.623043998475, 470.6295010420105
89.53071661005083, 447.9033374494845
335.7421012124306, 396.6223576716936
4.675066140528284, 871.7505584223618
578.1253879534612, 731.0110220756948
258.71436002885264, 702.0858721508184
419.50965469738975, 214.3543324346619
649.4353408129068, 61.46768626930239
849.8514862090136, 189.49988946457592
712.2685051102528, 238.81676514372282
322.1405231056436, 11.62953054247462
464.53223322289995, 308.3302748894812
704.2811696303966, 475.02505033277987
78.19766246135394, 128.28239822939858
671.1044481237202, 192.1922045902485
934.8834746650249, 993.3663000750678

<adjacency matrix with truck distances>
1, 2, 173.0,194.0,-1
2, 1, 173.0,194.0,-1
1, 3, 106.0,150.0,-1
3, 1, 106.0,150.0,-1
1, 4, 476.0,658.0,-1
4, 1, 476.0,658.0,-1
1, 5, 411.0,578.0,-1
5, 1, 411.0,578.0,-1
1, 6, 232.0,234.0,1
6, 1, 232.0,234.0,1
1, 7, 302.0,416.0,-1
7, 1, 302.0,416.0,-1
1, 8, 565.0,798.0,-1
8, 1, 565.0,798.0,-1
1, 9, 653.0,871.0,-1
9, 1, 653.0,871.0,-1
1, 10, 508.0,684.0,1
10, 1, 508.0,684.0,1
1, 11, 464.0,521.0,1
11, 1, 464.0,521.0,1
1, 12, 261.0,367.0,1
12, 1, 261.0,367.0,1
1, 13, 444.0,449.0,-1
13, 1, 444.0,449.0,-1
1, 14, 388.0,525.0,1
14, 1, 388.0,525.0,1
1, 15, 497.0,689.0,-1
15, 1, 497.0,689.0,-1
1, 16, 854.0,1197.0,-1
16, 1, 854.0,1197.0,-1
1, 1, 0.0,0.0,1
2, 3, 252.0,298.0,-1
3, 2, 252.0,298.0,-1
2, 4, 433.0,509.0,-1
4, 2, 433.0,509.0,-1
2, 5, 565.0,772.0,1
5, 2, 565.0,772.0,1
2, 6, 306.0,424.0,-1
6, 2, 306.0,424.0,-1
2, 7, 405.0,564.0,-1
7, 2, 405.0,564.0,-1
2, 8, 681.0,947.0,1
8, 2, 681.0,947.0,1
2, 9, 804.0,1019.0,-1
9, 2, 804.0,1019.0,-1
2, 10, 657.0,832.0,-1
10, 2, 657.0,832.0,-1
2, 11, 495.0,669.0,-1
11, 2, 495.0,669.0,-1
2, 12, 401.0,515.0,-1
12, 2, 401.0,515.0,-1
2, 13, 616.0,642.0,-1
13, 2, 616.0,642.0,-1
2, 14, 320.0,331.0,-1
14, 2, 320.0,331.0,-1
2, 15, 636.0,838.0,-1
15, 2, 636.0,838.0,-1
2, 16, 1007.0,1391.0,1
16, 2, 1007.0,1391.0,1
2, 2, 0.0,0.0,1
3, 4, 580.0,807.0,-1
4, 3, 580.0,807.0,-1
3, 5, 413.0,577.0,-1
5, 3, 413.0,577.0,-1
3, 6, 316.0,383.0,-1
6, 3, 316.0,383.0,-1
3, 7, 201.0,267.0,1
7, 3, 201.0,267.0,1
3, 8, 460.0,649.0,-1
8, 3, 460.0,649.0,-1
3, 9, 555.0,722.0,-1
9, 3, 555.0,722.0,-1
3, 10, 409.0,535.0,1
10, 3, 409.0,535.0,1
3, 11, 386.0,399.0,-1
11, 3, 386.0,399.0,-1
3, 12, 157.0,218.0,1
12, 3, 157.0,218.0,1
3, 13, 377.0,447.0,-1
13, 3, 377.0,447.0,-1
3, 14, 372.0,526.0,1
14, 3, 372.0,526.0,1
3, 15, 393.0,540.0,1
15, 3, 393.0,540.0,1
3, 16, 846.0,1196.0,1
16, 3, 846.0,1196.0,1
3, 3, 0.0,0.0,1
4, 5, 591.0,715.0,-1
5, 4, 591.0,715.0,-1
4, 6, 306.0,424.0,-1
6, 4, 306.0,424.0,-1
4, 7, 778.0,1073.0,1
7, 4, 778.0,1073.0,1
4, 8, 1036.0,1456.0,-1
8, 4, 1036.0,1456.0,-1
4, 9, 1087.0,1528.0,-1
9, 4, 1087.0,1528.0,-1
4, 10, 950.0,1341.0,1
10, 4, 950.0,1341.0,1
4, 11, 917.0,1178.0,-1
11, 4, 917.0,1178.0,-1
4, 12, 728.0,1024.0,-1
12, 4, 728.0,1024.0,-1
4, 13, 805.0,1097.0,-1
13, 4, 805.0,1097.0,-1
4, 14, 748.0,817.0,1
14, 4, 748.0,817.0,1
4, 15, 952.0,1346.0,1
15, 4, 952.0,1346.0,1
4, 16, 939.0,1052.0,-1
16, 4, 939.0,1052.0,-1
4, 4, 0.0,0.0,1
5, 6, 321.0,349.0,-1
6, 5, 321.0,349.0,-1
5, 7, 541.0,676.0,-1
7, 5, 541.0,676.0,-1
5, 8, 674.0,741.0,-1
8, 5, 674.0,741.0,-1
5, 9, 606.0,814.0,-1
9, 5, 606.0,814.0,-1
5, 10, 511.0,627.0,1
10, 5, 511.0,627.0,1
5, 11, 764.0,976.0,-1
11, 5, 764.0,976.0,-1
5, 12, 438.0,537.0,-1
12, 5, 438.0,537.0,-1
5, 13, 286.0,383.0,-1
13, 5, 286.0,383.0,-1
5, 14, 784.0,1103.0,1
14, 5, 784.0,1103.0,1
5, 15, 547.0,632.0,1
15, 5, 547.0,632.0,1
5, 16, 443.0,620.0,1
16, 5, 443.0,620.0,1
5, 5, 0.0,0.0,1
6, 7, 514.0,649.0,-1
7, 6, 514.0,649.0,-1
6, 8, 751.0,1032.0,1
8, 6, 751.0,1032.0,1
6, 9, 783.0,1104.0,1
9, 6, 783.0,1104.0,1
6, 10, 649.0,917.0,-1
10, 6, 649.0,917.0,-1
6, 11, 694.0,754.0,1
11, 6, 694.0,754.0,1
6, 12, 445.0,600.0,-1
12, 6, 445.0,600.0,-1
6, 13, 501.0,673.0,-1
13, 6, 501.0,673.0,-1
6, 14, 602.0,755.0,-1
14, 6, 602.0,755.0,-1
6, 15, 656.0,923.0,-1
15, 6, 656.0,923.0,-1
6, 16, 737.0,968.0,1
16, 6, 737.0,968.0,1
6, 6, 0.0,0.0,1
7, 8, 277.0,383.0,-1
8, 7, 277.0,383.0,-1
7, 9, 432.0,456.0,-1
9, 7, 432.0,456.0,-1
7, 10, 294.0,318.0,-1
10, 7, 294.0,318.0,-1
7, 11, 225.0,301.0,-1
11, 7, 225.0,301.0,-1
7, 12, 105.0,139.0,-1
12, 7, 105.0,139.0,-1
7, 13, 387.0,546.0,-1
13, 7, 387.0,546.0,-1
7, 14, 352.0,428.0,-1
14, 7, 352.0,428.0,-1
7, 15, 253.0,274.0,1
15, 7, 253.0,274.0,1
7, 16, 935.0,1295.0,-1
16, 7, 935.0,1295.0,-1
7, 7, 0.0,0.0,1
8, 9, 238.0,329.0,-1
9, 8, 238.0,329.0,-1
8, 10, 189.0,241.0,-1
10, 8, 189.0,241.0,-1
8, 11, 332.0,378.0,-1
11, 8, 332.0,378.0,-1
8, 12, 309.0,432.0,1
12, 8, 309.0,432.0,1
8, 13, 418.0,469.0,1
13, 8, 418.0,469.0,1
8, 14, 576.0,639.0,-1
14, 8, 576.0,639.0,-1
8, 15, 133.0,153.0,-1
15, 8, 133.0,153.0,-1
8, 16, 975.0,1218.0,-1
16, 8, 975.0,1218.0,-1
8, 8, 0.0,0.0,1
9, 10, 147.0,187.0,-1
10, 9, 147.0,187.0,-1
9, 11, 557.0,706.0,1
11, 9, 557.0,706.0,1
9, 12, 404.0,505.0,-1
12, 9, 404.0,505.0,-1
9, 13, 321.0,432.0,-1
13, 9, 321.0,432.0,-1
9, 14, 775.0,833.0,-1
14, 9, 775.0,833.0,-1
9, 15, 179.0,182.0,-1
15, 9, 179.0,182.0,-1
9, 16, 809.0,889.0,-1
16, 9, 809.0,889.0,-1
9, 9, 0.0,0.0,1
10, 11, 452.0,618.0,1
11, 10, 452.0,618.0,1
10, 12, 258.0,318.0,-1
12, 10, 258.0,318.0,-1
10, 13, 237.0,245.0,-1
13, 10, 237.0,245.0,-1
10, 14, 644.0,745.0,-1
14, 10, 644.0,745.0,-1
10, 15, 63.0,88.0,-1
15, 10, 63.0,88.0,-1
10, 16, 787.0,978.0,-1
16, 10, 787.0,978.0,-1
10, 10, 0.0,0.0,1
11, 12, 330.0,440.0,1
12, 11, 330.0,440.0,1
11, 13, 601.0,846.0,-1
13, 11, 601.0,846.0,-1
11, 14, 271.0,361.0,1
14, 11, 271.0,361.0,1
11, 15, 393.0,530.0,-1
15, 11, 393.0,530.0,-1
11, 16, 1158.0,1595.0,-1
16, 11, 1158.0,1595.0,-1
11, 11, 0.0,0.0,1
12, 13, 293.0,407.0,-1
13, 12, 293.0,407.0,-1
12, 14, 427.0,567.0,-1
14, 12, 427.0,567.0,-1
12, 15, 237.0,323.0,-1
15, 12, 237.0,323.0,-1
12, 16, 831.0,1156.0,1
16, 12, 831.0,1156.0,1
12, 12, 0.0,0.0,1
13, 14, 716.0,973.0,-1
14, 13, 716.0,973.0,-1
13, 15, 285.0,317.0,-1
15, 13, 285.0,317.0,-1
13, 16, 568.0,749.0,1
16, 13, 568.0,749.0,1
13, 13, 0.0,0.0,1
14, 15, 597.0,657.0,-1
15, 14, 597.0,657.0,-1
14, 16, 1218.0,1722.0,-1
16, 14, 1218.0,1722.0,-1
14, 14, 0.0,0.0,1
15, 16, 844.0,1065.0,1
16, 15, 844.0,1065.0,1
15, 15, 0.0,0.0,1
16, 16, 0.0,0.0,1


<end>