<number of nodes>
16

<ratio of available edges>
0.3

<max length of the drone flight>
100000 

<D 2/3>
1, 2, 3, 4, 5, 7, 8, 11, 12, 14, 16

<V>
2, 4, 7, 11, 16

<coordinates X,Y>
109.5588991595018, 790.4526567616196
42.5037841668877, 190.70961323951158
659.0298484938269, 521.5334283595097
444.7702097818479, 821.9932243129759
873.7362869951469, 668.125812676429
581.2740316919065, 353.7650012019399
568.8216428565291, 94.65306149644168
76.14704314308699, 958.685951979649
851.329749325836, 334.01742417769816
915.5949683592818, 221.42620553824352
764.6196205516384, 633.9787427388524
623.4348402994483, 328.6391611710673
130.5700001825641, 120.04921951238416
524.9789267663721, 62.637758152361535
188.513743637428, 830.9016734947866
205.30617031767935, 540.4248886413965

<adjacency matrix with truck distances>
1, 2, 604.0,667.0,-1
2, 1, 604.0,667.0,-1
1, 3, 612.0,819.0,-1
3, 1, 612.0,819.0,-1
1, 4, 337.0,367.0,-1
4, 1, 337.0,367.0,-1
1, 5, 774.0,887.0,1
5, 1, 774.0,887.0,1
1, 6, 643.0,909.0,-1
6, 1, 643.0,909.0,-1
1, 7, 834.0,1156.0,-1
7, 1, 834.0,1156.0,-1
1, 8, 172.0,202.0,1
8, 1, 172.0,202.0,1
1, 9, 871.0,1199.0,-1
9, 1, 871.0,1199.0,-1
1, 10, 987.0,1376.0,-1
10, 1, 987.0,1376.0,-1
1, 11, 674.0,812.0,-1
11, 1, 674.0,812.0,-1
1, 12, 691.0,976.0,1
12, 1, 691.0,976.0,1
1, 13, 671.0,692.0,-1
13, 1, 671.0,692.0,-1
1, 14, 839.0,1144.0,1
14, 1, 839.0,1144.0,1
1, 15, 89.0,120.0,-1
15, 1, 89.0,120.0,-1
1, 16, 268.0,346.0,1
16, 1, 268.0,346.0,1
1, 1, 0.0,0.0,1
2, 3, 700.0,948.0,1
3, 2, 700.0,948.0,1
2, 4, 749.0,1034.0,-1
4, 2, 749.0,1034.0,-1
2, 5, 959.0,1309.0,-1
5, 2, 959.0,1309.0,-1
2, 6, 563.0,702.0,1
6, 2, 563.0,702.0,1
2, 7, 536.0,623.0,-1
7, 2, 536.0,623.0,-1
2, 8, 769.0,802.0,1
8, 2, 769.0,802.0,1
2, 9, 822.0,953.0,-1
9, 2, 822.0,953.0,-1
2, 10, 874.0,904.0,-1
10, 2, 874.0,904.0,-1
2, 11, 848.0,1166.0,1
11, 2, 848.0,1166.0,1
2, 12, 598.0,719.0,1
12, 2, 598.0,719.0,1
2, 13, 113.0,159.0,-1
13, 2, 113.0,159.0,-1
2, 14, 500.0,611.0,-1
14, 2, 500.0,611.0,-1
2, 15, 657.0,787.0,-1
15, 2, 657.0,787.0,-1
2, 16, 386.0,513.0,-1
16, 2, 386.0,513.0,-1
2, 2, 0.0,0.0,1
3, 4, 370.0,515.0,-1
4, 3, 370.0,515.0,-1
3, 5, 260.0,362.0,-1
5, 3, 260.0,362.0,-1
3, 6, 185.0,246.0,-1
6, 3, 185.0,246.0,-1
3, 7, 437.0,518.0,-1
7, 3, 437.0,518.0,-1
3, 8, 729.0,1021.0,-1
8, 3, 729.0,1021.0,-1
3, 9, 269.0,380.0,1
9, 3, 269.0,380.0,1
3, 10, 395.0,557.0,-1
10, 3, 395.0,557.0,-1
3, 11, 155.0,219.0,1
11, 3, 155.0,219.0,1
3, 12, 197.0,229.0,-1
12, 3, 197.0,229.0,-1
3, 13, 664.0,930.0,1
13, 3, 664.0,930.0,1
3, 14, 479.0,593.0,-1
14, 3, 479.0,593.0,-1
3, 15, 564.0,780.0,1
15, 3, 564.0,780.0,1
3, 16, 455.0,473.0,-1
16, 3, 455.0,473.0,-1
3, 3, 0.0,0.0,1
4, 5, 456.0,583.0,-1
5, 4, 456.0,583.0,-1
4, 6, 488.0,605.0,-1
6, 4, 488.0,605.0,-1
4, 7, 738.0,852.0,-1
7, 4, 738.0,852.0,-1
4, 8, 394.0,506.0,-1
8, 4, 394.0,506.0,-1
4, 9, 636.0,895.0,-1
9, 4, 636.0,895.0,-1
4, 10, 764.0,1072.0,1
10, 4, 764.0,1072.0,1
4, 11, 372.0,508.0,1
11, 4, 372.0,508.0,1
4, 12, 525.0,673.0,1
12, 4, 525.0,673.0,1
4, 13, 770.0,1017.0,-1
13, 4, 770.0,1017.0,-1
4, 14, 764.0,840.0,-1
14, 4, 764.0,840.0,-1
4, 15, 257.0,266.0,-1
15, 4, 257.0,266.0,-1
4, 16, 370.0,522.0,-1
16, 4, 370.0,522.0,-1
4, 4, 0.0,0.0,1
5, 6, 430.0,607.0,-1
6, 5, 430.0,607.0,-1
5, 7, 650.0,879.0,-1
7, 5, 650.0,879.0,-1
5, 8, 849.0,1089.0,-1
8, 5, 849.0,1089.0,-1
5, 9, 335.0,357.0,1
9, 5, 335.0,357.0,1
5, 10, 449.0,489.0,1
10, 5, 449.0,489.0,1
5, 11, 115.0,144.0,1
11, 5, 115.0,144.0,1
5, 12, 422.0,590.0,1
12, 5, 422.0,590.0,1
5, 13, 924.0,1292.0,-1
13, 5, 924.0,1292.0,-1
5, 14, 699.0,955.0,-1
14, 5, 699.0,955.0,-1
5, 15, 705.0,848.0,-1
15, 5, 705.0,848.0,-1
5, 16, 681.0,797.0,-1
16, 5, 681.0,797.0,-1
5, 5, 0.0,0.0,1
6, 7, 260.0,272.0,-1
7, 6, 260.0,272.0,-1
6, 8, 789.0,1111.0,-1
8, 6, 789.0,1111.0,-1
6, 9, 271.0,290.0,-1
9, 6, 271.0,290.0,-1
6, 10, 360.0,467.0,-1
10, 6, 360.0,467.0,-1
6, 11, 335.0,464.0,-1
11, 6, 335.0,464.0,-1
6, 12, 50.0,68.0,-1
12, 6, 50.0,68.0,-1
6, 13, 508.0,685.0,1
13, 6, 508.0,685.0,1
6, 14, 297.0,348.0,1
14, 6, 297.0,348.0,1
6, 15, 618.0,870.0,1
15, 6, 618.0,870.0,1
6, 16, 420.0,563.0,-1
16, 6, 420.0,563.0,-1
6, 6, 0.0,0.0,1
7, 8, 995.0,1357.0,-1
8, 7, 995.0,1357.0,-1
7, 9, 371.0,522.0,1
9, 7, 371.0,522.0,1
7, 10, 370.0,474.0,-1
10, 7, 370.0,474.0,-1
7, 11, 574.0,736.0,1
11, 7, 574.0,736.0,1
7, 12, 241.0,289.0,-1
12, 7, 241.0,289.0,-1
7, 13, 439.0,464.0,-1
13, 7, 439.0,464.0,-1
7, 14, 55.0,76.0,-1
14, 7, 55.0,76.0,-1
7, 15, 829.0,1117.0,-1
15, 7, 829.0,1117.0,-1
7, 16, 576.0,810.0,-1
16, 7, 576.0,810.0,-1
7, 7, 0.0,0.0,1
8, 9, 996.0,1400.0,-1
9, 8, 996.0,1400.0,-1
8, 10, 1118.0,1577.0,-1
10, 8, 1118.0,1577.0,-1
8, 11, 762.0,1014.0,-1
11, 8, 762.0,1014.0,-1
8, 12, 835.0,1178.0,1
12, 8, 835.0,1178.0,1
8, 13, 841.0,894.0,1
13, 8, 841.0,894.0,1
8, 14, 1003.0,1345.0,-1
14, 8, 1003.0,1345.0,-1
8, 15, 171.0,241.0,-1
15, 8, 171.0,241.0,-1
8, 16, 438.0,548.0,1
16, 8, 438.0,548.0,1
8, 8, 0.0,0.0,1
9, 10, 130.0,177.0,-1
10, 9, 130.0,177.0,-1
9, 11, 313.0,387.0,-1
11, 9, 313.0,387.0,-1
9, 12, 228.0,234.0,1
12, 9, 228.0,234.0,1
9, 13, 752.0,935.0,1
13, 9, 752.0,935.0,1
9, 14, 425.0,598.0,-1
14, 9, 425.0,598.0,-1
9, 15, 829.0,1160.0,-1
15, 9, 829.0,1160.0,-1
9, 16, 679.0,853.0,-1
16, 9, 679.0,853.0,-1
9, 9, 0.0,0.0,1
10, 11, 440.0,564.0,-1
11, 10, 440.0,564.0,-1
10, 12, 312.0,400.0,-1
12, 10, 312.0,400.0,-1
10, 13, 792.0,887.0,1
13, 10, 792.0,887.0,1
10, 14, 422.0,550.0,-1
14, 10, 422.0,550.0,-1
10, 15, 949.0,1337.0,-1
15, 10, 949.0,1337.0,-1
10, 16, 779.0,1030.0,-1
16, 10, 779.0,1030.0,-1
10, 10, 0.0,0.0,1
11, 12, 337.0,447.0,1
12, 11, 337.0,447.0,1
11, 13, 817.0,1148.0,-1
13, 11, 817.0,1148.0,-1
11, 14, 620.0,811.0,-1
14, 11, 620.0,811.0,-1
11, 15, 609.0,774.0,-1
15, 11, 609.0,774.0,-1
11, 16, 568.0,653.0,-1
16, 11, 568.0,653.0,-1
11, 11, 0.0,0.0,1
12, 13, 536.0,702.0,1
13, 12, 536.0,702.0,1
12, 14, 284.0,365.0,-1
14, 12, 284.0,365.0,-1
12, 15, 665.0,938.0,-1
15, 12, 665.0,938.0,-1
12, 16, 469.0,630.0,-1
16, 12, 469.0,630.0,-1
12, 12, 0.0,0.0,1
13, 14, 399.0,452.0,-1
14, 13, 399.0,452.0,-1
13, 15, 714.0,769.0,-1
15, 13, 714.0,769.0,-1
13, 16, 427.0,496.0,-1
16, 13, 427.0,496.0,-1
13, 13, 0.0,0.0,1
14, 15, 839.0,1105.0,1
15, 14, 839.0,1105.0,1
14, 16, 575.0,798.0,-1
16, 14, 575.0,798.0,-1
14, 14, 0.0,0.0,1
15, 16, 291.0,308.0,1
16, 15, 291.0,308.0,1
15, 15, 0.0,0.0,1
16, 16, 0.0,0.0,1


<end>