<number of nodes>
16

<ratio of available edges>
0.3

<max length of the drone flight>
100000 

<D 2/3>
1, 4, 5, 6, 7, 8, 10, 12, 13, 15, 16

<V>
4, 5, 10, 12, 15

<coordinates X,Y>
584.0638710940677, 666.4218491522319
89.39241733962078, 387.9710740307061
271.08854224235586, 4.78915306809408
231.60204106788694, 936.8159431101117
236.5387728555491, 347.16291065972
658.5297857056704, 746.9365450608227
617.9931556299731, 193.48415862177202
992.0565319920164, 280.5293129532312
439.9283325345594, 991.2450646318191
583.2409436303017, 565.2772471565509
33.838581478587564, 853.0344373459608
466.2387125708218, 362.5786215471892
436.04549178822, 484.9202370870662
669.9976207977578, 624.0831172020509
884.6810745285784, 154.30111837834124
578.3986323573207, 961.048894159703

<adjacency matrix with truck distances>
1, 2, 568.0,774.0,-1
2, 1, 568.0,774.0,-1
1, 3, 732.0,975.0,-1
3, 1, 732.0,975.0,-1
1, 4, 445.0,623.0,-1
4, 1, 445.0,623.0,-1
1, 5, 472.0,667.0,-1
5, 1, 472.0,667.0,-1
1, 6, 110.0,155.0,1
6, 1, 110.0,155.0,1
1, 7, 475.0,507.0,-1
7, 1, 475.0,507.0,-1
1, 8, 562.0,794.0,-1
8, 1, 562.0,794.0,-1
1, 9, 356.0,469.0,-1
9, 1, 356.0,469.0,-1
1, 10, 102.0,102.0,-1
10, 1, 102.0,102.0,-1
1, 11, 582.0,737.0,1
11, 1, 582.0,737.0,1
1, 12, 326.0,422.0,-1
12, 1, 326.0,422.0,-1
1, 13, 235.0,330.0,-1
13, 1, 235.0,330.0,-1
1, 14, 96.0,129.0,-1
14, 1, 96.0,129.0,-1
1, 15, 594.0,813.0,-1
15, 1, 594.0,813.0,-1
1, 16, 295.0,301.0,-1
16, 1, 295.0,301.0,-1
1, 1, 0.0,0.0,1
2, 3, 425.0,565.0,1
3, 2, 425.0,565.0,1
2, 4, 567.0,692.0,-1
4, 2, 567.0,692.0,-1
2, 5, 153.0,188.0,-1
5, 2, 153.0,188.0,-1
2, 6, 673.0,929.0,-1
6, 2, 673.0,929.0,-1
2, 7, 564.0,724.0,1
7, 2, 564.0,724.0,1
2, 8, 910.0,1011.0,1
8, 2, 910.0,1011.0,1
2, 9, 698.0,954.0,1
9, 2, 698.0,954.0,1
2, 10, 525.0,672.0,1
10, 2, 525.0,672.0,1
2, 11, 469.0,521.0,1
11, 2, 469.0,521.0,1
2, 12, 378.0,403.0,1
12, 2, 378.0,403.0,1
2, 13, 360.0,444.0,1
13, 2, 360.0,444.0,1
2, 14, 627.0,817.0,-1
14, 2, 627.0,817.0,-1
2, 15, 829.0,1029.0,-1
15, 2, 829.0,1029.0,-1
2, 16, 754.0,1063.0,-1
16, 2, 754.0,1063.0,-1
2, 2, 0.0,0.0,1
3, 4, 933.0,972.0,-1
4, 3, 933.0,972.0,-1
3, 5, 345.0,377.0,-1
5, 3, 345.0,377.0,-1
3, 6, 838.0,1130.0,-1
6, 3, 838.0,1130.0,-1
3, 7, 395.0,536.0,-1
7, 3, 395.0,536.0,-1
3, 8, 772.0,997.0,1
8, 3, 772.0,997.0,1
3, 9, 1001.0,1156.0,-1
9, 3, 1001.0,1156.0,-1
3, 10, 642.0,873.0,-1
10, 3, 642.0,873.0,-1
3, 11, 881.0,1086.0,1
11, 3, 881.0,1086.0,1
3, 12, 408.0,553.0,-1
12, 3, 408.0,553.0,-1
3, 13, 508.0,646.0,-1
13, 3, 508.0,646.0,-1
3, 14, 737.0,1019.0,1
14, 3, 737.0,1019.0,1
3, 15, 632.0,764.0,1
15, 3, 632.0,764.0,1
3, 16, 1005.0,1264.0,-1
16, 3, 1005.0,1264.0,-1
3, 3, 0.0,0.0,1
4, 5, 590.0,595.0,1
5, 4, 590.0,595.0,1
4, 6, 468.0,617.0,1
6, 4, 468.0,617.0,1
4, 7, 838.0,1130.0,-1
7, 4, 838.0,1130.0,-1
4, 8, 1005.0,1417.0,-1
8, 4, 1005.0,1417.0,-1
4, 9, 216.0,263.0,-1
9, 4, 216.0,263.0,-1
4, 10, 512.0,724.0,1
10, 4, 512.0,724.0,1
4, 11, 215.0,282.0,-1
11, 4, 215.0,282.0,-1
4, 12, 621.0,809.0,-1
12, 4, 621.0,809.0,-1
4, 13, 496.0,657.0,1
13, 4, 496.0,657.0,1
4, 14, 539.0,752.0,-1
14, 4, 539.0,752.0,-1
4, 15, 1020.0,1436.0,1
15, 4, 1020.0,1436.0,1
4, 16, 348.0,372.0,1
16, 4, 348.0,372.0,1
4, 4, 0.0,0.0,1
5, 6, 582.0,822.0,1
6, 5, 582.0,822.0,1
5, 7, 412.0,536.0,-1
7, 5, 412.0,536.0,-1
5, 8, 759.0,823.0,1
8, 5, 759.0,823.0,1
5, 9, 676.0,848.0,-1
9, 5, 676.0,848.0,-1
5, 10, 410.0,565.0,-1
10, 5, 410.0,565.0,-1
5, 11, 545.0,709.0,-1
11, 5, 545.0,709.0,-1
5, 12, 231.0,246.0,-1
12, 5, 231.0,246.0,-1
5, 13, 243.0,338.0,-1
13, 5, 243.0,338.0,-1
5, 14, 515.0,711.0,-1
14, 5, 515.0,711.0,-1
5, 15, 677.0,842.0,-1
15, 5, 677.0,842.0,-1
5, 16, 703.0,956.0,-1
16, 5, 703.0,956.0,-1
5, 5, 0.0,0.0,1
6, 7, 555.0,594.0,-1
7, 6, 555.0,594.0,-1
6, 8, 574.0,800.0,1
8, 6, 574.0,800.0,1
6, 9, 328.0,463.0,-1
9, 6, 328.0,463.0,-1
6, 10, 197.0,257.0,-1
10, 6, 197.0,257.0,-1
6, 11, 634.0,731.0,1
11, 6, 634.0,731.0,1
6, 12, 430.0,577.0,1
12, 6, 430.0,577.0,1
6, 13, 344.0,485.0,1
13, 6, 344.0,485.0,1
6, 14, 124.0,135.0,-1
14, 6, 124.0,135.0,-1
6, 15, 635.0,819.0,-1
15, 6, 635.0,819.0,-1
6, 16, 229.0,295.0,-1
16, 6, 229.0,295.0,-1
6, 6, 0.0,0.0,1
7, 8, 385.0,462.0,-1
8, 7, 385.0,462.0,-1
7, 9, 818.0,976.0,-1
9, 7, 818.0,976.0,-1
7, 10, 374.0,407.0,-1
10, 7, 374.0,407.0,-1
7, 11, 882.0,1244.0,-1
11, 7, 882.0,1244.0,-1
7, 12, 228.0,321.0,-1
12, 7, 228.0,321.0,-1
7, 13, 344.0,474.0,-1
13, 7, 344.0,474.0,-1
7, 14, 434.0,483.0,-1
14, 7, 434.0,483.0,-1
7, 15, 270.0,306.0,-1
15, 7, 270.0,306.0,-1
7, 16, 769.0,808.0,-1
16, 7, 769.0,808.0,-1
7, 7, 0.0,0.0,1
8, 9, 900.0,1263.0,-1
9, 8, 900.0,1263.0,-1
8, 10, 499.0,694.0,1
10, 8, 499.0,694.0,1
8, 11, 1117.0,1531.0,1
11, 8, 1117.0,1531.0,1
8, 12, 533.0,608.0,1
12, 8, 533.0,608.0,1
8, 13, 593.0,761.0,-1
13, 8, 593.0,761.0,-1
8, 14, 471.0,666.0,1
14, 8, 471.0,666.0,1
8, 15, 166.0,234.0,-1
15, 8, 166.0,234.0,-1
8, 16, 797.0,1095.0,-1
16, 8, 797.0,1095.0,-1
8, 8, 0.0,0.0,1
9, 10, 450.0,570.0,-1
10, 9, 450.0,570.0,-1
9, 11, 429.0,545.0,-1
11, 9, 429.0,545.0,-1
9, 12, 630.0,655.0,-1
12, 9, 630.0,655.0,-1
9, 13, 507.0,511.0,-1
13, 9, 507.0,511.0,-1
9, 14, 434.0,598.0,-1
14, 9, 434.0,598.0,-1
9, 15, 948.0,1282.0,1
15, 9, 948.0,1282.0,1
9, 16, 142.0,169.0,-1
16, 9, 142.0,169.0,-1
9, 9, 0.0,0.0,1
10, 11, 621.0,838.0,-1
11, 10, 621.0,838.0,-1
10, 12, 235.0,320.0,-1
12, 10, 235.0,320.0,-1
10, 13, 168.0,228.0,-1
13, 10, 168.0,228.0,-1
10, 14, 105.0,146.0,-1
14, 10, 105.0,146.0,-1
10, 15, 510.0,713.0,-1
15, 10, 510.0,713.0,-1
10, 16, 396.0,401.0,-1
16, 10, 396.0,401.0,-1
10, 10, 0.0,0.0,1
11, 12, 654.0,923.0,-1
12, 11, 654.0,923.0,-1
11, 13, 546.0,771.0,-1
13, 11, 546.0,771.0,-1
11, 14, 677.0,866.0,-1
14, 11, 677.0,866.0,-1
11, 15, 1101.0,1550.0,1
15, 11, 1101.0,1550.0,1
11, 16, 556.0,653.0,-1
16, 11, 556.0,653.0,-1
11, 11, 0.0,0.0,1
12, 13, 127.0,153.0,-1
13, 12, 127.0,153.0,-1
12, 14, 332.0,466.0,1
14, 12, 332.0,466.0,1
12, 15, 468.0,627.0,-1
15, 12, 468.0,627.0,-1
12, 16, 609.0,711.0,-1
16, 12, 609.0,711.0,-1
12, 12, 0.0,0.0,1
13, 14, 273.0,374.0,1
14, 13, 273.0,374.0,1
13, 15, 558.0,780.0,-1
15, 13, 558.0,780.0,-1
13, 16, 497.0,619.0,-1
16, 13, 497.0,619.0,-1
13, 13, 0.0,0.0,1
14, 15, 517.0,685.0,1
15, 14, 517.0,685.0,1
14, 16, 350.0,429.0,-1
16, 14, 350.0,429.0,-1
14, 14, 0.0,0.0,1
15, 16, 863.0,1114.0,1
16, 15, 863.0,1114.0,1
15, 15, 0.0,0.0,1
16, 16, 0.0,0.0,1


<end>