<number of nodes>
16

<ratio of available edges>
0.3

<max length of the drone flight>
100000 

<D 2/3>
1, 2, 3, 5, 6, 7, 9, 10, 11, 14, 15

<V>
2, 5, 7, 11, 14

<coordinates X,Y>
151.2954527942855, 521.6408444132085
53.91400242497277, 907.9040374632668
799.4728329469073, 689.5651533049847
709.780472099047, 504.6456865653143
305.2239503936414, 782.7763919428259
215.67744138978694, 919.5851451823171
364.655869493324, 310.98985290049615
832.9035604464183, 33.264307210646095
5.199309189094805, 700.2988699807543
55.21609738495198, 287.24696491474305
808.4812599954931, 127.76822880374259
359.36462836362125, 369.3609390182194
532.1570108590273, 651.2563416801903
888.6898510286514, 221.36739541989164
980.3016745172895, 185.3165878086519
633.517296357242, 113.92776165401419

<adjacency matrix with truck distances>
1, 2, 399.0,484.0,-1
2, 1, 399.0,484.0,-1
1, 3, 670.0,817.0,-1
3, 1, 670.0,817.0,-1
1, 4, 559.0,576.0,-1
4, 1, 559.0,576.0,-1
1, 5, 304.0,416.0,-1
5, 1, 304.0,416.0,-1
1, 6, 404.0,463.0,-1
6, 1, 404.0,463.0,-1
1, 7, 300.0,425.0,-1
7, 1, 300.0,425.0,-1
1, 8, 839.0,1170.0,-1
8, 1, 839.0,1170.0,-1
1, 9, 231.0,325.0,-1
9, 1, 231.0,325.0,-1
1, 10, 254.0,331.0,1
10, 1, 254.0,331.0,1
1, 11, 767.0,1052.0,-1
11, 1, 767.0,1052.0,-1
1, 12, 258.0,361.0,-1
12, 1, 258.0,361.0,-1
1, 13, 403.0,511.0,1
13, 1, 403.0,511.0,1
1, 14, 797.0,1038.0,-1
14, 1, 797.0,1038.0,-1
1, 15, 895.0,1166.0,-1
15, 1, 895.0,1166.0,-1
1, 16, 632.0,890.0,-1
16, 1, 632.0,890.0,-1
1, 1, 0.0,0.0,1
2, 3, 777.0,964.0,1
3, 2, 777.0,964.0,1
2, 4, 770.0,1060.0,1
4, 2, 770.0,1060.0,1
2, 5, 281.0,377.0,-1
5, 2, 281.0,377.0,-1
2, 6, 163.0,174.0,-1
6, 2, 163.0,174.0,-1
2, 7, 673.0,908.0,-1
7, 2, 673.0,908.0,-1
2, 8, 1172.0,1654.0,-1
8, 2, 1172.0,1654.0,-1
2, 9, 214.0,257.0,1
9, 2, 214.0,257.0,1
2, 10, 621.0,622.0,1
10, 2, 621.0,622.0,1
2, 11, 1086.0,1535.0,-1
11, 2, 1086.0,1535.0,-1
2, 12, 620.0,844.0,-1
12, 2, 620.0,844.0,-1
2, 13, 543.0,735.0,1
13, 2, 543.0,735.0,1
2, 14, 1081.0,1522.0,-1
14, 2, 1081.0,1522.0,-1
2, 15, 1175.0,1649.0,-1
15, 2, 1175.0,1649.0,-1
2, 16, 984.0,1374.0,-1
16, 2, 984.0,1374.0,-1
2, 2, 0.0,0.0,1
3, 4, 206.0,275.0,1
4, 3, 206.0,275.0,1
3, 5, 503.0,588.0,-1
5, 3, 503.0,588.0,-1
3, 6, 628.0,814.0,1
6, 3, 628.0,814.0,1
3, 7, 577.0,814.0,-1
7, 3, 577.0,814.0,-1
3, 8, 658.0,690.0,-1
8, 3, 658.0,690.0,-1
3, 9, 795.0,806.0,-1
9, 3, 795.0,806.0,-1
3, 10, 847.0,1147.0,1
10, 3, 847.0,1147.0,1
3, 11, 562.0,571.0,-1
11, 3, 562.0,571.0,-1
3, 12, 545.0,761.0,-1
12, 3, 545.0,761.0,-1
3, 13, 271.0,306.0,-1
13, 3, 271.0,306.0,-1
3, 14, 477.0,558.0,-1
14, 3, 477.0,558.0,-1
3, 15, 536.0,686.0,-1
15, 3, 536.0,686.0,-1
3, 16, 600.0,742.0,1
16, 3, 600.0,742.0,1
3, 3, 0.0,0.0,1
4, 5, 491.0,683.0,-1
5, 4, 491.0,683.0,-1
4, 6, 646.0,910.0,-1
6, 4, 646.0,910.0,-1
4, 7, 396.0,539.0,-1
7, 4, 396.0,539.0,-1
4, 8, 488.0,595.0,-1
8, 4, 488.0,595.0,-1
4, 9, 732.0,901.0,-1
9, 4, 732.0,901.0,-1
4, 10, 690.0,872.0,-1
10, 4, 690.0,872.0,-1
4, 11, 390.0,476.0,-1
11, 4, 390.0,476.0,-1
4, 12, 376.0,486.0,1
12, 4, 376.0,486.0,1
4, 13, 231.0,325.0,-1
13, 4, 231.0,325.0,-1
4, 14, 336.0,463.0,-1
14, 4, 336.0,463.0,-1
4, 15, 419.0,590.0,-1
15, 4, 419.0,590.0,-1
4, 16, 399.0,467.0,-1
16, 4, 399.0,467.0,-1
4, 4, 0.0,0.0,1
5, 6, 164.0,227.0,-1
6, 5, 164.0,227.0,-1
5, 7, 476.0,532.0,1
7, 5, 476.0,532.0,1
5, 8, 917.0,1278.0,1
8, 5, 917.0,1278.0,1
5, 9, 312.0,383.0,1
9, 5, 312.0,383.0,1
5, 10, 556.0,746.0,1
10, 5, 556.0,746.0,1
5, 11, 827.0,1159.0,1
11, 5, 827.0,1159.0,1
5, 12, 417.0,468.0,-1
12, 5, 417.0,468.0,-1
5, 13, 263.0,359.0,1
13, 5, 263.0,359.0,1
5, 14, 810.0,1145.0,-1
14, 5, 810.0,1145.0,-1
5, 15, 902.0,1273.0,1
15, 5, 902.0,1273.0,1
5, 16, 746.0,998.0,-1
16, 5, 746.0,998.0,-1
5, 5, 0.0,0.0,1
6, 7, 627.0,758.0,-1
7, 6, 627.0,758.0,-1
6, 8, 1081.0,1504.0,-1
8, 6, 1081.0,1504.0,-1
6, 9, 304.0,430.0,1
9, 6, 304.0,430.0,1
6, 10, 653.0,793.0,-1
10, 6, 653.0,793.0,-1
6, 11, 990.0,1385.0,1
11, 6, 990.0,1385.0,1
6, 12, 569.0,694.0,-1
12, 6, 569.0,694.0,-1
6, 13, 415.0,585.0,-1
13, 6, 415.0,585.0,-1
6, 14, 970.0,1372.0,1
14, 6, 970.0,1372.0,1
6, 15, 1061.0,1499.0,-1
15, 6, 1061.0,1499.0,-1
6, 16, 908.0,1224.0,-1
16, 6, 908.0,1224.0,-1
6, 6, 0.0,0.0,1
7, 8, 545.0,746.0,-1
8, 7, 545.0,746.0,-1
7, 9, 530.0,749.0,1
9, 7, 530.0,749.0,1
7, 10, 311.0,334.0,-1
10, 7, 311.0,334.0,-1
7, 11, 481.0,628.0,-1
11, 7, 481.0,628.0,-1
7, 12, 59.0,64.0,1
12, 7, 59.0,64.0,1
7, 13, 380.0,508.0,1
13, 7, 380.0,508.0,1
7, 14, 532.0,614.0,-1
14, 7, 532.0,614.0,-1
7, 15, 629.0,742.0,-1
15, 7, 629.0,742.0,-1
7, 16, 334.0,466.0,1
16, 7, 334.0,466.0,1
7, 7, 0.0,0.0,1
8, 9, 1064.0,1495.0,1
9, 8, 1064.0,1495.0,1
8, 10, 819.0,1032.0,-1
10, 8, 819.0,1032.0,-1
8, 11, 98.0,119.0,-1
11, 8, 98.0,119.0,-1
8, 12, 581.0,810.0,-1
12, 8, 581.0,810.0,-1
8, 13, 688.0,919.0,1
13, 8, 688.0,919.0,1
8, 14, 197.0,244.0,-1
14, 8, 197.0,244.0,-1
8, 15, 212.0,300.0,-1
15, 8, 212.0,300.0,-1
8, 16, 216.0,281.0,-1
16, 8, 216.0,281.0,-1
8, 8, 0.0,0.0,1
9, 10, 417.0,464.0,-1
10, 9, 417.0,464.0,-1
9, 11, 987.0,1376.0,-1
11, 9, 987.0,1376.0,-1
9, 12, 485.0,686.0,-1
12, 9, 485.0,686.0,-1
9, 13, 530.0,577.0,-1
13, 9, 530.0,577.0,-1
9, 14, 1005.0,1363.0,-1
14, 9, 1005.0,1363.0,-1
9, 15, 1103.0,1491.0,-1
15, 9, 1103.0,1491.0,-1
9, 16, 860.0,1215.0,1
16, 9, 860.0,1215.0,1
9, 9, 0.0,0.0,1
10, 11, 770.0,913.0,-1
11, 10, 770.0,913.0,-1
10, 12, 316.0,387.0,-1
12, 10, 316.0,387.0,-1
10, 13, 600.0,841.0,-1
13, 10, 600.0,841.0,-1
10, 14, 837.0,900.0,-1
14, 10, 837.0,900.0,-1
10, 15, 931.0,1028.0,1
15, 10, 931.0,1028.0,1
10, 16, 604.0,752.0,-1
16, 10, 604.0,752.0,-1
10, 10, 0.0,0.0,1
11, 12, 510.0,691.0,-1
12, 11, 510.0,691.0,-1
11, 13, 592.0,800.0,1
13, 11, 592.0,800.0,1
11, 14, 124.0,174.0,-1
14, 11, 124.0,174.0,-1
11, 15, 182.0,230.0,1
15, 11, 182.0,230.0,1
11, 16, 176.0,189.0,1
16, 11, 176.0,189.0,1
11, 11, 0.0,0.0,1
12, 13, 331.0,455.0,1
13, 12, 331.0,455.0,1
12, 14, 550.0,678.0,-1
14, 12, 550.0,678.0,-1
12, 15, 648.0,805.0,1
15, 12, 648.0,805.0,1
12, 16, 375.0,530.0,-1
16, 12, 375.0,530.0,-1
12, 12, 0.0,0.0,1
13, 14, 559.0,787.0,-1
14, 13, 559.0,787.0,-1
13, 15, 647.0,915.0,-1
15, 13, 647.0,915.0,-1
13, 16, 547.0,639.0,1
16, 13, 547.0,639.0,1
13, 13, 0.0,0.0,1
14, 15, 99.0,128.0,-1
15, 14, 99.0,128.0,-1
14, 16, 277.0,363.0,-1
16, 14, 277.0,363.0,-1
14, 14, 0.0,0.0,1
15, 16, 355.0,419.0,-1
16, 15, 355.0,419.0,-1
15, 15, 0.0,0.0,1
16, 16, 0.0,0.0,1


<end>