<number of nodes>
16

<ratio of available edges>
0.3

<max length of the drone flight>
100000 

<D 2/3>
1, 4, 5, 6, 8, 9, 11, 12, 14, 15, 16

<V>
8, 11, 12, 14, 16

<coordinates X,Y>
677.1795602863169, 265.2155782642472
538.3235194544086, 270.68023715919713
302.2692652107828, 923.1885076121371
856.9762502849072, 141.90439754576272
473.75025593527795, 901.3535237935696
424.83966966234567, 514.7984026882933
489.1536991506014, 254.6702990384549
199.69764848696943, 492.4138568863687
267.69569050028485, 411.9815005197282
677.9848711243563, 629.7492399061464
282.60154352050046, 843.4178541823514
602.7503402377474, 297.67800000106416
326.5626236479314, 864.7684759849025
93.52814192627801, 275.60415022242194
354.4340694282535, 998.7552992727174
265.7424460174625, 255.40125087470796

<adjacency matrix with truck distances>
1, 2, 139.0,145.0,1
2, 1, 139.0,145.0,1
1, 3, 758.0,1033.0,1
3, 1, 758.0,1033.0,1
1, 4, 219.0,304.0,-1
4, 1, 219.0,304.0,-1
1, 5, 668.0,840.0,-1
5, 1, 668.0,840.0,-1
1, 6, 355.0,502.0,1
6, 1, 355.0,502.0,1
1, 7, 189.0,199.0,1
7, 1, 189.0,199.0,1
1, 8, 529.0,705.0,-1
8, 1, 529.0,705.0,-1
1, 9, 435.0,557.0,-1
9, 1, 435.0,557.0,-1
1, 10, 365.0,366.0,1
10, 1, 365.0,366.0,1
1, 11, 701.0,973.0,-1
11, 1, 701.0,973.0,-1
1, 12, 82.0,107.0,1
12, 1, 82.0,107.0,1
1, 13, 695.0,951.0,-1
13, 1, 695.0,951.0,-1
1, 14, 584.0,595.0,-1
14, 1, 584.0,595.0,-1
1, 15, 802.0,1057.0,-1
15, 1, 802.0,1057.0,-1
1, 16, 412.0,422.0,-1
16, 1, 412.0,422.0,-1
1, 1, 0.0,0.0,1
2, 3, 694.0,889.0,-1
3, 2, 694.0,889.0,-1
2, 4, 344.0,448.0,-1
4, 2, 344.0,448.0,-1
2, 5, 634.0,696.0,-1
5, 2, 634.0,696.0,-1
2, 6, 270.0,358.0,1
6, 2, 270.0,358.0,1
2, 7, 52.0,66.0,1
7, 2, 52.0,66.0,1
2, 8, 405.0,561.0,-1
8, 2, 405.0,561.0,-1
2, 9, 306.0,412.0,-1
9, 2, 306.0,412.0,-1
2, 10, 386.0,499.0,-1
10, 2, 386.0,499.0,-1
2, 11, 628.0,829.0,1
11, 2, 628.0,829.0,1
2, 12, 70.0,92.0,1
12, 2, 70.0,92.0,1
2, 13, 631.0,806.0,-1
13, 2, 631.0,806.0,-1
2, 14, 445.0,450.0,-1
14, 2, 445.0,450.0,-1
2, 15, 751.0,912.0,1
15, 2, 751.0,912.0,1
2, 16, 274.0,288.0,-1
16, 2, 274.0,288.0,-1
2, 2, 0.0,0.0,1
3, 4, 959.0,1336.0,-1
4, 3, 959.0,1336.0,-1
3, 5, 173.0,194.0,-1
5, 3, 173.0,194.0,-1
3, 6, 427.0,531.0,1
6, 3, 427.0,531.0,1
3, 7, 695.0,856.0,-1
7, 3, 695.0,856.0,-1
3, 8, 443.0,534.0,-1
8, 3, 443.0,534.0,-1
3, 9, 513.0,546.0,1
9, 3, 513.0,546.0,1
3, 10, 477.0,670.0,-1
10, 3, 477.0,670.0,-1
3, 11, 83.0,100.0,-1
11, 3, 83.0,100.0,-1
3, 12, 694.0,926.0,-1
12, 3, 694.0,926.0,-1
3, 13, 64.0,83.0,-1
13, 3, 64.0,83.0,-1
3, 14, 681.0,857.0,-1
14, 3, 681.0,857.0,-1
3, 15, 92.0,128.0,-1
15, 3, 92.0,128.0,-1
3, 16, 669.0,705.0,-1
16, 3, 669.0,705.0,-1
3, 3, 0.0,0.0,1
4, 5, 851.0,1143.0,-1
5, 4, 851.0,1143.0,-1
4, 6, 571.0,806.0,-1
6, 4, 571.0,806.0,-1
4, 7, 385.0,481.0,-1
7, 4, 385.0,481.0,-1
4, 8, 745.0,1008.0,1
8, 4, 745.0,1008.0,1
4, 9, 649.0,860.0,1
9, 4, 649.0,860.0,1
4, 10, 520.0,667.0,-1
10, 4, 520.0,667.0,-1
4, 11, 907.0,1276.0,-1
11, 4, 907.0,1276.0,-1
4, 12, 299.0,410.0,-1
12, 4, 299.0,410.0,-1
4, 13, 897.0,1254.0,1
13, 4, 897.0,1254.0,1
4, 14, 776.0,898.0,-1
14, 4, 776.0,898.0,-1
4, 15, 994.0,1360.0,-1
15, 4, 994.0,1360.0,-1
4, 16, 603.0,705.0,-1
16, 4, 603.0,705.0,-1
4, 4, 0.0,0.0,1
5, 6, 390.0,436.0,1
6, 5, 390.0,436.0,1
5, 7, 647.0,663.0,-1
7, 5, 647.0,663.0,-1
5, 8, 493.0,683.0,1
8, 5, 493.0,683.0,1
5, 9, 531.0,696.0,-1
9, 5, 531.0,696.0,-1
5, 10, 340.0,476.0,1
10, 5, 340.0,476.0,1
5, 11, 200.0,250.0,-1
11, 5, 200.0,250.0,-1
5, 12, 618.0,733.0,1
12, 5, 618.0,733.0,1
5, 13, 152.0,184.0,-1
13, 5, 152.0,184.0,-1
5, 14, 733.0,1006.0,-1
14, 5, 733.0,1006.0,-1
5, 15, 155.0,217.0,-1
15, 5, 155.0,217.0,-1
5, 16, 679.0,854.0,-1
16, 5, 679.0,854.0,-1
5, 5, 0.0,0.0,1
6, 7, 268.0,325.0,-1
7, 6, 268.0,325.0,-1
6, 8, 227.0,248.0,1
8, 6, 227.0,248.0,1
6, 9, 188.0,260.0,-1
9, 6, 188.0,260.0,-1
6, 10, 279.0,369.0,1
10, 6, 279.0,369.0,1
6, 11, 359.0,471.0,-1
11, 6, 359.0,471.0,-1
6, 12, 281.0,396.0,1
12, 6, 281.0,396.0,1
6, 13, 364.0,449.0,1
13, 6, 364.0,449.0,1
6, 14, 409.0,571.0,-1
14, 6, 409.0,571.0,-1
6, 15, 490.0,555.0,-1
15, 6, 490.0,555.0,-1
6, 16, 305.0,419.0,1
16, 6, 305.0,419.0,1
6, 6, 0.0,0.0,1
7, 8, 375.0,528.0,1
8, 7, 375.0,528.0,1
7, 9, 272.0,379.0,-1
9, 7, 272.0,379.0,-1
7, 10, 420.0,564.0,-1
10, 7, 420.0,564.0,-1
7, 11, 624.0,796.0,-1
11, 7, 624.0,796.0,-1
7, 12, 122.0,157.0,1
12, 7, 122.0,157.0,1
7, 13, 632.0,773.0,-1
13, 7, 632.0,773.0,-1
7, 14, 397.0,417.0,1
14, 7, 397.0,417.0,1
7, 15, 757.0,879.0,-1
15, 7, 757.0,879.0,-1
7, 16, 224.0,225.0,-1
16, 7, 224.0,225.0,-1
7, 7, 0.0,0.0,1
8, 9, 106.0,149.0,-1
9, 8, 106.0,149.0,-1
8, 10, 498.0,616.0,-1
10, 8, 498.0,616.0,-1
8, 11, 361.0,434.0,1
11, 8, 361.0,434.0,1
8, 12, 448.0,598.0,-1
12, 8, 448.0,598.0,-1
8, 13, 394.0,500.0,1
13, 8, 394.0,500.0,1
8, 14, 242.0,323.0,-1
14, 8, 242.0,323.0,-1
8, 15, 530.0,662.0,-1
15, 8, 530.0,662.0,-1
8, 16, 247.0,304.0,-1
16, 8, 247.0,304.0,-1
8, 8, 0.0,0.0,1
9, 10, 465.0,629.0,1
10, 9, 465.0,629.0,1
9, 11, 432.0,447.0,-1
11, 9, 432.0,447.0,-1
9, 12, 355.0,450.0,-1
12, 9, 355.0,450.0,-1
9, 13, 457.0,512.0,-1
13, 9, 457.0,512.0,-1
9, 14, 222.0,311.0,-1
14, 9, 222.0,311.0,-1
9, 15, 594.0,674.0,-1
15, 9, 594.0,674.0,-1
9, 16, 157.0,159.0,-1
16, 9, 157.0,159.0,-1
9, 9, 0.0,0.0,1
10, 11, 450.0,610.0,-1
11, 10, 450.0,610.0,-1
10, 12, 341.0,408.0,-1
12, 10, 341.0,408.0,-1
10, 13, 423.0,587.0,-1
13, 10, 423.0,587.0,-1
10, 14, 684.0,939.0,-1
14, 10, 684.0,939.0,-1
10, 15, 491.0,693.0,-1
15, 10, 491.0,693.0,-1
10, 16, 557.0,787.0,1
16, 10, 557.0,787.0,1
10, 10, 0.0,0.0,1
11, 12, 633.0,866.0,-1
12, 11, 633.0,866.0,-1
11, 13, 49.0,66.0,-1
13, 11, 49.0,66.0,-1
11, 14, 599.0,757.0,-1
14, 11, 599.0,757.0,-1
11, 15, 172.0,228.0,-1
15, 11, 172.0,228.0,-1
11, 16, 589.0,605.0,-1
16, 11, 589.0,605.0,-1
11, 11, 0.0,0.0,1
12, 13, 631.0,844.0,1
13, 12, 631.0,844.0,1
12, 14, 510.0,532.0,1
14, 12, 510.0,532.0,1
12, 15, 744.0,950.0,-1
15, 12, 744.0,950.0,-1
12, 16, 340.0,380.0,-1
16, 12, 340.0,380.0,-1
12, 12, 0.0,0.0,1
13, 14, 634.0,823.0,-1
14, 13, 634.0,823.0,-1
13, 15, 137.0,162.0,1
15, 13, 137.0,162.0,1
13, 16, 613.0,671.0,-1
16, 13, 613.0,671.0,-1
13, 13, 0.0,0.0,1
14, 15, 769.0,985.0,-1
15, 14, 769.0,985.0,-1
14, 16, 174.0,193.0,-1
16, 14, 174.0,193.0,-1
14, 14, 0.0,0.0,1
15, 16, 749.0,833.0,1
16, 15, 749.0,833.0,1
15, 15, 0.0,0.0,1
16, 16, 0.0,0.0,1


<end>