<number of nodes>
16

<ratio of available edges>
0.3

<max length of the drone flight>
100000 

<D 2/3>
1, 2, 4, 6, 7, 8, 9, 10, 12, 15, 16

<V>
9, 10, 12, 15, 16

<coordinates X,Y>
326.4742969771484, 644.8320434931162
335.930026308836, 404.9225763391175
178.07026913257667, 722.605730011389
60.61944818095041, 691.3409588988061
209.7582210079748, 193.4447528260215
657.5804210625178, 706.0194051282449
57.70313501742932, 643.2724908975352
46.784290708990525, 183.89214838609882
774.758903800624, 927.5102017905916
681.3221771476332, 119.55217155508133
137.61701835377698, 2.8978663512672242
209.6204033788933, 474.1032796943406
661.5169715382456, 392.57166955905177
233.8619916041337, 486.1603409391622
719.7186831278333, 508.3371214494906
577.9251817300162, 503.1428341192496

<adjacency matrix with truck distances>
1, 2, 241.0,250.0,-1
2, 1, 241.0,250.0,-1
1, 3, 168.0,227.0,-1
3, 1, 168.0,227.0,-1
1, 4, 270.0,313.0,-1
4, 1, 270.0,313.0,-1
1, 5, 467.0,569.0,-1
5, 1, 467.0,569.0,-1
1, 6, 337.0,393.0,-1
6, 1, 337.0,393.0,-1
1, 7, 269.0,271.0,1
7, 1, 269.0,271.0,1
1, 8, 540.0,741.0,-1
8, 1, 540.0,741.0,-1
1, 9, 530.0,731.0,-1
9, 1, 530.0,731.0,-1
1, 10, 634.0,881.0,1
10, 1, 634.0,881.0,1
1, 11, 670.0,831.0,-1
11, 1, 670.0,831.0,-1
1, 12, 207.0,288.0,-1
12, 1, 207.0,288.0,-1
1, 13, 420.0,588.0,1
13, 1, 420.0,588.0,1
1, 14, 184.0,252.0,-1
14, 1, 184.0,252.0,-1
1, 15, 417.0,530.0,1
15, 1, 417.0,530.0,1
1, 16, 289.0,394.0,-1
16, 1, 289.0,394.0,-1
1, 1, 0.0,0.0,1
2, 3, 355.0,476.0,-1
3, 2, 355.0,476.0,-1
2, 4, 398.0,562.0,-1
4, 2, 398.0,562.0,-1
2, 5, 247.0,338.0,-1
5, 2, 247.0,338.0,-1
2, 6, 441.0,623.0,-1
6, 2, 441.0,623.0,-1
2, 7, 367.0,517.0,-1
7, 2, 367.0,517.0,-1
2, 8, 364.0,511.0,-1
8, 2, 364.0,511.0,-1
2, 9, 683.0,962.0,-1
9, 2, 683.0,962.0,-1
2, 10, 449.0,631.0,-1
10, 2, 449.0,631.0,-1
2, 11, 449.0,601.0,1
11, 2, 449.0,601.0,1
2, 12, 145.0,196.0,-1
12, 2, 145.0,196.0,-1
2, 13, 326.0,338.0,1
13, 2, 326.0,338.0,1
2, 14, 131.0,184.0,-1
14, 2, 131.0,184.0,-1
2, 15, 398.0,488.0,1
15, 2, 398.0,488.0,1
2, 16, 262.0,341.0,-1
16, 2, 262.0,341.0,-1
2, 2, 0.0,0.0,1
3, 4, 122.0,149.0,-1
4, 3, 122.0,149.0,-1
3, 5, 531.0,561.0,1
5, 3, 531.0,561.0,1
3, 6, 480.0,497.0,-1
6, 3, 480.0,497.0,-1
3, 7, 145.0,200.0,1
7, 3, 145.0,200.0,1
3, 8, 555.0,670.0,1
8, 3, 555.0,670.0,1
3, 9, 631.0,802.0,-1
9, 3, 631.0,802.0,-1
3, 10, 786.0,1107.0,-1
10, 3, 786.0,1107.0,-1
3, 11, 721.0,761.0,1
11, 3, 721.0,761.0,1
3, 12, 251.0,281.0,-1
12, 3, 251.0,281.0,-1
3, 13, 586.0,814.0,-1
13, 3, 586.0,814.0,-1
3, 14, 243.0,293.0,1
14, 3, 243.0,293.0,1
3, 15, 583.0,756.0,-1
15, 3, 583.0,756.0,-1
3, 16, 457.0,620.0,1
16, 3, 457.0,620.0,1
3, 3, 0.0,0.0,1
4, 5, 520.0,648.0,-1
5, 4, 520.0,648.0,-1
4, 6, 598.0,612.0,-1
6, 4, 598.0,612.0,-1
4, 7, 49.0,51.0,-1
7, 4, 49.0,51.0,-1
4, 8, 508.0,522.0,1
8, 4, 508.0,522.0,1
4, 9, 753.0,951.0,1
9, 4, 753.0,951.0,1
4, 10, 844.0,1193.0,-1
10, 4, 844.0,1193.0,-1
4, 11, 693.0,766.0,-1
11, 4, 693.0,766.0,-1
4, 12, 264.0,367.0,1
12, 4, 264.0,367.0,1
4, 13, 672.0,900.0,1
13, 4, 672.0,900.0,1
4, 14, 269.0,379.0,-1
14, 4, 269.0,379.0,-1
4, 15, 685.0,843.0,-1
15, 4, 685.0,843.0,-1
4, 16, 551.0,706.0,-1
16, 4, 551.0,706.0,-1
4, 4, 0.0,0.0,1
5, 6, 681.0,961.0,-1
6, 5, 681.0,961.0,-1
5, 7, 475.0,602.0,-1
7, 5, 475.0,602.0,-1
5, 8, 164.0,173.0,1
8, 5, 164.0,173.0,1
5, 9, 927.0,1300.0,-1
9, 5, 927.0,1300.0,-1
5, 10, 478.0,546.0,1
10, 5, 478.0,546.0,1
5, 11, 204.0,263.0,-1
11, 5, 204.0,263.0,-1
5, 12, 281.0,281.0,1
12, 5, 281.0,281.0,1
5, 13, 494.0,651.0,-1
13, 5, 494.0,651.0,-1
5, 14, 294.0,317.0,-1
14, 5, 294.0,317.0,-1
5, 15, 600.0,825.0,-1
15, 5, 600.0,825.0,-1
5, 16, 482.0,678.0,1
16, 5, 482.0,678.0,1
5, 5, 0.0,0.0,1
6, 7, 604.0,663.0,-1
7, 6, 604.0,663.0,-1
6, 8, 804.0,1133.0,-1
8, 6, 804.0,1133.0,-1
6, 9, 251.0,339.0,1
9, 6, 251.0,339.0,1
6, 10, 587.0,611.0,-1
10, 6, 587.0,611.0,-1
6, 11, 875.0,1224.0,-1
11, 6, 875.0,1224.0,-1
6, 12, 505.0,680.0,1
12, 6, 505.0,680.0,1
6, 13, 314.0,318.0,-1
13, 6, 314.0,318.0,-1
6, 14, 478.0,644.0,-1
14, 6, 478.0,644.0,-1
6, 15, 208.0,260.0,-1
15, 6, 208.0,260.0,-1
6, 16, 218.0,283.0,-1
16, 6, 218.0,283.0,-1
6, 6, 0.0,0.0,1
7, 8, 460.0,471.0,-1
8, 7, 460.0,471.0,-1
7, 9, 772.0,1002.0,-1
9, 7, 772.0,1002.0,-1
7, 10, 815.0,1148.0,-1
10, 7, 815.0,1148.0,-1
7, 11, 646.0,721.0,1
11, 7, 646.0,721.0,1
7, 12, 228.0,322.0,-1
12, 7, 228.0,322.0,-1
7, 13, 654.0,855.0,-1
13, 7, 654.0,855.0,-1
7, 14, 237.0,334.0,-1
14, 7, 237.0,334.0,-1
7, 15, 676.0,797.0,1
15, 7, 676.0,797.0,1
7, 16, 539.0,661.0,-1
16, 7, 539.0,661.0,-1
7, 7, 0.0,0.0,1
8, 9, 1041.0,1472.0,-1
9, 8, 1041.0,1472.0,-1
8, 10, 638.0,699.0,-1
10, 8, 638.0,699.0,-1
8, 11, 203.0,272.0,1
11, 8, 203.0,272.0,1
8, 12, 333.0,454.0,-1
12, 8, 333.0,454.0,-1
8, 13, 650.0,824.0,1
13, 8, 650.0,824.0,1
8, 14, 356.0,490.0,1
14, 8, 356.0,490.0,1
8, 15, 748.0,998.0,1
15, 8, 748.0,998.0,1
8, 16, 620.0,851.0,-1
16, 8, 620.0,851.0,-1
8, 8, 0.0,0.0,1
9, 10, 814.0,902.0,1
10, 9, 814.0,902.0,1
9, 11, 1123.0,1562.0,-1
11, 9, 1123.0,1562.0,-1
9, 12, 725.0,1019.0,-1
12, 9, 725.0,1019.0,-1
9, 13, 547.0,649.0,-1
13, 9, 547.0,649.0,-1
9, 14, 699.0,983.0,-1
14, 9, 699.0,983.0,-1
9, 15, 423.0,475.0,-1
15, 9, 423.0,475.0,-1
9, 16, 468.0,622.0,-1
16, 9, 468.0,622.0,-1
9, 9, 0.0,0.0,1
10, 11, 557.0,661.0,-1
11, 10, 557.0,661.0,-1
10, 12, 591.0,827.0,-1
12, 10, 591.0,827.0,-1
10, 13, 274.0,293.0,1
13, 10, 274.0,293.0,1
10, 14, 579.0,815.0,-1
14, 10, 579.0,815.0,-1
10, 15, 391.0,428.0,1
15, 10, 391.0,428.0,1
10, 16, 398.0,487.0,-1
16, 10, 398.0,487.0,-1
10, 10, 0.0,0.0,1
11, 12, 477.0,544.0,-1
12, 11, 477.0,544.0,-1
11, 13, 653.0,914.0,1
13, 11, 653.0,914.0,1
11, 14, 493.0,580.0,-1
14, 11, 493.0,580.0,-1
11, 15, 771.0,1088.0,-1
15, 11, 771.0,1088.0,-1
11, 16, 667.0,941.0,1
16, 11, 667.0,941.0,1
11, 11, 0.0,0.0,1
12, 13, 460.0,534.0,-1
13, 12, 460.0,534.0,-1
12, 14, 28.0,37.0,-1
14, 12, 28.0,37.0,-1
12, 15, 512.0,545.0,1
15, 12, 512.0,545.0,1
12, 16, 370.0,398.0,-1
16, 12, 370.0,398.0,-1
12, 12, 0.0,0.0,1
13, 14, 438.0,522.0,-1
14, 13, 438.0,522.0,-1
13, 15, 130.0,174.0,-1
15, 13, 130.0,174.0,-1
13, 16, 139.0,195.0,-1
16, 13, 139.0,195.0,-1
13, 13, 0.0,0.0,1
14, 15, 487.0,509.0,-1
15, 14, 487.0,509.0,-1
14, 16, 345.0,362.0,-1
16, 14, 345.0,362.0,-1
14, 14, 0.0,0.0,1
15, 16, 142.0,147.0,1
16, 15, 142.0,147.0,1
15, 15, 0.0,0.0,1
16, 16, 0.0,0.0,1


<end>