<number of nodes>
16

<ratio of available edges>
0.3

<max length of the drone flight>
100000 

<D 2/3>
1, 3, 4, 5, 7, 10, 12, 13, 14, 15, 16

<V>
4, 5, 12, 14, 15

<coordinates X,Y>
220.2018880822995, 720.3272067398055
155.4528973289225, 756.8538887314123
273.74100421653134, 140.59242012828975
193.03586301968946, 954.2491704073337
648.5469639708932, 293.73973197248495
945.172463391187, 521.4749833794195
695.0091384243295, 609.8823482137976
58.65414436310361, 842.6958743417825
555.3786010407995, 286.14838863826037
147.43608977256946, 923.0407509348432
877.3791371386072, 811.0811866382321
749.3228310755155, 875.886982438412
819.5751730597467, 949.6253418065203
632.6611441826299, 383.6913611426602
749.5703262099804, 378.1053733214411
74.4349116000369, 185.25449916448045

<adjacency matrix with truck distances>
1, 2, 75.0,102.0,-1
2, 1, 75.0,102.0,-1
1, 3, 583.0,634.0,-1
3, 1, 583.0,634.0,-1
1, 4, 236.0,262.0,1
4, 1, 236.0,262.0,1
1, 5, 605.0,855.0,-1
5, 1, 605.0,855.0,-1
1, 6, 752.0,924.0,-1
6, 1, 752.0,924.0,-1
1, 7, 488.0,586.0,1
7, 1, 488.0,586.0,1
1, 8, 203.0,284.0,-1
8, 1, 203.0,284.0,-1
1, 9, 549.0,770.0,-1
9, 1, 549.0,770.0,-1
1, 10, 216.0,276.0,1
10, 1, 216.0,276.0,1
1, 11, 664.0,748.0,1
11, 1, 664.0,748.0,1
1, 12, 552.0,685.0,-1
12, 1, 552.0,685.0,-1
1, 13, 642.0,829.0,-1
13, 1, 642.0,829.0,-1
1, 14, 533.0,750.0,-1
14, 1, 533.0,750.0,-1
1, 15, 631.0,872.0,-1
15, 1, 631.0,872.0,-1
1, 16, 555.0,681.0,1
16, 1, 555.0,681.0,1
1, 1, 0.0,0.0,1
2, 3, 628.0,735.0,1
3, 2, 628.0,735.0,1
2, 4, 201.0,235.0,-1
4, 2, 201.0,235.0,-1
2, 5, 677.0,957.0,1
5, 2, 677.0,957.0,1
2, 6, 825.0,1026.0,-1
6, 2, 825.0,1026.0,-1
2, 7, 560.0,687.0,1
7, 2, 560.0,687.0,1
2, 8, 130.0,183.0,-1
8, 2, 130.0,183.0,-1
2, 9, 618.0,871.0,1
9, 2, 618.0,871.0,1
2, 10, 167.0,175.0,1
10, 2, 167.0,175.0,1
2, 11, 724.0,777.0,1
11, 2, 724.0,777.0,1
2, 12, 606.0,713.0,-1
12, 2, 606.0,713.0,-1
2, 13, 692.0,857.0,-1
13, 2, 692.0,857.0,-1
2, 14, 606.0,851.0,-1
14, 2, 606.0,851.0,-1
2, 15, 705.0,973.0,-1
15, 2, 705.0,973.0,-1
2, 16, 578.0,653.0,-1
16, 2, 578.0,653.0,-1
2, 2, 0.0,0.0,1
3, 4, 818.0,895.0,-1
4, 3, 818.0,895.0,-1
3, 5, 405.0,528.0,-1
5, 3, 405.0,528.0,-1
3, 6, 772.0,1053.0,-1
6, 3, 772.0,1053.0,-1
3, 7, 631.0,891.0,-1
7, 3, 631.0,891.0,-1
3, 8, 735.0,918.0,1
8, 3, 735.0,918.0,1
3, 9, 318.0,428.0,-1
9, 3, 318.0,428.0,-1
3, 10, 793.0,909.0,-1
10, 3, 793.0,909.0,-1
3, 11, 903.0,1275.0,-1
11, 3, 903.0,1275.0,-1
3, 12, 876.0,1211.0,-1
12, 3, 876.0,1211.0,-1
3, 13, 976.0,1355.0,-1
13, 3, 976.0,1355.0,-1
3, 14, 434.0,603.0,-1
14, 3, 434.0,603.0,-1
3, 15, 532.0,714.0,-1
15, 3, 532.0,714.0,-1
3, 16, 205.0,244.0,-1
16, 3, 205.0,244.0,-1
3, 3, 0.0,0.0,1
4, 5, 803.0,1117.0,1
5, 4, 803.0,1117.0,1
4, 6, 868.0,1185.0,1
6, 4, 868.0,1185.0,1
4, 7, 609.0,847.0,1
7, 4, 609.0,847.0,1
4, 8, 175.0,246.0,-1
8, 4, 175.0,246.0,-1
4, 9, 761.0,1031.0,1
9, 4, 761.0,1031.0,1
4, 10, 56.0,77.0,-1
10, 4, 56.0,77.0,-1
4, 11, 700.0,828.0,1
11, 4, 700.0,828.0,1
4, 12, 562.0,635.0,-1
12, 4, 562.0,635.0,-1
4, 13, 627.0,632.0,1
13, 4, 627.0,632.0,1
4, 14, 721.0,1011.0,1
14, 4, 721.0,1011.0,1
4, 15, 802.0,1133.0,1
15, 4, 802.0,1133.0,1
4, 16, 779.0,888.0,-1
16, 4, 779.0,888.0,-1
4, 4, 0.0,0.0,1
5, 6, 374.0,525.0,-1
6, 5, 374.0,525.0,-1
5, 7, 320.0,363.0,1
7, 5, 320.0,363.0,1
5, 8, 806.0,1139.0,-1
8, 5, 806.0,1139.0,-1
5, 9, 94.0,101.0,-1
9, 5, 94.0,101.0,-1
5, 10, 805.0,1131.0,1
10, 5, 805.0,1131.0,1
5, 11, 566.0,747.0,-1
11, 5, 566.0,747.0,-1
5, 12, 591.0,683.0,-1
12, 5, 591.0,683.0,-1
5, 13, 678.0,827.0,-1
13, 5, 678.0,827.0,-1
5, 14, 92.0,106.0,-1
14, 5, 92.0,106.0,-1
5, 15, 132.0,186.0,1
15, 5, 132.0,186.0,1
5, 16, 585.0,683.0,-1
16, 5, 585.0,683.0,-1
5, 5, 0.0,0.0,1
6, 7, 266.0,339.0,1
7, 6, 266.0,339.0,1
6, 8, 943.0,1208.0,1
8, 6, 943.0,1208.0,1
6, 9, 456.0,626.0,-1
9, 6, 456.0,626.0,-1
6, 10, 894.0,1200.0,-1
10, 6, 894.0,1200.0,-1
6, 11, 298.0,358.0,-1
11, 6, 298.0,358.0,-1
6, 12, 405.0,551.0,-1
12, 6, 405.0,551.0,-1
6, 13, 447.0,554.0,-1
13, 6, 447.0,554.0,-1
6, 14, 342.0,451.0,-1
14, 6, 342.0,451.0,-1
6, 15, 243.0,339.0,1
15, 6, 243.0,339.0,1
6, 16, 934.0,1207.0,1
16, 6, 934.0,1207.0,1
6, 6, 0.0,0.0,1
7, 8, 678.0,870.0,-1
8, 7, 678.0,870.0,-1
7, 9, 353.0,464.0,-1
9, 7, 353.0,464.0,-1
7, 10, 631.0,861.0,-1
10, 7, 631.0,861.0,-1
7, 11, 272.0,384.0,-1
11, 7, 272.0,384.0,-1
7, 12, 272.0,321.0,-1
12, 7, 272.0,321.0,-1
7, 13, 362.0,465.0,-1
13, 7, 362.0,465.0,-1
7, 14, 235.0,289.0,-1
14, 7, 235.0,289.0,-1
7, 15, 239.0,287.0,1
15, 7, 239.0,287.0,1
7, 16, 752.0,1046.0,-1
16, 7, 752.0,1046.0,-1
7, 7, 0.0,0.0,1
8, 9, 746.0,1054.0,-1
9, 8, 746.0,1054.0,-1
8, 10, 120.0,170.0,-1
10, 8, 120.0,170.0,-1
8, 11, 820.0,851.0,-1
11, 8, 820.0,851.0,-1
8, 12, 692.0,724.0,-1
12, 8, 692.0,724.0,-1
8, 13, 769.0,868.0,-1
13, 8, 769.0,868.0,-1
8, 14, 735.0,1034.0,-1
14, 8, 735.0,1034.0,-1
8, 15, 833.0,1156.0,-1
15, 8, 833.0,1156.0,-1
8, 16, 658.0,674.0,-1
16, 8, 658.0,674.0,-1
8, 8, 0.0,0.0,1
9, 10, 757.0,1045.0,1
10, 9, 757.0,1045.0,1
9, 11, 616.0,847.0,1
11, 9, 616.0,847.0,1
9, 12, 621.0,784.0,-1
12, 9, 621.0,784.0,-1
9, 13, 715.0,928.0,-1
13, 9, 715.0,928.0,-1
9, 14, 125.0,175.0,1
14, 9, 125.0,175.0,1
9, 15, 215.0,287.0,-1
15, 9, 215.0,287.0,-1
9, 16, 492.0,582.0,-1
16, 9, 492.0,582.0,-1
9, 9, 0.0,0.0,1
10, 11, 739.0,842.0,1
11, 10, 739.0,842.0,1
10, 12, 604.0,650.0,-1
12, 10, 604.0,650.0,-1
10, 13, 673.0,699.0,-1
13, 10, 673.0,699.0,-1
10, 14, 726.0,1025.0,1
14, 10, 726.0,1025.0,1
10, 15, 813.0,1148.0,-1
15, 10, 813.0,1148.0,-1
10, 16, 742.0,811.0,-1
16, 10, 742.0,811.0,-1
10, 10, 0.0,0.0,1
11, 12, 144.0,193.0,-1
12, 11, 144.0,193.0,-1
11, 13, 151.0,197.0,-1
13, 11, 151.0,197.0,-1
11, 14, 493.0,673.0,1
14, 11, 493.0,673.0,1
11, 15, 452.0,561.0,1
15, 11, 452.0,561.0,1
11, 16, 1019.0,1429.0,-1
16, 11, 1019.0,1429.0,-1
11, 11, 0.0,0.0,1
12, 13, 102.0,144.0,1
13, 12, 102.0,144.0,1
12, 14, 506.0,609.0,-1
14, 12, 506.0,609.0,-1
12, 15, 498.0,499.0,-1
15, 12, 498.0,499.0,-1
12, 16, 966.0,1366.0,-1
16, 12, 966.0,1366.0,-1
12, 12, 0.0,0.0,1
13, 14, 597.0,753.0,-1
14, 13, 597.0,753.0,-1
13, 15, 576.0,642.0,-1
15, 13, 576.0,642.0,-1
13, 16, 1068.0,1510.0,-1
16, 13, 1068.0,1510.0,-1
13, 13, 0.0,0.0,1
14, 15, 118.0,123.0,-1
15, 14, 118.0,123.0,-1
14, 16, 593.0,757.0,-1
16, 14, 593.0,757.0,-1
14, 14, 0.0,0.0,1
15, 16, 703.0,868.0,-1
16, 15, 703.0,868.0,-1
15, 15, 0.0,0.0,1
16, 16, 0.0,0.0,1


<end>