<number of nodes>
16

<ratio of available edges>
0.3

<max length of the drone flight>
100000 

<D 2/3>
1, 2, 3, 4, 9, 11, 12, 13, 14, 15, 16

<V>
3, 9, 11, 13, 15

<coordinates X,Y>
708.3152007692756, 266.755287104835
354.9604459620645, 412.56804689437814
483.73059650986244, 132.80486064537834
318.2599575381734, 153.0553547310911
52.76833269996938, 363.32457232548484
432.227354062892, 420.8604238364282
742.1570121781488, 55.2760848697895
254.04245139372526, 506.5126770126325
916.6067617937709, 687.9160709263825
59.99506086294901, 345.48014819559995
54.32612804128394, 954.527469453172
420.32692635873536, 876.6439414028874
582.4639483346585, 265.26227646047596
694.3999781767519, 954.0224833456946
317.2235169925428, 35.04391174611176
828.4417220902056, 900.2992087673445

<adjacency matrix with truck distances>
1, 2, 383.0,500.0,-1
2, 1, 383.0,500.0,-1
1, 3, 262.0,359.0,1
3, 1, 262.0,359.0,1
1, 4, 407.0,504.0,-1
4, 1, 407.0,504.0,-1
1, 5, 663.0,753.0,1
5, 1, 663.0,753.0,1
1, 6, 317.0,431.0,-1
6, 1, 317.0,431.0,-1
1, 7, 215.0,246.0,-1
7, 1, 215.0,246.0,-1
1, 8, 514.0,695.0,-1
8, 1, 514.0,695.0,-1
1, 9, 470.0,630.0,-1
9, 1, 470.0,630.0,-1
1, 10, 654.0,728.0,1
10, 1, 654.0,728.0,1
1, 11, 950.0,1342.0,-1
11, 1, 950.0,1342.0,-1
1, 12, 675.0,898.0,-1
12, 1, 675.0,898.0,-1
1, 13, 126.0,128.0,1
13, 1, 126.0,128.0,1
1, 14, 688.0,702.0,1
14, 1, 688.0,702.0,1
1, 15, 455.0,623.0,1
15, 1, 455.0,623.0,1
1, 16, 645.0,754.0,-1
16, 1, 645.0,754.0,-1
1, 1, 0.0,0.0,1
2, 3, 308.0,409.0,-1
3, 2, 308.0,409.0,-1
2, 4, 263.0,297.0,1
4, 2, 263.0,297.0,1
2, 5, 307.0,352.0,-1
5, 2, 307.0,352.0,-1
2, 6, 78.0,86.0,1
6, 2, 78.0,86.0,1
2, 7, 527.0,745.0,-1
7, 2, 527.0,745.0,-1
2, 8, 138.0,195.0,-1
8, 2, 138.0,195.0,-1
2, 9, 626.0,837.0,-1
9, 2, 626.0,837.0,-1
2, 10, 303.0,363.0,-1
10, 2, 303.0,363.0,-1
2, 11, 620.0,843.0,1
11, 2, 620.0,843.0,1
2, 12, 469.0,530.0,-1
12, 2, 469.0,530.0,-1
2, 13, 272.0,375.0,-1
13, 2, 272.0,375.0,-1
2, 14, 640.0,881.0,-1
14, 2, 640.0,881.0,-1
2, 15, 380.0,416.0,-1
15, 2, 380.0,416.0,-1
2, 16, 680.0,962.0,-1
16, 2, 680.0,962.0,-1
2, 2, 0.0,0.0,1
3, 4, 167.0,186.0,-1
4, 3, 167.0,186.0,-1
3, 5, 489.0,662.0,1
5, 3, 489.0,662.0,1
3, 6, 293.0,340.0,1
6, 3, 293.0,340.0,1
3, 7, 270.0,336.0,-1
7, 3, 270.0,336.0,-1
3, 8, 439.0,604.0,-1
8, 3, 439.0,604.0,-1
3, 9, 704.0,988.0,1
9, 3, 704.0,988.0,1
3, 10, 475.0,637.0,-1
10, 3, 475.0,637.0,-1
3, 11, 928.0,1252.0,-1
11, 3, 928.0,1252.0,-1
3, 12, 747.0,808.0,-1
12, 3, 747.0,808.0,-1
3, 13, 166.0,232.0,-1
13, 3, 166.0,232.0,-1
3, 14, 848.0,1032.0,1
14, 3, 848.0,1032.0,1
3, 15, 194.0,265.0,-1
15, 3, 194.0,265.0,-1
3, 16, 842.0,1113.0,-1
16, 3, 842.0,1113.0,-1
3, 3, 0.0,0.0,1
4, 5, 339.0,476.0,1
5, 4, 339.0,476.0,1
4, 6, 292.0,382.0,1
6, 4, 292.0,382.0,1
4, 7, 436.0,522.0,-1
7, 4, 436.0,522.0,-1
4, 8, 360.0,418.0,-1
8, 4, 360.0,418.0,-1
4, 9, 803.0,1134.0,1
9, 4, 803.0,1134.0,1
4, 10, 323.0,451.0,-1
10, 4, 323.0,451.0,-1
4, 11, 844.0,1066.0,-1
11, 4, 844.0,1066.0,-1
4, 12, 731.0,826.0,1
12, 4, 731.0,826.0,1
4, 13, 288.0,377.0,-1
13, 4, 288.0,377.0,-1
4, 14, 885.0,1178.0,1
14, 4, 885.0,1178.0,1
4, 15, 119.0,120.0,-1
15, 4, 119.0,120.0,-1
4, 16, 905.0,1258.0,-1
16, 4, 905.0,1258.0,-1
4, 4, 0.0,0.0,1
5, 6, 384.0,437.0,-1
6, 5, 384.0,437.0,-1
5, 7, 756.0,998.0,-1
7, 5, 756.0,998.0,-1
5, 8, 248.0,345.0,-1
8, 5, 248.0,345.0,-1
5, 9, 923.0,1189.0,-1
9, 5, 923.0,1189.0,-1
5, 10, 20.0,26.0,-1
10, 5, 20.0,26.0,-1
5, 11, 592.0,593.0,1
11, 5, 592.0,593.0,1
5, 12, 632.0,881.0,-1
12, 5, 632.0,881.0,-1
5, 13, 539.0,628.0,-1
13, 5, 539.0,628.0,-1
5, 14, 873.0,1233.0,1
14, 5, 873.0,1233.0,1
5, 15, 422.0,593.0,-1
15, 5, 422.0,593.0,-1
5, 16, 944.0,1313.0,-1
16, 5, 944.0,1313.0,-1
5, 5, 0.0,0.0,1
6, 7, 480.0,676.0,-1
7, 6, 480.0,676.0,-1
6, 8, 198.0,264.0,1
8, 6, 198.0,264.0,1
6, 9, 554.0,752.0,1
9, 6, 554.0,752.0,1
6, 10, 380.0,448.0,-1
10, 6, 380.0,448.0,-1
6, 11, 654.0,912.0,-1
11, 6, 654.0,912.0,-1
6, 12, 456.0,468.0,1
12, 6, 456.0,468.0,1
6, 13, 217.0,306.0,1
13, 6, 217.0,306.0,1
6, 14, 595.0,796.0,-1
14, 6, 595.0,796.0,-1
6, 15, 403.0,501.0,1
15, 6, 403.0,501.0,1
6, 16, 622.0,876.0,-1
16, 6, 622.0,876.0,-1
6, 6, 0.0,0.0,1
7, 8, 665.0,940.0,1
8, 7, 665.0,940.0,1
7, 9, 657.0,808.0,-1
9, 7, 657.0,808.0,-1
7, 10, 742.0,973.0,-1
10, 7, 742.0,973.0,-1
7, 11, 1133.0,1588.0,1
11, 7, 1133.0,1588.0,1
7, 12, 883.0,1144.0,-1
12, 7, 883.0,1144.0,-1
7, 13, 264.0,370.0,1
13, 7, 264.0,370.0,1
7, 14, 901.0,947.0,-1
14, 7, 901.0,947.0,-1
7, 15, 426.0,446.0,-1
15, 7, 426.0,446.0,-1
7, 16, 850.0,932.0,-1
16, 7, 850.0,932.0,-1
7, 7, 0.0,0.0,1
8, 9, 687.0,844.0,-1
9, 8, 687.0,844.0,-1
8, 10, 253.0,356.0,-1
10, 8, 253.0,356.0,-1
8, 11, 491.0,648.0,-1
11, 8, 491.0,648.0,-1
8, 12, 406.0,537.0,-1
12, 8, 406.0,537.0,-1
8, 13, 408.0,570.0,-1
13, 8, 408.0,570.0,-1
8, 14, 628.0,888.0,-1
14, 8, 628.0,888.0,-1
8, 15, 476.0,535.0,-1
15, 8, 476.0,535.0,-1
8, 16, 697.0,969.0,1
16, 8, 697.0,969.0,1
8, 8, 0.0,0.0,1
9, 10, 923.0,1200.0,-1
10, 9, 923.0,1200.0,-1
9, 11, 903.0,1129.0,-1
11, 9, 903.0,1129.0,-1
9, 12, 531.0,686.0,-1
12, 9, 531.0,686.0,-1
9, 13, 539.0,757.0,1
13, 9, 539.0,757.0,1
9, 14, 347.0,489.0,1
14, 9, 347.0,489.0,1
9, 15, 887.0,1253.0,-1
15, 9, 887.0,1253.0,-1
9, 16, 230.0,301.0,-1
16, 9, 230.0,301.0,-1
9, 9, 0.0,0.0,1
10, 11, 610.0,615.0,-1
11, 10, 610.0,615.0,-1
10, 12, 642.0,892.0,-1
12, 10, 642.0,892.0,-1
10, 13, 529.0,603.0,-1
13, 10, 529.0,603.0,-1
10, 14, 880.0,1243.0,-1
14, 10, 880.0,1243.0,-1
10, 15, 404.0,568.0,-1
15, 10, 404.0,568.0,-1
10, 16, 948.0,1324.0,-1
16, 10, 948.0,1324.0,-1
10, 10, 0.0,0.0,1
11, 12, 375.0,444.0,-1
12, 11, 375.0,444.0,-1
11, 13, 869.0,1218.0,1
13, 11, 869.0,1218.0,1
11, 14, 641.0,641.0,1
14, 11, 641.0,641.0,1
11, 15, 957.0,1183.0,-1
15, 11, 957.0,1183.0,-1
11, 16, 777.0,829.0,-1
16, 11, 777.0,829.0,-1
11, 11, 0.0,0.0,1
12, 13, 633.0,774.0,-1
13, 12, 633.0,774.0,-1
12, 14, 285.0,352.0,1
14, 12, 285.0,352.0,1
12, 15, 848.0,945.0,1
15, 12, 848.0,945.0,1
12, 16, 409.0,432.0,-1
16, 12, 409.0,432.0,-1
12, 12, 0.0,0.0,1
13, 14, 698.0,801.0,-1
14, 13, 698.0,801.0,-1
13, 15, 352.0,496.0,-1
15, 13, 352.0,496.0,-1
13, 16, 682.0,882.0,-1
16, 13, 682.0,882.0,-1
13, 13, 0.0,0.0,1
14, 15, 994.0,1297.0,-1
15, 14, 994.0,1297.0,-1
14, 16, 145.0,188.0,-1
16, 14, 145.0,188.0,-1
14, 14, 0.0,0.0,1
15, 16, 1005.0,1377.0,1
16, 15, 1005.0,1377.0,1
15, 15, 0.0,0.0,1
16, 16, 0.0,0.0,1


<end>