<number of nodes>
16

<ratio of available edges>
0.3

<max length of the drone flight>
100000 

<D 2/3>
1, 2, 5, 7, 8, 9, 11, 12, 13, 15, 16

<V>
9, 11, 12, 13, 15

<coordinates X,Y>
427.64803968910496, 928.2044122789254
193.15281165453445, 488.8737386976969
667.3479311318409, 316.94519466765803
375.9150940790008, 194.7992923617394
529.2172190023631, 696.0153298333332
826.0145793517801, 517.3864730168771
16.936333696102356, 669.1065726761196
497.5975574116988, 681.5274492981737
595.714107782011, 581.2345806979155
806.6642047141127, 530.0237646568982
745.2729494664678, 288.91554486347655
169.2344493540117, 622.6126026737733
878.9124239421253, 986.6016172011248
597.7501634041289, 385.751531533005
463.2417611924107, 813.8643353411334
156.38593266147495, 222.98282812581238

<adjacency matrix with truck distances>
1, 2, 498.0,674.0,-1
2, 1, 498.0,674.0,-1
1, 3, 657.0,851.0,1
3, 1, 657.0,851.0,1
1, 4, 736.0,786.0,1
4, 1, 736.0,786.0,1
1, 5, 254.0,334.0,-1
5, 1, 254.0,334.0,-1
1, 6, 573.0,810.0,-1
6, 1, 573.0,810.0,-1
1, 7, 486.0,670.0,-1
7, 1, 486.0,670.0,-1
1, 8, 257.0,317.0,1
8, 1, 257.0,317.0,1
1, 9, 386.0,516.0,-1
9, 1, 386.0,516.0,-1
1, 10, 550.0,778.0,1
10, 1, 550.0,778.0,1
1, 11, 714.0,957.0,1
11, 1, 714.0,957.0,1
1, 12, 401.0,565.0,-1
12, 1, 401.0,565.0,-1
1, 13, 456.0,510.0,-1
13, 1, 456.0,510.0,-1
1, 14, 569.0,713.0,-1
14, 1, 569.0,713.0,-1
1, 15, 120.0,150.0,-1
15, 1, 120.0,150.0,-1
1, 16, 756.0,977.0,-1
16, 1, 756.0,977.0,-1
1, 1, 0.0,0.0,1
2, 3, 505.0,647.0,-1
3, 2, 505.0,647.0,-1
2, 4, 347.0,477.0,-1
4, 2, 347.0,477.0,-1
2, 5, 395.0,544.0,-1
5, 2, 395.0,544.0,-1
2, 6, 634.0,662.0,-1
6, 2, 634.0,662.0,-1
2, 7, 253.0,357.0,-1
7, 2, 253.0,357.0,-1
2, 8, 361.0,498.0,1
8, 2, 361.0,498.0,1
2, 9, 414.0,495.0,1
9, 2, 414.0,495.0,1
2, 10, 615.0,655.0,-1
10, 2, 615.0,655.0,-1
2, 11, 588.0,753.0,1
11, 2, 588.0,753.0,1
2, 12, 136.0,158.0,1
12, 2, 136.0,158.0,1
2, 13, 848.0,1184.0,-1
13, 2, 848.0,1184.0,-1
2, 14, 418.0,508.0,-1
14, 2, 418.0,508.0,-1
2, 15, 423.0,596.0,1
15, 2, 423.0,596.0,1
2, 16, 269.0,303.0,-1
16, 2, 269.0,303.0,-1
2, 2, 0.0,0.0,1
3, 4, 316.0,414.0,-1
4, 3, 316.0,414.0,-1
3, 5, 404.0,518.0,-1
5, 3, 404.0,518.0,-1
3, 6, 256.0,360.0,-1
6, 3, 256.0,360.0,-1
3, 7, 740.0,1003.0,-1
7, 3, 740.0,1003.0,-1
3, 8, 403.0,535.0,1
8, 3, 403.0,535.0,1
3, 9, 274.0,336.0,1
9, 3, 274.0,336.0,1
3, 10, 255.0,353.0,-1
10, 3, 255.0,353.0,-1
3, 11, 83.0,106.0,-1
11, 3, 83.0,106.0,-1
3, 12, 585.0,804.0,-1
12, 3, 585.0,804.0,-1
3, 13, 703.0,882.0,-1
13, 3, 703.0,882.0,-1
3, 14, 98.0,139.0,-1
14, 3, 98.0,139.0,-1
3, 15, 538.0,702.0,1
15, 3, 538.0,702.0,1
3, 16, 520.0,605.0,-1
16, 3, 520.0,605.0,-1
3, 3, 0.0,0.0,1
4, 5, 525.0,655.0,-1
5, 4, 525.0,655.0,-1
4, 6, 554.0,773.0,1
6, 4, 554.0,773.0,1
4, 7, 595.0,834.0,-1
7, 4, 595.0,834.0,-1
4, 8, 502.0,609.0,-1
8, 4, 502.0,609.0,-1
4, 9, 445.0,607.0,-1
9, 4, 445.0,607.0,-1
4, 10, 546.0,766.0,-1
10, 4, 546.0,766.0,-1
4, 11, 382.0,464.0,-1
11, 4, 382.0,464.0,-1
4, 12, 476.0,635.0,-1
12, 4, 476.0,635.0,-1
4, 13, 939.0,1295.0,1
13, 4, 939.0,1295.0,1
4, 14, 293.0,413.0,-1
14, 4, 293.0,413.0,-1
4, 15, 626.0,707.0,-1
15, 4, 626.0,707.0,-1
4, 16, 222.0,248.0,-1
16, 4, 222.0,248.0,-1
4, 4, 0.0,0.0,1
5, 6, 347.0,476.0,-1
6, 5, 347.0,476.0,-1
5, 7, 513.0,540.0,1
7, 5, 513.0,540.0,1
5, 8, 35.0,47.0,1
8, 5, 35.0,47.0,1
5, 9, 133.0,182.0,-1
9, 5, 133.0,182.0,-1
5, 10, 324.0,444.0,-1
10, 5, 324.0,444.0,-1
5, 11, 461.0,624.0,-1
11, 5, 461.0,624.0,-1
5, 12, 368.0,434.0,-1
12, 5, 368.0,434.0,-1
5, 13, 455.0,641.0,-1
13, 5, 455.0,641.0,-1
5, 14, 318.0,379.0,-1
14, 5, 318.0,379.0,-1
5, 15, 136.0,184.0,1
15, 5, 136.0,184.0,1
5, 16, 603.0,846.0,-1
16, 5, 603.0,846.0,-1
5, 5, 0.0,0.0,1
6, 7, 824.0,961.0,-1
7, 6, 824.0,961.0,-1
6, 8, 368.0,493.0,1
8, 6, 368.0,493.0,1
6, 9, 239.0,295.0,-1
9, 6, 239.0,295.0,-1
6, 10, 24.0,32.0,1
10, 6, 24.0,32.0,1
6, 11, 243.0,310.0,1
11, 6, 243.0,310.0,1
6, 12, 666.0,763.0,-1
12, 6, 666.0,763.0,-1
6, 13, 473.0,523.0,-1
13, 6, 473.0,523.0,-1
6, 14, 264.0,360.0,-1
14, 6, 264.0,360.0,-1
6, 15, 469.0,660.0,1
15, 6, 469.0,660.0,1
6, 16, 732.0,965.0,-1
16, 6, 732.0,965.0,-1
6, 6, 0.0,0.0,1
7, 8, 481.0,494.0,-1
8, 7, 481.0,494.0,-1
7, 9, 586.0,667.0,-1
9, 7, 586.0,667.0,-1
7, 10, 802.0,929.0,-1
10, 7, 802.0,929.0,-1
7, 11, 822.0,1109.0,-1
11, 7, 822.0,1109.0,-1
7, 12, 160.0,199.0,-1
12, 7, 160.0,199.0,-1
7, 13, 919.0,1180.0,-1
13, 7, 919.0,1180.0,-1
7, 14, 647.0,865.0,1
14, 7, 647.0,865.0,1
7, 15, 470.0,592.0,-1
15, 7, 470.0,592.0,-1
7, 16, 468.0,586.0,-1
16, 7, 468.0,586.0,-1
7, 7, 0.0,0.0,1
8, 9, 141.0,199.0,1
9, 8, 141.0,199.0,1
8, 10, 345.0,461.0,-1
10, 8, 345.0,461.0,-1
8, 11, 465.0,641.0,-1
11, 8, 465.0,641.0,-1
8, 12, 334.0,388.0,1
12, 8, 334.0,388.0,1
8, 13, 489.0,687.0,-1
13, 8, 489.0,687.0,-1
8, 14, 313.0,396.0,1
14, 8, 313.0,396.0,1
8, 15, 137.0,167.0,-1
15, 8, 137.0,167.0,-1
8, 16, 572.0,800.0,-1
16, 8, 572.0,800.0,-1
8, 8, 0.0,0.0,1
9, 10, 218.0,263.0,-1
10, 9, 218.0,263.0,-1
9, 11, 329.0,442.0,-1
11, 9, 329.0,442.0,-1
9, 12, 429.0,468.0,-1
12, 9, 429.0,468.0,-1
9, 13, 495.0,689.0,-1
13, 9, 495.0,689.0,-1
9, 14, 196.0,198.0,1
14, 9, 196.0,198.0,1
9, 15, 268.0,366.0,1
15, 9, 268.0,366.0,1
9, 16, 567.0,798.0,1
16, 9, 567.0,798.0,1
9, 9, 0.0,0.0,1
10, 11, 249.0,303.0,-1
11, 10, 249.0,303.0,-1
10, 12, 645.0,731.0,-1
12, 10, 645.0,731.0,-1
10, 13, 463.0,529.0,-1
13, 10, 463.0,529.0,-1
10, 14, 254.0,354.0,-1
14, 10, 254.0,354.0,-1
10, 15, 446.0,628.0,-1
15, 10, 446.0,628.0,-1
10, 16, 720.0,958.0,1
16, 10, 720.0,958.0,1
10, 10, 0.0,0.0,1
11, 12, 666.0,910.0,1
12, 11, 666.0,910.0,1
11, 13, 711.0,832.0,-1
13, 11, 711.0,832.0,-1
11, 14, 177.0,245.0,1
14, 11, 177.0,245.0,1
11, 15, 596.0,807.0,-1
15, 11, 596.0,807.0,-1
11, 16, 593.0,655.0,1
16, 11, 593.0,655.0,1
11, 11, 0.0,0.0,1
12, 13, 798.0,1074.0,-1
13, 12, 798.0,1074.0,-1
12, 14, 490.0,666.0,-1
14, 12, 490.0,666.0,-1
12, 15, 351.0,486.0,-1
15, 12, 351.0,486.0,-1
12, 16, 400.0,413.0,-1
16, 12, 400.0,413.0,-1
12, 12, 0.0,0.0,1
13, 14, 664.0,883.0,-1
14, 13, 664.0,883.0,-1
13, 15, 451.0,589.0,1
15, 13, 451.0,589.0,1
13, 16, 1052.0,1487.0,-1
16, 13, 1052.0,1487.0,-1
13, 13, 0.0,0.0,1
14, 15, 449.0,563.0,1
15, 14, 449.0,563.0,1
14, 16, 471.0,605.0,-1
16, 14, 471.0,605.0,-1
14, 14, 0.0,0.0,1
15, 16, 666.0,898.0,1
16, 15, 666.0,898.0,1
15, 15, 0.0,0.0,1
16, 16, 0.0,0.0,1


<end>