<number of nodes>
16

<ratio of available edges>
0.3

<max length of the drone flight>
100000 

<D 2/3>
1, 2, 3, 5, 7, 8, 9, 10, 13, 14, 15

<V>
8, 10, 13, 14, 15

<coordinates X,Y>
851.2870781956109, 722.0564122176155
557.8976218862216, 512.1758108092973
766.6377279829507, 946.8000134423629
576.0906952018511, 58.53999576509215
737.0568517563729, 542.6904305378403
13.811430877603994, 562.1871116489532
175.80919279549988, 967.2381361935187
977.1983217983367, 603.2853747372683
897.6777859925767, 170.2460599392076
707.5256299231912, 777.7736627579953
776.2525659696954, 586.4617694691844
289.9245158956329, 2.1285770139698026
67.01397785792211, 177.55547151340278
349.2317678491804, 695.9209033588872
679.38431740159, 291.9403503716211
250.54850905471622, 707.8401303697159

<adjacency matrix with truck distances>
1, 2, 361.0,504.0,-1
2, 1, 361.0,504.0,-1
1, 3, 241.0,310.0,-1
3, 1, 241.0,310.0,-1
1, 4, 719.0,939.0,-1
4, 1, 719.0,939.0,-1
1, 5, 213.0,294.0,1
5, 1, 213.0,294.0,1
1, 6, 853.0,998.0,-1
6, 1, 853.0,998.0,-1
1, 7, 719.0,921.0,-1
7, 1, 719.0,921.0,-1
1, 8, 174.0,245.0,-1
8, 1, 174.0,245.0,-1
1, 9, 554.0,599.0,1
9, 1, 554.0,599.0,1
1, 10, 155.0,200.0,-1
10, 1, 155.0,200.0,-1
1, 11, 155.0,211.0,-1
11, 1, 155.0,211.0,-1
1, 12, 913.0,1282.0,1
12, 1, 913.0,1282.0,1
1, 13, 955.0,1329.0,1
13, 1, 955.0,1329.0,1
1, 14, 503.0,529.0,-1
14, 1, 503.0,529.0,-1
1, 15, 464.0,603.0,-1
15, 1, 464.0,603.0,-1
1, 16, 601.0,615.0,-1
16, 1, 601.0,615.0,-1
1, 1, 0.0,0.0,1
2, 3, 483.0,644.0,1
3, 2, 483.0,644.0,1
2, 4, 455.0,472.0,-1
4, 2, 455.0,472.0,-1
2, 5, 182.0,210.0,-1
5, 2, 182.0,210.0,-1
2, 6, 547.0,595.0,-1
6, 2, 547.0,595.0,-1
2, 7, 595.0,838.0,-1
7, 2, 595.0,838.0,-1
2, 8, 430.0,511.0,-1
8, 2, 430.0,511.0,-1
2, 9, 483.0,682.0,-1
9, 2, 483.0,682.0,-1
2, 10, 305.0,416.0,1
10, 2, 305.0,416.0,1
2, 11, 231.0,293.0,-1
11, 2, 231.0,293.0,-1
2, 12, 577.0,779.0,1
12, 2, 577.0,779.0,1
2, 13, 595.0,826.0,-1
13, 2, 595.0,826.0,-1
2, 14, 279.0,393.0,1
14, 2, 279.0,393.0,1
2, 15, 252.0,342.0,-1
15, 2, 252.0,342.0,-1
2, 16, 365.0,504.0,-1
16, 2, 365.0,504.0,-1
2, 2, 0.0,0.0,1
3, 4, 909.0,1079.0,1
4, 3, 909.0,1079.0,1
3, 5, 406.0,434.0,-1
5, 3, 406.0,434.0,-1
3, 6, 846.0,1138.0,-1
6, 3, 846.0,1138.0,-1
3, 7, 592.0,612.0,-1
7, 3, 592.0,612.0,-1
3, 8, 403.0,555.0,-1
8, 3, 403.0,555.0,-1
3, 9, 788.0,908.0,-1
9, 3, 788.0,908.0,-1
3, 10, 180.0,229.0,-1
10, 3, 180.0,229.0,-1
3, 11, 361.0,370.0,-1
11, 3, 361.0,370.0,-1
3, 12, 1059.0,1422.0,-1
12, 3, 1059.0,1422.0,-1
3, 13, 1040.0,1469.0,-1
13, 3, 1040.0,1469.0,-1
3, 14, 487.0,669.0,-1
14, 3, 487.0,669.0,-1
3, 15, 661.0,743.0,-1
15, 3, 661.0,743.0,-1
3, 16, 569.0,756.0,-1
16, 3, 569.0,756.0,-1
3, 3, 0.0,0.0,1
4, 5, 511.0,646.0,-1
5, 4, 511.0,646.0,-1
4, 6, 755.0,1066.0,-1
6, 4, 755.0,1066.0,-1
4, 7, 993.0,1309.0,-1
7, 4, 993.0,1309.0,-1
4, 8, 677.0,946.0,-1
8, 4, 677.0,946.0,-1
4, 9, 341.0,434.0,1
9, 4, 341.0,434.0,1
4, 10, 732.0,851.0,1
10, 4, 732.0,851.0,1
4, 11, 565.0,729.0,-1
11, 4, 565.0,729.0,-1
4, 12, 292.0,343.0,-1
12, 4, 292.0,343.0,-1
4, 13, 523.0,629.0,-1
13, 4, 523.0,629.0,-1
4, 14, 677.0,865.0,1
14, 4, 677.0,865.0,1
4, 15, 256.0,337.0,1
15, 4, 256.0,337.0,1
4, 16, 727.0,975.0,-1
16, 4, 727.0,975.0,-1
4, 4, 0.0,0.0,1
5, 6, 724.0,743.0,1
6, 5, 724.0,743.0,1
5, 7, 704.0,986.0,1
7, 5, 704.0,986.0,1
5, 8, 248.0,301.0,1
8, 5, 248.0,301.0,1
5, 9, 406.0,534.0,-1
9, 5, 406.0,534.0,-1
5, 10, 237.0,265.0,-1
10, 5, 237.0,265.0,-1
5, 11, 59.0,83.0,-1
11, 5, 59.0,83.0,-1
5, 12, 702.0,988.0,-1
12, 5, 702.0,988.0,-1
5, 13, 764.0,1036.0,-1
13, 5, 764.0,1036.0,-1
5, 14, 417.0,542.0,1
14, 5, 417.0,542.0,1
5, 15, 258.0,309.0,1
15, 5, 258.0,309.0,1
5, 16, 514.0,652.0,-1
16, 5, 514.0,652.0,-1
5, 5, 0.0,0.0,1
6, 7, 437.0,568.0,-1
7, 6, 437.0,568.0,-1
6, 8, 965.0,1005.0,-1
8, 6, 965.0,1005.0,-1
6, 9, 967.0,1276.0,-1
9, 6, 967.0,1276.0,-1
6, 10, 727.0,910.0,-1
10, 6, 727.0,910.0,-1
6, 11, 763.0,787.0,1
11, 6, 763.0,787.0,1
6, 12, 625.0,837.0,-1
12, 6, 625.0,837.0,-1
6, 13, 389.0,438.0,-1
13, 6, 389.0,438.0,-1
6, 14, 362.0,470.0,-1
14, 6, 362.0,470.0,-1
6, 15, 719.0,936.0,-1
15, 6, 719.0,936.0,-1
6, 16, 278.0,383.0,1
16, 6, 278.0,383.0,1
6, 6, 0.0,0.0,1
7, 8, 881.0,1166.0,-1
8, 7, 881.0,1166.0,-1
7, 9, 1076.0,1519.0,1
9, 7, 1076.0,1519.0,1
7, 10, 565.0,722.0,-1
10, 7, 565.0,722.0,-1
7, 11, 712.0,982.0,-1
11, 7, 712.0,982.0,-1
7, 12, 972.0,1080.0,-1
12, 7, 972.0,1080.0,-1
7, 13, 798.0,899.0,-1
13, 7, 798.0,899.0,-1
7, 14, 323.0,445.0,1
14, 7, 323.0,445.0,1
7, 15, 843.0,1179.0,-1
15, 7, 843.0,1179.0,-1
7, 16, 270.0,335.0,-1
16, 7, 270.0,335.0,-1
7, 7, 0.0,0.0,1
8, 9, 441.0,513.0,1
9, 8, 441.0,513.0,1
8, 10, 322.0,445.0,1
10, 8, 322.0,445.0,1
8, 11, 202.0,218.0,-1
11, 8, 202.0,218.0,-1
8, 12, 914.0,1289.0,-1
12, 8, 914.0,1289.0,-1
8, 13, 1005.0,1336.0,-1
13, 8, 1005.0,1336.0,-1
8, 14, 635.0,721.0,-1
14, 8, 635.0,721.0,-1
8, 15, 431.0,610.0,1
15, 8, 431.0,610.0,1
8, 16, 735.0,832.0,1
16, 8, 735.0,832.0,1
8, 8, 0.0,0.0,1
9, 10, 637.0,798.0,1
10, 9, 637.0,798.0,1
9, 11, 434.0,538.0,-1
11, 9, 434.0,538.0,-1
9, 12, 631.0,776.0,1
12, 9, 631.0,776.0,1
9, 13, 831.0,838.0,-1
13, 9, 831.0,838.0,-1
9, 14, 760.0,1075.0,-1
14, 9, 760.0,1075.0,-1
9, 15, 250.0,340.0,-1
15, 9, 250.0,340.0,-1
9, 16, 842.0,1185.0,-1
16, 9, 842.0,1185.0,-1
9, 9, 0.0,0.0,1
10, 11, 204.0,261.0,1
11, 10, 204.0,261.0,1
10, 12, 881.0,1194.0,-1
12, 10, 881.0,1194.0,-1
10, 13, 878.0,1241.0,-1
13, 10, 878.0,1241.0,-1
10, 14, 368.0,441.0,-1
14, 10, 368.0,441.0,-1
10, 15, 487.0,514.0,-1
15, 10, 487.0,514.0,-1
10, 16, 463.0,527.0,1
16, 10, 463.0,527.0,1
10, 10, 0.0,0.0,1
11, 12, 761.0,1071.0,-1
12, 11, 761.0,1071.0,-1
11, 13, 819.0,1119.0,1
13, 11, 819.0,1119.0,1
11, 14, 441.0,537.0,-1
14, 11, 441.0,537.0,-1
11, 15, 311.0,392.0,1
15, 11, 311.0,392.0,1
11, 16, 540.0,648.0,1
16, 11, 540.0,648.0,1
11, 11, 0.0,0.0,1
12, 13, 284.0,399.0,-1
13, 12, 284.0,399.0,-1
12, 14, 697.0,754.0,1
14, 12, 697.0,754.0,1
12, 15, 486.0,680.0,1
15, 12, 486.0,680.0,1
12, 16, 707.0,746.0,1
16, 12, 707.0,746.0,1
12, 12, 0.0,0.0,1
13, 14, 591.0,801.0,-1
14, 13, 591.0,801.0,-1
13, 15, 623.0,727.0,-1
15, 13, 623.0,727.0,-1
13, 16, 562.0,714.0,-1
16, 13, 562.0,714.0,-1
13, 13, 0.0,0.0,1
14, 15, 522.0,735.0,-1
15, 14, 522.0,735.0,-1
14, 16, 100.0,111.0,-1
16, 14, 100.0,111.0,-1
14, 14, 0.0,0.0,1
15, 16, 598.0,845.0,-1
16, 15, 598.0,845.0,-1
15, 15, 0.0,0.0,1
16, 16, 0.0,0.0,1


<end>