<number of nodes>
16

<ratio of available edges>
0.3

<max length of the drone flight>
100000 

<D 2/3>
1, 2, 3, 4, 5, 9, 10, 11, 13, 14, 15

<V>
2, 5, 9, 14, 15

<coordinates X,Y>
576.7765825895784, 683.0227461943671
65.5945525780482, 477.5328347708317
918.5004819987817, 474.06851176593295
60.22970566522663, 724.6887000504195
40.55976977760922, 107.83905333951759
111.83412727249528, 211.01859708576896
827.206209139022, 599.5252251534489
455.52355958144955, 6.692942171593945
405.3911318379735, 932.9250901303959
238.31598444138194, 668.4268406357055
452.7900719983887, 728.7909416203697
611.1433742031983, 948.4018433670269
638.1378282214232, 846.2071733057555
6.317003933324307, 401.4241514388673
664.6134074919735, 537.8111688321184
683.4463910815646, 308.8657290575887

<adjacency matrix with truck distances>
1, 2, 551.0,717.0,-1
2, 1, 551.0,717.0,-1
1, 3, 401.0,551.0,1
3, 1, 401.0,551.0,1
1, 4, 519.0,559.0,-1
4, 1, 519.0,559.0,-1
1, 5, 787.0,1112.0,1
5, 1, 787.0,1112.0,1
1, 6, 663.0,937.0,-1
6, 1, 663.0,937.0,-1
1, 7, 264.0,334.0,-1
7, 1, 264.0,334.0,-1
1, 8, 688.0,798.0,-1
8, 1, 688.0,798.0,-1
1, 9, 304.0,422.0,1
9, 1, 304.0,422.0,1
1, 10, 339.0,354.0,-1
10, 1, 339.0,354.0,-1
1, 11, 133.0,170.0,-1
11, 1, 133.0,170.0,-1
1, 12, 268.0,300.0,1
12, 1, 268.0,300.0,1
1, 13, 175.0,225.0,1
13, 1, 175.0,225.0,1
1, 14, 637.0,853.0,-1
14, 1, 637.0,853.0,-1
1, 15, 170.0,234.0,-1
15, 1, 170.0,234.0,-1
1, 16, 390.0,481.0,1
16, 1, 390.0,481.0,1
1, 1, 0.0,0.0,1
2, 3, 853.0,857.0,1
3, 2, 853.0,857.0,1
2, 4, 248.0,253.0,-1
4, 2, 248.0,253.0,-1
2, 5, 371.0,395.0,-1
5, 2, 371.0,395.0,-1
2, 6, 271.0,313.0,1
6, 2, 271.0,313.0,1
2, 7, 772.0,884.0,-1
7, 2, 772.0,884.0,-1
2, 8, 612.0,861.0,-1
8, 2, 612.0,861.0,-1
2, 9, 569.0,796.0,-1
9, 2, 569.0,796.0,-1
2, 10, 258.0,364.0,-1
10, 2, 258.0,364.0,-1
2, 11, 462.0,639.0,-1
11, 2, 462.0,639.0,-1
2, 12, 721.0,1017.0,-1
12, 2, 721.0,1017.0,-1
2, 13, 681.0,942.0,-1
13, 2, 681.0,942.0,-1
2, 14, 97.0,136.0,1
14, 2, 97.0,136.0,1
2, 15, 603.0,660.0,1
15, 2, 603.0,660.0,1
2, 16, 641.0,787.0,1
16, 2, 641.0,787.0,1
2, 2, 0.0,0.0,1
3, 4, 895.0,1109.0,-1
4, 3, 895.0,1109.0,-1
3, 5, 952.0,1245.0,-1
5, 3, 952.0,1245.0,-1
3, 6, 849.0,1070.0,-1
6, 3, 849.0,1070.0,-1
3, 7, 156.0,217.0,-1
7, 3, 156.0,217.0,-1
3, 8, 658.0,931.0,1
8, 3, 658.0,931.0,1
3, 9, 689.0,972.0,-1
9, 3, 689.0,972.0,-1
3, 10, 708.0,875.0,-1
10, 3, 708.0,875.0,-1
3, 11, 531.0,721.0,-1
11, 3, 531.0,721.0,-1
3, 12, 566.0,782.0,-1
12, 3, 566.0,782.0,-1
3, 13, 466.0,653.0,-1
13, 3, 466.0,653.0,-1
3, 14, 916.0,985.0,-1
14, 3, 916.0,985.0,-1
3, 15, 262.0,318.0,-1
15, 3, 262.0,318.0,-1
3, 16, 288.0,401.0,-1
16, 3, 288.0,401.0,-1
3, 3, 0.0,0.0,1
4, 5, 618.0,637.0,1
5, 4, 618.0,637.0,1
4, 6, 517.0,566.0,-1
6, 4, 517.0,566.0,-1
4, 7, 778.0,893.0,-1
7, 4, 778.0,893.0,-1
4, 8, 820.0,1114.0,-1
8, 4, 820.0,1114.0,-1
4, 9, 404.0,554.0,-1
9, 4, 404.0,554.0,-1
4, 10, 187.0,235.0,1
10, 4, 187.0,235.0,1
4, 11, 393.0,397.0,1
11, 4, 393.0,397.0,1
4, 12, 595.0,775.0,-1
12, 4, 595.0,775.0,-1
4, 13, 591.0,700.0,-1
13, 4, 591.0,700.0,-1
4, 14, 328.0,378.0,1
14, 4, 328.0,378.0,1
4, 15, 633.0,792.0,1
15, 4, 633.0,792.0,1
4, 16, 750.0,1040.0,-1
16, 4, 750.0,1040.0,-1
4, 4, 0.0,0.0,1
5, 6, 126.0,175.0,1
6, 5, 126.0,175.0,1
5, 7, 928.0,1279.0,-1
7, 5, 928.0,1279.0,-1
5, 8, 428.0,517.0,1
8, 5, 428.0,517.0,1
5, 9, 903.0,1190.0,-1
9, 5, 903.0,1190.0,-1
5, 10, 595.0,759.0,-1
10, 5, 595.0,759.0,-1
5, 11, 746.0,1034.0,1
11, 5, 746.0,1034.0,1
5, 12, 1016.0,1412.0,-1
12, 5, 1016.0,1412.0,-1
5, 13, 950.0,1336.0,1
13, 5, 950.0,1336.0,1
5, 14, 296.0,328.0,-1
14, 5, 296.0,328.0,-1
5, 15, 758.0,1055.0,-1
15, 5, 758.0,1055.0,-1
5, 16, 674.0,844.0,-1
16, 5, 674.0,844.0,-1
5, 5, 0.0,0.0,1
6, 7, 815.0,1104.0,1
7, 6, 815.0,1104.0,1
6, 8, 400.0,549.0,-1
8, 6, 400.0,549.0,-1
6, 9, 780.0,1016.0,-1
9, 6, 780.0,1016.0,-1
6, 10, 475.0,584.0,1
10, 6, 475.0,584.0,1
6, 11, 620.0,859.0,1
11, 6, 620.0,859.0,1
6, 12, 891.0,1237.0,-1
12, 6, 891.0,1237.0,-1
6, 13, 825.0,1162.0,-1
13, 6, 825.0,1162.0,-1
6, 14, 218.0,296.0,-1
14, 6, 218.0,296.0,-1
6, 15, 643.0,880.0,1
15, 6, 643.0,880.0,1
6, 16, 580.0,670.0,-1
16, 6, 580.0,670.0,-1
6, 6, 0.0,0.0,1
7, 8, 700.0,965.0,-1
8, 7, 700.0,965.0,-1
7, 9, 538.0,756.0,-1
9, 7, 538.0,756.0,-1
7, 10, 593.0,658.0,1
10, 7, 593.0,658.0,1
7, 11, 397.0,504.0,-1
11, 7, 397.0,504.0,-1
7, 12, 411.0,565.0,-1
12, 7, 411.0,565.0,-1
7, 13, 311.0,436.0,-1
13, 7, 311.0,436.0,-1
7, 14, 845.0,1019.0,-1
14, 7, 845.0,1019.0,-1
7, 15, 174.0,225.0,-1
15, 7, 174.0,225.0,-1
7, 16, 325.0,435.0,-1
16, 7, 325.0,435.0,-1
7, 7, 0.0,0.0,1
8, 9, 928.0,977.0,1
9, 8, 928.0,977.0,1
8, 10, 697.0,879.0,-1
10, 8, 697.0,879.0,-1
8, 11, 723.0,725.0,-1
11, 8, 723.0,725.0,-1
8, 12, 955.0,1098.0,-1
12, 8, 955.0,1098.0,-1
8, 13, 860.0,1023.0,-1
13, 8, 860.0,1023.0,-1
8, 14, 598.0,844.0,-1
14, 8, 598.0,844.0,-1
8, 15, 571.0,741.0,1
15, 8, 571.0,741.0,1
8, 16, 379.0,531.0,-1
16, 8, 379.0,531.0,-1
8, 8, 0.0,0.0,1
9, 10, 313.0,432.0,-1
10, 9, 313.0,432.0,-1
9, 11, 210.0,252.0,1
11, 9, 210.0,252.0,1
9, 12, 207.0,222.0,-1
12, 9, 207.0,222.0,-1
9, 13, 249.0,320.0,1
13, 9, 249.0,320.0,1
9, 14, 665.0,931.0,-1
14, 9, 665.0,931.0,-1
9, 15, 473.0,655.0,-1
15, 9, 473.0,655.0,-1
9, 16, 684.0,903.0,1
16, 9, 684.0,903.0,1
9, 9, 0.0,0.0,1
10, 11, 223.0,275.0,-1
11, 10, 223.0,275.0,-1
10, 12, 467.0,653.0,1
12, 10, 467.0,653.0,1
10, 13, 438.0,578.0,-1
13, 10, 438.0,578.0,-1
10, 14, 354.0,500.0,-1
14, 10, 354.0,500.0,-1
10, 15, 446.0,557.0,-1
15, 10, 446.0,557.0,-1
10, 16, 573.0,805.0,-1
16, 10, 573.0,805.0,-1
10, 10, 0.0,0.0,1
11, 12, 271.0,378.0,-1
12, 11, 271.0,378.0,-1
11, 13, 220.0,303.0,1
13, 11, 220.0,303.0,1
11, 14, 554.0,774.0,1
14, 11, 554.0,774.0,1
11, 15, 286.0,403.0,1
15, 11, 286.0,403.0,1
11, 16, 480.0,651.0,-1
16, 11, 480.0,651.0,-1
11, 11, 0.0,0.0,1
12, 13, 106.0,130.0,-1
13, 12, 106.0,130.0,-1
12, 14, 816.0,1152.0,-1
14, 12, 816.0,1152.0,-1
12, 15, 415.0,465.0,-1
15, 12, 415.0,465.0,-1
12, 16, 644.0,712.0,-1
16, 12, 644.0,712.0,-1
12, 12, 0.0,0.0,1
13, 14, 773.0,1077.0,-1
14, 13, 773.0,1077.0,-1
13, 15, 310.0,335.0,-1
15, 13, 310.0,335.0,-1
13, 16, 540.0,583.0,-1
16, 13, 540.0,583.0,-1
13, 13, 0.0,0.0,1
14, 15, 673.0,795.0,-1
15, 14, 673.0,795.0,-1
14, 16, 684.0,770.0,-1
16, 14, 684.0,770.0,-1
14, 14, 0.0,0.0,1
15, 16, 230.0,248.0,1
16, 15, 230.0,248.0,1
15, 15, 0.0,0.0,1
16, 16, 0.0,0.0,1


<end>