<number of nodes>
16

<ratio of available edges>
0.3

<max length of the drone flight>
100000 

<D 2/3>
1, 2, 3, 4, 7, 10, 12, 13, 14, 15, 16

<V>
3, 4, 7, 10, 12

<coordinates X,Y>
307.04579407460807, 196.74460951689602
702.6672888158381, 500.38327425185713
556.2893924338737, 414.85129645532777
879.5920516319495, 444.8552458480256
462.6750860909846, 275.92373920945926
131.3782053557088, 409.7482115052258
17.066859342241113, 47.24259025958125
422.4372767946134, 450.3595517958833
283.5263178182121, 187.87679295299978
41.29401085476977, 159.33693321724994
620.9838486774445, 540.3789430556599
765.788226109989, 905.664409583285
547.908608347748, 269.86494136911074
141.06080263447996, 353.4369175979977
100.0670368388388, 41.64593152612784
504.2307162484135, 145.987443919868

<adjacency matrix with truck distances>
1, 2, 499.0,700.0,-1
2, 1, 499.0,700.0,-1
1, 3, 332.0,468.0,1
3, 1, 332.0,468.0,1
1, 4, 624.0,821.0,1
4, 1, 624.0,821.0,1
1, 5, 175.0,235.0,-1
5, 1, 175.0,235.0,-1
1, 6, 277.0,389.0,-1
6, 1, 277.0,389.0,-1
1, 7, 327.0,440.0,-1
7, 1, 327.0,440.0,-1
1, 8, 279.0,370.0,1
8, 1, 279.0,370.0,1
1, 9, 26.0,33.0,-1
9, 1, 26.0,33.0,-1
1, 10, 269.0,304.0,1
10, 1, 269.0,304.0,1
1, 11, 466.0,658.0,-1
11, 1, 466.0,658.0,-1
1, 12, 845.0,1168.0,-1
12, 1, 845.0,1168.0,-1
1, 13, 252.0,314.0,-1
13, 1, 252.0,314.0,-1
1, 14, 229.0,323.0,-1
14, 1, 229.0,323.0,-1
1, 15, 259.0,363.0,-1
15, 1, 259.0,363.0,-1
1, 16, 204.0,248.0,1
16, 1, 204.0,248.0,1
1, 1, 0.0,0.0,1
2, 3, 170.0,232.0,-1
3, 2, 170.0,232.0,-1
2, 4, 186.0,233.0,-1
4, 2, 186.0,233.0,-1
2, 5, 329.0,465.0,1
5, 2, 329.0,465.0,1
2, 6, 579.0,662.0,-1
6, 2, 579.0,662.0,-1
2, 7, 822.0,1139.0,1
7, 2, 822.0,1139.0,1
2, 8, 285.0,331.0,1
8, 2, 285.0,331.0,1
2, 9, 523.0,732.0,-1
9, 2, 523.0,732.0,-1
2, 10, 745.0,1003.0,-1
10, 2, 745.0,1003.0,-1
2, 11, 91.0,122.0,1
11, 2, 91.0,122.0,1
2, 12, 411.0,469.0,1
12, 2, 411.0,469.0,1
2, 13, 278.0,386.0,-1
13, 2, 278.0,386.0,-1
2, 14, 581.0,709.0,-1
14, 2, 581.0,709.0,-1
2, 15, 758.0,1062.0,-1
15, 2, 758.0,1062.0,-1
2, 16, 407.0,553.0,1
16, 2, 407.0,553.0,1
2, 2, 0.0,0.0,1
3, 4, 325.0,354.0,-1
4, 3, 325.0,354.0,-1
3, 5, 168.0,233.0,1
5, 3, 168.0,233.0,1
3, 6, 425.0,431.0,-1
6, 3, 425.0,431.0,-1
3, 7, 653.0,907.0,1
7, 3, 653.0,907.0,1
3, 8, 139.0,170.0,1
8, 3, 139.0,170.0,1
3, 9, 355.0,500.0,-1
9, 3, 355.0,500.0,-1
3, 10, 575.0,771.0,-1
10, 3, 575.0,771.0,-1
3, 11, 142.0,191.0,-1
11, 3, 142.0,191.0,-1
3, 12, 534.0,701.0,-1
12, 3, 534.0,701.0,-1
3, 13, 146.0,154.0,-1
13, 3, 146.0,154.0,-1
3, 14, 420.0,477.0,-1
14, 3, 420.0,477.0,-1
3, 15, 590.0,830.0,1
15, 3, 590.0,830.0,1
3, 16, 274.0,321.0,1
16, 3, 274.0,321.0,1
3, 3, 0.0,0.0,1
4, 5, 450.0,586.0,-1
5, 4, 450.0,586.0,-1
4, 6, 750.0,784.0,-1
6, 4, 750.0,784.0,-1
4, 7, 950.0,1261.0,-1
7, 4, 950.0,1261.0,-1
4, 8, 458.0,463.0,-1
8, 4, 458.0,463.0,-1
4, 9, 650.0,854.0,-1
9, 4, 650.0,854.0,-1
4, 10, 886.0,1124.0,-1
10, 4, 886.0,1124.0,-1
4, 11, 276.0,355.0,-1
11, 4, 276.0,355.0,-1
4, 12, 475.0,575.0,-1
12, 4, 475.0,575.0,-1
4, 13, 376.0,507.0,-1
13, 4, 376.0,507.0,-1
4, 14, 745.0,830.0,1
14, 4, 745.0,830.0,1
4, 15, 878.0,1183.0,-1
15, 4, 878.0,1183.0,-1
4, 16, 480.0,675.0,-1
16, 4, 480.0,675.0,-1
4, 4, 0.0,0.0,1
5, 6, 358.0,466.0,-1
6, 5, 358.0,466.0,-1
5, 7, 501.0,675.0,-1
7, 5, 501.0,675.0,-1
5, 8, 180.0,215.0,-1
8, 5, 180.0,215.0,-1
5, 9, 200.0,268.0,1
9, 5, 200.0,268.0,1
5, 10, 438.0,538.0,1
10, 5, 438.0,538.0,1
5, 11, 309.0,423.0,-1
11, 5, 309.0,423.0,-1
5, 12, 699.0,933.0,-1
12, 5, 699.0,933.0,-1
5, 13, 86.0,92.0,-1
13, 5, 86.0,92.0,-1
5, 14, 331.0,400.0,1
14, 5, 331.0,400.0,1
5, 15, 432.0,597.0,1
15, 5, 432.0,597.0,1
5, 16, 137.0,172.0,1
16, 5, 137.0,172.0,1
5, 5, 0.0,0.0,1
6, 7, 381.0,477.0,-1
7, 6, 381.0,477.0,-1
6, 8, 294.0,332.0,1
8, 6, 294.0,332.0,1
6, 9, 270.0,375.0,-1
9, 6, 270.0,375.0,-1
6, 10, 267.0,341.0,1
10, 6, 267.0,341.0,1
6, 11, 507.0,621.0,-1
11, 6, 507.0,621.0,-1
6, 12, 806.0,1131.0,-1
12, 6, 806.0,1131.0,-1
6, 13, 440.0,557.0,1
13, 6, 440.0,557.0,1
6, 14, 58.0,66.0,-1
14, 6, 58.0,66.0,-1
6, 15, 370.0,400.0,-1
15, 6, 370.0,400.0,-1
6, 16, 457.0,637.0,-1
16, 6, 457.0,637.0,-1
6, 6, 0.0,0.0,1
7, 8, 572.0,809.0,-1
8, 7, 572.0,809.0,-1
7, 9, 302.0,408.0,1
9, 7, 302.0,408.0,1
7, 10, 115.0,137.0,-1
10, 7, 115.0,137.0,-1
7, 11, 780.0,1098.0,-1
11, 7, 780.0,1098.0,-1
7, 12, 1140.0,1608.0,-1
12, 7, 1140.0,1608.0,-1
7, 13, 576.0,754.0,-1
13, 7, 576.0,754.0,-1
7, 14, 331.0,431.0,-1
14, 7, 331.0,431.0,-1
7, 15, 84.0,89.0,-1
15, 7, 84.0,89.0,-1
7, 16, 498.0,586.0,-1
16, 7, 498.0,586.0,-1
7, 7, 0.0,0.0,1
8, 9, 297.0,402.0,1
9, 8, 297.0,402.0,1
8, 10, 480.0,673.0,-1
10, 8, 480.0,673.0,-1
8, 11, 219.0,289.0,-1
11, 8, 219.0,289.0,-1
8, 12, 571.0,799.0,-1
12, 8, 571.0,799.0,-1
8, 13, 220.0,306.0,1
13, 8, 220.0,306.0,1
8, 14, 298.0,379.0,-1
14, 8, 298.0,379.0,-1
8, 15, 521.0,732.0,-1
15, 8, 521.0,732.0,-1
8, 16, 316.0,387.0,-1
16, 8, 316.0,387.0,-1
8, 8, 0.0,0.0,1
9, 10, 244.0,271.0,-1
10, 9, 244.0,271.0,-1
9, 11, 488.0,690.0,-1
11, 9, 488.0,690.0,-1
9, 12, 865.0,1201.0,-1
12, 9, 865.0,1201.0,-1
9, 13, 277.0,347.0,-1
13, 9, 277.0,347.0,-1
9, 14, 219.0,309.0,-1
14, 9, 219.0,309.0,-1
9, 15, 235.0,330.0,-1
15, 9, 235.0,330.0,-1
9, 16, 225.0,263.0,1
16, 9, 225.0,263.0,1
9, 9, 0.0,0.0,1
10, 11, 694.0,961.0,-1
11, 10, 694.0,961.0,-1
10, 12, 1041.0,1471.0,1
12, 10, 1041.0,1471.0,1
10, 13, 519.0,618.0,-1
13, 10, 519.0,618.0,-1
10, 14, 219.0,294.0,-1
14, 10, 219.0,294.0,-1
10, 15, 132.0,177.0,-1
15, 10, 132.0,177.0,-1
10, 16, 464.0,477.0,-1
16, 10, 464.0,477.0,-1
10, 10, 0.0,0.0,1
11, 12, 393.0,511.0,-1
12, 11, 393.0,511.0,-1
11, 13, 281.0,344.0,-1
13, 11, 281.0,344.0,-1
11, 14, 516.0,667.0,-1
14, 11, 516.0,667.0,-1
11, 15, 722.0,1020.0,-1
15, 11, 722.0,1020.0,-1
11, 16, 412.0,512.0,-1
16, 11, 412.0,512.0,-1
11, 11, 0.0,0.0,1
12, 13, 673.0,854.0,1
13, 12, 673.0,854.0,1
12, 14, 834.0,1177.0,1
14, 12, 834.0,1177.0,1
12, 15, 1091.0,1530.0,1
15, 12, 1091.0,1530.0,1
12, 16, 804.0,1022.0,-1
16, 12, 804.0,1022.0,-1
12, 12, 0.0,0.0,1
13, 14, 416.0,491.0,1
14, 13, 416.0,491.0,1
13, 15, 503.0,677.0,1
15, 13, 503.0,677.0,1
13, 16, 132.0,168.0,-1
16, 13, 132.0,168.0,-1
13, 13, 0.0,0.0,1
14, 15, 315.0,353.0,1
15, 14, 315.0,353.0,1
14, 16, 419.0,571.0,-1
16, 14, 419.0,571.0,-1
14, 14, 0.0,0.0,1
15, 16, 418.0,509.0,-1
16, 15, 418.0,509.0,-1
15, 15, 0.0,0.0,1
16, 16, 0.0,0.0,1


<end>