<number of nodes>
16

<ratio of available edges>
0.3

<max length of the drone flight>
100000 

<D 2/3>
1, 2, 3, 4, 6, 7, 9, 10, 13, 14, 15

<V>
3, 6, 7, 10, 15

<coordinates X,Y>
797.5556928536861, 131.87287017456714
202.72982072015165, 360.77224881645975
181.10420782510744, 530.7637046749358
586.5333357264012, 291.45357442931925
497.7909004925578, 770.4247378626942
680.0047634363646, 322.170126491965
306.93803126124095, 961.4056987539612
834.265643746289, 98.57003273936856
955.3918509242535, 790.8852659843375
693.0077709459509, 251.34491511117488
406.0692863605957, 90.74728705085887
634.4517358585866, 421.0432451658949
595.4562418927471, 780.667670623611
162.1924275253478, 377.60233429435385
377.58994607022936, 2.255107034493365
269.0065370525286, 898.2802235441424

<adjacency matrix with truck distances>
1, 2, 638.0,824.0,-1
2, 1, 638.0,824.0,-1
1, 3, 735.0,1016.0,-1
3, 1, 735.0,1016.0,-1
1, 4, 265.0,371.0,-1
4, 1, 265.0,371.0,-1
1, 5, 706.0,939.0,1
5, 1, 706.0,939.0,1
1, 6, 224.0,308.0,-1
6, 1, 224.0,308.0,-1
1, 7, 964.0,1321.0,1
7, 1, 964.0,1321.0,1
1, 8, 50.0,71.0,1
8, 1, 50.0,71.0,1
1, 9, 678.0,817.0,1
9, 1, 678.0,817.0,1
1, 10, 159.0,225.0,-1
10, 1, 159.0,225.0,-1
1, 11, 394.0,433.0,1
11, 1, 394.0,433.0,1
1, 12, 332.0,453.0,1
12, 1, 332.0,453.0,1
1, 13, 680.0,851.0,-1
13, 1, 680.0,851.0,-1
1, 14, 682.0,882.0,1
14, 1, 682.0,882.0,1
1, 15, 440.0,550.0,1
15, 1, 440.0,550.0,1
1, 16, 931.0,1295.0,-1
16, 1, 931.0,1295.0,-1
1, 1, 0.0,0.0,1
2, 3, 172.0,192.0,1
3, 2, 172.0,192.0,1
2, 4, 391.0,454.0,1
4, 2, 391.0,454.0,1
2, 5, 505.0,705.0,-1
5, 2, 505.0,705.0,-1
2, 6, 479.0,516.0,1
6, 2, 479.0,516.0,1
2, 7, 610.0,705.0,-1
7, 2, 610.0,705.0,-1
2, 8, 684.0,894.0,1
8, 2, 684.0,894.0,1
2, 9, 867.0,1183.0,1
9, 2, 867.0,1183.0,1
2, 10, 503.0,600.0,-1
10, 2, 503.0,600.0,-1
2, 11, 339.0,474.0,1
11, 2, 339.0,474.0,1
2, 12, 436.0,492.0,-1
12, 2, 436.0,492.0,-1
2, 13, 575.0,813.0,-1
13, 2, 575.0,813.0,-1
2, 14, 44.0,58.0,-1
14, 2, 44.0,58.0,-1
2, 15, 399.0,534.0,-1
15, 2, 399.0,534.0,-1
2, 16, 542.0,604.0,-1
16, 2, 542.0,604.0,-1
2, 2, 0.0,0.0,1
3, 4, 471.0,645.0,-1
4, 3, 471.0,645.0,-1
3, 5, 398.0,557.0,1
5, 3, 398.0,557.0,1
3, 6, 541.0,708.0,-1
6, 3, 541.0,708.0,-1
3, 7, 449.0,557.0,1
7, 3, 449.0,557.0,1
3, 8, 784.0,1086.0,-1
8, 3, 784.0,1086.0,-1
3, 9, 817.0,1035.0,-1
9, 3, 817.0,1035.0,-1
3, 10, 584.0,792.0,1
10, 3, 584.0,792.0,1
3, 11, 495.0,665.0,-1
11, 3, 495.0,665.0,-1
3, 12, 467.0,564.0,-1
12, 3, 467.0,564.0,-1
3, 13, 484.0,665.0,-1
13, 3, 484.0,665.0,-1
3, 14, 155.0,173.0,-1
14, 3, 155.0,173.0,-1
3, 15, 564.0,725.0,1
15, 3, 564.0,725.0,1
3, 16, 378.0,456.0,-1
16, 3, 378.0,456.0,-1
3, 3, 0.0,0.0,1
4, 5, 488.0,568.0,1
5, 4, 488.0,568.0,1
4, 6, 99.0,125.0,1
6, 4, 99.0,125.0,1
4, 7, 726.0,950.0,-1
7, 4, 726.0,950.0,-1
4, 8, 314.0,441.0,-1
8, 4, 314.0,441.0,-1
4, 9, 621.0,869.0,1
9, 4, 621.0,869.0,1
4, 10, 114.0,147.0,-1
10, 4, 114.0,147.0,-1
4, 11, 270.0,382.0,-1
11, 4, 270.0,382.0,-1
4, 12, 139.0,178.0,-1
12, 4, 139.0,178.0,-1
4, 13, 490.0,499.0,-1
13, 4, 490.0,499.0,-1
4, 14, 433.0,511.0,-1
14, 4, 433.0,511.0,-1
4, 15, 357.0,499.0,1
15, 4, 357.0,499.0,1
4, 16, 685.0,925.0,-1
16, 4, 685.0,925.0,-1
4, 4, 0.0,0.0,1
5, 6, 484.0,631.0,-1
6, 5, 484.0,631.0,-1
5, 7, 270.0,382.0,-1
7, 5, 270.0,382.0,-1
5, 8, 752.0,1009.0,-1
8, 5, 752.0,1009.0,-1
5, 9, 459.0,479.0,-1
9, 5, 459.0,479.0,-1
5, 10, 555.0,715.0,1
10, 5, 555.0,715.0,1
5, 11, 686.0,772.0,-1
11, 5, 686.0,772.0,-1
5, 12, 376.0,487.0,-1
12, 5, 376.0,487.0,-1
5, 13, 99.0,108.0,1
13, 5, 99.0,108.0,1
5, 14, 517.0,729.0,-1
14, 5, 517.0,729.0,-1
5, 15, 778.0,889.0,-1
15, 5, 778.0,889.0,-1
5, 16, 263.0,357.0,1
16, 5, 263.0,357.0,1
5, 5, 0.0,0.0,1
6, 7, 741.0,1013.0,1
7, 6, 741.0,1013.0,1
6, 8, 272.0,378.0,-1
8, 6, 272.0,378.0,-1
6, 9, 544.0,745.0,-1
9, 6, 544.0,745.0,-1
6, 10, 73.0,84.0,-1
10, 6, 73.0,84.0,-1
6, 11, 359.0,506.0,1
11, 6, 359.0,506.0,1
6, 12, 109.0,145.0,-1
12, 6, 109.0,145.0,-1
6, 13, 467.0,544.0,-1
13, 6, 467.0,544.0,-1
6, 14, 521.0,574.0,-1
14, 6, 521.0,574.0,-1
6, 15, 441.0,623.0,-1
15, 6, 441.0,623.0,-1
6, 16, 708.0,988.0,-1
16, 6, 708.0,988.0,-1
6, 6, 0.0,0.0,1
7, 8, 1012.0,1391.0,1
8, 7, 1012.0,1391.0,1
7, 9, 671.0,819.0,-1
9, 7, 671.0,819.0,-1
7, 10, 809.0,1097.0,-1
10, 7, 809.0,1097.0,-1
7, 11, 877.0,970.0,-1
11, 7, 877.0,970.0,-1
7, 12, 632.0,868.0,-1
12, 7, 632.0,868.0,-1
7, 13, 341.0,470.0,-1
13, 7, 341.0,470.0,-1
7, 14, 602.0,729.0,-1
14, 7, 602.0,729.0,-1
7, 15, 962.0,1030.0,-1
15, 7, 962.0,1030.0,-1
7, 16, 74.0,102.0,-1
16, 7, 74.0,102.0,-1
7, 7, 0.0,0.0,1
8, 9, 703.0,814.0,-1
9, 8, 703.0,814.0,-1
8, 10, 209.0,295.0,-1
10, 8, 209.0,295.0,-1
8, 11, 429.0,437.0,-1
11, 8, 429.0,437.0,-1
8, 12, 380.0,523.0,-1
12, 8, 380.0,523.0,-1
8, 13, 723.0,921.0,-1
13, 8, 723.0,921.0,-1
8, 14, 728.0,952.0,-1
14, 8, 728.0,952.0,-1
8, 15, 467.0,553.0,-1
15, 8, 467.0,553.0,-1
8, 16, 980.0,1365.0,-1
16, 8, 980.0,1365.0,-1
8, 8, 0.0,0.0,1
9, 10, 600.0,802.0,1
10, 9, 600.0,802.0,1
9, 11, 890.0,1250.0,1
11, 9, 890.0,1250.0,1
9, 12, 490.0,691.0,-1
12, 9, 490.0,691.0,-1
9, 13, 361.0,371.0,-1
13, 9, 361.0,371.0,-1
9, 14, 895.0,1207.0,-1
14, 9, 895.0,1207.0,-1
9, 15, 978.0,1367.0,-1
15, 9, 978.0,1367.0,-1
9, 16, 695.0,794.0,-1
16, 9, 695.0,794.0,-1
9, 9, 0.0,0.0,1
10, 11, 329.0,448.0,1
11, 10, 329.0,448.0,1
10, 12, 180.0,229.0,-1
12, 10, 180.0,229.0,-1
10, 13, 539.0,627.0,1
13, 10, 539.0,627.0,1
10, 14, 546.0,658.0,-1
14, 10, 546.0,658.0,-1
10, 15, 402.0,565.0,1
15, 10, 402.0,565.0,1
10, 16, 774.0,1071.0,-1
16, 10, 774.0,1071.0,-1
10, 10, 0.0,0.0,1
11, 12, 402.0,559.0,-1
12, 11, 402.0,559.0,-1
11, 13, 716.0,880.0,-1
13, 11, 716.0,880.0,-1
11, 14, 377.0,531.0,-1
14, 11, 377.0,531.0,-1
11, 15, 93.0,117.0,-1
15, 11, 93.0,117.0,-1
11, 16, 820.0,945.0,1
16, 11, 820.0,945.0,1
11, 11, 0.0,0.0,1
12, 13, 362.0,399.0,-1
13, 12, 362.0,399.0,-1
12, 14, 475.0,516.0,-1
14, 12, 475.0,516.0,-1
12, 15, 492.0,676.0,1
15, 12, 492.0,676.0,1
12, 16, 602.0,843.0,-1
16, 12, 602.0,843.0,-1
12, 12, 0.0,0.0,1
13, 14, 592.0,837.0,-1
14, 13, 592.0,837.0,-1
13, 15, 809.0,997.0,-1
15, 13, 809.0,997.0,-1
13, 16, 347.0,445.0,1
16, 13, 347.0,445.0,1
13, 13, 0.0,0.0,1
14, 15, 433.0,591.0,-1
15, 14, 433.0,591.0,-1
14, 16, 532.0,628.0,-1
16, 14, 532.0,628.0,-1
14, 14, 0.0,0.0,1
15, 16, 903.0,1005.0,-1
16, 15, 903.0,1005.0,-1
15, 15, 0.0,0.0,1
16, 16, 0.0,0.0,1


<end>