<number of nodes>
16

<ratio of available edges>
0.3

<max length of the drone flight>
100000 

<D 2/3>
1, 3, 4, 6, 7, 9, 10, 11, 12, 14, 16

<V>
4, 7, 11, 12, 14

<coordinates X,Y>
313.93378445552986, 931.5607030848873
269.8953820468995, 878.0474690558716
472.7376427699862, 583.5881132757725
975.3775050089711, 543.9209038630764
877.3855344705443, 616.3710025898761
144.09521710079963, 591.2328039183091
952.0644556751308, 366.6683050421529
923.3454853410553, 513.4336721322636
557.1764451832854, 133.31474475832584
827.7500787841094, 90.28741720889651
63.45361414417558, 345.9782760011596
394.0907793497028, 628.5220774691386
306.9484313011063, 535.6871826871114
33.004208056433924, 615.3043517920248
873.2948081310227, 343.878788237907
470.91565991672, 843.8824603267069

<adjacency matrix with truck distances>
1, 2, 70.0,98.0,-1
2, 1, 70.0,98.0,-1
1, 3, 383.0,507.0,-1
3, 1, 383.0,507.0,-1
1, 4, 767.0,1050.0,1
4, 1, 767.0,1050.0,1
1, 5, 646.0,879.0,-1
5, 1, 646.0,879.0,-1
1, 6, 381.0,511.0,-1
6, 1, 381.0,511.0,-1
1, 7, 853.0,1204.0,-1
7, 1, 853.0,1204.0,-1
1, 8, 740.0,1028.0,-1
8, 1, 740.0,1028.0,-1
1, 9, 835.0,1042.0,1
9, 1, 835.0,1042.0,1
1, 10, 986.0,1356.0,1
10, 1, 986.0,1356.0,1
1, 11, 637.0,837.0,-1
11, 1, 637.0,837.0,-1
1, 12, 314.0,384.0,-1
12, 1, 314.0,384.0,-1
1, 13, 396.0,403.0,1
13, 1, 396.0,403.0,1
1, 14, 424.0,598.0,-1
14, 1, 424.0,598.0,-1
1, 15, 812.0,1148.0,1
15, 1, 812.0,1148.0,1
1, 16, 180.0,245.0,-1
16, 1, 180.0,245.0,-1
1, 1, 0.0,0.0,1
2, 3, 358.0,498.0,-1
3, 2, 358.0,498.0,-1
2, 4, 781.0,1040.0,1
4, 2, 781.0,1040.0,1
2, 5, 662.0,870.0,-1
5, 2, 662.0,870.0,-1
2, 6, 314.0,413.0,-1
6, 2, 314.0,413.0,-1
2, 7, 853.0,1194.0,1
7, 2, 853.0,1194.0,1
2, 8, 749.0,1019.0,1
8, 2, 749.0,1019.0,1
2, 9, 799.0,1033.0,1
9, 2, 799.0,1033.0,1
2, 10, 966.0,1346.0,-1
10, 2, 966.0,1346.0,-1
2, 11, 571.0,739.0,-1
11, 2, 571.0,739.0,-1
2, 12, 279.0,374.0,-1
12, 2, 279.0,374.0,-1
2, 13, 345.0,380.0,1
13, 2, 345.0,380.0,1
2, 14, 354.0,500.0,1
14, 2, 354.0,500.0,1
2, 15, 806.0,1138.0,-1
15, 2, 806.0,1138.0,-1
2, 16, 204.0,236.0,1
16, 2, 204.0,236.0,1
2, 2, 0.0,0.0,1
3, 4, 505.0,543.0,-1
4, 3, 505.0,543.0,-1
3, 5, 406.0,438.0,1
5, 3, 406.0,438.0,1
3, 6, 329.0,337.0,-1
6, 3, 329.0,337.0,-1
3, 7, 527.0,697.0,-1
7, 3, 527.0,697.0,-1
3, 8, 457.0,521.0,-1
8, 3, 457.0,521.0,-1
3, 9, 459.0,535.0,-1
9, 3, 459.0,535.0,-1
3, 10, 608.0,849.0,-1
10, 3, 608.0,849.0,-1
3, 11, 474.0,647.0,1
11, 3, 474.0,647.0,1
3, 12, 91.0,124.0,-1
12, 3, 91.0,124.0,-1
3, 13, 173.0,214.0,1
13, 3, 173.0,214.0,1
3, 14, 441.0,472.0,-1
14, 3, 441.0,472.0,-1
3, 15, 467.0,641.0,-1
15, 3, 467.0,641.0,-1
3, 16, 261.0,263.0,-1
16, 3, 261.0,263.0,-1
3, 3, 0.0,0.0,1
4, 5, 122.0,171.0,-1
5, 4, 122.0,171.0,-1
4, 6, 833.0,879.0,-1
6, 4, 833.0,879.0,-1
4, 7, 179.0,201.0,-1
7, 4, 179.0,201.0,-1
4, 8, 61.0,83.0,-1
8, 4, 61.0,83.0,-1
4, 9, 587.0,829.0,-1
9, 4, 587.0,829.0,-1
4, 10, 478.0,602.0,-1
10, 4, 478.0,602.0,-1
4, 11, 934.0,1110.0,-1
11, 4, 934.0,1110.0,-1
4, 12, 588.0,666.0,-1
12, 4, 588.0,666.0,-1
4, 13, 669.0,677.0,1
13, 4, 669.0,677.0,1
4, 14, 946.0,1014.0,-1
14, 4, 946.0,1014.0,-1
4, 15, 225.0,303.0,-1
15, 4, 225.0,303.0,-1
4, 16, 587.0,805.0,-1
16, 4, 587.0,805.0,-1
4, 4, 0.0,0.0,1
5, 6, 734.0,759.0,-1
6, 5, 734.0,759.0,-1
5, 7, 261.0,325.0,1
7, 5, 261.0,325.0,1
5, 8, 113.0,149.0,1
8, 5, 113.0,149.0,1
5, 9, 580.0,804.0,1
9, 5, 580.0,804.0,1
5, 10, 529.0,576.0,-1
10, 5, 529.0,576.0,-1
5, 11, 858.0,1085.0,-1
11, 5, 858.0,1085.0,-1
5, 12, 484.0,496.0,-1
12, 5, 484.0,496.0,-1
5, 13, 577.0,652.0,-1
13, 5, 577.0,652.0,-1
5, 14, 845.0,846.0,-1
14, 5, 845.0,846.0,-1
5, 15, 273.0,277.0,1
15, 5, 273.0,277.0,1
5, 16, 466.0,634.0,-1
16, 5, 466.0,634.0,-1
5, 5, 0.0,0.0,1
6, 7, 839.0,1033.0,-1
7, 6, 839.0,1033.0,-1
6, 8, 784.0,858.0,-1
8, 6, 784.0,858.0,-1
6, 9, 617.0,871.0,1
9, 6, 617.0,871.0,1
6, 10, 848.0,1185.0,1
10, 6, 848.0,1185.0,1
6, 11, 259.0,326.0,-1
11, 6, 259.0,326.0,-1
6, 12, 253.0,288.0,1
12, 6, 253.0,288.0,1
6, 13, 173.0,219.0,-1
13, 6, 173.0,219.0,-1
6, 14, 114.0,136.0,-1
14, 6, 114.0,136.0,-1
6, 15, 771.0,977.0,1
15, 6, 771.0,977.0,1
6, 16, 414.0,580.0,-1
16, 6, 414.0,580.0,-1
6, 6, 0.0,0.0,1
7, 8, 150.0,176.0,-1
8, 7, 150.0,176.0,-1
7, 9, 459.0,629.0,1
9, 7, 459.0,629.0,1
7, 10, 304.0,401.0,-1
10, 7, 304.0,401.0,-1
7, 11, 889.0,910.0,-1
11, 7, 889.0,910.0,-1
7, 12, 617.0,820.0,-1
12, 7, 617.0,820.0,-1
7, 13, 667.0,815.0,-1
13, 7, 667.0,815.0,-1
7, 14, 953.0,1168.0,-1
14, 7, 953.0,1168.0,-1
7, 15, 83.0,102.0,-1
15, 7, 83.0,102.0,-1
7, 16, 678.0,959.0,-1
16, 7, 678.0,959.0,-1
7, 7, 0.0,0.0,1
8, 9, 528.0,747.0,-1
9, 8, 528.0,747.0,-1
8, 10, 434.0,519.0,-1
10, 8, 434.0,519.0,-1
8, 11, 877.0,1028.0,-1
11, 8, 877.0,1028.0,-1
8, 12, 542.0,645.0,-1
12, 8, 542.0,645.0,-1
8, 13, 617.0,639.0,-1
13, 8, 617.0,639.0,-1
8, 14, 897.0,993.0,-1
14, 8, 897.0,993.0,-1
8, 15, 177.0,220.0,1
15, 8, 177.0,220.0,1
8, 16, 561.0,783.0,-1
16, 8, 561.0,783.0,-1
8, 8, 0.0,0.0,1
9, 10, 274.0,314.0,-1
10, 9, 274.0,314.0,-1
9, 11, 538.0,707.0,1
11, 9, 538.0,707.0,1
9, 12, 522.0,659.0,-1
12, 9, 522.0,659.0,-1
9, 13, 474.0,653.0,1
13, 9, 474.0,653.0,1
9, 14, 713.0,1007.0,-1
14, 9, 713.0,1007.0,-1
9, 15, 380.0,527.0,1
15, 9, 380.0,527.0,1
9, 16, 716.0,797.0,-1
16, 9, 716.0,797.0,-1
9, 9, 0.0,0.0,1
10, 11, 806.0,1020.0,1
11, 10, 806.0,1020.0,1
10, 12, 692.0,972.0,-1
12, 10, 692.0,972.0,-1
10, 13, 686.0,967.0,1
13, 10, 686.0,967.0,1
10, 14, 953.0,1320.0,-1
14, 10, 953.0,1320.0,-1
10, 15, 258.0,300.0,-1
15, 10, 258.0,300.0,-1
10, 16, 834.0,1111.0,1
16, 10, 834.0,1111.0,1
10, 10, 0.0,0.0,1
11, 12, 435.0,614.0,-1
12, 11, 435.0,614.0,-1
11, 13, 309.0,434.0,-1
13, 11, 309.0,434.0,-1
11, 14, 272.0,300.0,-1
14, 11, 272.0,300.0,-1
11, 15, 810.0,812.0,-1
15, 11, 810.0,812.0,-1
11, 16, 644.0,906.0,1
16, 11, 644.0,906.0,1
11, 11, 0.0,0.0,1
12, 13, 128.0,180.0,1
13, 12, 128.0,180.0,1
12, 14, 362.0,375.0,-1
14, 12, 362.0,375.0,-1
12, 15, 558.0,764.0,-1
15, 12, 558.0,764.0,-1
12, 16, 229.0,293.0,1
16, 12, 229.0,293.0,1
12, 12, 0.0,0.0,1
13, 14, 286.0,354.0,-1
14, 13, 286.0,354.0,-1
13, 15, 598.0,759.0,-1
15, 13, 598.0,759.0,-1
13, 16, 350.0,473.0,-1
16, 13, 350.0,473.0,-1
13, 13, 0.0,0.0,1
14, 15, 884.0,1112.0,-1
15, 14, 884.0,1112.0,-1
14, 16, 494.0,667.0,1
16, 14, 494.0,667.0,1
14, 14, 0.0,0.0,1
15, 16, 642.0,903.0,-1
16, 15, 642.0,903.0,-1
15, 15, 0.0,0.0,1
16, 16, 0.0,0.0,1


<end>