<number of nodes>
16

<ratio of available edges>
0.3

<max length of the drone flight>
100000 

<D 2/3>
1, 2, 3, 4, 5, 8, 9, 10, 11, 13, 15

<V>
3, 5, 8, 9, 15

<coordinates X,Y>
860.2600576584205, 409.94748711795955
819.6637025975579, 675.0224934408451
886.503395657128, 0.01906613143902436
165.19863184320934, 425.1700033033509
479.7118340808056, 86.33155778929859
490.3284955076745, 992.2138172200423
745.2125082813526, 507.18015408162086
409.6186729940557, 585.9539737576226
96.55698257278486, 875.7900602940599
707.4974595722493, 570.7766325986903
67.11967336459826, 335.70165337788393
604.8952056580856, 939.006957407491
89.5049879547538, 142.3763892547716
794.1468062969319, 450.8715107084805
683.962059908683, 335.6667610833935
411.7730851910701, 479.47999968049567

<adjacency matrix with truck distances>
1, 2, 269.0,306.0,-1
2, 1, 269.0,306.0,-1
1, 3, 411.0,437.0,-1
3, 1, 411.0,437.0,-1
1, 4, 696.0,711.0,-1
4, 1, 696.0,711.0,-1
1, 5, 500.0,705.0,1
5, 1, 500.0,705.0,1
1, 6, 690.0,953.0,-1
6, 1, 690.0,953.0,-1
1, 7, 151.0,213.0,-1
7, 1, 151.0,213.0,-1
1, 8, 484.0,627.0,-1
8, 1, 484.0,627.0,-1
1, 9, 895.0,1230.0,-1
9, 1, 895.0,1230.0,-1
1, 10, 222.0,314.0,1
10, 1, 222.0,314.0,1
1, 11, 797.0,868.0,1
11, 1, 797.0,868.0,1
1, 12, 588.0,785.0,-1
12, 1, 588.0,785.0,-1
1, 13, 816.0,1039.0,-1
13, 1, 816.0,1039.0,-1
1, 14, 78.0,108.0,-1
14, 1, 78.0,108.0,-1
1, 15, 192.0,251.0,1
15, 1, 192.0,251.0,1
1, 16, 454.0,519.0,1
16, 1, 454.0,519.0,1
1, 1, 0.0,0.0,1
2, 3, 679.0,742.0,-1
3, 2, 679.0,742.0,-1
2, 4, 701.0,905.0,-1
4, 2, 701.0,905.0,-1
2, 5, 680.0,929.0,-1
5, 2, 680.0,929.0,-1
2, 6, 458.0,647.0,1
6, 2, 458.0,647.0,1
2, 7, 184.0,243.0,1
7, 2, 184.0,243.0,1
2, 8, 420.0,500.0,-1
8, 2, 420.0,500.0,-1
2, 9, 751.0,924.0,1
9, 2, 751.0,924.0,1
2, 10, 154.0,217.0,-1
10, 2, 154.0,217.0,-1
2, 11, 826.0,1092.0,1
11, 2, 826.0,1092.0,1
2, 12, 341.0,479.0,1
12, 2, 341.0,479.0,1
2, 13, 904.0,1263.0,-1
13, 2, 904.0,1263.0,-1
2, 14, 226.0,250.0,-1
14, 2, 226.0,250.0,-1
2, 15, 366.0,476.0,1
15, 2, 366.0,476.0,1
2, 16, 453.0,604.0,1
16, 2, 453.0,604.0,1
2, 2, 0.0,0.0,1
3, 4, 838.0,1147.0,-1
4, 3, 838.0,1147.0,-1
3, 5, 416.0,494.0,-1
5, 3, 416.0,494.0,-1
3, 6, 1069.0,1389.0,-1
6, 3, 1069.0,1389.0,-1
3, 7, 527.0,649.0,-1
7, 3, 527.0,649.0,-1
3, 8, 756.0,1063.0,-1
8, 3, 756.0,1063.0,-1
3, 9, 1180.0,1666.0,1
9, 3, 1180.0,1666.0,1
3, 10, 599.0,750.0,-1
10, 3, 599.0,750.0,-1
3, 11, 886.0,1156.0,-1
11, 3, 886.0,1156.0,-1
3, 12, 981.0,1221.0,-1
12, 3, 981.0,1221.0,-1
3, 13, 810.0,940.0,-1
13, 3, 810.0,940.0,-1
3, 14, 461.0,544.0,-1
14, 3, 461.0,544.0,-1
3, 15, 393.0,539.0,-1
15, 3, 393.0,539.0,-1
3, 16, 675.0,955.0,1
16, 3, 675.0,955.0,1
3, 3, 0.0,0.0,1
4, 5, 463.0,654.0,1
5, 4, 463.0,654.0,1
4, 6, 654.0,893.0,1
6, 4, 654.0,893.0,1
4, 7, 586.0,663.0,-1
7, 4, 586.0,663.0,-1
4, 8, 293.0,406.0,-1
8, 4, 293.0,406.0,-1
4, 9, 456.0,520.0,-1
9, 4, 456.0,520.0,-1
4, 10, 562.0,688.0,-1
10, 4, 562.0,688.0,-1
4, 11, 133.0,188.0,-1
11, 4, 133.0,188.0,-1
4, 12, 677.0,954.0,1
12, 4, 677.0,954.0,1
4, 13, 293.0,359.0,-1
13, 4, 293.0,359.0,-1
4, 14, 630.0,655.0,-1
14, 4, 630.0,655.0,-1
4, 15, 527.0,609.0,-1
15, 4, 527.0,609.0,-1
4, 16, 253.0,301.0,1
16, 4, 253.0,301.0,1
4, 4, 0.0,0.0,1
5, 6, 906.0,917.0,-1
6, 5, 906.0,917.0,-1
5, 7, 498.0,687.0,-1
7, 5, 498.0,687.0,-1
5, 8, 505.0,570.0,-1
8, 5, 505.0,570.0,-1
5, 9, 878.0,1173.0,-1
9, 5, 878.0,1173.0,-1
5, 10, 536.0,713.0,-1
10, 5, 536.0,713.0,-1
5, 11, 483.0,662.0,-1
11, 5, 483.0,662.0,-1
5, 12, 862.0,978.0,-1
12, 5, 862.0,978.0,-1
5, 13, 395.0,447.0,-1
13, 5, 395.0,447.0,-1
5, 14, 482.0,679.0,1
14, 5, 482.0,679.0,1
5, 15, 323.0,454.0,1
15, 5, 323.0,454.0,1
5, 16, 399.0,462.0,1
16, 5, 399.0,462.0,1
5, 5, 0.0,0.0,1
6, 7, 548.0,740.0,-1
7, 6, 548.0,740.0,-1
6, 8, 415.0,487.0,-1
8, 6, 415.0,487.0,-1
6, 9, 411.0,511.0,-1
9, 6, 411.0,511.0,-1
6, 10, 475.0,639.0,-1
10, 6, 475.0,639.0,-1
6, 11, 782.0,1080.0,1
11, 6, 782.0,1080.0,1
6, 12, 127.0,168.0,-1
12, 6, 127.0,168.0,-1
6, 13, 940.0,1251.0,-1
13, 6, 940.0,1251.0,-1
6, 14, 621.0,846.0,1
14, 6, 621.0,846.0,1
6, 15, 685.0,851.0,-1
15, 6, 685.0,851.0,-1
6, 16, 519.0,592.0,-1
16, 6, 519.0,592.0,-1
6, 6, 0.0,0.0,1
7, 8, 345.0,415.0,-1
8, 7, 345.0,415.0,-1
7, 9, 747.0,1018.0,-1
9, 7, 747.0,1018.0,-1
7, 10, 74.0,102.0,-1
10, 7, 74.0,102.0,-1
7, 11, 700.0,850.0,1
11, 7, 700.0,850.0,1
7, 12, 455.0,573.0,1
12, 7, 455.0,573.0,1
7, 13, 751.0,1021.0,-1
13, 7, 751.0,1021.0,-1
7, 14, 75.0,106.0,-1
14, 7, 75.0,106.0,-1
7, 15, 183.0,233.0,-1
15, 7, 183.0,233.0,-1
7, 16, 335.0,362.0,-1
16, 7, 335.0,362.0,-1
7, 7, 0.0,0.0,1
8, 9, 427.0,603.0,1
9, 8, 427.0,603.0,1
8, 10, 299.0,314.0,-1
10, 8, 299.0,314.0,-1
8, 11, 425.0,593.0,-1
11, 8, 425.0,593.0,-1
8, 12, 404.0,549.0,1
12, 8, 404.0,549.0,1
8, 13, 548.0,764.0,-1
13, 8, 548.0,764.0,-1
8, 14, 408.0,520.0,-1
14, 8, 408.0,520.0,-1
8, 15, 372.0,525.0,1
15, 8, 372.0,525.0,1
8, 16, 107.0,109.0,1
16, 8, 107.0,109.0,1
8, 8, 0.0,0.0,1
9, 10, 683.0,916.0,1
10, 9, 683.0,916.0,1
9, 11, 541.0,570.0,-1
11, 9, 541.0,570.0,-1
9, 12, 513.0,572.0,-1
12, 9, 513.0,572.0,-1
9, 13, 734.0,741.0,1
13, 9, 734.0,741.0,1
9, 14, 817.0,1123.0,1
14, 9, 817.0,1123.0,1
9, 15, 798.0,1128.0,-1
15, 9, 798.0,1128.0,-1
9, 16, 507.0,712.0,-1
16, 9, 507.0,712.0,-1
9, 9, 0.0,0.0,1
10, 11, 683.0,876.0,-1
11, 10, 683.0,876.0,-1
10, 12, 383.0,471.0,1
12, 10, 383.0,471.0,1
10, 13, 752.0,1047.0,-1
13, 10, 752.0,1047.0,-1
10, 14, 148.0,207.0,1
14, 10, 148.0,207.0,1
10, 15, 237.0,259.0,-1
15, 10, 237.0,259.0,-1
10, 16, 310.0,388.0,1
16, 10, 310.0,388.0,1
10, 10, 0.0,0.0,1
11, 12, 809.0,1142.0,-1
12, 11, 809.0,1142.0,-1
11, 13, 195.0,216.0,-1
13, 11, 195.0,216.0,-1
11, 14, 737.0,843.0,-1
14, 11, 737.0,843.0,-1
11, 15, 617.0,617.0,-1
15, 11, 617.0,617.0,-1
11, 16, 374.0,489.0,-1
16, 11, 374.0,489.0,-1
11, 11, 0.0,0.0,1
12, 13, 949.0,1313.0,-1
13, 12, 949.0,1313.0,-1
12, 14, 524.0,678.0,1
14, 12, 524.0,678.0,1
12, 15, 609.0,683.0,-1
15, 12, 609.0,683.0,-1
12, 16, 499.0,653.0,-1
16, 12, 499.0,653.0,-1
12, 12, 0.0,0.0,1
13, 14, 770.0,1014.0,-1
14, 13, 770.0,1014.0,-1
13, 15, 626.0,788.0,-1
15, 13, 626.0,788.0,-1
13, 16, 467.0,660.0,-1
16, 13, 467.0,660.0,-1
13, 13, 0.0,0.0,1
14, 15, 160.0,226.0,-1
15, 14, 160.0,226.0,-1
14, 16, 384.0,411.0,-1
16, 14, 384.0,411.0,-1
14, 14, 0.0,0.0,1
15, 16, 308.0,417.0,-1
16, 15, 308.0,417.0,-1
15, 15, 0.0,0.0,1
16, 16, 0.0,0.0,1


<end>