<number of nodes>
16

<ratio of available edges>
0.3

<max length of the drone flight>
100000 

<D 2/3>
1, 2, 5, 6, 9, 10, 12, 13, 14, 15, 16

<V>
5, 9, 10, 13, 16

<coordinates X,Y>
49.142124028559415, 23.985208237884795
419.09975408710443, 598.0632429812259
582.5872548982755, 495.9654320402355
31.259322465958604, 91.71468138416051
329.7465310101076, 392.7938642033889
179.65847133910245, 544.0807399824661
45.868218656191374, 748.9978123226307
641.1875976058274, 270.45752550121125
669.1876800067948, 492.86265500110386
43.57312955589506, 791.3615328838292
67.22779207968367, 144.81367564838723
590.425306816704, 934.1289499884198
998.5543921128791, 616.6135048892647
284.755585670266, 182.07714894635197
90.0689420697765, 389.5238617349572
755.2133035722447, 629.8464648012082

<adjacency matrix with truck distances>
1, 2, 683.0,945.0,-1
2, 1, 683.0,945.0,-1
1, 3, 713.0,1006.0,-1
3, 1, 713.0,1006.0,-1
1, 4, 71.0,86.0,-1
4, 1, 71.0,86.0,-1
1, 5, 464.0,650.0,1
5, 1, 464.0,650.0,1
1, 6, 537.0,651.0,-1
6, 1, 537.0,651.0,-1
1, 7, 726.0,729.0,-1
7, 1, 726.0,729.0,-1
1, 8, 642.0,839.0,1
8, 1, 642.0,839.0,1
1, 9, 778.0,1089.0,1
9, 1, 778.0,1089.0,1
1, 10, 768.0,773.0,-1
10, 1, 768.0,773.0,-1
1, 11, 123.0,139.0,-1
11, 1, 123.0,139.0,-1
1, 12, 1059.0,1452.0,-1
12, 1, 1059.0,1452.0,-1
1, 13, 1120.0,1543.0,-1
13, 1, 1120.0,1543.0,-1
1, 14, 284.0,394.0,-1
14, 1, 284.0,394.0,-1
1, 15, 368.0,407.0,1
15, 1, 368.0,407.0,1
1, 16, 931.0,1312.0,-1
16, 1, 931.0,1312.0,-1
1, 1, 0.0,0.0,1
2, 3, 193.0,266.0,-1
3, 2, 193.0,266.0,-1
2, 4, 638.0,895.0,1
4, 2, 638.0,895.0,1
2, 5, 224.0,295.0,1
5, 2, 224.0,295.0,1
2, 6, 246.0,294.0,-1
6, 2, 246.0,294.0,-1
2, 7, 403.0,525.0,1
7, 2, 403.0,525.0,1
2, 8, 396.0,550.0,-1
8, 2, 396.0,550.0,-1
2, 9, 272.0,356.0,-1
9, 2, 272.0,356.0,-1
2, 10, 423.0,569.0,1
10, 2, 423.0,569.0,1
2, 11, 574.0,806.0,-1
11, 2, 574.0,806.0,-1
2, 12, 378.0,508.0,-1
12, 2, 378.0,508.0,-1
2, 13, 580.0,599.0,-1
13, 2, 580.0,599.0,-1
2, 14, 438.0,551.0,1
14, 2, 438.0,551.0,1
2, 15, 390.0,538.0,-1
15, 2, 390.0,538.0,-1
2, 16, 338.0,368.0,-1
16, 2, 338.0,368.0,-1
2, 2, 0.0,0.0,1
3, 4, 684.0,956.0,1
4, 3, 684.0,956.0,1
3, 5, 274.0,357.0,-1
5, 3, 274.0,357.0,-1
3, 6, 406.0,452.0,1
6, 3, 406.0,452.0,1
3, 7, 594.0,790.0,1
7, 3, 594.0,790.0,1
3, 8, 233.0,285.0,-1
8, 3, 233.0,285.0,-1
3, 9, 87.0,90.0,1
9, 3, 87.0,90.0,1
3, 10, 615.0,835.0,-1
10, 3, 615.0,835.0,-1
3, 11, 624.0,867.0,-1
11, 3, 624.0,867.0,-1
3, 12, 439.0,447.0,1
12, 3, 439.0,447.0,1
3, 13, 434.0,537.0,-1
13, 3, 434.0,537.0,-1
3, 14, 433.0,612.0,-1
14, 3, 433.0,612.0,-1
3, 15, 504.0,599.0,-1
15, 3, 504.0,599.0,-1
3, 16, 219.0,307.0,-1
16, 3, 219.0,307.0,-1
3, 3, 0.0,0.0,1
4, 5, 424.0,600.0,1
5, 4, 424.0,600.0,1
4, 6, 477.0,601.0,-1
6, 4, 477.0,601.0,-1
4, 7, 658.0,672.0,-1
7, 4, 658.0,672.0,-1
4, 8, 636.0,789.0,-1
8, 4, 636.0,789.0,-1
4, 9, 754.0,1040.0,-1
9, 4, 754.0,1040.0,-1
4, 10, 700.0,712.0,-1
10, 4, 700.0,712.0,-1
4, 11, 65.0,90.0,-1
11, 4, 65.0,90.0,-1
4, 12, 1012.0,1402.0,-1
12, 4, 1012.0,1402.0,-1
4, 13, 1101.0,1493.0,-1
13, 4, 1101.0,1493.0,-1
4, 14, 270.0,344.0,-1
14, 4, 270.0,344.0,-1
4, 15, 304.0,357.0,-1
15, 4, 304.0,357.0,-1
4, 16, 903.0,1263.0,-1
16, 4, 903.0,1263.0,-1
4, 4, 0.0,0.0,1
5, 6, 214.0,302.0,-1
6, 5, 214.0,302.0,-1
5, 7, 456.0,641.0,1
7, 5, 456.0,641.0,1
5, 8, 335.0,434.0,-1
8, 5, 335.0,434.0,-1
5, 9, 354.0,440.0,-1
9, 5, 354.0,440.0,-1
5, 10, 491.0,685.0,-1
10, 5, 491.0,685.0,-1
5, 11, 362.0,511.0,-1
11, 5, 362.0,511.0,-1
5, 12, 601.0,803.0,-1
12, 5, 601.0,803.0,-1
5, 13, 706.0,893.0,-1
13, 5, 706.0,893.0,-1
5, 14, 216.0,256.0,1
14, 5, 216.0,256.0,1
5, 15, 240.0,243.0,1
15, 5, 240.0,243.0,1
5, 16, 488.0,663.0,-1
16, 5, 488.0,663.0,-1
5, 5, 0.0,0.0,1
6, 7, 245.0,339.0,-1
7, 6, 245.0,339.0,-1
6, 8, 537.0,736.0,-1
8, 6, 537.0,736.0,-1
6, 9, 493.0,541.0,-1
9, 6, 493.0,541.0,-1
6, 10, 283.0,384.0,-1
10, 6, 283.0,384.0,-1
6, 11, 415.0,512.0,-1
11, 6, 415.0,512.0,-1
6, 12, 567.0,801.0,-1
12, 6, 567.0,801.0,-1
6, 13, 823.0,892.0,1
13, 6, 823.0,892.0,1
6, 14, 377.0,468.0,-1
14, 6, 377.0,468.0,-1
6, 15, 179.0,245.0,1
15, 6, 179.0,245.0,1
6, 16, 582.0,662.0,1
16, 6, 582.0,662.0,1
6, 6, 0.0,0.0,1
7, 8, 764.0,1074.0,-1
8, 7, 764.0,1074.0,-1
7, 9, 674.0,880.0,1
9, 7, 674.0,880.0,1
7, 10, 43.0,45.0,-1
10, 7, 43.0,45.0,-1
7, 11, 605.0,626.0,-1
11, 7, 605.0,626.0,-1
7, 12, 576.0,730.0,1
12, 7, 576.0,730.0,1
7, 13, 962.0,1086.0,-1
13, 7, 962.0,1086.0,-1
7, 14, 616.0,806.0,-1
14, 7, 616.0,806.0,-1
7, 15, 363.0,404.0,-1
15, 7, 363.0,404.0,-1
7, 16, 720.0,829.0,-1
16, 7, 720.0,829.0,-1
7, 7, 0.0,0.0,1
8, 9, 225.0,251.0,-1
9, 8, 225.0,251.0,-1
8, 10, 793.0,1119.0,1
10, 8, 793.0,1119.0,1
8, 11, 588.0,700.0,-1
11, 8, 588.0,700.0,-1
8, 12, 666.0,715.0,-1
12, 8, 666.0,715.0,-1
8, 13, 498.0,704.0,1
13, 8, 498.0,704.0,1
8, 14, 368.0,445.0,1
14, 8, 368.0,445.0,1
8, 15, 564.0,671.0,-1
15, 8, 564.0,671.0,-1
8, 16, 378.0,474.0,-1
16, 8, 378.0,474.0,-1
8, 8, 0.0,0.0,1
9, 10, 694.0,925.0,-1
10, 9, 694.0,925.0,-1
9, 11, 696.0,951.0,-1
11, 9, 696.0,951.0,-1
9, 12, 449.0,521.0,1
12, 9, 449.0,521.0,1
9, 13, 352.0,454.0,-1
13, 9, 352.0,454.0,-1
9, 14, 495.0,696.0,1
14, 9, 495.0,696.0,1
9, 15, 589.0,683.0,1
15, 9, 589.0,683.0,1
9, 16, 162.0,224.0,-1
16, 9, 162.0,224.0,-1
9, 9, 0.0,0.0,1
10, 11, 647.0,671.0,1
11, 10, 647.0,671.0,1
10, 12, 566.0,690.0,1
12, 10, 566.0,690.0,1
10, 13, 971.0,1130.0,1
13, 10, 971.0,1130.0,1
10, 14, 656.0,851.0,-1
14, 10, 656.0,851.0,-1
10, 15, 405.0,449.0,-1
15, 10, 405.0,449.0,-1
10, 16, 730.0,874.0,-1
16, 10, 730.0,874.0,-1
10, 10, 0.0,0.0,1
11, 12, 947.0,1313.0,-1
12, 11, 947.0,1313.0,-1
11, 13, 1045.0,1404.0,-1
13, 11, 1045.0,1404.0,-1
11, 14, 221.0,255.0,-1
14, 11, 221.0,255.0,-1
11, 15, 246.0,268.0,-1
15, 11, 246.0,268.0,-1
11, 16, 842.0,1174.0,-1
16, 11, 842.0,1174.0,-1
11, 11, 0.0,0.0,1
12, 13, 518.0,726.0,1
13, 12, 518.0,726.0,1
12, 14, 812.0,1058.0,1
14, 12, 812.0,1058.0,1
12, 15, 740.0,1045.0,-1
15, 12, 740.0,1045.0,-1
12, 16, 347.0,470.0,-1
16, 12, 347.0,470.0,-1
12, 12, 0.0,0.0,1
13, 14, 836.0,1149.0,-1
14, 13, 836.0,1149.0,-1
13, 15, 937.0,1136.0,-1
15, 13, 937.0,1136.0,-1
13, 16, 244.0,257.0,-1
16, 13, 244.0,257.0,-1
13, 13, 0.0,0.0,1
14, 15, 285.0,403.0,1
15, 14, 285.0,403.0,1
14, 16, 650.0,919.0,-1
16, 14, 650.0,919.0,-1
14, 14, 0.0,0.0,1
15, 16, 708.0,906.0,1
16, 15, 708.0,906.0,1
15, 15, 0.0,0.0,1
16, 16, 0.0,0.0,1


<end>