<number of nodes>
16

<ratio of available edges>
0.3

<max length of the drone flight>
100000 

<D 2/3>
1, 3, 4, 6, 8, 10, 11, 12, 13, 14, 16

<V>
3, 4, 6, 10, 14

<coordinates X,Y>
243.58156577381095, 432.57230303514115
971.563104743296, 562.2441057530439
77.68766071637013, 520.5609130648486
165.6189904874878, 704.3115495821226
905.2795682588946, 184.9742250509562
389.14220406765537, 5.339067322818918
345.5206976956444, 477.36186814143144
123.85585963463406, 184.4163387901505
519.7829124779958, 893.6412050204731
36.595851256204, 77.7879081128878
307.8864715298064, 301.3899221090708
803.4241663816027, 199.16057154023176
488.08450630266344, 630.4584586303017
8.340646430153846, 827.9708641490311
292.99757305508814, 42.23119644673807
310.2209815487236, 458.6850247919322

<adjacency matrix with truck distances>
1, 2, 740.0,858.0,-1
2, 1, 740.0,858.0,-1
1, 3, 188.0,254.0,-1
3, 1, 188.0,254.0,-1
1, 4, 283.0,350.0,-1
4, 1, 283.0,350.0,-1
1, 5, 707.0,910.0,1
5, 1, 707.0,910.0,1
1, 6, 452.0,573.0,-1
6, 1, 452.0,573.0,-1
1, 7, 112.0,147.0,1
7, 1, 112.0,147.0,1
1, 8, 276.0,368.0,-1
8, 1, 276.0,368.0,-1
1, 9, 538.0,738.0,-1
9, 1, 538.0,738.0,-1
1, 10, 411.0,562.0,1
10, 1, 411.0,562.0,1
1, 11, 147.0,196.0,-1
11, 1, 147.0,196.0,-1
1, 12, 607.0,794.0,-1
12, 1, 607.0,794.0,-1
1, 13, 315.0,443.0,-1
13, 1, 315.0,443.0,-1
1, 14, 461.0,631.0,1
14, 1, 461.0,631.0,1
1, 15, 394.0,440.0,-1
15, 1, 394.0,440.0,-1
1, 16, 72.0,93.0,1
16, 1, 72.0,93.0,1
1, 1, 0.0,0.0,1
2, 3, 895.0,936.0,-1
3, 2, 895.0,936.0,-1
2, 4, 819.0,949.0,-1
4, 2, 819.0,949.0,-1
2, 5, 384.0,444.0,-1
5, 2, 384.0,444.0,-1
2, 6, 806.0,1140.0,-1
6, 2, 806.0,1140.0,-1
2, 7, 632.0,711.0,1
7, 2, 632.0,711.0,1
2, 8, 929.0,1226.0,1
8, 2, 929.0,1226.0,1
2, 9, 561.0,784.0,1
9, 2, 561.0,784.0,1
2, 10, 1054.0,1420.0,-1
10, 2, 1054.0,1420.0,-1
2, 11, 714.0,925.0,1
11, 2, 714.0,925.0,1
2, 12, 401.0,532.0,1
12, 2, 401.0,532.0,1
2, 13, 489.0,552.0,-1
13, 2, 489.0,552.0,-1
2, 14, 1000.0,1229.0,1
14, 2, 1000.0,1229.0,1
2, 15, 855.0,1199.0,-1
15, 2, 855.0,1199.0,-1
2, 16, 670.0,765.0,-1
16, 2, 670.0,765.0,-1
2, 2, 0.0,0.0,1
3, 4, 204.0,272.0,1
4, 3, 204.0,272.0,1
3, 5, 894.0,1164.0,-1
5, 3, 894.0,1164.0,-1
3, 6, 603.0,827.0,1
6, 3, 603.0,827.0,1
3, 7, 272.0,312.0,1
7, 3, 272.0,312.0,1
3, 8, 340.0,383.0,-1
8, 3, 340.0,383.0,-1
3, 9, 579.0,816.0,1
9, 3, 579.0,816.0,1
3, 10, 445.0,484.0,-1
10, 3, 445.0,484.0,-1
3, 11, 318.0,450.0,-1
11, 3, 318.0,450.0,-1
3, 12, 794.0,1048.0,-1
12, 3, 794.0,1048.0,-1
3, 13, 425.0,521.0,1
13, 3, 425.0,521.0,1
3, 14, 316.0,377.0,1
14, 3, 316.0,377.0,1
3, 15, 525.0,694.0,-1
15, 3, 525.0,694.0,-1
3, 16, 241.0,295.0,-1
16, 3, 241.0,295.0,-1
3, 3, 0.0,0.0,1
4, 5, 904.0,1259.0,-1
5, 4, 904.0,1259.0,-1
4, 6, 734.0,923.0,-1
6, 4, 734.0,923.0,-1
4, 7, 290.0,407.0,-1
7, 4, 290.0,407.0,-1
4, 8, 522.0,562.0,-1
8, 4, 522.0,562.0,-1
4, 9, 402.0,544.0,1
9, 4, 402.0,544.0,1
4, 10, 640.0,756.0,1
10, 4, 640.0,756.0,1
4, 11, 428.0,546.0,-1
11, 4, 428.0,546.0,-1
4, 12, 814.0,1143.0,-1
12, 4, 814.0,1143.0,-1
4, 13, 331.0,397.0,-1
13, 4, 331.0,397.0,-1
4, 14, 201.0,281.0,-1
14, 4, 201.0,281.0,-1
4, 15, 675.0,790.0,-1
15, 4, 675.0,790.0,-1
4, 16, 286.0,391.0,-1
16, 4, 286.0,391.0,-1
4, 4, 0.0,0.0,1
5, 6, 547.0,696.0,-1
6, 5, 547.0,696.0,-1
5, 7, 632.0,853.0,-1
7, 5, 632.0,853.0,-1
5, 8, 782.0,782.0,-1
8, 5, 782.0,782.0,-1
5, 9, 807.0,1095.0,-1
9, 5, 807.0,1095.0,-1
5, 10, 876.0,976.0,-1
10, 5, 876.0,976.0,-1
5, 11, 609.0,714.0,-1
11, 5, 609.0,714.0,-1
5, 12, 103.0,117.0,-1
12, 5, 103.0,117.0,-1
5, 13, 611.0,863.0,1
13, 5, 611.0,863.0,1
5, 14, 1104.0,1540.0,1
14, 5, 1104.0,1540.0,1
5, 15, 629.0,756.0,-1
15, 5, 629.0,756.0,-1
5, 16, 655.0,869.0,-1
16, 5, 655.0,869.0,-1
5, 5, 0.0,0.0,1
6, 7, 475.0,516.0,1
7, 6, 475.0,516.0,1
6, 8, 321.0,445.0,-1
8, 6, 321.0,445.0,-1
6, 9, 898.0,1019.0,-1
9, 6, 898.0,1019.0,-1
6, 10, 360.0,425.0,-1
10, 6, 360.0,425.0,-1
6, 11, 307.0,378.0,1
11, 6, 307.0,378.0,1
6, 12, 458.0,609.0,1
12, 6, 458.0,609.0,1
6, 13, 633.0,725.0,-1
13, 6, 633.0,725.0,-1
6, 14, 907.0,1204.0,1
14, 6, 907.0,1204.0,1
6, 15, 103.0,134.0,-1
15, 6, 103.0,134.0,-1
6, 16, 461.0,533.0,1
16, 6, 461.0,533.0,1
6, 6, 0.0,0.0,1
7, 8, 368.0,515.0,-1
8, 7, 368.0,515.0,-1
7, 9, 452.0,591.0,-1
9, 7, 452.0,591.0,-1
7, 10, 506.0,709.0,-1
10, 7, 506.0,709.0,-1
7, 11, 180.0,214.0,-1
11, 7, 180.0,214.0,-1
7, 12, 536.0,737.0,1
12, 7, 536.0,737.0,1
7, 13, 210.0,296.0,-1
13, 7, 210.0,296.0,-1
7, 14, 487.0,688.0,-1
14, 7, 487.0,688.0,-1
7, 15, 439.0,488.0,1
15, 7, 439.0,488.0,1
7, 16, 40.0,54.0,-1
16, 7, 40.0,54.0,-1
7, 7, 0.0,0.0,1
8, 9, 813.0,1106.0,-1
9, 8, 813.0,1106.0,-1
8, 10, 138.0,194.0,1
10, 8, 138.0,194.0,1
8, 11, 219.0,302.0,-1
11, 8, 219.0,302.0,-1
8, 12, 680.0,695.0,-1
12, 8, 680.0,695.0,-1
8, 13, 576.0,811.0,-1
13, 8, 576.0,811.0,-1
8, 14, 654.0,760.0,-1
14, 8, 654.0,760.0,-1
8, 15, 221.0,312.0,-1
15, 8, 221.0,312.0,-1
8, 16, 332.0,461.0,-1
16, 8, 332.0,461.0,-1
8, 8, 0.0,0.0,1
9, 10, 949.0,1300.0,-1
10, 9, 949.0,1300.0,-1
9, 11, 630.0,805.0,-1
11, 9, 630.0,805.0,-1
9, 12, 751.0,979.0,-1
12, 9, 751.0,979.0,-1
9, 13, 266.0,295.0,1
13, 9, 266.0,295.0,1
9, 14, 516.0,578.0,-1
14, 9, 516.0,578.0,-1
9, 15, 882.0,1079.0,-1
15, 9, 882.0,1079.0,-1
9, 16, 483.0,645.0,1
16, 9, 483.0,645.0,1
9, 9, 0.0,0.0,1
10, 11, 352.0,495.0,-1
11, 10, 352.0,495.0,-1
10, 12, 777.0,889.0,1
12, 10, 777.0,889.0,1
10, 13, 714.0,1005.0,-1
13, 10, 714.0,1005.0,-1
10, 14, 751.0,779.0,-1
14, 10, 751.0,779.0,-1
10, 15, 259.0,292.0,-1
15, 10, 259.0,292.0,-1
10, 16, 469.0,655.0,-1
16, 10, 469.0,655.0,-1
10, 10, 0.0,0.0,1
11, 12, 506.0,598.0,1
12, 11, 506.0,598.0,1
11, 13, 376.0,510.0,-1
13, 11, 376.0,510.0,-1
11, 14, 606.0,827.0,-1
14, 11, 606.0,827.0,-1
11, 15, 260.0,275.0,-1
15, 11, 260.0,275.0,-1
11, 16, 158.0,160.0,1
16, 11, 158.0,160.0,1
11, 11, 0.0,0.0,1
12, 13, 535.0,747.0,-1
13, 12, 535.0,747.0,-1
12, 14, 1014.0,1424.0,-1
14, 12, 1014.0,1424.0,-1
12, 15, 535.0,668.0,-1
15, 12, 535.0,668.0,-1
12, 16, 558.0,753.0,-1
16, 12, 558.0,753.0,-1
12, 12, 0.0,0.0,1
13, 14, 519.0,678.0,1
14, 13, 519.0,678.0,1
13, 15, 620.0,784.0,-1
15, 13, 620.0,784.0,-1
13, 16, 248.0,350.0,1
16, 13, 248.0,350.0,1
13, 13, 0.0,0.0,1
14, 15, 836.0,1071.0,-1
15, 14, 836.0,1071.0,-1
14, 16, 477.0,672.0,-1
16, 14, 477.0,672.0,-1
14, 14, 0.0,0.0,1
15, 16, 417.0,434.0,-1
16, 15, 417.0,434.0,-1
15, 15, 0.0,0.0,1
16, 16, 0.0,0.0,1


<end>