<number of nodes>
16

<ratio of available edges>
0.3

<max length of the drone flight>
100000 

<D 2/3>
1, 2, 4, 5, 8, 9, 11, 12, 13, 15, 16

<V>
4, 5, 8, 12, 16

<coordinates X,Y>
835.6119335149768, 497.89134661047467
126.59225563538116, 621.5093422747174
158.3331329908894, 26.30189954254251
224.4159485741363, 957.7576003155879
195.2491856178694, 41.02930923226159
293.9300845468443, 162.69141238536287
0.9983756357192335, 738.1433549288838
877.2134339672178, 197.23385269101874
524.9385337542337, 675.5937235618152
247.958782782264, 6.573871246186396
596.4502070803376, 680.7085516773881
86.59693820970436, 720.521978123686
688.2569080123187, 298.26044183896107
36.687457217139084, 635.5887753925244
294.1461909106493, 338.59523834501766
242.1540102906095, 95.15558762629871

<adjacency matrix with truck distances>
1, 2, 720.0,833.0,-1
2, 1, 720.0,833.0,-1
1, 3, 826.0,1149.0,-1
3, 1, 826.0,1149.0,-1
1, 4, 765.0,1072.0,-1
4, 1, 765.0,1072.0,-1
1, 5, 787.0,1098.0,-1
5, 1, 787.0,1098.0,-1
1, 6, 638.0,877.0,-1
6, 1, 638.0,877.0,-1
1, 7, 869.0,1075.0,-1
7, 1, 869.0,1075.0,-1
1, 8, 304.0,343.0,-1
8, 1, 304.0,343.0,-1
1, 9, 358.0,489.0,-1
9, 1, 358.0,489.0,-1
1, 10, 766.0,1079.0,-1
10, 1, 766.0,1079.0,-1
1, 11, 302.0,422.0,-1
11, 1, 302.0,422.0,-1
1, 12, 782.0,972.0,1
12, 1, 782.0,972.0,1
1, 13, 249.0,347.0,1
13, 1, 249.0,347.0,1
1, 14, 811.0,937.0,1
14, 1, 811.0,937.0,1
1, 15, 565.0,701.0,-1
15, 1, 565.0,701.0,-1
1, 16, 718.0,997.0,-1
16, 1, 718.0,997.0,-1
1, 1, 0.0,0.0,1
2, 3, 597.0,627.0,-1
3, 2, 597.0,627.0,-1
2, 4, 351.0,435.0,-1
4, 2, 351.0,435.0,-1
2, 5, 585.0,650.0,-1
5, 2, 585.0,650.0,-1
2, 6, 489.0,627.0,-1
6, 2, 489.0,627.0,-1
2, 7, 172.0,243.0,1
7, 2, 172.0,243.0,1
2, 8, 863.0,1175.0,1
8, 2, 863.0,1175.0,1
2, 9, 403.0,453.0,1
9, 2, 403.0,453.0,1
2, 10, 627.0,737.0,-1
10, 2, 627.0,737.0,-1
2, 11, 474.0,530.0,-1
11, 2, 474.0,530.0,-1
2, 12, 107.0,140.0,-1
12, 2, 107.0,140.0,-1
2, 13, 649.0,885.0,-1
13, 2, 649.0,885.0,-1
2, 14, 92.0,104.0,-1
14, 2, 92.0,104.0,-1
2, 15, 329.0,451.0,-1
15, 2, 329.0,451.0,-1
2, 16, 539.0,642.0,1
16, 2, 539.0,642.0,1
2, 2, 0.0,0.0,1
3, 4, 934.0,998.0,-1
4, 3, 934.0,998.0,-1
3, 5, 40.0,52.0,1
5, 3, 40.0,52.0,1
3, 6, 193.0,272.0,-1
6, 3, 193.0,272.0,-1
3, 7, 730.0,870.0,1
7, 3, 730.0,870.0,1
3, 8, 739.0,890.0,-1
8, 3, 739.0,890.0,-1
3, 9, 746.0,1016.0,1
9, 3, 746.0,1016.0,1
3, 10, 92.0,110.0,-1
10, 3, 92.0,110.0,-1
3, 11, 788.0,1093.0,-1
11, 3, 788.0,1093.0,-1
3, 12, 698.0,766.0,1
12, 3, 698.0,766.0,1
3, 13, 596.0,802.0,-1
13, 3, 596.0,802.0,-1
3, 14, 622.0,731.0,-1
14, 3, 622.0,731.0,-1
3, 15, 341.0,449.0,-1
15, 3, 341.0,449.0,-1
3, 16, 109.0,153.0,-1
16, 3, 109.0,153.0,-1
3, 3, 0.0,0.0,1
4, 5, 918.0,946.0,-1
5, 4, 918.0,946.0,-1
4, 6, 799.0,865.0,-1
6, 4, 799.0,865.0,-1
4, 7, 314.0,444.0,-1
7, 4, 314.0,444.0,-1
4, 8, 1003.0,1414.0,-1
8, 4, 1003.0,1414.0,-1
4, 9, 413.0,583.0,-1
9, 4, 413.0,583.0,-1
4, 10, 952.0,975.0,-1
10, 4, 952.0,975.0,-1
4, 11, 464.0,650.0,-1
11, 4, 464.0,650.0,-1
4, 12, 275.0,376.0,-1
12, 4, 275.0,376.0,-1
4, 13, 807.0,1124.0,-1
13, 4, 807.0,1124.0,-1
4, 14, 373.0,510.0,-1
14, 4, 373.0,510.0,-1
4, 15, 624.0,689.0,-1
15, 4, 624.0,689.0,-1
4, 16, 863.0,881.0,1
16, 4, 863.0,881.0,1
4, 4, 0.0,0.0,1
5, 6, 157.0,221.0,1
6, 5, 157.0,221.0,1
5, 7, 724.0,892.0,1
7, 5, 724.0,892.0,1
5, 8, 700.0,839.0,-1
8, 5, 700.0,839.0,-1
5, 9, 716.0,965.0,1
9, 5, 716.0,965.0,1
5, 10, 63.0,88.0,-1
10, 5, 63.0,88.0,-1
5, 11, 756.0,1041.0,-1
11, 5, 756.0,1041.0,-1
5, 12, 689.0,789.0,1
12, 5, 689.0,789.0,1
5, 13, 557.0,751.0,-1
13, 5, 557.0,751.0,-1
5, 14, 616.0,754.0,-1
14, 5, 616.0,754.0,-1
5, 15, 314.0,397.0,-1
15, 5, 314.0,397.0,-1
5, 16, 72.0,102.0,-1
16, 5, 72.0,102.0,-1
5, 5, 0.0,0.0,1
6, 7, 646.0,869.0,-1
7, 6, 646.0,869.0,-1
6, 8, 585.0,618.0,1
8, 6, 585.0,618.0,1
6, 9, 563.0,744.0,-1
9, 6, 563.0,744.0,-1
6, 10, 163.0,203.0,-1
10, 6, 163.0,203.0,-1
6, 11, 600.0,821.0,1
11, 6, 600.0,821.0,1
6, 12, 596.0,766.0,1
12, 6, 596.0,766.0,1
6, 13, 417.0,530.0,1
13, 6, 417.0,530.0,1
6, 14, 539.0,731.0,-1
14, 6, 539.0,731.0,-1
6, 15, 176.0,177.0,1
15, 6, 176.0,177.0,1
6, 16, 86.0,120.0,-1
16, 6, 86.0,120.0,-1
6, 6, 0.0,0.0,1
7, 8, 1030.0,1418.0,-1
8, 7, 1030.0,1418.0,-1
7, 9, 528.0,587.0,-1
9, 7, 528.0,587.0,-1
7, 10, 773.0,979.0,-1
10, 7, 773.0,979.0,-1
7, 11, 599.0,653.0,1
11, 7, 599.0,653.0,1
7, 12, 88.0,104.0,1
12, 7, 88.0,104.0,1
7, 13, 816.0,1128.0,1
13, 7, 816.0,1128.0,1
7, 14, 109.0,139.0,1
14, 7, 109.0,139.0,1
7, 15, 496.0,693.0,-1
15, 7, 496.0,693.0,-1
7, 16, 687.0,885.0,-1
16, 7, 687.0,885.0,-1
7, 7, 0.0,0.0,1
8, 9, 595.0,831.0,1
9, 8, 595.0,831.0,1
8, 10, 658.0,820.0,-1
10, 8, 658.0,820.0,-1
8, 11, 560.0,765.0,-1
11, 8, 560.0,765.0,-1
8, 12, 949.0,1314.0,1
12, 8, 949.0,1314.0,1
8, 13, 215.0,290.0,-1
13, 8, 215.0,290.0,-1
8, 14, 948.0,1279.0,-1
14, 8, 948.0,1279.0,-1
8, 15, 600.0,725.0,1
15, 8, 600.0,725.0,1
8, 16, 644.0,738.0,-1
16, 8, 644.0,738.0,-1
8, 8, 0.0,0.0,1
9, 10, 725.0,946.0,-1
10, 9, 725.0,946.0,-1
9, 11, 72.0,77.0,-1
11, 9, 72.0,77.0,-1
9, 12, 441.0,484.0,-1
12, 9, 441.0,484.0,-1
9, 13, 412.0,541.0,-1
13, 9, 412.0,541.0,-1
9, 14, 490.0,529.0,1
14, 9, 490.0,529.0,1
9, 15, 409.0,568.0,-1
15, 9, 409.0,568.0,-1
9, 16, 646.0,864.0,1
16, 9, 646.0,864.0,1
9, 9, 0.0,0.0,1
10, 11, 759.0,1023.0,-1
11, 10, 759.0,1023.0,-1
10, 12, 732.0,876.0,-1
12, 10, 732.0,876.0,-1
10, 13, 529.0,732.0,1
13, 10, 529.0,732.0,1
10, 14, 664.0,841.0,-1
14, 10, 664.0,841.0,-1
10, 15, 336.0,379.0,-1
15, 10, 336.0,379.0,-1
10, 16, 89.0,95.0,-1
16, 10, 89.0,95.0,-1
10, 10, 0.0,0.0,1
11, 12, 512.0,550.0,-1
12, 11, 512.0,550.0,-1
11, 13, 394.0,475.0,-1
13, 11, 394.0,475.0,-1
11, 14, 562.0,605.0,-1
14, 11, 562.0,605.0,-1
11, 15, 457.0,645.0,1
15, 11, 457.0,645.0,1
11, 16, 685.0,940.0,-1
16, 11, 685.0,940.0,-1
11, 11, 0.0,0.0,1
12, 13, 736.0,1024.0,1
13, 12, 736.0,1024.0,1
12, 14, 99.0,135.0,1
14, 12, 99.0,135.0,1
12, 15, 435.0,590.0,-1
15, 12, 435.0,590.0,-1
12, 16, 645.0,781.0,1
16, 12, 645.0,781.0,1
12, 12, 0.0,0.0,1
13, 14, 734.0,989.0,-1
14, 13, 734.0,989.0,-1
13, 15, 397.0,435.0,-1
15, 13, 397.0,435.0,-1
13, 16, 491.0,650.0,-1
16, 13, 491.0,650.0,-1
13, 13, 0.0,0.0,1
14, 15, 394.0,555.0,-1
15, 14, 394.0,555.0,-1
14, 16, 579.0,746.0,-1
16, 14, 579.0,746.0,-1
14, 14, 0.0,0.0,1
15, 16, 249.0,296.0,1
16, 15, 249.0,296.0,1
15, 15, 0.0,0.0,1
16, 16, 0.0,0.0,1


<end>