<number of nodes>
16

<ratio of available edges>
0.3

<max length of the drone flight>
100000 

<D 2/3>
1, 2, 3, 5, 8, 10, 11, 13, 14, 15, 16

<V>
2, 3, 8, 11, 15

<coordinates X,Y>
950.4331331375625, 678.007586737606
846.2360673868869, 915.7393229741014
814.3231986726416, 962.2191386196191
465.28397869454835, 829.1249849169858
550.8841708184617, 923.3011716543048
745.6731391678169, 523.24213192219
669.9771542448639, 482.85416066620866
930.4751815883048, 857.0193129140443
536.399345417146, 619.3498324105528
874.5112178493551, 379.7089270590087
676.708461846228, 447.3946644773854
337.14408269063915, 868.6050864706166
765.6139287635997, 741.8987228502609
652.6035010683838, 846.6877747528438
863.0114090217614, 955.3871456438869
100.04886462161019, 433.906368874061

<adjacency matrix with truck distances>
1, 2, 260.0,342.0,-1
2, 1, 260.0,342.0,-1
1, 3, 316.0,421.0,-1
3, 1, 316.0,421.0,-1
1, 4, 509.0,637.0,-1
4, 1, 509.0,637.0,-1
1, 5, 469.0,645.0,1
5, 1, 469.0,645.0,1
1, 6, 257.0,360.0,-1
6, 1, 257.0,360.0,-1
1, 7, 342.0,476.0,-1
7, 1, 342.0,476.0,-1
1, 8, 181.0,199.0,-1
8, 1, 181.0,199.0,-1
1, 9, 419.0,473.0,-1
9, 1, 419.0,473.0,-1
1, 10, 308.0,375.0,-1
10, 1, 308.0,375.0,-1
1, 11, 358.0,505.0,-1
11, 1, 358.0,505.0,-1
1, 12, 643.0,804.0,-1
12, 1, 643.0,804.0,-1
1, 13, 196.0,249.0,1
13, 1, 196.0,249.0,1
1, 14, 343.0,467.0,-1
14, 1, 343.0,467.0,-1
1, 15, 291.0,365.0,1
15, 1, 291.0,365.0,1
1, 16, 885.0,1095.0,-1
16, 1, 885.0,1095.0,-1
1, 1, 0.0,0.0,1
2, 3, 57.0,79.0,-1
3, 2, 57.0,79.0,-1
2, 4, 391.0,468.0,1
4, 2, 391.0,468.0,1
2, 5, 296.0,303.0,1
5, 2, 296.0,303.0,1
2, 6, 406.0,494.0,-1
6, 2, 406.0,494.0,-1
2, 7, 468.0,610.0,-1
7, 2, 468.0,610.0,-1
2, 8, 103.0,143.0,-1
8, 2, 103.0,143.0,-1
2, 9, 429.0,607.0,-1
9, 2, 429.0,607.0,-1
2, 10, 537.0,565.0,1
10, 2, 537.0,565.0,1
2, 11, 499.0,638.0,-1
11, 2, 499.0,638.0,-1
2, 12, 512.0,557.0,-1
12, 2, 512.0,557.0,-1
2, 13, 192.0,255.0,-1
13, 2, 192.0,255.0,-1
2, 14, 206.0,263.0,1
14, 2, 206.0,263.0,1
2, 15, 44.0,57.0,1
15, 2, 44.0,57.0,1
2, 16, 889.0,1229.0,-1
16, 2, 889.0,1229.0,-1
2, 2, 0.0,0.0,1
3, 4, 374.0,483.0,-1
4, 3, 374.0,483.0,-1
3, 5, 267.0,303.0,-1
5, 3, 267.0,303.0,-1
3, 6, 445.0,508.0,-1
6, 3, 445.0,508.0,-1
3, 7, 501.0,624.0,-1
7, 3, 501.0,624.0,-1
3, 8, 157.0,222.0,-1
8, 3, 157.0,222.0,-1
3, 9, 442.0,621.0,-1
9, 3, 442.0,621.0,-1
3, 10, 586.0,643.0,-1
10, 3, 586.0,643.0,-1
3, 11, 533.0,653.0,-1
11, 3, 533.0,653.0,-1
3, 12, 487.0,571.0,-1
12, 3, 487.0,571.0,-1
3, 13, 226.0,270.0,1
13, 3, 226.0,270.0,1
3, 14, 199.0,278.0,1
14, 3, 199.0,278.0,1
3, 15, 50.0,56.0,1
15, 3, 50.0,56.0,1
3, 16, 889.0,1243.0,1
16, 3, 889.0,1243.0,1
3, 3, 0.0,0.0,1
4, 5, 128.0,180.0,-1
5, 4, 128.0,180.0,-1
4, 6, 415.0,587.0,-1
6, 4, 415.0,587.0,-1
4, 7, 403.0,551.0,-1
7, 4, 403.0,551.0,-1
4, 8, 467.0,494.0,-1
8, 4, 467.0,494.0,-1
4, 9, 222.0,281.0,-1
9, 4, 222.0,281.0,-1
4, 10, 608.0,859.0,-1
10, 4, 608.0,859.0,-1
4, 11, 437.0,594.0,-1
11, 4, 437.0,594.0,-1
4, 12, 135.0,168.0,-1
12, 4, 135.0,168.0,-1
4, 13, 313.0,388.0,1
13, 4, 313.0,388.0,1
4, 14, 189.0,205.0,1
14, 4, 189.0,205.0,1
4, 15, 418.0,524.0,-1
15, 4, 418.0,524.0,-1
4, 16, 539.0,761.0,1
16, 4, 539.0,761.0,1
4, 4, 0.0,0.0,1
5, 6, 445.0,595.0,1
6, 5, 445.0,595.0,1
5, 7, 457.0,560.0,-1
7, 5, 457.0,560.0,-1
5, 8, 386.0,446.0,1
8, 5, 386.0,446.0,1
5, 9, 305.0,319.0,-1
9, 5, 305.0,319.0,-1
5, 10, 633.0,868.0,-1
10, 5, 633.0,868.0,-1
5, 11, 493.0,602.0,-1
11, 5, 493.0,602.0,-1
5, 12, 221.0,269.0,-1
12, 5, 221.0,269.0,-1
5, 13, 282.0,397.0,1
13, 5, 282.0,397.0,1
5, 14, 128.0,179.0,-1
14, 5, 128.0,179.0,-1
5, 15, 314.0,345.0,-1
15, 5, 314.0,345.0,-1
5, 16, 666.0,941.0,-1
16, 5, 666.0,941.0,-1
5, 5, 0.0,0.0,1
6, 7, 86.0,117.0,-1
7, 6, 86.0,117.0,-1
6, 8, 382.0,519.0,-1
8, 6, 382.0,519.0,-1
6, 9, 231.0,306.0,1
9, 6, 231.0,306.0,1
6, 10, 193.0,273.0,-1
10, 6, 193.0,273.0,-1
6, 11, 103.0,145.0,1
11, 6, 103.0,145.0,1
6, 12, 535.0,754.0,1
12, 6, 535.0,754.0,1
6, 13, 220.0,239.0,1
13, 6, 220.0,239.0,1
6, 14, 337.0,417.0,-1
14, 6, 337.0,417.0,-1
6, 15, 448.0,550.0,-1
15, 6, 448.0,550.0,-1
6, 16, 652.0,735.0,-1
16, 6, 652.0,735.0,-1
6, 6, 0.0,0.0,1
7, 8, 456.0,635.0,1
8, 7, 456.0,635.0,1
7, 9, 191.0,271.0,1
9, 7, 191.0,271.0,1
7, 10, 230.0,308.0,-1
10, 7, 230.0,308.0,-1
7, 11, 37.0,43.0,-1
11, 7, 37.0,43.0,-1
7, 12, 510.0,719.0,1
12, 7, 510.0,719.0,1
7, 13, 277.0,355.0,-1
13, 7, 277.0,355.0,-1
7, 14, 365.0,382.0,-1
14, 7, 365.0,382.0,-1
7, 15, 511.0,666.0,1
15, 7, 511.0,666.0,1
7, 16, 573.0,619.0,-1
16, 7, 573.0,619.0,-1
7, 7, 0.0,0.0,1
8, 9, 461.0,632.0,-1
9, 8, 461.0,632.0,-1
8, 10, 481.0,534.0,-1
10, 8, 481.0,534.0,-1
8, 11, 482.0,664.0,-1
11, 8, 482.0,664.0,-1
8, 12, 594.0,605.0,-1
12, 8, 594.0,605.0,-1
8, 13, 202.0,280.0,-1
13, 8, 202.0,280.0,-1
8, 14, 279.0,289.0,-1
14, 8, 279.0,289.0,-1
8, 15, 120.0,166.0,-1
15, 8, 120.0,166.0,-1
8, 16, 933.0,1254.0,1
16, 8, 933.0,1254.0,1
8, 8, 0.0,0.0,1
9, 10, 415.0,578.0,-1
10, 9, 415.0,578.0,-1
9, 11, 222.0,313.0,-1
11, 9, 222.0,313.0,-1
9, 12, 320.0,449.0,1
12, 9, 320.0,449.0,1
9, 13, 260.0,352.0,-1
13, 9, 260.0,352.0,-1
9, 14, 256.0,344.0,-1
14, 9, 256.0,344.0,-1
9, 15, 469.0,663.0,-1
15, 9, 469.0,663.0,-1
9, 16, 475.0,622.0,1
16, 9, 475.0,622.0,1
9, 9, 0.0,0.0,1
10, 11, 210.0,266.0,1
11, 10, 210.0,266.0,1
10, 12, 727.0,1027.0,1
12, 10, 727.0,1027.0,1
10, 13, 379.0,472.0,-1
13, 10, 379.0,472.0,-1
10, 14, 518.0,689.0,-1
14, 10, 518.0,689.0,-1
10, 15, 576.0,588.0,1
15, 10, 576.0,588.0,1
10, 16, 777.0,829.0,-1
16, 10, 777.0,829.0,-1
10, 10, 0.0,0.0,1
11, 12, 542.0,761.0,-1
12, 11, 542.0,761.0,-1
11, 13, 308.0,384.0,-1
13, 11, 308.0,384.0,-1
11, 14, 401.0,424.0,-1
14, 11, 401.0,424.0,-1
11, 15, 542.0,695.0,-1
15, 11, 542.0,695.0,-1
11, 16, 577.0,591.0,1
16, 11, 577.0,591.0,1
11, 11, 0.0,0.0,1
12, 13, 447.0,556.0,-1
13, 12, 447.0,556.0,-1
12, 14, 317.0,338.0,-1
14, 12, 317.0,338.0,-1
12, 15, 533.0,613.0,-1
15, 12, 533.0,613.0,-1
12, 16, 496.0,672.0,-1
16, 12, 496.0,672.0,-1
12, 12, 0.0,0.0,1
13, 14, 155.0,218.0,-1
14, 13, 155.0,218.0,-1
13, 15, 235.0,311.0,1
15, 13, 235.0,311.0,1
13, 16, 734.0,974.0,-1
16, 13, 734.0,974.0,-1
13, 13, 0.0,0.0,1
14, 15, 237.0,320.0,1
15, 14, 237.0,320.0,1
14, 16, 690.0,966.0,1
16, 14, 690.0,966.0,1
14, 14, 0.0,0.0,1
15, 16, 925.0,1285.0,-1
16, 15, 925.0,1285.0,-1
15, 15, 0.0,0.0,1
16, 16, 0.0,0.0,1


<end>