<number of nodes>
16

<ratio of available edges>
0.3

<max length of the drone flight>
100000 

<D 2/3>
1, 3, 4, 6, 9, 11, 12, 13, 14, 15, 16

<V>
3, 4, 6, 15, 16

<coordinates X,Y>
383.5791869253947, 283.0589219647956
261.406221742454, 318.05507690189324
787.3096694811271, 927.5061038138957
170.5732021017894, 862.5112103268856
859.3154956490744, 173.45650190082762
710.6856686834976, 284.08022225651996
506.16752579586546, 385.8548840552239
591.1871695682692, 545.000213920809
175.8922173175758, 341.1337779253554
46.16901523703301, 532.8048551502596
252.43672465260659, 750.9132381274015
580.6836311514999, 196.58213930560467
715.022359314701, 997.4519062985444
146.98570188794375, 635.9682205674501
518.3718508117711, 574.6303116175288
352.9629046040715, 299.5206285644069

<adjacency matrix with truck distances>
1, 2, 128.0,158.0,-1
2, 1, 128.0,158.0,-1
1, 3, 761.0,1049.0,-1
3, 1, 761.0,1049.0,-1
1, 4, 618.0,793.0,-1
4, 1, 618.0,793.0,-1
1, 5, 489.0,586.0,1
5, 1, 489.0,586.0,1
1, 6, 328.0,329.0,1
6, 1, 328.0,329.0,1
1, 7, 160.0,226.0,-1
7, 1, 160.0,226.0,-1
1, 8, 335.0,470.0,-1
8, 1, 335.0,470.0,-1
1, 9, 216.0,266.0,-1
9, 1, 216.0,266.0,-1
1, 10, 420.0,588.0,-1
10, 1, 420.0,588.0,-1
1, 11, 486.0,599.0,-1
11, 1, 486.0,599.0,-1
1, 12, 216.0,284.0,1
12, 1, 216.0,284.0,1
1, 13, 788.0,1046.0,-1
13, 1, 788.0,1046.0,-1
1, 14, 425.0,590.0,-1
14, 1, 425.0,590.0,-1
1, 15, 322.0,427.0,-1
15, 1, 322.0,427.0,-1
1, 16, 35.0,48.0,-1
16, 1, 35.0,48.0,-1
1, 1, 0.0,0.0,1
2, 3, 805.0,1136.0,-1
3, 2, 805.0,1136.0,-1
2, 4, 552.0,636.0,-1
4, 2, 552.0,636.0,-1
2, 5, 616.0,743.0,1
5, 2, 616.0,743.0,1
2, 6, 451.0,484.0,-1
6, 2, 451.0,484.0,-1
2, 7, 254.0,313.0,-1
7, 2, 254.0,313.0,-1
2, 8, 401.0,557.0,-1
8, 2, 401.0,557.0,-1
2, 9, 89.0,109.0,-1
9, 2, 89.0,109.0,-1
2, 10, 305.0,430.0,-1
10, 2, 305.0,430.0,-1
2, 11, 433.0,442.0,1
11, 2, 433.0,442.0,1
2, 12, 342.0,441.0,-1
12, 2, 342.0,441.0,-1
2, 13, 817.0,1134.0,1
13, 2, 817.0,1134.0,1
2, 14, 338.0,433.0,1
14, 2, 338.0,433.0,1
2, 15, 364.0,514.0,-1
15, 2, 364.0,514.0,-1
2, 16, 94.0,111.0,-1
16, 2, 94.0,111.0,-1
2, 2, 0.0,0.0,1
3, 4, 621.0,682.0,1
4, 3, 621.0,682.0,1
3, 5, 758.0,827.0,-1
5, 3, 758.0,827.0,-1
3, 6, 648.0,721.0,-1
6, 3, 648.0,721.0,-1
3, 7, 611.0,823.0,1
7, 3, 611.0,823.0,1
3, 8, 430.0,579.0,-1
8, 3, 430.0,579.0,-1
3, 9, 848.0,1198.0,1
9, 3, 848.0,1198.0,1
3, 10, 840.0,1136.0,1
10, 3, 840.0,1136.0,1
3, 11, 564.0,712.0,-1
11, 3, 564.0,712.0,-1
3, 12, 760.0,938.0,1
12, 3, 760.0,938.0,1
3, 13, 101.0,143.0,-1
13, 3, 101.0,143.0,-1
3, 14, 704.0,932.0,-1
14, 3, 704.0,932.0,-1
3, 15, 444.0,622.0,-1
15, 3, 444.0,622.0,-1
3, 16, 764.0,1063.0,-1
16, 3, 764.0,1063.0,-1
3, 3, 0.0,0.0,1
4, 5, 975.0,1378.0,1
5, 4, 975.0,1378.0,1
4, 6, 792.0,1119.0,-1
6, 4, 792.0,1119.0,-1
4, 7, 583.0,813.0,-1
7, 4, 583.0,813.0,-1
4, 8, 528.0,739.0,-1
8, 4, 528.0,739.0,-1
4, 9, 522.0,527.0,-1
9, 4, 522.0,527.0,-1
4, 10, 353.0,455.0,-1
10, 4, 353.0,455.0,-1
4, 11, 139.0,194.0,-1
11, 4, 139.0,194.0,-1
4, 12, 783.0,1077.0,-1
12, 4, 783.0,1077.0,-1
4, 13, 561.0,680.0,-1
13, 4, 561.0,680.0,-1
4, 14, 228.0,251.0,-1
14, 4, 228.0,251.0,-1
4, 15, 452.0,636.0,-1
15, 4, 452.0,636.0,-1
4, 16, 592.0,746.0,-1
16, 4, 592.0,746.0,-1
4, 4, 0.0,0.0,1
5, 6, 186.0,260.0,-1
6, 5, 186.0,260.0,-1
5, 7, 413.0,566.0,1
7, 5, 413.0,566.0,1
5, 8, 459.0,640.0,-1
8, 5, 459.0,640.0,-1
5, 9, 704.0,852.0,-1
9, 5, 704.0,852.0,-1
5, 10, 890.0,1173.0,1
10, 5, 890.0,1173.0,1
5, 11, 838.0,1185.0,-1
11, 5, 838.0,1185.0,-1
5, 12, 280.0,302.0,-1
12, 5, 280.0,302.0,-1
5, 13, 837.0,969.0,-1
13, 5, 837.0,969.0,-1
5, 14, 850.0,1175.0,-1
14, 5, 850.0,1175.0,-1
5, 15, 527.0,743.0,-1
15, 5, 527.0,743.0,-1
5, 16, 522.0,633.0,-1
16, 5, 522.0,633.0,-1
5, 5, 0.0,0.0,1
6, 7, 229.0,307.0,-1
7, 6, 229.0,307.0,-1
6, 8, 287.0,381.0,-1
8, 6, 287.0,381.0,-1
6, 9, 538.0,592.0,-1
9, 6, 538.0,592.0,-1
6, 10, 710.0,914.0,-1
10, 6, 710.0,914.0,-1
6, 11, 655.0,926.0,1
11, 6, 655.0,926.0,1
6, 12, 157.0,218.0,1
12, 6, 157.0,218.0,1
6, 13, 714.0,718.0,-1
13, 6, 714.0,718.0,-1
6, 14, 665.0,916.0,-1
14, 6, 665.0,916.0,-1
6, 15, 349.0,483.0,-1
15, 6, 349.0,483.0,-1
6, 16, 359.0,374.0,-1
16, 6, 359.0,374.0,-1
6, 6, 0.0,0.0,1
7, 8, 181.0,245.0,-1
8, 7, 181.0,245.0,-1
7, 9, 334.0,375.0,-1
9, 7, 334.0,375.0,-1
7, 10, 483.0,607.0,-1
10, 7, 483.0,607.0,-1
7, 11, 445.0,619.0,1
11, 7, 445.0,619.0,1
7, 12, 204.0,264.0,1
12, 7, 204.0,264.0,1
7, 13, 647.0,821.0,1
13, 7, 647.0,821.0,1
7, 14, 438.0,610.0,1
14, 7, 438.0,610.0,1
7, 15, 190.0,201.0,1
15, 7, 190.0,201.0,1
7, 16, 176.0,240.0,1
16, 7, 176.0,240.0,1
7, 7, 0.0,0.0,1
8, 9, 463.0,620.0,1
9, 8, 463.0,620.0,1
8, 10, 546.0,558.0,-1
10, 8, 546.0,558.0,-1
8, 11, 397.0,545.0,-1
11, 8, 397.0,545.0,-1
8, 12, 349.0,359.0,1
12, 8, 349.0,359.0,1
8, 13, 470.0,577.0,-1
13, 8, 470.0,577.0,-1
8, 14, 454.0,536.0,-1
14, 8, 454.0,536.0,-1
8, 15, 79.0,103.0,1
15, 8, 79.0,103.0,1
8, 16, 343.0,484.0,-1
16, 8, 343.0,484.0,-1
8, 8, 0.0,0.0,1
9, 10, 232.0,322.0,1
10, 9, 232.0,322.0,1
9, 11, 417.0,487.0,1
11, 9, 417.0,487.0,1
9, 12, 430.0,550.0,-1
12, 9, 430.0,550.0,-1
9, 13, 850.0,1196.0,-1
13, 9, 850.0,1196.0,-1
9, 14, 297.0,324.0,1
14, 9, 297.0,324.0,1
9, 15, 415.0,576.0,-1
15, 9, 415.0,576.0,-1
9, 16, 182.0,219.0,-1
16, 9, 182.0,219.0,-1
9, 9, 0.0,0.0,1
10, 11, 301.0,425.0,-1
11, 10, 301.0,425.0,-1
10, 12, 632.0,871.0,-1
12, 10, 632.0,871.0,-1
10, 13, 815.0,1134.0,1
13, 10, 815.0,1134.0,1
10, 14, 145.0,204.0,-1
14, 10, 145.0,204.0,-1
10, 15, 475.0,515.0,-1
15, 10, 475.0,515.0,-1
10, 16, 386.0,541.0,1
16, 10, 386.0,541.0,1
10, 10, 0.0,0.0,1
11, 12, 645.0,883.0,1
12, 11, 645.0,883.0,1
11, 13, 525.0,710.0,-1
13, 11, 525.0,710.0,-1
11, 14, 156.0,221.0,-1
14, 11, 156.0,221.0,-1
11, 15, 320.0,443.0,-1
15, 11, 320.0,443.0,-1
11, 16, 463.0,552.0,1
16, 11, 463.0,552.0,1
11, 11, 0.0,0.0,1
12, 13, 813.0,936.0,-1
13, 12, 813.0,936.0,-1
12, 14, 618.0,874.0,1
14, 12, 618.0,874.0,1
12, 15, 384.0,441.0,-1
15, 12, 384.0,441.0,-1
12, 16, 250.0,331.0,1
16, 12, 250.0,331.0,1
12, 12, 0.0,0.0,1
13, 14, 674.0,930.0,1
14, 13, 674.0,930.0,1
13, 15, 467.0,620.0,-1
15, 13, 467.0,620.0,-1
13, 16, 787.0,1060.0,-1
16, 13, 787.0,1060.0,-1
13, 13, 0.0,0.0,1
14, 15, 377.0,433.0,-1
15, 14, 377.0,433.0,-1
14, 16, 395.0,543.0,-1
16, 14, 395.0,543.0,-1
14, 14, 0.0,0.0,1
15, 16, 322.0,441.0,-1
16, 15, 322.0,441.0,-1
15, 15, 0.0,0.0,1
16, 16, 0.0,0.0,1


<end>