<number of nodes>
16

<ratio of available edges>
0.3

<max length of the drone flight>
100000 

<D 2/3>
1, 2, 3, 4, 5, 7, 8, 11, 12, 14, 15

<V>
2, 5, 8, 12, 14

<coordinates X,Y>
89.25315596584073, 824.799782591848
214.19146970215206, 871.2109424598099
412.3476217227134, 955.5340381682686
119.57623000448628, 311.16966419978803
880.9321463626417, 295.48480083184955
736.3263485903399, 416.9072679769671
609.3060858011405, 182.61154594976674
673.1014027043263, 234.47239413261138
484.9097886871404, 712.02498254991
924.9486312576796, 972.3517207705304
389.6442198945883, 970.7370490638951
659.5771593082003, 336.0361145571616
369.93264552146377, 911.7059617508619
723.543349018277, 14.741328709059658
16.26949579048933, 842.5957019078032
690.2649171889356, 509.0972852427151

<adjacency matrix with truck distances>
1, 2, 134.0,172.0,-1
2, 1, 134.0,172.0,-1
1, 3, 349.0,454.0,-1
3, 1, 349.0,454.0,-1
1, 4, 515.0,544.0,1
4, 1, 515.0,544.0,1
1, 5, 953.0,1321.0,1
5, 1, 953.0,1321.0,1
1, 6, 765.0,1055.0,-1
6, 1, 765.0,1055.0,-1
1, 7, 827.0,1163.0,-1
7, 1, 827.0,1163.0,-1
1, 8, 831.0,1175.0,1
8, 1, 831.0,1175.0,1
1, 9, 412.0,509.0,1
9, 1, 412.0,509.0,1
1, 10, 849.0,984.0,-1
10, 1, 849.0,984.0,-1
1, 11, 334.0,447.0,1
11, 1, 334.0,447.0,1
1, 12, 752.0,1060.0,-1
12, 1, 752.0,1060.0,-1
1, 13, 294.0,368.0,1
13, 1, 294.0,368.0,1
1, 14, 1029.0,1445.0,-1
14, 1, 1029.0,1445.0,-1
1, 15, 76.0,91.0,-1
15, 1, 76.0,91.0,-1
1, 16, 679.0,917.0,-1
16, 1, 679.0,917.0,-1
1, 1, 0.0,0.0,1
2, 3, 216.0,283.0,-1
3, 2, 216.0,283.0,-1
2, 4, 568.0,655.0,1
4, 2, 568.0,655.0,1
2, 5, 881.0,1243.0,-1
5, 2, 881.0,1243.0,-1
2, 6, 693.0,977.0,1
6, 2, 693.0,977.0,1
2, 7, 794.0,1084.0,-1
7, 2, 794.0,1084.0,-1
2, 8, 785.0,1096.0,1
8, 2, 785.0,1096.0,1
2, 9, 315.0,430.0,-1
9, 2, 315.0,430.0,-1
2, 10, 718.0,812.0,-1
10, 2, 718.0,812.0,-1
2, 11, 202.0,275.0,-1
11, 2, 202.0,275.0,-1
2, 12, 697.0,981.0,1
12, 2, 697.0,981.0,1
2, 13, 161.0,197.0,-1
13, 2, 161.0,197.0,-1
2, 14, 997.0,1366.0,-1
14, 2, 997.0,1366.0,-1
2, 15, 200.0,227.0,1
15, 2, 200.0,227.0,1
2, 16, 599.0,839.0,1
16, 2, 599.0,839.0,1
2, 2, 0.0,0.0,1
3, 4, 708.0,938.0,-1
4, 3, 708.0,938.0,-1
3, 5, 810.0,1129.0,-1
5, 3, 810.0,1129.0,-1
3, 6, 629.0,863.0,-1
6, 3, 629.0,863.0,-1
3, 7, 798.0,970.0,-1
7, 3, 798.0,970.0,-1
3, 8, 767.0,982.0,-1
8, 3, 767.0,982.0,-1
3, 9, 255.0,317.0,-1
9, 3, 255.0,317.0,-1
3, 10, 513.0,530.0,-1
10, 3, 513.0,530.0,-1
3, 11, 28.0,38.0,1
11, 3, 28.0,38.0,1
3, 12, 668.0,867.0,-1
12, 3, 668.0,867.0,-1
3, 13, 61.0,87.0,-1
13, 3, 61.0,87.0,-1
3, 14, 991.0,1252.0,1
14, 3, 991.0,1252.0,1
3, 15, 412.0,510.0,1
15, 3, 412.0,510.0,1
3, 16, 526.0,725.0,-1
16, 3, 526.0,725.0,-1
3, 3, 0.0,0.0,1
4, 5, 762.0,778.0,1
5, 4, 762.0,778.0,1
4, 6, 626.0,723.0,-1
6, 4, 626.0,723.0,-1
4, 7, 507.0,619.0,1
7, 4, 507.0,619.0,1
4, 8, 559.0,631.0,-1
8, 4, 559.0,631.0,-1
4, 9, 543.0,767.0,-1
9, 4, 543.0,767.0,-1
4, 10, 1043.0,1467.0,-1
10, 4, 1043.0,1467.0,-1
4, 11, 713.0,930.0,-1
11, 4, 713.0,930.0,-1
4, 12, 541.0,565.0,1
12, 4, 541.0,565.0,1
4, 13, 651.0,851.0,-1
13, 4, 651.0,851.0,-1
4, 14, 673.0,901.0,-1
14, 4, 673.0,901.0,-1
4, 15, 542.0,635.0,1
15, 4, 542.0,635.0,1
4, 16, 605.0,769.0,-1
16, 4, 605.0,769.0,-1
4, 4, 0.0,0.0,1
5, 6, 189.0,267.0,-1
6, 5, 189.0,267.0,-1
5, 7, 295.0,385.0,-1
7, 5, 295.0,385.0,-1
5, 8, 217.0,269.0,-1
8, 5, 217.0,269.0,-1
5, 9, 575.0,813.0,-1
9, 5, 575.0,813.0,-1
5, 10, 679.0,721.0,-1
10, 5, 679.0,721.0,-1
5, 11, 836.0,1167.0,-1
11, 5, 836.0,1167.0,-1
5, 12, 226.0,262.0,1
12, 5, 226.0,262.0,1
5, 13, 801.0,1128.0,-1
13, 5, 801.0,1128.0,-1
5, 14, 322.0,439.0,-1
14, 5, 322.0,439.0,-1
5, 15, 1024.0,1412.0,-1
15, 5, 1024.0,1412.0,-1
5, 16, 287.0,405.0,-1
16, 5, 287.0,405.0,-1
5, 5, 0.0,0.0,1
6, 7, 267.0,362.0,1
7, 6, 267.0,362.0,1
6, 8, 194.0,246.0,1
8, 6, 194.0,246.0,1
6, 9, 388.0,547.0,1
9, 6, 388.0,547.0,1
6, 10, 587.0,745.0,-1
10, 6, 587.0,745.0,-1
6, 11, 654.0,901.0,-1
11, 6, 654.0,901.0,-1
6, 12, 112.0,158.0,-1
12, 6, 112.0,158.0,-1
6, 13, 616.0,862.0,-1
13, 6, 616.0,862.0,-1
6, 14, 403.0,415.0,-1
14, 6, 403.0,415.0,-1
6, 15, 837.0,1146.0,-1
15, 6, 837.0,1146.0,-1
6, 16, 104.0,139.0,-1
16, 6, 104.0,139.0,-1
6, 6, 0.0,0.0,1
7, 8, 83.0,116.0,-1
8, 7, 83.0,116.0,-1
7, 9, 544.0,654.0,1
9, 7, 544.0,654.0,1
7, 10, 851.0,1106.0,-1
10, 7, 851.0,1106.0,-1
7, 11, 819.0,1008.0,1
11, 7, 819.0,1008.0,1
7, 12, 162.0,204.0,-1
12, 7, 162.0,204.0,-1
7, 13, 768.0,969.0,-1
13, 7, 768.0,969.0,-1
7, 14, 204.0,283.0,-1
14, 7, 204.0,283.0,-1
7, 15, 888.0,1254.0,-1
15, 7, 888.0,1254.0,-1
7, 16, 337.0,408.0,-1
16, 7, 337.0,408.0,-1
7, 7, 0.0,0.0,1
8, 9, 514.0,666.0,-1
9, 8, 514.0,666.0,-1
8, 10, 780.0,990.0,1
10, 8, 780.0,990.0,1
8, 11, 789.0,1020.0,1
11, 8, 789.0,1020.0,1
8, 12, 103.0,116.0,-1
12, 8, 103.0,116.0,-1
8, 13, 742.0,981.0,1
13, 8, 742.0,981.0,1
8, 14, 226.0,271.0,-1
14, 8, 226.0,271.0,-1
8, 15, 896.0,1265.0,-1
15, 8, 896.0,1265.0,-1
8, 16, 276.0,292.0,-1
16, 8, 276.0,292.0,-1
8, 8, 0.0,0.0,1
9, 10, 512.0,701.0,1
10, 9, 512.0,701.0,1
9, 11, 276.0,354.0,-1
11, 9, 276.0,354.0,-1
9, 12, 415.0,551.0,1
12, 9, 415.0,551.0,1
9, 13, 231.0,315.0,-1
13, 9, 231.0,315.0,-1
9, 14, 737.0,936.0,-1
14, 9, 737.0,936.0,-1
9, 15, 487.0,600.0,1
15, 9, 487.0,600.0,1
9, 16, 289.0,409.0,-1
16, 9, 289.0,409.0,-1
9, 9, 0.0,0.0,1
10, 11, 536.0,537.0,-1
11, 10, 536.0,537.0,-1
10, 12, 690.0,902.0,1
12, 10, 690.0,902.0,1
10, 13, 559.0,616.0,-1
13, 10, 559.0,616.0,-1
10, 14, 979.0,1160.0,-1
14, 10, 979.0,1160.0,-1
10, 15, 918.0,1039.0,1
15, 10, 918.0,1039.0,1
10, 16, 520.0,698.0,-1
16, 10, 520.0,698.0,-1
10, 10, 0.0,0.0,1
11, 12, 690.0,905.0,-1
12, 11, 690.0,905.0,-1
11, 13, 63.0,79.0,-1
13, 11, 63.0,79.0,-1
11, 14, 1013.0,1290.0,1
14, 11, 1013.0,1290.0,1
11, 15, 395.0,502.0,-1
15, 11, 395.0,502.0,-1
11, 16, 551.0,763.0,1
16, 11, 551.0,763.0,1
11, 11, 0.0,0.0,1
12, 13, 645.0,866.0,-1
13, 12, 645.0,866.0,-1
12, 14, 328.0,386.0,-1
14, 12, 328.0,386.0,-1
12, 15, 819.0,1150.0,1
15, 12, 819.0,1150.0,1
12, 16, 176.0,204.0,-1
16, 12, 176.0,204.0,-1
12, 12, 0.0,0.0,1
13, 14, 965.0,1251.0,-1
14, 13, 965.0,1251.0,-1
13, 15, 361.0,423.0,-1
15, 13, 361.0,423.0,-1
13, 16, 515.0,723.0,-1
16, 13, 515.0,723.0,-1
13, 13, 0.0,0.0,1
14, 15, 1089.0,1536.0,-1
15, 14, 1089.0,1536.0,-1
14, 16, 496.0,528.0,-1
16, 14, 496.0,528.0,-1
14, 14, 0.0,0.0,1
15, 16, 752.0,1008.0,-1
16, 15, 752.0,1008.0,-1
15, 15, 0.0,0.0,1
16, 16, 0.0,0.0,1


<end>