<number of nodes>
16

<ratio of available edges>
0.3

<max length of the drone flight>
100000 

<D 2/3>
1, 2, 3, 4, 8, 9, 10, 11, 14, 15, 16

<V>
8, 9, 10, 15, 16

<coordinates X,Y>
908.6949317962703, 719.749739547527
869.0873573655488, 427.1272150993952
336.1902761991768, 348.3769863541379
699.0115051902048, 814.503712189526
838.4844834989152, 252.5751261806125
958.3462708322768, 450.3083178717735
393.8932477433008, 431.20666178261223
44.25723800113261, 899.4912216646618
552.3458770407964, 46.83776026712824
647.1521177560747, 943.8586670634625
806.1326162511391, 856.5167747936853
164.0737238594429, 673.0943947010743
675.5192089960666, 941.2338659907841
605.4312004812209, 529.484964116632
131.29532638715716, 134.3275686061484
350.5517622713942, 686.6155843583176

<adjacency matrix with truck distances>
1, 2, 296.0,333.0,-1
2, 1, 296.0,333.0,-1
1, 3, 683.0,944.0,-1
3, 1, 683.0,944.0,-1
1, 4, 231.0,305.0,-1
4, 1, 231.0,305.0,-1
1, 5, 473.0,538.0,1
5, 1, 473.0,538.0,1
1, 6, 274.0,320.0,1
6, 1, 274.0,320.0,1
1, 7, 591.0,804.0,-1
7, 1, 591.0,804.0,-1
1, 8, 883.0,1045.0,-1
8, 1, 883.0,1045.0,-1
1, 9, 762.0,1030.0,1
9, 1, 762.0,1030.0,1
1, 10, 345.0,486.0,-1
10, 1, 345.0,486.0,-1
1, 11, 171.0,240.0,1
11, 1, 171.0,240.0,1
1, 12, 747.0,792.0,1
12, 1, 747.0,792.0,1
1, 13, 322.0,455.0,1
13, 1, 322.0,455.0,1
1, 14, 359.0,494.0,-1
14, 1, 359.0,494.0,-1
1, 15, 974.0,1363.0,1
15, 1, 974.0,1363.0,1
1, 16, 560.0,592.0,-1
16, 1, 560.0,592.0,-1
1, 1, 0.0,0.0,1
2, 3, 539.0,612.0,1
3, 2, 539.0,612.0,1
2, 4, 424.0,558.0,-1
4, 2, 424.0,558.0,-1
2, 5, 178.0,206.0,-1
5, 2, 178.0,206.0,-1
2, 6, 93.0,113.0,1
6, 2, 93.0,113.0,1
2, 7, 476.0,480.0,-1
7, 2, 476.0,480.0,-1
2, 8, 951.0,1298.0,-1
8, 2, 951.0,1298.0,-1
2, 9, 495.0,698.0,-1
9, 2, 495.0,698.0,-1
2, 10, 563.0,739.0,1
10, 2, 563.0,739.0,1
2, 11, 434.0,493.0,-1
11, 2, 434.0,493.0,-1
2, 12, 747.0,951.0,-1
12, 2, 747.0,951.0,-1
2, 13, 550.0,708.0,-1
13, 2, 550.0,708.0,-1
2, 14, 283.0,367.0,-1
14, 2, 283.0,367.0,-1
2, 15, 794.0,1031.0,1
15, 2, 794.0,1031.0,1
2, 16, 580.0,779.0,1
16, 2, 580.0,779.0,1
2, 2, 0.0,0.0,1
3, 4, 591.0,829.0,-1
4, 3, 591.0,829.0,-1
3, 5, 512.0,599.0,-1
5, 3, 512.0,599.0,-1
3, 6, 631.0,725.0,-1
6, 3, 631.0,725.0,-1
3, 7, 101.0,141.0,-1
7, 3, 101.0,141.0,-1
3, 8, 624.0,844.0,1
8, 3, 624.0,844.0,1
3, 9, 372.0,518.0,-1
9, 3, 372.0,518.0,-1
3, 10, 672.0,907.0,1
10, 3, 672.0,907.0,1
3, 11, 693.0,979.0,-1
11, 3, 693.0,979.0,-1
3, 12, 368.0,497.0,-1
12, 3, 368.0,497.0,-1
3, 13, 684.0,933.0,1
13, 3, 684.0,933.0,1
3, 14, 325.0,451.0,-1
14, 3, 325.0,451.0,-1
3, 15, 297.0,419.0,-1
15, 3, 297.0,419.0,-1
3, 16, 339.0,353.0,1
16, 3, 339.0,353.0,1
3, 3, 0.0,0.0,1
4, 5, 579.0,702.0,1
5, 4, 579.0,702.0,1
4, 6, 448.0,624.0,-1
6, 4, 448.0,624.0,-1
4, 7, 490.0,689.0,-1
7, 4, 490.0,689.0,-1
4, 8, 661.0,740.0,-1
8, 4, 661.0,740.0,-1
4, 9, 782.0,915.0,1
9, 4, 782.0,915.0,1
4, 10, 140.0,182.0,1
10, 4, 140.0,182.0,1
4, 11, 116.0,150.0,1
11, 4, 116.0,150.0,1
4, 12, 554.0,677.0,-1
12, 4, 554.0,677.0,-1
4, 13, 129.0,151.0,-1
13, 4, 129.0,151.0,-1
4, 14, 300.0,379.0,-1
14, 4, 300.0,379.0,-1
4, 15, 886.0,1248.0,-1
15, 4, 886.0,1248.0,-1
4, 16, 372.0,477.0,-1
16, 4, 372.0,477.0,-1
4, 4, 0.0,0.0,1
5, 6, 232.0,318.0,-1
6, 5, 232.0,318.0,-1
5, 7, 480.0,624.0,-1
7, 5, 480.0,624.0,-1
5, 8, 1025.0,1442.0,-1
8, 5, 1025.0,1442.0,-1
5, 9, 353.0,492.0,-1
9, 5, 353.0,492.0,-1
5, 10, 718.0,883.0,-1
10, 5, 718.0,883.0,-1
5, 11, 605.0,637.0,1
11, 5, 605.0,637.0,1
5, 12, 795.0,1095.0,-1
12, 5, 795.0,1095.0,-1
5, 13, 708.0,852.0,-1
13, 5, 708.0,852.0,-1
5, 14, 362.0,510.0,-1
14, 5, 362.0,510.0,-1
5, 15, 718.0,826.0,1
15, 5, 718.0,826.0,1
5, 16, 654.0,922.0,-1
16, 5, 654.0,922.0,-1
5, 5, 0.0,0.0,1
6, 7, 565.0,584.0,-1
7, 6, 565.0,584.0,-1
6, 8, 1019.0,1364.0,1
8, 6, 1019.0,1364.0,1
6, 9, 573.0,810.0,-1
9, 6, 573.0,810.0,-1
6, 10, 584.0,805.0,1
10, 6, 584.0,805.0,1
6, 11, 434.0,559.0,-1
11, 6, 434.0,559.0,-1
6, 12, 825.0,1018.0,-1
12, 6, 825.0,1018.0,-1
6, 13, 567.0,774.0,-1
13, 6, 567.0,774.0,-1
6, 14, 362.0,433.0,1
14, 6, 362.0,433.0,1
6, 15, 886.0,1144.0,-1
15, 6, 886.0,1144.0,-1
6, 16, 653.0,845.0,-1
16, 6, 653.0,845.0,-1
6, 6, 0.0,0.0,1
7, 8, 585.0,818.0,1
8, 7, 585.0,818.0,1
7, 9, 416.0,543.0,-1
9, 7, 416.0,543.0,-1
7, 10, 572.0,766.0,1
10, 7, 572.0,766.0,1
7, 11, 593.0,838.0,1
11, 7, 593.0,838.0,1
7, 12, 334.0,472.0,-1
12, 7, 334.0,472.0,-1
7, 13, 583.0,792.0,-1
13, 7, 583.0,792.0,-1
7, 14, 234.0,310.0,-1
14, 7, 234.0,310.0,-1
7, 15, 397.0,560.0,-1
15, 7, 397.0,560.0,-1
7, 16, 260.0,299.0,-1
16, 7, 260.0,299.0,-1
7, 7, 0.0,0.0,1
8, 9, 993.0,1361.0,-1
9, 8, 993.0,1361.0,-1
8, 10, 605.0,648.0,-1
10, 8, 605.0,648.0,-1
8, 11, 764.0,805.0,1
11, 8, 764.0,805.0,1
8, 12, 257.0,347.0,-1
12, 8, 257.0,347.0,-1
8, 13, 633.0,674.0,-1
13, 8, 633.0,674.0,-1
8, 14, 673.0,932.0,-1
14, 8, 673.0,932.0,-1
8, 15, 771.0,853.0,-1
15, 8, 771.0,853.0,-1
8, 16, 374.0,520.0,-1
16, 8, 374.0,520.0,-1
8, 8, 0.0,0.0,1
9, 10, 903.0,992.0,-1
10, 9, 903.0,992.0,-1
9, 11, 849.0,1064.0,-1
11, 9, 849.0,1064.0,-1
9, 12, 737.0,1015.0,-1
12, 9, 737.0,1015.0,-1
9, 13, 903.0,1018.0,1
13, 9, 903.0,1018.0,1
9, 14, 486.0,536.0,-1
14, 9, 486.0,536.0,-1
9, 15, 431.0,509.0,-1
15, 9, 431.0,509.0,-1
9, 16, 671.0,842.0,-1
16, 9, 671.0,842.0,-1
9, 9, 0.0,0.0,1
10, 11, 182.0,247.0,-1
11, 10, 182.0,247.0,-1
10, 12, 554.0,754.0,1
12, 10, 554.0,754.0,1
10, 13, 29.0,31.0,1
13, 10, 29.0,31.0,1
10, 14, 417.0,457.0,-1
14, 10, 417.0,457.0,-1
10, 15, 960.0,1326.0,-1
15, 10, 960.0,1326.0,-1
10, 16, 393.0,554.0,-1
16, 10, 393.0,554.0,-1
10, 10, 0.0,0.0,1
11, 12, 668.0,826.0,1
12, 11, 668.0,826.0,1
11, 13, 156.0,216.0,-1
13, 11, 156.0,216.0,-1
11, 14, 384.0,528.0,-1
14, 11, 384.0,528.0,-1
11, 15, 989.0,1398.0,-1
15, 11, 989.0,1398.0,-1
11, 16, 487.0,626.0,-1
16, 11, 487.0,626.0,-1
11, 11, 0.0,0.0,1
12, 13, 578.0,780.0,1
13, 12, 578.0,780.0,1
12, 14, 465.0,585.0,-1
14, 12, 465.0,585.0,-1
12, 15, 540.0,572.0,1
15, 12, 540.0,572.0,1
12, 16, 187.0,200.0,-1
16, 12, 187.0,200.0,-1
12, 12, 0.0,0.0,1
13, 14, 418.0,482.0,-1
14, 13, 418.0,482.0,-1
13, 15, 974.0,1352.0,1
15, 13, 974.0,1352.0,1
13, 16, 413.0,580.0,-1
16, 13, 413.0,580.0,-1
13, 13, 0.0,0.0,1
14, 15, 618.0,870.0,-1
15, 14, 618.0,870.0,-1
14, 16, 300.0,413.0,-1
16, 14, 300.0,413.0,-1
14, 14, 0.0,0.0,1
15, 16, 595.0,772.0,-1
16, 15, 595.0,772.0,-1
15, 15, 0.0,0.0,1
16, 16, 0.0,0.0,1


<end>