<number of nodes>
16

<ratio of available edges>
0.3

<max length of the drone flight>
100000 

<D 2/3>
1, 2, 3, 5, 10, 11, 12, 13, 14, 15, 16

<V>
2, 11, 12, 13, 16

<coordinates X,Y>
344.1410834712648, 627.8420244242257
865.0466171515036, 704.6611156549567
222.54514553731462, 875.2003285845694
773.0012911052453, 463.0955318943748
428.57068493372947, 851.680396222241
239.25616545302026, 702.0552877604612
125.22855204453641, 286.28537953995357
695.0758709410395, 978.8032600688722
227.3260374856893, 840.7745983113593
912.9338102417495, 457.6712890432734
497.48441882708255, 433.59282216047626
870.2598193839086, 170.0037326969377
175.93754697566894, 653.2338699183625
54.519746929240256, 283.6701791038342
51.4339909193058, 810.6866625118013
281.47257801460086, 816.5050457409376

<adjacency matrix with truck distances>
1, 2, 527.0,598.0,-1
2, 1, 527.0,598.0,-1
1, 3, 276.0,369.0,1
3, 1, 276.0,369.0,1
1, 4, 460.0,594.0,-1
4, 1, 460.0,594.0,-1
1, 5, 240.0,309.0,1
5, 1, 240.0,309.0,1
1, 6, 129.0,180.0,1
6, 1, 129.0,180.0,1
1, 7, 406.0,561.0,-1
7, 1, 406.0,561.0,-1
1, 8, 497.0,702.0,-1
8, 1, 497.0,702.0,-1
1, 9, 243.0,330.0,-1
9, 1, 243.0,330.0,-1
1, 10, 594.0,739.0,-1
10, 1, 594.0,739.0,-1
1, 11, 248.0,348.0,-1
11, 1, 248.0,348.0,-1
1, 12, 698.0,984.0,-1
12, 1, 698.0,984.0,-1
1, 13, 171.0,194.0,-1
13, 1, 171.0,194.0,-1
1, 14, 450.0,634.0,-1
14, 1, 450.0,634.0,-1
1, 15, 346.0,476.0,-1
15, 1, 346.0,476.0,-1
1, 16, 199.0,252.0,1
16, 1, 199.0,252.0,1
1, 1, 0.0,0.0,1
2, 3, 665.0,814.0,1
3, 2, 665.0,814.0,1
2, 4, 259.0,334.0,-1
4, 2, 259.0,334.0,-1
2, 5, 461.0,584.0,-1
5, 2, 461.0,584.0,-1
2, 6, 626.0,629.0,1
6, 2, 626.0,629.0,1
2, 7, 850.0,1159.0,-1
7, 2, 850.0,1159.0,-1
2, 8, 323.0,445.0,1
8, 2, 323.0,445.0,1
2, 9, 653.0,774.0,-1
9, 2, 653.0,774.0,-1
2, 10, 252.0,295.0,-1
10, 2, 252.0,295.0,-1
2, 11, 457.0,639.0,-1
11, 2, 457.0,639.0,-1
2, 12, 535.0,540.0,-1
12, 2, 535.0,540.0,-1
2, 13, 692.0,741.0,-1
13, 2, 692.0,741.0,-1
2, 14, 914.0,1232.0,-1
14, 2, 914.0,1232.0,-1
2, 15, 821.0,920.0,-1
15, 2, 821.0,920.0,-1
2, 16, 595.0,696.0,-1
16, 2, 595.0,696.0,-1
2, 2, 0.0,0.0,1
3, 4, 688.0,963.0,-1
4, 3, 688.0,963.0,-1
3, 5, 208.0,230.0,-1
5, 3, 208.0,230.0,-1
3, 6, 174.0,190.0,-1
6, 3, 174.0,190.0,-1
3, 7, 597.0,687.0,-1
7, 3, 597.0,687.0,-1
3, 8, 484.0,577.0,-1
8, 3, 484.0,577.0,-1
3, 9, 35.0,40.0,-1
9, 3, 35.0,40.0,-1
3, 10, 807.0,1108.0,1
10, 3, 807.0,1108.0,1
3, 11, 521.0,717.0,1
11, 3, 521.0,717.0,1
3, 12, 958.0,1353.0,-1
12, 3, 958.0,1353.0,-1
3, 13, 227.0,269.0,-1
13, 3, 227.0,269.0,-1
3, 14, 615.0,760.0,-1
14, 3, 615.0,760.0,-1
3, 15, 183.0,236.0,-1
15, 3, 183.0,236.0,-1
3, 16, 84.0,118.0,1
16, 3, 84.0,118.0,1
3, 3, 0.0,0.0,1
4, 5, 520.0,734.0,1
5, 4, 520.0,734.0,1
4, 6, 585.0,773.0,1
6, 4, 585.0,773.0,1
4, 7, 672.0,825.0,-1
7, 4, 672.0,825.0,-1
4, 8, 522.0,594.0,-1
8, 4, 522.0,594.0,-1
4, 9, 664.0,924.0,-1
9, 4, 664.0,924.0,-1
4, 10, 141.0,146.0,-1
10, 4, 141.0,146.0,-1
4, 11, 278.0,306.0,-1
11, 4, 278.0,306.0,-1
4, 12, 309.0,391.0,-1
12, 4, 309.0,391.0,-1
4, 13, 627.0,788.0,-1
13, 4, 627.0,788.0,-1
4, 14, 741.0,898.0,-1
14, 4, 741.0,898.0,-1
4, 15, 801.0,1070.0,-1
15, 4, 801.0,1070.0,-1
4, 16, 606.0,845.0,-1
16, 4, 606.0,845.0,-1
4, 4, 0.0,0.0,1
5, 6, 242.0,339.0,-1
6, 5, 242.0,339.0,-1
5, 7, 642.0,869.0,-1
7, 5, 642.0,869.0,-1
5, 8, 296.0,394.0,-1
8, 5, 296.0,394.0,-1
5, 9, 202.0,213.0,1
9, 5, 202.0,213.0,1
5, 10, 625.0,879.0,-1
10, 5, 625.0,879.0,-1
5, 11, 424.0,488.0,1
11, 5, 424.0,488.0,1
5, 12, 813.0,1124.0,1
12, 5, 813.0,1124.0,1
5, 13, 322.0,452.0,1
13, 5, 322.0,452.0,1
5, 14, 681.0,943.0,1
14, 5, 681.0,943.0,1
5, 15, 380.0,419.0,-1
15, 5, 380.0,419.0,-1
5, 16, 152.0,183.0,-1
16, 5, 152.0,183.0,-1
5, 5, 0.0,0.0,1
6, 7, 432.0,530.0,1
7, 6, 432.0,530.0,1
6, 8, 534.0,733.0,1
8, 6, 534.0,733.0,1
6, 9, 140.0,151.0,-1
9, 6, 140.0,151.0,-1
6, 10, 717.0,919.0,1
10, 6, 717.0,919.0,1
6, 11, 373.0,527.0,1
11, 6, 373.0,527.0,1
6, 12, 826.0,1164.0,1
12, 6, 826.0,1164.0,1
6, 13, 80.0,113.0,1
13, 6, 80.0,113.0,1
6, 14, 458.0,604.0,-1
14, 6, 458.0,604.0,-1
6, 15, 217.0,297.0,1
15, 6, 217.0,297.0,1
6, 16, 122.0,157.0,-1
16, 6, 122.0,157.0,-1
6, 6, 0.0,0.0,1
7, 8, 897.0,1263.0,-1
8, 7, 897.0,1263.0,-1
7, 9, 564.0,657.0,-1
9, 7, 564.0,657.0,-1
7, 10, 807.0,960.0,-1
10, 7, 807.0,960.0,-1
7, 11, 401.0,520.0,-1
11, 7, 401.0,520.0,-1
7, 12, 755.0,862.0,-1
12, 7, 755.0,862.0,-1
7, 13, 371.0,418.0,1
13, 7, 371.0,418.0,1
7, 14, 71.0,74.0,-1
14, 7, 71.0,74.0,-1
7, 15, 530.0,599.0,-1
15, 7, 530.0,599.0,-1
7, 16, 553.0,687.0,-1
16, 7, 553.0,687.0,-1
7, 7, 0.0,0.0,1
8, 9, 488.0,606.0,-1
9, 8, 488.0,606.0,-1
8, 10, 565.0,739.0,-1
10, 8, 565.0,739.0,-1
8, 11, 580.0,743.0,1
11, 8, 580.0,743.0,1
8, 12, 828.0,984.0,-1
12, 8, 828.0,984.0,-1
8, 13, 613.0,845.0,-1
13, 8, 613.0,845.0,-1
8, 14, 946.0,1336.0,-1
14, 8, 946.0,1336.0,-1
8, 15, 666.0,812.0,-1
15, 8, 666.0,812.0,-1
8, 16, 445.0,576.0,1
16, 8, 445.0,576.0,1
8, 8, 0.0,0.0,1
9, 10, 786.0,1069.0,1
10, 9, 786.0,1069.0,1
9, 11, 489.0,678.0,-1
11, 9, 489.0,678.0,-1
9, 12, 930.0,1314.0,1
12, 9, 930.0,1314.0,1
9, 13, 195.0,239.0,-1
13, 9, 195.0,239.0,-1
9, 14, 584.0,730.0,-1
14, 9, 584.0,730.0,-1
9, 15, 179.0,206.0,-1
15, 9, 179.0,206.0,-1
9, 16, 60.0,79.0,1
16, 9, 60.0,79.0,1
9, 9, 0.0,0.0,1
10, 11, 417.0,440.0,1
11, 10, 417.0,440.0,1
10, 12, 291.0,331.0,-1
12, 10, 291.0,331.0,-1
10, 13, 763.0,933.0,1
13, 10, 763.0,933.0,1
10, 14, 876.0,1033.0,-1
14, 10, 876.0,1033.0,-1
10, 15, 932.0,1215.0,1
15, 10, 932.0,1215.0,1
10, 16, 727.0,991.0,-1
16, 10, 727.0,991.0,-1
10, 10, 0.0,0.0,1
11, 12, 457.0,637.0,-1
12, 11, 457.0,637.0,-1
11, 13, 390.0,542.0,-1
13, 11, 390.0,542.0,-1
11, 14, 468.0,593.0,-1
14, 11, 468.0,593.0,-1
11, 15, 585.0,824.0,-1
15, 11, 585.0,824.0,-1
11, 16, 440.0,599.0,1
16, 11, 440.0,599.0,1
11, 11, 0.0,0.0,1
12, 13, 846.0,1178.0,-1
13, 12, 846.0,1178.0,-1
12, 14, 824.0,930.0,1
14, 12, 824.0,930.0,1
12, 15, 1040.0,1460.0,-1
15, 12, 1040.0,1460.0,-1
12, 16, 875.0,1236.0,-1
16, 12, 875.0,1236.0,-1
12, 12, 0.0,0.0,1
13, 14, 389.0,491.0,1
14, 13, 389.0,491.0,1
13, 15, 201.0,282.0,-1
15, 13, 201.0,282.0,-1
13, 16, 195.0,269.0,-1
16, 13, 195.0,269.0,-1
13, 13, 0.0,0.0,1
14, 15, 528.0,531.0,-1
15, 14, 528.0,531.0,-1
14, 16, 580.0,760.0,-1
16, 14, 580.0,760.0,-1
14, 14, 0.0,0.0,1
15, 16, 231.0,236.0,-1
16, 15, 231.0,236.0,-1
15, 15, 0.0,0.0,1
16, 16, 0.0,0.0,1


<end>