<number of nodes>
16

<ratio of available edges>
0.3

<max length of the drone flight>
100000 

<D 2/3>
1, 2, 4, 5, 6, 8, 10, 11, 12, 13, 14

<V>
2, 6, 11, 13, 14

<coordinates X,Y>
455.03508758006444, 971.8254409059821
565.9764156380476, 674.6239293163366
146.47059494749314, 834.6538820338177
658.4995674514188, 67.71856988754425
145.2043128509435, 405.3296001941889
579.4401691732262, 839.8926873938478
325.82085520362926, 420.4054670586772
905.6542915273046, 262.305336599792
933.3137954257583, 858.1123339570654
178.78450910762933, 693.0939285158855
542.3136403219303, 195.67265082909367
452.6005041582158, 586.846300771986
177.98293918728262, 890.2781696274521
351.785323038883, 749.3663261033214
778.7875405531881, 201.6355567752604
374.234926991556, 73.8067601199225

<adjacency matrix with truck distances>
1, 2, 318.0,409.0,1
2, 1, 318.0,409.0,1
1, 3, 338.0,446.0,-1
3, 1, 338.0,446.0,-1
1, 4, 927.0,1108.0,-1
4, 1, 927.0,1108.0,-1
1, 5, 646.0,877.0,-1
5, 1, 646.0,877.0,-1
1, 6, 182.0,257.0,-1
6, 1, 182.0,257.0,-1
1, 7, 567.0,681.0,1
7, 1, 567.0,681.0,1
1, 8, 841.0,1161.0,-1
8, 1, 841.0,1161.0,-1
1, 9, 492.0,592.0,-1
9, 1, 492.0,592.0,-1
1, 10, 393.0,555.0,-1
10, 1, 393.0,555.0,-1
1, 11, 782.0,864.0,-1
11, 1, 782.0,864.0,-1
1, 12, 385.0,388.0,-1
12, 1, 385.0,388.0,-1
1, 13, 289.0,359.0,-1
13, 1, 289.0,359.0,-1
1, 14, 246.0,326.0,-1
14, 1, 246.0,326.0,-1
1, 15, 836.0,1094.0,-1
15, 1, 836.0,1094.0,-1
1, 16, 902.0,979.0,1
16, 1, 902.0,979.0,1
1, 1, 0.0,0.0,1
2, 3, 449.0,580.0,-1
3, 2, 449.0,580.0,-1
2, 4, 614.0,700.0,-1
4, 2, 614.0,700.0,-1
2, 5, 500.0,691.0,-1
5, 2, 500.0,691.0,-1
2, 6, 166.0,179.0,-1
6, 2, 166.0,179.0,-1
2, 7, 350.0,495.0,1
7, 2, 350.0,495.0,1
2, 8, 535.0,752.0,1
8, 2, 535.0,752.0,1
2, 9, 411.0,551.0,-1
9, 2, 411.0,551.0,-1
2, 10, 388.0,406.0,-1
10, 2, 388.0,406.0,-1
2, 11, 480.0,503.0,1
11, 2, 480.0,503.0,1
2, 12, 144.0,202.0,-1
12, 2, 144.0,202.0,-1
2, 13, 444.0,604.0,1
13, 2, 444.0,604.0,1
2, 14, 227.0,289.0,-1
14, 2, 227.0,289.0,-1
2, 15, 519.0,686.0,-1
15, 2, 519.0,686.0,-1
2, 16, 631.0,793.0,-1
16, 2, 631.0,793.0,-1
2, 2, 0.0,0.0,1
3, 4, 923.0,1279.0,-1
4, 3, 923.0,1279.0,-1
3, 5, 430.0,431.0,-1
5, 3, 430.0,431.0,-1
3, 6, 434.0,439.0,-1
6, 3, 434.0,439.0,-1
3, 7, 452.0,594.0,1
7, 3, 452.0,594.0,1
3, 8, 951.0,1332.0,-1
8, 3, 951.0,1332.0,-1
3, 9, 788.0,811.0,-1
9, 3, 788.0,811.0,-1
3, 10, 146.0,174.0,-1
10, 3, 146.0,174.0,-1
3, 11, 752.0,1035.0,-1
11, 3, 752.0,1035.0,-1
3, 12, 394.0,554.0,1
12, 3, 394.0,554.0,1
3, 13, 64.0,88.0,-1
13, 3, 64.0,88.0,-1
3, 14, 223.0,291.0,1
14, 3, 223.0,291.0,1
3, 15, 895.0,1266.0,-1
15, 3, 895.0,1266.0,-1
3, 16, 795.0,989.0,-1
16, 3, 795.0,989.0,-1
3, 3, 0.0,0.0,1
4, 5, 615.0,851.0,1
5, 4, 615.0,851.0,1
4, 6, 777.0,852.0,1
6, 4, 777.0,852.0,1
4, 7, 485.0,686.0,-1
7, 4, 485.0,686.0,-1
4, 8, 315.0,442.0,-1
8, 4, 315.0,442.0,-1
4, 9, 837.0,1066.0,-1
9, 4, 837.0,1066.0,-1
4, 10, 789.0,1106.0,-1
10, 4, 789.0,1106.0,-1
4, 11, 173.0,245.0,-1
11, 4, 173.0,245.0,-1
4, 12, 559.0,726.0,-1
12, 4, 559.0,726.0,-1
4, 13, 953.0,1304.0,-1
13, 4, 953.0,1304.0,-1
4, 14, 748.0,989.0,-1
14, 4, 748.0,989.0,-1
4, 15, 181.0,255.0,1
15, 4, 181.0,255.0,1
4, 16, 285.0,291.0,-1
16, 4, 285.0,291.0,-1
4, 4, 0.0,0.0,1
5, 6, 615.0,869.0,-1
6, 5, 615.0,869.0,-1
5, 7, 182.0,196.0,1
7, 5, 182.0,196.0,1
5, 8, 774.0,904.0,-1
8, 5, 774.0,904.0,-1
5, 9, 909.0,1241.0,1
9, 5, 909.0,1241.0,1
5, 10, 290.0,322.0,-1
10, 5, 290.0,322.0,-1
5, 11, 450.0,607.0,1
11, 5, 450.0,607.0,1
5, 12, 357.0,489.0,-1
12, 5, 357.0,489.0,-1
5, 13, 487.0,518.0,-1
13, 5, 487.0,518.0,-1
5, 14, 402.0,551.0,1
14, 5, 402.0,551.0,1
5, 15, 666.0,838.0,-1
15, 5, 666.0,838.0,-1
5, 16, 403.0,561.0,-1
16, 5, 403.0,561.0,-1
5, 5, 0.0,0.0,1
6, 7, 491.0,674.0,1
7, 6, 491.0,674.0,1
6, 8, 664.0,904.0,-1
8, 6, 664.0,904.0,-1
6, 9, 355.0,373.0,-1
9, 6, 355.0,373.0,-1
6, 10, 427.0,548.0,-1
10, 6, 427.0,548.0,-1
6, 11, 646.0,682.0,-1
11, 6, 646.0,682.0,-1
6, 12, 284.0,380.0,-1
12, 6, 284.0,380.0,-1
6, 13, 405.0,452.0,-1
13, 6, 405.0,452.0,-1
6, 14, 245.0,319.0,-1
14, 6, 245.0,319.0,-1
6, 15, 669.0,838.0,-1
15, 6, 669.0,838.0,-1
6, 16, 794.0,972.0,-1
16, 6, 794.0,972.0,-1
6, 6, 0.0,0.0,1
7, 8, 602.0,738.0,-1
8, 7, 602.0,738.0,-1
7, 9, 749.0,1046.0,1
9, 7, 749.0,1046.0,1
7, 10, 310.0,420.0,1
10, 7, 310.0,420.0,1
7, 11, 313.0,442.0,-1
11, 7, 313.0,442.0,-1
7, 12, 210.0,294.0,-1
12, 7, 210.0,294.0,-1
7, 13, 493.0,618.0,1
13, 7, 493.0,618.0,1
7, 14, 330.0,355.0,1
14, 7, 330.0,355.0,1
7, 15, 504.0,672.0,1
15, 7, 504.0,672.0,1
7, 16, 350.0,396.0,-1
16, 7, 350.0,396.0,-1
7, 7, 0.0,0.0,1
8, 9, 597.0,624.0,-1
9, 8, 597.0,624.0,-1
8, 10, 845.0,1158.0,1
10, 8, 845.0,1158.0,1
8, 11, 370.0,430.0,-1
11, 8, 370.0,430.0,-1
8, 12, 558.0,778.0,-1
12, 8, 558.0,778.0,-1
8, 13, 962.0,1356.0,-1
13, 8, 962.0,1356.0,-1
8, 14, 738.0,1041.0,-1
14, 8, 738.0,1041.0,-1
8, 15, 141.0,188.0,-1
15, 8, 141.0,188.0,-1
8, 16, 564.0,720.0,1
16, 8, 564.0,720.0,1
8, 8, 0.0,0.0,1
9, 10, 773.0,920.0,-1
10, 9, 773.0,920.0,-1
9, 11, 770.0,1054.0,1
11, 9, 770.0,1054.0,1
9, 12, 552.0,752.0,-1
12, 9, 552.0,752.0,-1
9, 13, 757.0,788.0,-1
13, 9, 757.0,788.0,-1
9, 14, 592.0,691.0,-1
14, 9, 592.0,691.0,-1
9, 15, 675.0,812.0,-1
15, 9, 675.0,812.0,-1
9, 16, 964.0,1344.0,1
16, 9, 964.0,1344.0,1
9, 9, 0.0,0.0,1
10, 11, 617.0,861.0,-1
11, 10, 617.0,861.0,-1
10, 12, 294.0,381.0,-1
12, 10, 294.0,381.0,-1
10, 13, 198.0,198.0,-1
13, 10, 198.0,198.0,-1
10, 14, 182.0,230.0,1
14, 10, 182.0,230.0,1
10, 15, 776.0,1092.0,1
15, 10, 776.0,1092.0,1
10, 16, 650.0,815.0,-1
16, 10, 650.0,815.0,-1
10, 10, 0.0,0.0,1
11, 12, 402.0,481.0,1
12, 11, 402.0,481.0,1
11, 13, 785.0,1059.0,1
13, 11, 785.0,1059.0,1
11, 14, 586.0,745.0,-1
14, 11, 586.0,745.0,-1
11, 15, 237.0,243.0,1
15, 11, 237.0,243.0,1
11, 16, 208.0,290.0,-1
16, 11, 208.0,290.0,-1
11, 11, 0.0,0.0,1
12, 13, 410.0,579.0,-1
13, 12, 410.0,579.0,-1
12, 14, 192.0,264.0,1
14, 12, 192.0,264.0,1
12, 15, 505.0,712.0,-1
15, 12, 505.0,712.0,-1
12, 16, 519.0,592.0,-1
16, 12, 519.0,592.0,-1
12, 12, 0.0,0.0,1
13, 14, 224.0,315.0,-1
14, 13, 224.0,315.0,-1
13, 15, 914.0,1290.0,1
15, 13, 914.0,1290.0,1
13, 16, 840.0,1013.0,-1
16, 13, 840.0,1013.0,-1
13, 13, 0.0,0.0,1
14, 15, 695.0,975.0,1
15, 14, 695.0,975.0,1
14, 16, 676.0,699.0,1
16, 14, 676.0,699.0,1
14, 14, 0.0,0.0,1
15, 16, 425.0,533.0,-1
16, 15, 425.0,533.0,-1
15, 15, 0.0,0.0,1
16, 16, 0.0,0.0,1


<end>