<number of nodes>
16

<ratio of available edges>
0.3

<max length of the drone flight>
100000 

<D 2/3>
1, 2, 3, 5, 7, 8, 12, 13, 14, 15, 16

<V>
2, 7, 8, 13, 15

<coordinates X,Y>
131.65551175120547, 480.29436692930926
729.1236910128317, 576.4002550634568
182.3463578916358, 2.3107347980557496
216.30497967301878, 390.45109431322203
415.86577978663223, 245.53667708844202
332.2983227864855, 405.4057504738187
850.1967221599648, 700.2361720176623
518.358846799723, 174.30576178540954
346.8375849788265, 84.57719977890189
405.22317748012136, 610.8500591521989
242.1796869625287, 651.7682907558292
385.77214259763065, 33.072480896676716
575.6321070711685, 823.0503516708113
550.4976712931951, 953.0527408776236
339.71783930013333, 312.1936504029799
160.81864810987256, 887.3290961717404

<adjacency matrix with truck distances>
1, 2, 606.0,694.0,-1
2, 1, 606.0,694.0,-1
1, 3, 481.0,529.0,-1
3, 1, 481.0,529.0,-1
1, 4, 124.0,175.0,-1
4, 1, 124.0,175.0,-1
1, 5, 369.0,519.0,-1
5, 1, 369.0,519.0,-1
1, 6, 215.0,276.0,-1
6, 1, 215.0,276.0,-1
1, 7, 752.0,939.0,-1
7, 1, 752.0,939.0,-1
1, 8, 494.0,693.0,-1
8, 1, 494.0,693.0,-1
1, 9, 451.0,611.0,-1
9, 1, 451.0,611.0,-1
1, 10, 304.0,405.0,-1
10, 1, 304.0,405.0,-1
1, 11, 205.0,282.0,1
11, 1, 205.0,282.0,1
1, 12, 515.0,702.0,-1
12, 1, 515.0,702.0,-1
1, 13, 561.0,787.0,-1
13, 1, 561.0,787.0,-1
1, 14, 632.0,892.0,-1
14, 1, 632.0,892.0,-1
1, 15, 268.0,377.0,1
15, 1, 268.0,377.0,1
1, 16, 409.0,437.0,-1
16, 1, 409.0,437.0,-1
1, 1, 0.0,0.0,1
2, 3, 793.0,1121.0,-1
3, 2, 793.0,1121.0,-1
2, 4, 546.0,699.0,1
4, 2, 546.0,699.0,1
2, 5, 456.0,645.0,-1
5, 2, 456.0,645.0,-1
2, 6, 433.0,568.0,-1
6, 2, 433.0,568.0,-1
2, 7, 174.0,245.0,-1
7, 2, 174.0,245.0,-1
2, 8, 454.0,613.0,-1
8, 2, 454.0,613.0,-1
2, 9, 623.0,875.0,1
9, 2, 623.0,875.0,1
2, 10, 326.0,359.0,-1
10, 2, 326.0,359.0,-1
2, 11, 493.0,563.0,1
11, 2, 493.0,563.0,1
2, 12, 643.0,887.0,-1
12, 2, 643.0,887.0,-1
2, 13, 291.0,401.0,-1
13, 2, 291.0,401.0,-1
2, 14, 417.0,556.0,-1
14, 2, 417.0,556.0,-1
2, 15, 471.0,654.0,-1
15, 2, 471.0,654.0,-1
2, 16, 648.0,880.0,1
16, 2, 648.0,880.0,1
2, 2, 0.0,0.0,1
3, 4, 390.0,423.0,1
4, 3, 390.0,423.0,1
3, 5, 338.0,477.0,1
5, 3, 338.0,477.0,1
3, 6, 431.0,554.0,-1
6, 3, 431.0,554.0,-1
3, 7, 966.0,1366.0,-1
7, 3, 966.0,1366.0,-1
3, 8, 378.0,509.0,-1
8, 3, 378.0,509.0,-1
3, 9, 184.0,247.0,-1
9, 3, 184.0,247.0,-1
3, 10, 649.0,832.0,-1
10, 3, 649.0,832.0,-1
3, 11, 653.0,710.0,-1
11, 3, 653.0,710.0,-1
3, 12, 206.0,235.0,1
12, 3, 206.0,235.0,1
3, 13, 911.0,1215.0,-1
13, 3, 911.0,1215.0,-1
3, 14, 1020.0,1319.0,1
14, 3, 1020.0,1319.0,1
3, 15, 348.0,468.0,-1
15, 3, 348.0,468.0,-1
3, 16, 886.0,907.0,1
16, 3, 886.0,907.0,1
3, 3, 0.0,0.0,1
4, 5, 247.0,345.0,-1
5, 4, 247.0,345.0,-1
4, 6, 117.0,131.0,1
6, 4, 117.0,131.0,1
4, 7, 706.0,944.0,1
7, 4, 706.0,944.0,1
4, 8, 372.0,519.0,-1
8, 4, 372.0,519.0,-1
4, 9, 333.0,437.0,-1
9, 4, 333.0,437.0,-1
4, 10, 291.0,410.0,1
10, 4, 291.0,410.0,1
4, 11, 263.0,288.0,-1
11, 4, 263.0,288.0,-1
4, 12, 396.0,527.0,-1
12, 4, 396.0,527.0,-1
4, 13, 563.0,792.0,-1
13, 4, 563.0,792.0,-1
4, 14, 655.0,897.0,1
14, 4, 655.0,897.0,1
4, 15, 147.0,202.0,-1
15, 4, 147.0,202.0,-1
4, 16, 500.0,553.0,1
16, 4, 500.0,553.0,1
4, 4, 0.0,0.0,1
5, 6, 181.0,244.0,-1
6, 5, 181.0,244.0,-1
5, 7, 629.0,890.0,-1
7, 5, 629.0,890.0,-1
5, 8, 125.0,174.0,1
8, 5, 125.0,174.0,1
5, 9, 176.0,230.0,-1
9, 5, 176.0,230.0,-1
5, 10, 366.0,376.0,-1
10, 5, 366.0,376.0,-1
5, 11, 442.0,580.0,-1
11, 5, 442.0,580.0,-1
5, 12, 215.0,243.0,-1
12, 5, 215.0,243.0,-1
5, 13, 600.0,738.0,1
13, 5, 600.0,738.0,1
5, 14, 721.0,843.0,1
14, 5, 721.0,843.0,1
5, 15, 102.0,143.0,1
15, 5, 102.0,143.0,1
5, 16, 691.0,897.0,-1
16, 5, 691.0,897.0,-1
5, 5, 0.0,0.0,1
6, 7, 596.0,813.0,1
7, 6, 596.0,813.0,1
6, 8, 297.0,418.0,-1
8, 6, 297.0,418.0,-1
6, 9, 322.0,336.0,-1
9, 6, 322.0,336.0,-1
6, 10, 219.0,279.0,1
10, 6, 219.0,279.0,1
6, 11, 263.0,337.0,1
11, 6, 263.0,337.0,1
6, 12, 377.0,426.0,-1
12, 6, 377.0,426.0,-1
6, 13, 484.0,661.0,-1
13, 6, 484.0,661.0,-1
6, 14, 590.0,766.0,-1
14, 6, 590.0,766.0,-1
6, 15, 94.0,101.0,1
15, 6, 94.0,101.0,1
6, 16, 512.0,654.0,1
16, 6, 512.0,654.0,1
6, 6, 0.0,0.0,1
7, 8, 622.0,858.0,1
8, 7, 622.0,858.0,1
7, 9, 796.0,1120.0,1
9, 7, 796.0,1120.0,1
7, 10, 454.0,535.0,-1
10, 7, 454.0,535.0,-1
7, 11, 610.0,657.0,-1
11, 7, 610.0,657.0,-1
7, 12, 813.0,1132.0,-1
12, 7, 813.0,1132.0,-1
7, 13, 301.0,398.0,1
13, 7, 301.0,398.0,1
7, 14, 393.0,553.0,-1
14, 7, 393.0,553.0,-1
7, 15, 642.0,899.0,-1
15, 7, 642.0,899.0,-1
7, 16, 715.0,877.0,-1
16, 7, 715.0,877.0,-1
7, 7, 0.0,0.0,1
8, 9, 194.0,262.0,-1
9, 8, 194.0,262.0,-1
8, 10, 451.0,550.0,-1
10, 8, 451.0,550.0,-1
8, 11, 552.0,754.0,1
11, 8, 552.0,754.0,1
8, 12, 194.0,274.0,-1
12, 8, 194.0,274.0,-1
8, 13, 652.0,707.0,-1
13, 8, 652.0,707.0,-1
8, 14, 780.0,811.0,-1
14, 8, 780.0,811.0,-1
8, 15, 226.0,317.0,-1
15, 8, 226.0,317.0,-1
8, 16, 798.0,1071.0,-1
16, 8, 798.0,1071.0,-1
8, 8, 0.0,0.0,1
9, 10, 530.0,585.0,1
10, 9, 530.0,585.0,1
9, 11, 577.0,672.0,-1
11, 9, 577.0,672.0,-1
9, 12, 65.0,91.0,-1
12, 9, 65.0,91.0,-1
9, 13, 774.0,968.0,-1
13, 9, 774.0,968.0,-1
9, 14, 893.0,1073.0,-1
14, 9, 893.0,1073.0,-1
9, 15, 228.0,235.0,1
15, 9, 228.0,235.0,1
9, 16, 825.0,989.0,-1
16, 9, 825.0,989.0,-1
9, 9, 0.0,0.0,1
10, 11, 169.0,204.0,1
11, 10, 169.0,204.0,1
10, 12, 579.0,598.0,-1
12, 10, 579.0,598.0,-1
10, 13, 273.0,383.0,-1
13, 10, 273.0,383.0,-1
10, 14, 372.0,488.0,-1
14, 10, 372.0,488.0,-1
10, 15, 306.0,365.0,-1
15, 10, 306.0,365.0,-1
10, 16, 370.0,521.0,-1
16, 10, 370.0,521.0,-1
10, 10, 0.0,0.0,1
11, 12, 636.0,763.0,1
12, 11, 636.0,763.0,1
11, 13, 375.0,505.0,-1
13, 11, 375.0,505.0,-1
11, 14, 432.0,610.0,1
14, 11, 432.0,610.0,1
11, 15, 354.0,438.0,-1
15, 11, 354.0,438.0,-1
11, 16, 250.0,317.0,-1
16, 11, 250.0,317.0,-1
11, 11, 0.0,0.0,1
12, 13, 813.0,980.0,-1
13, 12, 813.0,980.0,-1
12, 14, 935.0,1085.0,-1
14, 12, 935.0,1085.0,-1
12, 15, 283.0,326.0,-1
15, 12, 283.0,326.0,-1
12, 16, 884.0,1080.0,-1
16, 12, 884.0,1080.0,-1
12, 12, 0.0,0.0,1
13, 14, 133.0,156.0,-1
14, 13, 133.0,156.0,-1
13, 15, 563.0,747.0,1
15, 13, 563.0,747.0,1
13, 16, 420.0,480.0,1
16, 13, 420.0,480.0,1
13, 13, 0.0,0.0,1
14, 15, 675.0,852.0,-1
15, 14, 675.0,852.0,-1
14, 16, 396.0,456.0,-1
16, 14, 396.0,456.0,-1
14, 14, 0.0,0.0,1
15, 16, 603.0,755.0,-1
16, 15, 603.0,755.0,-1
15, 15, 0.0,0.0,1
16, 16, 0.0,0.0,1


<end>