<number of nodes>
16

<ratio of available edges>
0.3

<max length of the drone flight>
100000 

<D 2/3>
1, 3, 5, 6, 7, 8, 9, 11, 12, 14, 15

<V>
3, 5, 6, 8, 14

<coordinates X,Y>
459.9371549318359, 159.96887742630395
491.49321150090816, 138.79972355462976
453.97443242622626, 766.4521196230421
648.3913430041201, 169.4597093758
104.21714859450941, 410.705114318475
646.0321223709363, 504.9884154756914
170.6056256258156, 523.806695230736
339.1549841308907, 568.3782475484061
3.6740578484735877, 388.5627590735271
926.6046847539254, 828.0297917777168
873.1921859302736, 780.2736606658691
451.42509033714157, 550.3993898508146
779.3972844874046, 45.546954539963224
989.7988999297704, 132.85575395703782
737.6275998867442, 297.2686973647372
964.8696739834036, 418.71675057661366

<adjacency matrix with truck distances>
1, 2, 38.0,53.0,-1
2, 1, 38.0,53.0,-1
1, 3, 607.0,613.0,-1
3, 1, 607.0,613.0,-1
1, 4, 189.0,198.0,-1
4, 1, 189.0,198.0,-1
1, 5, 436.0,607.0,-1
5, 1, 436.0,607.0,-1
1, 6, 393.0,532.0,-1
6, 1, 393.0,532.0,-1
1, 7, 465.0,654.0,1
7, 1, 465.0,654.0,1
1, 8, 426.0,530.0,1
8, 1, 426.0,530.0,1
1, 9, 511.0,685.0,-1
9, 1, 511.0,685.0,-1
1, 10, 815.0,1135.0,-1
10, 1, 815.0,1135.0,-1
1, 11, 746.0,1034.0,-1
11, 1, 746.0,1034.0,-1
1, 12, 391.0,399.0,-1
12, 1, 391.0,399.0,-1
1, 13, 340.0,434.0,-1
13, 1, 340.0,434.0,-1
1, 14, 531.0,557.0,1
14, 1, 531.0,557.0,1
1, 15, 310.0,415.0,-1
15, 1, 310.0,415.0,-1
1, 16, 568.0,764.0,1
16, 1, 568.0,764.0,1
1, 1, 0.0,0.0,1
2, 3, 629.0,666.0,1
3, 2, 629.0,666.0,1
2, 4, 160.0,188.0,1
4, 2, 160.0,188.0,1
2, 5, 474.0,660.0,-1
5, 2, 474.0,660.0,-1
2, 6, 398.0,521.0,-1
6, 2, 398.0,521.0,-1
2, 7, 502.0,706.0,-1
7, 2, 502.0,706.0,-1
2, 8, 456.0,582.0,1
8, 2, 456.0,582.0,1
2, 9, 549.0,738.0,-1
9, 2, 549.0,738.0,-1
2, 10, 816.0,1125.0,-1
10, 2, 816.0,1125.0,-1
2, 11, 747.0,1024.0,-1
11, 2, 747.0,1024.0,-1
2, 12, 414.0,452.0,-1
12, 2, 414.0,452.0,-1
2, 13, 303.0,382.0,1
13, 2, 303.0,382.0,1
2, 14, 499.0,505.0,1
14, 2, 499.0,505.0,1
2, 15, 293.0,405.0,1
15, 2, 293.0,405.0,1
2, 16, 550.0,754.0,-1
16, 2, 550.0,754.0,-1
2, 2, 0.0,0.0,1
3, 4, 628.0,792.0,-1
4, 3, 628.0,792.0,-1
3, 5, 499.0,706.0,-1
5, 3, 499.0,706.0,-1
3, 6, 325.0,454.0,1
6, 3, 325.0,454.0,1
3, 7, 374.0,527.0,1
7, 3, 374.0,527.0,1
3, 8, 229.0,313.0,-1
8, 3, 229.0,313.0,-1
3, 9, 588.0,829.0,1
9, 3, 588.0,829.0,1
3, 10, 477.0,535.0,-1
10, 3, 477.0,535.0,-1
3, 11, 420.0,434.0,-1
11, 3, 420.0,434.0,-1
3, 12, 217.0,219.0,-1
12, 3, 217.0,219.0,-1
3, 13, 791.0,1047.0,1
13, 3, 791.0,1047.0,1
3, 14, 830.0,1170.0,-1
14, 3, 830.0,1170.0,-1
3, 15, 549.0,753.0,-1
15, 3, 549.0,753.0,-1
3, 16, 619.0,859.0,1
16, 3, 619.0,859.0,1
3, 3, 0.0,0.0,1
4, 5, 596.0,786.0,-1
5, 4, 596.0,786.0,-1
4, 6, 336.0,338.0,-1
6, 4, 336.0,338.0,-1
4, 7, 595.0,833.0,-1
7, 4, 595.0,833.0,-1
4, 8, 505.0,709.0,-1
8, 4, 505.0,709.0,-1
4, 9, 681.0,864.0,-1
9, 4, 681.0,864.0,-1
4, 10, 715.0,937.0,-1
10, 4, 715.0,937.0,-1
4, 11, 651.0,836.0,-1
11, 4, 651.0,836.0,-1
4, 12, 429.0,578.0,-1
12, 4, 429.0,578.0,-1
4, 13, 181.0,255.0,-1
13, 4, 181.0,255.0,-1
4, 14, 344.0,379.0,-1
14, 4, 344.0,379.0,-1
4, 15, 156.0,218.0,1
15, 4, 156.0,218.0,1
4, 16, 403.0,566.0,-1
16, 4, 403.0,566.0,-1
4, 4, 0.0,0.0,1
5, 6, 550.0,637.0,1
6, 5, 550.0,637.0,1
5, 7, 132.0,180.0,-1
7, 5, 132.0,180.0,-1
5, 8, 283.0,393.0,-1
8, 5, 283.0,393.0,-1
5, 9, 103.0,123.0,-1
9, 5, 103.0,123.0,-1
5, 10, 923.0,1240.0,-1
10, 5, 923.0,1240.0,-1
5, 11, 854.0,1139.0,-1
11, 5, 854.0,1139.0,-1
5, 12, 375.0,487.0,-1
12, 5, 375.0,487.0,-1
5, 13, 768.0,1041.0,-1
13, 5, 768.0,1041.0,-1
5, 14, 929.0,1164.0,-1
14, 5, 929.0,1164.0,-1
5, 15, 644.0,747.0,1
15, 5, 644.0,747.0,1
5, 16, 861.0,869.0,-1
16, 5, 861.0,869.0,-1
5, 5, 0.0,0.0,1
6, 7, 476.0,495.0,1
7, 6, 476.0,495.0,1
6, 8, 314.0,371.0,-1
8, 6, 314.0,371.0,-1
6, 9, 653.0,759.0,1
9, 6, 653.0,759.0,1
6, 10, 428.0,604.0,1
10, 6, 428.0,604.0,1
6, 11, 357.0,503.0,1
11, 6, 357.0,503.0,1
6, 12, 200.0,241.0,1
12, 6, 200.0,241.0,1
6, 13, 479.0,593.0,1
13, 6, 479.0,593.0,1
6, 14, 507.0,716.0,-1
14, 6, 507.0,716.0,-1
6, 15, 228.0,300.0,-1
15, 6, 228.0,300.0,-1
6, 16, 331.0,406.0,-1
16, 6, 331.0,406.0,-1
6, 6, 0.0,0.0,1
7, 8, 175.0,214.0,-1
8, 7, 175.0,214.0,-1
7, 9, 215.0,303.0,-1
9, 7, 215.0,303.0,-1
7, 10, 815.0,1061.0,-1
10, 7, 815.0,1061.0,-1
7, 11, 748.0,960.0,-1
11, 7, 748.0,960.0,-1
7, 12, 283.0,308.0,1
12, 7, 283.0,308.0,1
7, 13, 775.0,1088.0,-1
13, 7, 775.0,1088.0,-1
7, 14, 908.0,1211.0,-1
14, 7, 908.0,1211.0,-1
7, 15, 611.0,794.0,-1
15, 7, 611.0,794.0,-1
7, 16, 802.0,900.0,-1
16, 7, 802.0,900.0,-1
7, 7, 0.0,0.0,1
8, 9, 381.0,516.0,1
9, 8, 381.0,516.0,1
8, 10, 643.0,848.0,-1
10, 8, 643.0,848.0,-1
8, 11, 575.0,746.0,-1
11, 8, 575.0,746.0,-1
8, 12, 114.0,131.0,-1
12, 8, 114.0,131.0,-1
8, 13, 684.0,964.0,-1
13, 8, 684.0,964.0,-1
8, 14, 783.0,1087.0,1
14, 8, 783.0,1087.0,1
8, 15, 482.0,670.0,-1
15, 8, 482.0,670.0,-1
8, 16, 644.0,776.0,-1
16, 8, 644.0,776.0,-1
8, 8, 0.0,0.0,1
9, 10, 1023.0,1363.0,-1
10, 9, 1023.0,1363.0,-1
9, 11, 954.0,1262.0,-1
11, 9, 954.0,1262.0,-1
9, 12, 477.0,610.0,-1
12, 9, 477.0,610.0,-1
9, 13, 849.0,1119.0,-1
13, 9, 849.0,1119.0,-1
9, 14, 1019.0,1242.0,1
14, 9, 1019.0,1242.0,1
9, 15, 740.0,826.0,-1
15, 9, 740.0,826.0,-1
9, 16, 962.0,992.0,-1
16, 9, 962.0,992.0,-1
9, 9, 0.0,0.0,1
10, 11, 72.0,102.0,-1
11, 10, 72.0,102.0,-1
10, 12, 551.0,753.0,-1
12, 10, 551.0,753.0,-1
10, 13, 797.0,930.0,1
13, 10, 797.0,930.0,1
10, 14, 699.0,759.0,-1
14, 10, 699.0,759.0,-1
10, 15, 564.0,720.0,-1
15, 10, 564.0,720.0,-1
10, 16, 412.0,448.0,1
16, 10, 412.0,448.0,1
10, 10, 0.0,0.0,1
11, 12, 481.0,652.0,1
12, 11, 481.0,652.0,1
11, 13, 741.0,829.0,-1
13, 11, 741.0,829.0,-1
11, 14, 658.0,765.0,-1
14, 11, 658.0,765.0,-1
11, 15, 502.0,619.0,-1
15, 11, 502.0,619.0,-1
11, 16, 373.0,454.0,1
16, 11, 373.0,454.0,1
11, 11, 0.0,0.0,1
12, 13, 603.0,833.0,1
13, 12, 603.0,833.0,1
12, 14, 682.0,956.0,-1
14, 12, 682.0,956.0,-1
12, 15, 383.0,540.0,-1
15, 12, 383.0,540.0,-1
12, 16, 531.0,646.0,-1
16, 12, 531.0,646.0,-1
12, 12, 0.0,0.0,1
13, 14, 228.0,298.0,1
14, 13, 228.0,298.0,1
13, 15, 256.0,294.0,-1
15, 13, 256.0,294.0,-1
13, 16, 417.0,559.0,-1
16, 13, 417.0,559.0,-1
13, 13, 0.0,0.0,1
14, 15, 302.0,417.0,-1
15, 14, 302.0,417.0,-1
14, 16, 287.0,311.0,1
16, 14, 287.0,311.0,1
14, 14, 0.0,0.0,1
15, 16, 258.0,349.0,1
16, 15, 258.0,349.0,1
15, 15, 0.0,0.0,1
16, 16, 0.0,0.0,1


<end>