<number of nodes>
16

<ratio of available edges>
0.3

<max length of the drone flight>
100000 

<D 2/3>
1, 3, 5, 6, 7, 10, 11, 12, 13, 15, 16

<V>
3, 7, 10, 13, 15

<coordinates X,Y>
451.76526666588404, 548.4504975642334
162.75763662475038, 203.63813823871945
90.73882373580255, 579.26377068976
237.2742447155569, 967.387161055104
204.27144984276683, 97.3814866119339
995.9040313035252, 338.4818612217227
260.18160794533037, 78.52479305202213
989.4658796248156, 837.741665667876
104.095571893142, 398.29705012646207
419.18344776227036, 561.7371448843669
13.279797991187834, 161.8844728767425
634.7180252418036, 180.6865571334879
592.0100534022877, 357.87313083753685
606.5585312101982, 768.8422358477362
281.5628200126686, 812.1873626831095
655.8918438432443, 104.80566294995397

<adjacency matrix with truck distances>
1, 2, 450.0,634.0,1
2, 1, 450.0,634.0,1
1, 3, 363.0,392.0,-1
3, 1, 363.0,392.0,-1
1, 4, 471.0,634.0,1
4, 1, 471.0,634.0,1
1, 5, 515.0,699.0,1
5, 1, 515.0,699.0,1
1, 6, 584.0,755.0,-1
6, 1, 584.0,755.0,-1
1, 7, 508.0,662.0,-1
7, 1, 508.0,662.0,-1
1, 8, 611.0,827.0,-1
8, 1, 611.0,827.0,-1
1, 9, 379.0,498.0,-1
9, 1, 379.0,498.0,-1
1, 10, 36.0,46.0,-1
10, 1, 36.0,46.0,-1
1, 11, 585.0,826.0,1
11, 1, 585.0,826.0,1
1, 12, 411.0,551.0,1
12, 1, 411.0,551.0,1
1, 13, 237.0,331.0,-1
13, 1, 237.0,331.0,-1
1, 14, 270.0,376.0,-1
14, 1, 270.0,376.0,-1
1, 15, 314.0,434.0,-1
15, 1, 314.0,434.0,-1
1, 16, 489.0,648.0,-1
16, 1, 489.0,648.0,-1
1, 1, 0.0,0.0,1
2, 3, 383.0,448.0,-1
3, 2, 383.0,448.0,-1
2, 4, 768.0,839.0,-1
4, 2, 768.0,839.0,-1
2, 5, 115.0,148.0,1
5, 2, 115.0,148.0,1
2, 6, 844.0,968.0,1
6, 2, 844.0,968.0,1
2, 7, 159.0,223.0,-1
7, 2, 159.0,223.0,-1
2, 8, 1042.0,1461.0,-1
8, 2, 1042.0,1461.0,-1
2, 9, 204.0,254.0,-1
9, 2, 204.0,254.0,-1
2, 10, 441.0,615.0,-1
10, 2, 441.0,615.0,-1
2, 11, 156.0,192.0,-1
11, 2, 156.0,192.0,-1
2, 12, 473.0,495.0,1
12, 2, 473.0,495.0,1
2, 13, 457.0,584.0,-1
13, 2, 457.0,584.0,-1
2, 14, 719.0,1010.0,1
14, 2, 719.0,1010.0,1
2, 15, 621.0,728.0,-1
15, 2, 621.0,728.0,-1
2, 16, 503.0,592.0,-1
16, 2, 503.0,592.0,-1
2, 2, 0.0,0.0,1
3, 4, 415.0,535.0,1
4, 3, 415.0,535.0,1
3, 5, 496.0,596.0,1
5, 3, 496.0,596.0,1
3, 6, 937.0,1146.0,1
6, 3, 937.0,1146.0,1
3, 7, 529.0,671.0,-1
7, 3, 529.0,671.0,-1
3, 8, 936.0,1158.0,-1
8, 3, 936.0,1158.0,-1
3, 9, 182.0,195.0,-1
9, 3, 182.0,195.0,-1
3, 10, 329.0,346.0,-1
10, 3, 329.0,346.0,-1
3, 11, 425.0,495.0,-1
11, 3, 425.0,495.0,-1
3, 12, 675.0,943.0,1
12, 3, 675.0,943.0,1
3, 13, 548.0,723.0,1
13, 3, 548.0,723.0,1
3, 14, 550.0,706.0,1
14, 3, 550.0,706.0,1
3, 15, 302.0,424.0,1
15, 3, 302.0,424.0,1
3, 16, 738.0,1040.0,-1
16, 3, 738.0,1040.0,-1
3, 3, 0.0,0.0,1
4, 5, 871.0,904.0,-1
5, 4, 871.0,904.0,-1
4, 6, 986.0,1388.0,-1
6, 4, 986.0,1388.0,-1
4, 7, 890.0,912.0,1
7, 4, 890.0,912.0,1
4, 8, 764.0,882.0,-1
8, 4, 764.0,882.0,-1
4, 9, 585.0,703.0,-1
9, 4, 585.0,703.0,-1
4, 10, 445.0,588.0,1
10, 4, 445.0,588.0,1
4, 11, 837.0,1030.0,1
11, 4, 837.0,1030.0,1
4, 12, 882.0,1185.0,-1
12, 4, 882.0,1185.0,-1
4, 13, 706.0,965.0,-1
13, 4, 706.0,965.0,-1
4, 14, 420.0,568.0,-1
14, 4, 420.0,568.0,-1
4, 15, 162.0,200.0,-1
15, 4, 162.0,200.0,-1
4, 16, 959.0,1282.0,1
16, 4, 959.0,1282.0,1
4, 4, 0.0,0.0,1
5, 6, 828.0,1033.0,-1
6, 5, 828.0,1033.0,-1
5, 7, 60.0,75.0,-1
7, 5, 60.0,75.0,-1
5, 8, 1080.0,1526.0,-1
8, 5, 1080.0,1526.0,-1
5, 9, 318.0,402.0,-1
9, 5, 318.0,402.0,-1
5, 10, 512.0,680.0,-1
10, 5, 512.0,680.0,-1
5, 11, 202.0,256.0,1
11, 5, 202.0,256.0,1
5, 12, 439.0,514.0,1
12, 5, 439.0,514.0,1
5, 13, 468.0,649.0,-1
13, 5, 468.0,649.0,-1
5, 14, 783.0,1074.0,1
14, 5, 783.0,1074.0,1
5, 15, 719.0,793.0,-1
15, 5, 719.0,793.0,-1
5, 16, 452.0,460.0,-1
16, 5, 452.0,460.0,-1
5, 5, 0.0,0.0,1
6, 7, 781.0,996.0,-1
7, 6, 781.0,996.0,-1
6, 8, 500.0,506.0,-1
8, 6, 500.0,506.0,-1
6, 9, 894.0,952.0,-1
9, 6, 894.0,952.0,-1
6, 10, 619.0,800.0,1
10, 6, 619.0,800.0,1
6, 11, 999.0,1160.0,-1
11, 6, 999.0,1160.0,-1
6, 12, 395.0,519.0,1
12, 6, 395.0,519.0,1
6, 13, 405.0,424.0,1
13, 6, 405.0,424.0,1
6, 14, 581.0,820.0,1
14, 6, 581.0,820.0,1
6, 15, 858.0,1189.0,-1
15, 6, 858.0,1189.0,-1
6, 16, 413.0,574.0,-1
16, 6, 413.0,574.0,-1
6, 6, 0.0,0.0,1
7, 8, 1053.0,1489.0,-1
8, 7, 1053.0,1489.0,-1
7, 9, 356.0,476.0,-1
9, 7, 356.0,476.0,-1
7, 10, 509.0,643.0,1
10, 7, 509.0,643.0,1
7, 11, 261.0,331.0,-1
11, 7, 261.0,331.0,-1
7, 12, 389.0,477.0,-1
12, 7, 389.0,477.0,-1
7, 13, 434.0,612.0,-1
13, 7, 434.0,612.0,-1
7, 14, 773.0,1037.0,-1
14, 7, 773.0,1037.0,-1
7, 15, 734.0,756.0,-1
15, 7, 734.0,756.0,-1
7, 16, 397.0,422.0,-1
16, 7, 397.0,422.0,-1
7, 7, 0.0,0.0,1
8, 9, 989.0,1325.0,-1
9, 8, 989.0,1325.0,-1
8, 10, 634.0,847.0,-1
10, 8, 634.0,847.0,-1
8, 11, 1188.0,1653.0,-1
11, 8, 1188.0,1653.0,-1
8, 12, 747.0,1012.0,-1
12, 8, 747.0,1012.0,-1
8, 13, 624.0,878.0,1
13, 8, 624.0,878.0,1
8, 14, 390.0,452.0,1
14, 8, 390.0,452.0,1
8, 15, 709.0,734.0,-1
15, 8, 709.0,734.0,-1
8, 16, 806.0,1067.0,-1
16, 8, 806.0,1067.0,-1
8, 8, 0.0,0.0,1
9, 10, 355.0,479.0,-1
10, 9, 355.0,479.0,-1
9, 11, 254.0,328.0,-1
11, 9, 254.0,328.0,-1
9, 12, 574.0,749.0,1
12, 9, 574.0,749.0,1
9, 13, 490.0,529.0,-1
13, 9, 490.0,529.0,-1
9, 14, 625.0,874.0,-1
14, 9, 625.0,874.0,-1
9, 15, 451.0,592.0,1
15, 9, 451.0,592.0,1
9, 16, 625.0,846.0,-1
16, 9, 625.0,846.0,-1
9, 9, 0.0,0.0,1
10, 11, 570.0,806.0,-1
11, 10, 570.0,806.0,-1
10, 12, 438.0,597.0,1
12, 10, 438.0,597.0,1
10, 13, 268.0,377.0,-1
13, 10, 268.0,377.0,-1
10, 14, 280.0,395.0,1
14, 10, 280.0,395.0,1
10, 15, 286.0,389.0,-1
15, 10, 286.0,389.0,-1
10, 16, 515.0,694.0,-1
16, 10, 515.0,694.0,-1
10, 10, 0.0,0.0,1
11, 12, 622.0,641.0,-1
12, 11, 622.0,641.0,-1
11, 13, 612.0,775.0,-1
13, 11, 612.0,775.0,-1
11, 14, 849.0,1201.0,-1
14, 11, 849.0,1201.0,-1
11, 15, 704.0,919.0,-1
15, 11, 704.0,919.0,-1
11, 16, 646.0,700.0,-1
16, 11, 646.0,700.0,-1
11, 11, 0.0,0.0,1
12, 13, 183.0,220.0,-1
13, 12, 183.0,220.0,-1
12, 14, 589.0,617.0,1
14, 12, 589.0,617.0,1
12, 15, 724.0,985.0,-1
15, 12, 724.0,985.0,-1
12, 16, 79.0,98.0,-1
16, 12, 79.0,98.0,-1
12, 12, 0.0,0.0,1
13, 14, 412.0,426.0,-1
14, 13, 412.0,426.0,-1
13, 15, 551.0,765.0,-1
15, 13, 551.0,765.0,-1
13, 16, 262.0,317.0,-1
16, 13, 262.0,317.0,-1
13, 13, 0.0,0.0,1
14, 15, 328.0,369.0,-1
15, 14, 328.0,369.0,-1
14, 16, 666.0,714.0,1
16, 14, 666.0,714.0,1
14, 14, 0.0,0.0,1
15, 16, 801.0,1082.0,-1
16, 15, 801.0,1082.0,-1
15, 15, 0.0,0.0,1
16, 16, 0.0,0.0,1


<end>