<number of nodes>
16

<ratio of available edges>
0.3

<max length of the drone flight>
100000 

<D 2/3>
1, 2, 3, 4, 5, 6, 7, 9, 10, 14, 16

<V>
2, 3, 4, 14, 16

<coordinates X,Y>
996.5735306029953, 73.48472954663693
745.1737462676233, 410.9679783649969
904.3558028181162, 215.83472671539246
401.97028553741563, 877.79529551191
546.3545836171559, 84.29814108790681
353.99729427609327, 1001.0115538664758
733.3362971726293, 532.4980642858305
988.3135967969099, 535.9344725503537
191.46423034865256, 826.6903033621121
983.692250406402, 68.94802900102998
68.74870875155844, 265.91938668753875
878.7664145132042, 85.4902422951491
721.7962135629418, 258.94208765371155
629.3230889794991, 945.3518243602475
272.31150107675006, 184.00074530036505
574.6509565798826, 99.36395719841016

<adjacency matrix with truck distances>
1, 2, 421.0,589.0,1
2, 1, 421.0,589.0,1
1, 3, 170.0,235.0,1
3, 1, 170.0,235.0,1
1, 4, 1001.0,1399.0,1
4, 1, 1001.0,1399.0,1
1, 5, 451.0,462.0,-1
5, 1, 451.0,462.0,-1
1, 6, 1129.0,1571.0,-1
6, 1, 1129.0,1571.0,-1
1, 7, 530.0,723.0,-1
7, 1, 530.0,723.0,-1
1, 8, 463.0,471.0,-1
8, 1, 463.0,471.0,-1
1, 9, 1103.0,1559.0,-1
9, 1, 1103.0,1559.0,-1
1, 10, 14.0,18.0,-1
10, 1, 14.0,18.0,-1
1, 11, 948.0,1121.0,1
11, 1, 948.0,1121.0,1
1, 12, 119.0,130.0,-1
12, 1, 119.0,130.0,-1
1, 13, 332.0,461.0,1
13, 1, 332.0,461.0,1
1, 14, 947.0,1240.0,-1
14, 1, 947.0,1240.0,-1
1, 15, 733.0,835.0,-1
15, 1, 733.0,835.0,-1
1, 16, 423.0,448.0,1
16, 1, 423.0,448.0,1
1, 1, 0.0,0.0,1
2, 3, 252.0,355.0,1
3, 2, 252.0,355.0,1
2, 4, 580.0,811.0,-1
4, 2, 580.0,811.0,-1
2, 5, 383.0,526.0,1
5, 2, 383.0,526.0,1
2, 6, 708.0,982.0,-1
6, 2, 708.0,982.0,-1
2, 7, 123.0,134.0,1
7, 2, 123.0,134.0,1
2, 8, 274.0,369.0,-1
8, 2, 274.0,369.0,-1
2, 9, 693.0,970.0,1
9, 2, 693.0,970.0,1
2, 10, 417.0,581.0,1
10, 2, 417.0,581.0,1
2, 11, 692.0,822.0,-1
11, 2, 692.0,822.0,-1
2, 12, 352.0,460.0,-1
12, 2, 352.0,460.0,-1
2, 13, 154.0,176.0,-1
13, 2, 154.0,176.0,-1
2, 14, 547.0,651.0,-1
14, 2, 547.0,651.0,-1
2, 15, 525.0,700.0,-1
15, 2, 525.0,700.0,-1
2, 16, 356.0,483.0,-1
16, 2, 356.0,483.0,-1
2, 2, 0.0,0.0,1
3, 4, 832.0,1165.0,-1
4, 3, 832.0,1165.0,-1
3, 5, 382.0,490.0,-1
5, 3, 382.0,490.0,-1
3, 6, 959.0,1336.0,-1
6, 3, 959.0,1336.0,-1
3, 7, 360.0,488.0,-1
7, 3, 360.0,488.0,-1
3, 8, 331.0,405.0,-1
8, 3, 331.0,405.0,-1
3, 9, 939.0,1324.0,-1
9, 3, 939.0,1324.0,-1
3, 10, 167.0,227.0,-1
10, 3, 167.0,227.0,-1
3, 11, 838.0,886.0,-1
11, 3, 838.0,886.0,-1
3, 12, 133.0,156.0,1
12, 3, 133.0,156.0,1
3, 13, 188.0,226.0,-1
13, 3, 188.0,226.0,-1
3, 14, 780.0,1005.0,1
14, 3, 780.0,1005.0,1
3, 15, 633.0,664.0,1
15, 3, 633.0,664.0,1
3, 16, 350.0,447.0,1
16, 3, 350.0,447.0,1
3, 3, 0.0,0.0,1
4, 5, 807.0,938.0,-1
5, 4, 807.0,938.0,-1
4, 6, 133.0,172.0,-1
6, 4, 133.0,172.0,-1
4, 7, 479.0,677.0,1
7, 4, 479.0,677.0,1
4, 8, 679.0,929.0,-1
8, 4, 679.0,929.0,-1
4, 9, 217.0,262.0,-1
9, 4, 217.0,262.0,-1
4, 10, 997.0,1391.0,-1
10, 4, 997.0,1391.0,-1
4, 11, 697.0,946.0,-1
11, 4, 697.0,946.0,-1
4, 12, 925.0,1270.0,-1
12, 4, 925.0,1270.0,-1
4, 13, 697.0,939.0,1
13, 4, 697.0,939.0,1
4, 14, 238.0,295.0,-1
14, 4, 238.0,295.0,-1
4, 15, 706.0,824.0,1
15, 4, 706.0,824.0,1
4, 16, 798.0,952.0,-1
16, 4, 798.0,952.0,-1
4, 4, 0.0,0.0,1
5, 6, 937.0,1110.0,-1
6, 5, 937.0,1110.0,-1
5, 7, 486.0,636.0,1
7, 5, 486.0,636.0,1
5, 8, 632.0,894.0,1
8, 5, 632.0,894.0,1
5, 9, 823.0,1098.0,1
9, 5, 823.0,1098.0,1
5, 10, 438.0,453.0,-1
10, 5, 438.0,453.0,-1
5, 11, 511.0,660.0,-1
11, 5, 511.0,660.0,-1
5, 12, 333.0,334.0,-1
12, 5, 333.0,334.0,-1
5, 13, 248.0,351.0,-1
13, 5, 248.0,351.0,-1
5, 14, 866.0,945.0,-1
14, 5, 866.0,945.0,-1
5, 15, 292.0,374.0,-1
15, 5, 292.0,374.0,-1
5, 16, 33.0,44.0,-1
16, 5, 33.0,44.0,-1
5, 5, 0.0,0.0,1
6, 7, 603.0,848.0,-1
7, 6, 603.0,848.0,-1
6, 8, 787.0,1100.0,-1
8, 6, 787.0,1100.0,-1
6, 9, 239.0,337.0,1
9, 6, 239.0,337.0,1
6, 10, 1125.0,1562.0,-1
10, 6, 1125.0,1562.0,-1
6, 11, 789.0,1021.0,-1
11, 6, 789.0,1021.0,-1
6, 12, 1056.0,1441.0,-1
12, 6, 1056.0,1441.0,-1
6, 13, 829.0,1110.0,-1
13, 6, 829.0,1110.0,-1
6, 14, 281.0,331.0,-1
14, 6, 281.0,331.0,-1
6, 15, 822.0,899.0,1
15, 6, 822.0,899.0,1
6, 16, 929.0,1123.0,1
16, 6, 929.0,1123.0,1
6, 6, 0.0,0.0,1
7, 8, 256.0,259.0,-1
8, 7, 256.0,259.0,-1
7, 9, 617.0,837.0,-1
9, 7, 617.0,837.0,-1
7, 10, 527.0,714.0,1
10, 7, 527.0,714.0,1
7, 11, 717.0,932.0,1
11, 7, 717.0,932.0,1
7, 12, 471.0,593.0,-1
12, 7, 471.0,593.0,-1
7, 13, 274.0,286.0,1
13, 7, 274.0,286.0,1
7, 14, 426.0,517.0,1
14, 7, 426.0,517.0,1
7, 15, 578.0,810.0,-1
15, 7, 578.0,810.0,-1
7, 16, 462.0,592.0,1
16, 7, 462.0,592.0,1
7, 7, 0.0,0.0,1
8, 9, 849.0,1088.0,-1
9, 8, 849.0,1088.0,-1
8, 10, 468.0,472.0,1
10, 8, 468.0,472.0,1
8, 11, 959.0,1190.0,-1
11, 8, 959.0,1190.0,-1
8, 12, 464.0,560.0,-1
12, 8, 464.0,560.0,-1
8, 13, 385.0,544.0,-1
13, 8, 385.0,544.0,-1
8, 14, 545.0,769.0,1
14, 8, 545.0,769.0,1
8, 15, 798.0,1068.0,1
15, 8, 798.0,1068.0,1
8, 16, 602.0,851.0,-1
16, 8, 602.0,851.0,-1
8, 8, 0.0,0.0,1
9, 10, 1097.0,1550.0,-1
10, 9, 1097.0,1550.0,-1
9, 11, 575.0,684.0,-1
11, 9, 575.0,684.0,-1
9, 12, 1011.0,1429.0,-1
12, 9, 1011.0,1429.0,-1
9, 13, 777.0,1099.0,-1
13, 9, 777.0,1099.0,-1
9, 14, 454.0,557.0,-1
14, 9, 454.0,557.0,-1
9, 15, 648.0,724.0,-1
15, 9, 648.0,724.0,-1
9, 16, 823.0,1111.0,-1
16, 9, 823.0,1111.0,-1
9, 9, 0.0,0.0,1
10, 11, 936.0,1112.0,-1
11, 10, 936.0,1112.0,-1
10, 12, 107.0,122.0,-1
12, 10, 107.0,122.0,-1
10, 13, 324.0,452.0,-1
13, 10, 324.0,452.0,-1
10, 14, 946.0,1231.0,-1
14, 10, 946.0,1231.0,-1
10, 15, 721.0,827.0,-1
15, 10, 721.0,827.0,-1
10, 16, 411.0,440.0,-1
16, 10, 411.0,440.0,-1
10, 10, 0.0,0.0,1
11, 12, 830.0,991.0,-1
12, 11, 830.0,991.0,-1
11, 13, 654.0,661.0,-1
13, 11, 654.0,661.0,-1
11, 14, 881.0,1241.0,-1
14, 11, 881.0,1241.0,-1
11, 15, 220.0,286.0,-1
15, 11, 220.0,286.0,-1
11, 16, 533.0,673.0,1
16, 11, 533.0,673.0,1
11, 11, 0.0,0.0,1
12, 13, 234.0,331.0,-1
13, 12, 234.0,331.0,-1
12, 14, 896.0,1110.0,-1
14, 12, 896.0,1110.0,-1
12, 15, 615.0,705.0,-1
15, 12, 615.0,705.0,-1
12, 16, 305.0,318.0,1
16, 12, 305.0,318.0,1
12, 12, 0.0,0.0,1
13, 14, 693.0,779.0,-1
14, 13, 693.0,779.0,-1
13, 15, 456.0,525.0,-1
15, 13, 456.0,525.0,-1
13, 16, 218.0,307.0,1
16, 13, 218.0,307.0,1
13, 13, 0.0,0.0,1
14, 15, 841.0,1119.0,-1
15, 14, 841.0,1119.0,-1
14, 16, 848.0,901.0,1
16, 14, 848.0,901.0,1
14, 14, 0.0,0.0,1
15, 16, 314.0,387.0,-1
16, 15, 314.0,387.0,-1
15, 15, 0.0,0.0,1
16, 16, 0.0,0.0,1


<end>