<number of nodes>
16

<ratio of available edges>
0.3

<max length of the drone flight>
100000 

<D 2/3>
1, 2, 3, 4, 5, 6, 8, 10, 11, 14, 16

<V>
2, 3, 4, 14, 16

<coordinates X,Y>
49.85261569361273, 993.6643085959321
299.3251359103333, 851.6253511448555
128.30581759114494, 334.61436433148793
654.4689852728604, 953.3653830138087
898.300212839144, 570.2706558619165
813.0472735935955, 753.4296974546667
392.5505093223006, 111.71601514047944
131.06771793830353, 343.10116103768615
425.44589751160726, 263.4054394382543
903.607206139044, 772.3815829091948
164.35151627052844, 421.2426751262193
303.9674148415227, 578.236667276546
131.97373408641107, 123.45189195529589
446.6591304618423, 521.6387173353239
9.344035406085535, 535.3824171576814
768.474594661302, 108.12790404271377

<adjacency matrix with truck distances>
1, 2, 288.0,392.0,-1
2, 1, 288.0,392.0,-1
1, 3, 664.0,738.0,1
3, 1, 664.0,738.0,1
1, 4, 606.0,645.0,1
4, 1, 606.0,645.0,1
1, 5, 949.0,1272.0,1
5, 1, 949.0,1272.0,1
1, 6, 801.0,1004.0,-1
6, 1, 801.0,1004.0,-1
1, 7, 947.0,1225.0,-1
7, 1, 947.0,1225.0,-1
1, 8, 656.0,732.0,1
8, 1, 656.0,732.0,1
1, 9, 822.0,1106.0,1
9, 1, 822.0,1106.0,1
1, 10, 882.0,1076.0,-1
10, 1, 882.0,1076.0,-1
1, 11, 584.0,687.0,-1
11, 1, 584.0,687.0,-1
1, 12, 487.0,670.0,1
12, 1, 487.0,670.0,1
1, 13, 875.0,953.0,-1
13, 1, 875.0,953.0,-1
1, 14, 617.0,869.0,1
14, 1, 617.0,869.0,1
1, 15, 461.0,499.0,-1
15, 1, 461.0,499.0,-1
1, 16, 1141.0,1605.0,-1
16, 1, 1141.0,1605.0,-1
1, 1, 0.0,0.0,1
2, 3, 545.0,689.0,-1
3, 2, 545.0,689.0,-1
2, 4, 370.0,457.0,-1
4, 2, 370.0,457.0,-1
2, 5, 662.0,881.0,-1
5, 2, 662.0,881.0,-1
2, 6, 524.0,612.0,-1
6, 2, 524.0,612.0,-1
2, 7, 746.0,834.0,-1
7, 2, 746.0,834.0,-1
2, 8, 536.0,677.0,1
8, 2, 536.0,677.0,1
2, 9, 602.0,715.0,1
9, 2, 602.0,715.0,1
2, 10, 610.0,684.0,-1
10, 2, 610.0,684.0,-1
2, 11, 452.0,566.0,1
11, 2, 452.0,566.0,1
2, 12, 274.0,279.0,-1
12, 2, 274.0,279.0,-1
2, 13, 748.0,896.0,-1
13, 2, 748.0,896.0,-1
2, 14, 362.0,478.0,-1
14, 2, 362.0,478.0,-1
2, 15, 430.0,607.0,-1
15, 2, 430.0,607.0,-1
2, 16, 880.0,1213.0,-1
16, 2, 880.0,1213.0,-1
2, 2, 0.0,0.0,1
3, 4, 813.0,1145.0,-1
4, 3, 813.0,1145.0,-1
3, 5, 806.0,1006.0,-1
5, 3, 806.0,1006.0,-1
3, 6, 803.0,1104.0,-1
6, 3, 803.0,1104.0,-1
3, 7, 346.0,488.0,1
7, 3, 346.0,488.0,1
3, 8, 9.0,12.0,-1
8, 3, 9.0,12.0,-1
3, 9, 306.0,369.0,-1
9, 3, 306.0,369.0,-1
3, 10, 891.0,1214.0,1
10, 3, 891.0,1214.0,1
3, 11, 94.0,123.0,-1
11, 3, 94.0,123.0,-1
3, 12, 301.0,420.0,-1
12, 3, 301.0,420.0,-1
3, 13, 212.0,215.0,-1
13, 3, 212.0,215.0,-1
3, 14, 370.0,506.0,-1
14, 3, 370.0,506.0,-1
3, 15, 234.0,320.0,-1
15, 3, 234.0,320.0,-1
3, 16, 680.0,867.0,1
16, 3, 680.0,867.0,1
3, 3, 0.0,0.0,1
4, 5, 455.0,627.0,-1
5, 4, 455.0,627.0,-1
4, 6, 256.0,359.0,1
6, 4, 256.0,359.0,1
4, 7, 882.0,1104.0,-1
7, 4, 882.0,1104.0,-1
4, 8, 804.0,1134.0,-1
8, 4, 804.0,1134.0,-1
4, 9, 727.0,919.0,1
9, 4, 727.0,919.0,1
4, 10, 308.0,431.0,-1
10, 4, 308.0,431.0,-1
4, 11, 724.0,1023.0,1
11, 4, 724.0,1023.0,1
4, 12, 514.0,726.0,-1
12, 4, 514.0,726.0,-1
4, 13, 981.0,1353.0,1
13, 4, 981.0,1353.0,1
4, 14, 480.0,640.0,-1
14, 4, 480.0,640.0,-1
4, 15, 769.0,1064.0,1
15, 4, 769.0,1064.0,1
4, 16, 853.0,960.0,1
16, 4, 853.0,960.0,1
4, 4, 0.0,0.0,1
5, 6, 203.0,269.0,-1
6, 5, 203.0,269.0,-1
5, 7, 683.0,965.0,-1
7, 5, 683.0,965.0,-1
5, 8, 801.0,995.0,1
8, 5, 801.0,995.0,1
5, 9, 564.0,780.0,-1
9, 5, 564.0,780.0,-1
5, 10, 203.0,208.0,-1
10, 5, 203.0,208.0,-1
5, 11, 749.0,883.0,-1
11, 5, 749.0,883.0,-1
5, 12, 595.0,603.0,1
12, 5, 595.0,603.0,1
5, 13, 888.0,1214.0,-1
13, 5, 888.0,1214.0,-1
5, 14, 455.0,501.0,-1
14, 5, 455.0,501.0,-1
5, 15, 890.0,924.0,-1
15, 5, 890.0,924.0,-1
5, 16, 481.0,592.0,1
16, 5, 481.0,592.0,1
5, 5, 0.0,0.0,1
6, 7, 768.0,1063.0,1
7, 6, 768.0,1063.0,1
6, 8, 796.0,1093.0,-1
8, 6, 796.0,1093.0,-1
6, 9, 625.0,878.0,-1
9, 6, 625.0,878.0,-1
6, 10, 93.0,110.0,1
10, 6, 93.0,110.0,1
6, 11, 729.0,981.0,-1
11, 6, 729.0,981.0,-1
6, 12, 539.0,685.0,-1
12, 6, 539.0,685.0,-1
6, 13, 928.0,1312.0,-1
13, 6, 928.0,1312.0,-1
6, 14, 434.0,599.0,-1
14, 6, 434.0,599.0,-1
6, 15, 833.0,1022.0,-1
15, 6, 833.0,1022.0,-1
6, 16, 647.0,690.0,-1
16, 6, 647.0,690.0,-1
6, 6, 0.0,0.0,1
7, 8, 350.0,493.0,-1
8, 7, 350.0,493.0,-1
7, 9, 156.0,185.0,-1
9, 7, 156.0,185.0,-1
7, 10, 836.0,1172.0,1
10, 7, 836.0,1172.0,1
7, 11, 385.0,538.0,1
11, 7, 385.0,538.0,1
7, 12, 475.0,556.0,-1
12, 7, 475.0,556.0,-1
7, 13, 261.0,273.0,-1
13, 7, 261.0,273.0,-1
7, 14, 414.0,465.0,-1
14, 7, 414.0,465.0,-1
7, 15, 572.0,807.0,-1
15, 7, 572.0,807.0,-1
7, 16, 376.0,380.0,1
16, 7, 376.0,380.0,1
7, 7, 0.0,0.0,1
8, 9, 305.0,375.0,-1
9, 8, 305.0,375.0,-1
8, 10, 884.0,1202.0,-1
10, 8, 884.0,1202.0,-1
8, 11, 85.0,112.0,-1
11, 8, 85.0,112.0,-1
8, 12, 292.0,409.0,-1
12, 8, 292.0,409.0,-1
8, 13, 220.0,221.0,-1
13, 8, 220.0,221.0,-1
8, 14, 363.0,495.0,-1
14, 8, 363.0,495.0,-1
8, 15, 228.0,315.0,-1
15, 8, 228.0,315.0,-1
8, 16, 680.0,873.0,-1
16, 8, 680.0,873.0,-1
8, 8, 0.0,0.0,1
9, 10, 699.0,988.0,-1
10, 9, 699.0,988.0,-1
9, 11, 306.0,419.0,-1
11, 9, 306.0,419.0,-1
9, 12, 338.0,437.0,-1
12, 9, 338.0,437.0,-1
9, 13, 326.0,434.0,1
13, 9, 326.0,434.0,1
9, 14, 260.0,280.0,1
14, 9, 260.0,280.0,1
9, 15, 498.0,689.0,-1
15, 9, 498.0,689.0,-1
9, 16, 377.0,499.0,-1
16, 9, 377.0,499.0,-1
9, 9, 0.0,0.0,1
10, 11, 819.0,1091.0,-1
11, 10, 819.0,1091.0,-1
10, 12, 631.0,794.0,1
12, 10, 631.0,794.0,1
10, 13, 1009.0,1421.0,1
13, 10, 1009.0,1421.0,1
10, 14, 522.0,708.0,-1
14, 10, 522.0,708.0,-1
10, 15, 926.0,1132.0,-1
15, 10, 926.0,1132.0,-1
10, 16, 678.0,800.0,-1
16, 10, 678.0,800.0,-1
10, 10, 0.0,0.0,1
11, 12, 211.0,297.0,-1
12, 11, 211.0,297.0,-1
11, 13, 300.0,331.0,-1
13, 11, 300.0,331.0,-1
11, 14, 300.0,383.0,-1
14, 11, 300.0,383.0,-1
11, 15, 193.0,270.0,-1
15, 11, 193.0,270.0,-1
11, 16, 681.0,918.0,1
16, 11, 681.0,918.0,1
11, 11, 0.0,0.0,1
12, 13, 487.0,627.0,-1
13, 12, 487.0,627.0,-1
12, 14, 154.0,200.0,-1
14, 12, 154.0,200.0,-1
12, 15, 298.0,338.0,-1
15, 12, 298.0,338.0,-1
12, 16, 661.0,935.0,1
16, 12, 661.0,935.0,1
12, 12, 0.0,0.0,1
13, 14, 508.0,713.0,-1
14, 13, 508.0,713.0,-1
13, 15, 430.0,535.0,-1
15, 13, 430.0,535.0,-1
13, 16, 637.0,652.0,-1
16, 13, 637.0,652.0,-1
13, 13, 0.0,0.0,1
14, 15, 438.0,452.0,1
15, 14, 438.0,452.0,1
14, 16, 524.0,736.0,1
16, 14, 524.0,736.0,1
14, 14, 0.0,0.0,1
15, 16, 872.0,1187.0,1
16, 15, 872.0,1187.0,1
15, 15, 0.0,0.0,1
16, 16, 0.0,0.0,1


<end>