<number of nodes>
16

<ratio of available edges>
0.3

<max length of the drone flight>
100000 

<D 2/3>
1, 5, 6, 7, 8, 9, 11, 12, 13, 14, 15

<V>
5, 6, 7, 9, 11

<coordinates X,Y>
456.2011424812147, 533.5703940223099
795.2815949343762, 356.73429343888074
180.22369974742088, 486.815877308502
834.7445542872613, 307.2765943529205
806.6247698569379, 992.3195183447377
980.98038706906, 392.96807339996406
460.96574956126227, 758.2834600475398
424.4881835309282, 933.8412698548245
715.5988067765783, 367.532340373217
798.715862669195, 209.4187252621734
139.67717860748928, 774.581644062973
607.4608973604264, 183.6989240191407
131.14394396124652, 667.5538142256313
824.71942419272, 745.293981128174
863.2291180325674, 803.8825209280517
916.357038275091, 839.9948161734826

<adjacency matrix with truck distances>
1, 2, 383.0,516.0,1
2, 1, 383.0,516.0,1
1, 3, 280.0,323.0,-1
3, 1, 280.0,323.0,-1
1, 4, 442.0,605.0,1
4, 1, 442.0,605.0,1
1, 5, 578.0,810.0,-1
5, 1, 578.0,810.0,-1
1, 6, 544.0,666.0,-1
6, 1, 544.0,666.0,-1
1, 7, 225.0,230.0,1
7, 1, 225.0,230.0,1
1, 8, 402.0,432.0,-1
8, 1, 402.0,432.0,-1
1, 9, 308.0,426.0,-1
9, 1, 308.0,426.0,-1
1, 10, 472.0,667.0,-1
10, 1, 472.0,667.0,-1
1, 11, 398.0,558.0,-1
11, 1, 398.0,558.0,-1
1, 12, 382.0,502.0,1
12, 1, 382.0,502.0,1
1, 13, 352.0,460.0,-1
13, 1, 352.0,460.0,-1
1, 14, 426.0,581.0,-1
14, 1, 426.0,581.0,-1
1, 15, 489.0,678.0,1
15, 1, 489.0,678.0,1
1, 16, 553.0,767.0,-1
16, 1, 553.0,767.0,-1
1, 1, 0.0,0.0,1
2, 3, 629.0,746.0,1
3, 2, 629.0,746.0,1
2, 4, 64.0,89.0,-1
4, 2, 64.0,89.0,-1
2, 5, 636.0,647.0,-1
5, 2, 636.0,647.0,-1
2, 6, 190.0,222.0,1
6, 2, 190.0,222.0,1
2, 7, 523.0,736.0,-1
7, 2, 523.0,736.0,-1
2, 8, 686.0,948.0,-1
8, 2, 686.0,948.0,-1
2, 9, 81.0,91.0,1
9, 2, 81.0,91.0,1
2, 10, 148.0,151.0,-1
10, 2, 148.0,151.0,-1
2, 11, 778.0,1074.0,-1
11, 2, 778.0,1074.0,-1
2, 12, 256.0,361.0,-1
12, 2, 256.0,361.0,-1
2, 13, 734.0,975.0,1
13, 2, 734.0,975.0,1
2, 14, 390.0,418.0,-1
14, 2, 390.0,418.0,-1
2, 15, 453.0,516.0,-1
15, 2, 453.0,516.0,-1
2, 16, 499.0,605.0,1
16, 2, 499.0,605.0,1
2, 2, 0.0,0.0,1
3, 4, 679.0,835.0,1
4, 3, 679.0,835.0,1
3, 5, 805.0,1132.0,-1
5, 3, 805.0,1132.0,-1
3, 6, 807.0,895.0,1
6, 3, 807.0,895.0,1
3, 7, 391.0,553.0,-1
7, 3, 391.0,553.0,-1
3, 8, 510.0,692.0,-1
8, 3, 510.0,692.0,-1
3, 9, 549.0,655.0,-1
9, 3, 549.0,655.0,-1
3, 10, 678.0,896.0,-1
10, 3, 678.0,896.0,-1
3, 11, 291.0,329.0,-1
11, 3, 291.0,329.0,-1
3, 12, 524.0,731.0,-1
12, 3, 524.0,731.0,-1
3, 13, 188.0,230.0,-1
13, 3, 188.0,230.0,-1
3, 14, 695.0,903.0,-1
14, 3, 695.0,903.0,-1
3, 15, 754.0,1001.0,1
15, 3, 754.0,1001.0,1
3, 16, 817.0,1090.0,-1
16, 3, 817.0,1090.0,-1
3, 3, 0.0,0.0,1
4, 5, 686.0,714.0,-1
5, 4, 686.0,714.0,-1
4, 6, 170.0,232.0,-1
6, 4, 170.0,232.0,-1
4, 7, 586.0,825.0,-1
7, 4, 586.0,825.0,-1
4, 8, 749.0,1037.0,1
8, 4, 749.0,1037.0,1
4, 9, 134.0,180.0,-1
9, 4, 134.0,180.0,-1
4, 10, 105.0,134.0,-1
10, 4, 105.0,134.0,-1
4, 11, 838.0,1163.0,-1
11, 4, 838.0,1163.0,-1
4, 12, 259.0,351.0,-1
12, 4, 259.0,351.0,-1
4, 13, 791.0,1064.0,-1
13, 4, 791.0,1064.0,-1
4, 14, 439.0,449.0,-1
14, 4, 439.0,449.0,-1
4, 15, 498.0,526.0,-1
15, 4, 498.0,526.0,-1
4, 16, 539.0,615.0,-1
16, 4, 539.0,615.0,-1
4, 4, 0.0,0.0,1
5, 6, 625.0,774.0,-1
6, 5, 625.0,774.0,-1
5, 7, 418.0,580.0,1
7, 5, 418.0,580.0,1
5, 8, 387.0,441.0,-1
8, 5, 387.0,441.0,-1
5, 9, 632.0,716.0,-1
9, 5, 632.0,716.0,-1
5, 10, 783.0,791.0,1
10, 5, 783.0,791.0,1
5, 11, 702.0,885.0,-1
11, 5, 702.0,885.0,-1
5, 12, 833.0,1008.0,1
12, 5, 833.0,1008.0,1
5, 13, 750.0,1001.0,-1
13, 5, 750.0,1001.0,-1
5, 14, 248.0,266.0,1
14, 5, 248.0,266.0,1
5, 15, 197.0,246.0,1
15, 5, 197.0,246.0,1
5, 16, 188.0,263.0,-1
16, 5, 188.0,263.0,-1
5, 5, 0.0,0.0,1
6, 7, 636.0,886.0,-1
7, 6, 636.0,886.0,-1
6, 8, 777.0,1098.0,-1
8, 6, 777.0,1098.0,-1
6, 9, 267.0,291.0,-1
9, 6, 267.0,291.0,-1
6, 10, 259.0,366.0,-1
10, 6, 259.0,366.0,-1
6, 11, 924.0,1223.0,-1
11, 6, 924.0,1223.0,-1
6, 12, 429.0,583.0,-1
12, 6, 429.0,583.0,-1
6, 13, 894.0,1125.0,-1
13, 6, 894.0,1125.0,-1
6, 14, 386.0,509.0,1
14, 6, 386.0,509.0,1
6, 15, 428.0,529.0,-1
15, 6, 428.0,529.0,-1
6, 16, 452.0,512.0,-1
16, 6, 452.0,512.0,-1
6, 6, 0.0,0.0,1
7, 8, 180.0,213.0,-1
8, 7, 180.0,213.0,-1
7, 9, 467.0,646.0,-1
9, 7, 467.0,646.0,-1
7, 10, 645.0,887.0,1
10, 7, 645.0,887.0,1
7, 11, 322.0,338.0,1
11, 7, 322.0,338.0,1
7, 12, 593.0,722.0,-1
12, 7, 593.0,722.0,-1
7, 13, 343.0,421.0,1
13, 7, 343.0,421.0,1
7, 14, 364.0,377.0,-1
14, 7, 364.0,377.0,-1
7, 15, 405.0,448.0,1
15, 7, 405.0,448.0,1
7, 16, 463.0,538.0,1
16, 7, 463.0,538.0,1
7, 7, 0.0,0.0,1
8, 9, 637.0,858.0,-1
9, 8, 637.0,858.0,-1
8, 10, 816.0,1099.0,-1
10, 8, 816.0,1099.0,-1
8, 11, 327.0,445.0,-1
11, 8, 327.0,445.0,-1
8, 12, 773.0,934.0,-1
12, 8, 773.0,934.0,-1
8, 13, 397.0,560.0,1
13, 8, 397.0,560.0,1
8, 14, 443.0,589.0,1
14, 8, 443.0,589.0,1
8, 15, 458.0,569.0,-1
15, 8, 458.0,569.0,-1
8, 16, 501.0,586.0,1
16, 8, 501.0,586.0,1
8, 8, 0.0,0.0,1
9, 10, 179.0,242.0,-1
10, 9, 179.0,242.0,-1
9, 11, 706.0,983.0,-1
11, 9, 706.0,983.0,-1
9, 12, 214.0,292.0,-1
12, 9, 214.0,292.0,-1
9, 13, 657.0,885.0,-1
13, 9, 657.0,885.0,-1
9, 14, 394.0,487.0,-1
14, 9, 394.0,487.0,-1
9, 15, 461.0,584.0,-1
15, 9, 461.0,584.0,-1
9, 16, 514.0,674.0,-1
16, 9, 514.0,674.0,-1
9, 9, 0.0,0.0,1
10, 11, 869.0,1225.0,-1
11, 10, 869.0,1225.0,-1
10, 12, 193.0,217.0,-1
12, 10, 193.0,217.0,-1
10, 13, 810.0,1126.0,-1
13, 10, 810.0,1126.0,-1
10, 14, 537.0,562.0,1
14, 10, 537.0,562.0,1
10, 15, 598.0,659.0,1
15, 10, 598.0,659.0,1
10, 16, 642.0,749.0,-1
16, 10, 642.0,749.0,-1
10, 10, 0.0,0.0,1
11, 12, 754.0,1059.0,-1
12, 11, 754.0,1059.0,-1
11, 13, 108.0,116.0,1
13, 11, 108.0,116.0,1
11, 14, 686.0,715.0,1
14, 11, 686.0,715.0,1
11, 15, 725.0,753.0,-1
15, 11, 725.0,753.0,-1
11, 16, 780.0,843.0,1
16, 11, 780.0,843.0,1
11, 11, 0.0,0.0,1
12, 13, 679.0,961.0,-1
13, 12, 679.0,961.0,-1
12, 14, 603.0,779.0,-1
14, 12, 603.0,779.0,-1
12, 15, 671.0,876.0,1
15, 12, 671.0,876.0,1
12, 16, 726.0,966.0,-1
16, 12, 726.0,966.0,-1
12, 12, 0.0,0.0,1
13, 14, 698.0,772.0,1
14, 13, 698.0,772.0,1
13, 15, 745.0,869.0,-1
15, 13, 745.0,869.0,-1
13, 16, 804.0,958.0,-1
16, 13, 804.0,958.0,-1
13, 13, 0.0,0.0,1
14, 15, 71.0,98.0,-1
15, 14, 71.0,98.0,-1
14, 16, 132.0,187.0,-1
16, 14, 132.0,187.0,-1
14, 14, 0.0,0.0,1
15, 16, 65.0,90.0,1
16, 15, 65.0,90.0,1
15, 15, 0.0,0.0,1
16, 16, 0.0,0.0,1


<end>