<number of nodes>
16

<ratio of available edges>
0.3

<max length of the drone flight>
100000 

<D 2/3>
1, 3, 4, 5, 6, 7, 8, 9, 10, 12, 16

<V>
5, 6, 8, 10, 16

<coordinates X,Y>
6.002317227466721, 702.7224892734395
550.0853001807619, 787.8329314316899
562.5186617899559, 41.59126280801074
978.601591046441, 582.127757404534
48.91684502731885, 995.0379009005742
35.21969102658204, 485.7158940790239
690.1148212627505, 629.0642529222989
119.38114378730745, 260.87995807666596
567.2477873271945, 51.891749838499656
292.59070879822104, 670.0328263466117
420.67537388205403, 527.647741232945
897.3926290596461, 982.9790035610745
961.2285051731836, 207.69814105548502
909.6858979400604, 710.940698470589
829.0422320626631, 665.8971811383735
484.5691273290319, 304.3133841641881

<adjacency matrix with truck distances>
1, 2, 551.0,630.0,-1
2, 1, 551.0,630.0,-1
1, 3, 865.0,1218.0,-1
3, 1, 865.0,1218.0,-1
1, 4, 981.0,1094.0,1
4, 1, 981.0,1094.0,1
1, 5, 296.0,336.0,-1
5, 1, 296.0,336.0,-1
1, 6, 219.0,247.0,-1
6, 1, 219.0,247.0,-1
1, 7, 689.0,758.0,-1
7, 1, 689.0,758.0,-1
1, 8, 457.0,556.0,-1
8, 1, 457.0,556.0,-1
1, 9, 860.0,1213.0,1
9, 1, 860.0,1213.0,1
1, 10, 289.0,320.0,1
10, 1, 289.0,320.0,1
1, 11, 451.0,590.0,-1
11, 1, 451.0,590.0,-1
1, 12, 935.0,1172.0,-1
12, 1, 935.0,1172.0,-1
1, 13, 1076.0,1451.0,-1
13, 1, 1076.0,1451.0,-1
1, 14, 904.0,912.0,1
14, 1, 904.0,912.0,1
1, 15, 824.0,860.0,-1
15, 1, 824.0,860.0,-1
1, 16, 623.0,877.0,-1
16, 1, 623.0,877.0,-1
1, 1, 0.0,0.0,1
2, 3, 747.0,759.0,-1
3, 2, 747.0,759.0,-1
2, 4, 476.0,635.0,-1
4, 2, 476.0,635.0,-1
2, 5, 543.0,709.0,-1
5, 2, 543.0,709.0,-1
2, 6, 597.0,817.0,1
6, 2, 597.0,817.0,1
2, 7, 212.0,299.0,-1
7, 2, 212.0,299.0,-1
2, 8, 681.0,958.0,-1
8, 2, 681.0,958.0,-1
2, 9, 737.0,754.0,-1
9, 2, 737.0,754.0,-1
2, 10, 284.0,376.0,1
10, 2, 284.0,376.0,1
2, 11, 291.0,390.0,-1
11, 2, 291.0,390.0,-1
2, 12, 399.0,543.0,1
12, 2, 399.0,543.0,1
2, 13, 712.0,992.0,-1
13, 2, 712.0,992.0,-1
2, 14, 368.0,437.0,1
14, 2, 368.0,437.0,1
2, 15, 305.0,401.0,-1
15, 2, 305.0,401.0,-1
2, 16, 488.0,550.0,1
16, 2, 488.0,550.0,1
2, 2, 0.0,0.0,1
3, 4, 683.0,957.0,1
4, 3, 683.0,957.0,1
3, 5, 1083.0,1468.0,-1
5, 3, 1083.0,1468.0,-1
3, 6, 690.0,972.0,1
6, 3, 690.0,972.0,1
3, 7, 602.0,716.0,-1
7, 3, 602.0,716.0,-1
3, 8, 495.0,663.0,-1
8, 3, 495.0,663.0,-1
3, 9, 12.0,16.0,1
9, 3, 12.0,16.0,1
3, 10, 684.0,899.0,-1
10, 3, 684.0,899.0,-1
3, 11, 507.0,628.0,-1
11, 3, 507.0,628.0,-1
3, 12, 1000.0,1277.0,1
12, 3, 1000.0,1277.0,1
3, 13, 432.0,565.0,1
13, 3, 432.0,565.0,1
3, 14, 755.0,1017.0,-1
14, 3, 755.0,1017.0,-1
3, 15, 679.0,891.0,1
15, 3, 679.0,891.0,1
3, 16, 275.0,341.0,-1
16, 3, 275.0,341.0,-1
3, 3, 0.0,0.0,1
4, 5, 1018.0,1343.0,-1
5, 4, 1018.0,1343.0,-1
4, 6, 949.0,1040.0,1
6, 4, 949.0,1040.0,1
4, 7, 293.0,336.0,-1
7, 4, 293.0,336.0,-1
4, 8, 918.0,1181.0,-1
8, 4, 918.0,1181.0,-1
4, 9, 672.0,942.0,1
9, 4, 672.0,942.0,1
4, 10, 692.0,774.0,1
10, 4, 692.0,774.0,1
4, 11, 561.0,613.0,-1
11, 4, 561.0,613.0,-1
4, 12, 409.0,483.0,-1
12, 4, 409.0,483.0,-1
4, 13, 375.0,392.0,1
13, 4, 375.0,392.0,1
4, 14, 147.0,198.0,1
14, 4, 147.0,198.0,1
4, 15, 172.0,234.0,-1
15, 4, 172.0,234.0,-1
4, 16, 567.0,772.0,-1
16, 4, 567.0,772.0,-1
4, 4, 0.0,0.0,1
5, 6, 510.0,524.0,-1
6, 5, 510.0,524.0,-1
5, 7, 739.0,1008.0,-1
7, 5, 739.0,1008.0,-1
5, 8, 738.0,805.0,-1
8, 5, 738.0,805.0,-1
5, 9, 1077.0,1462.0,-1
9, 5, 1077.0,1462.0,-1
5, 10, 407.0,569.0,-1
10, 5, 407.0,569.0,-1
5, 11, 598.0,840.0,-1
11, 5, 598.0,840.0,-1
5, 12, 849.0,861.0,-1
12, 5, 849.0,861.0,-1
5, 13, 1206.0,1700.0,-1
13, 5, 1206.0,1700.0,-1
5, 14, 907.0,1145.0,-1
14, 5, 907.0,1145.0,-1
5, 15, 847.0,1110.0,1
15, 5, 847.0,1110.0,1
5, 16, 817.0,1127.0,1
16, 5, 817.0,1127.0,1
5, 5, 0.0,0.0,1
6, 7, 671.0,799.0,-1
7, 6, 671.0,799.0,-1
6, 8, 241.0,309.0,-1
8, 6, 241.0,309.0,-1
6, 9, 687.0,966.0,-1
9, 6, 687.0,966.0,-1
6, 10, 317.0,442.0,1
10, 6, 317.0,442.0,1
6, 11, 388.0,428.0,1
11, 6, 388.0,428.0,1
6, 12, 996.0,1360.0,-1
12, 6, 996.0,1360.0,-1
6, 13, 967.0,1205.0,-1
13, 6, 967.0,1205.0,-1
6, 14, 904.0,1100.0,-1
14, 6, 904.0,1100.0,-1
6, 15, 815.0,975.0,-1
15, 6, 815.0,975.0,-1
6, 16, 485.0,631.0,-1
16, 6, 485.0,631.0,-1
6, 6, 0.0,0.0,1
7, 8, 680.0,939.0,-1
8, 7, 680.0,939.0,-1
7, 9, 591.0,701.0,-1
9, 7, 591.0,701.0,-1
7, 10, 400.0,439.0,-1
10, 7, 400.0,439.0,-1
7, 11, 288.0,371.0,-1
11, 7, 288.0,371.0,-1
7, 12, 411.0,562.0,-1
12, 7, 411.0,562.0,-1
7, 13, 502.0,693.0,-1
13, 7, 502.0,693.0,-1
7, 14, 235.0,302.0,1
14, 7, 235.0,302.0,1
7, 15, 144.0,176.0,-1
15, 7, 144.0,176.0,-1
7, 16, 385.0,531.0,1
16, 7, 385.0,531.0,1
7, 7, 0.0,0.0,1
8, 9, 495.0,657.0,-1
9, 8, 495.0,657.0,-1
8, 10, 445.0,583.0,-1
10, 8, 445.0,583.0,-1
8, 11, 403.0,569.0,-1
11, 8, 403.0,569.0,-1
8, 12, 1062.0,1501.0,-1
12, 8, 1062.0,1501.0,-1
8, 13, 844.0,896.0,-1
13, 8, 844.0,896.0,-1
8, 14, 910.0,1241.0,1
14, 8, 910.0,1241.0,1
8, 15, 818.0,1115.0,-1
15, 8, 818.0,1115.0,-1
8, 16, 368.0,409.0,1
16, 8, 368.0,409.0,1
8, 8, 0.0,0.0,1
9, 10, 677.0,893.0,-1
10, 9, 677.0,893.0,-1
9, 11, 498.0,623.0,-1
11, 9, 498.0,623.0,-1
9, 12, 988.0,1262.0,1
12, 9, 988.0,1262.0,1
9, 13, 424.0,550.0,-1
13, 9, 424.0,550.0,-1
9, 14, 743.0,1002.0,-1
14, 9, 743.0,1002.0,-1
9, 15, 668.0,876.0,1
15, 9, 668.0,876.0,1
9, 16, 266.0,336.0,-1
16, 9, 266.0,336.0,-1
9, 9, 0.0,0.0,1
10, 11, 192.0,271.0,-1
11, 10, 192.0,271.0,-1
10, 12, 681.0,918.0,-1
12, 10, 681.0,918.0,-1
10, 13, 813.0,1131.0,-1
13, 10, 813.0,1131.0,-1
10, 14, 619.0,659.0,-1
14, 10, 619.0,659.0,-1
10, 15, 537.0,541.0,-1
15, 10, 537.0,541.0,-1
10, 16, 414.0,558.0,-1
16, 10, 414.0,558.0,-1
10, 10, 0.0,0.0,1
11, 12, 660.0,933.0,1
12, 11, 660.0,933.0,1
11, 13, 629.0,861.0,-1
13, 11, 629.0,861.0,-1
11, 14, 523.0,673.0,1
14, 11, 523.0,673.0,1
11, 15, 432.0,547.0,1
15, 11, 432.0,547.0,1
11, 16, 233.0,288.0,1
16, 11, 233.0,288.0,1
11, 11, 0.0,0.0,1
12, 13, 778.0,840.0,-1
13, 12, 778.0,840.0,-1
12, 14, 273.0,285.0,1
14, 12, 273.0,285.0,1
12, 15, 325.0,386.0,-1
15, 12, 325.0,386.0,-1
12, 16, 795.0,1092.0,-1
16, 12, 795.0,1092.0,-1
12, 12, 0.0,0.0,1
13, 14, 506.0,555.0,-1
14, 13, 506.0,555.0,-1
13, 15, 477.0,591.0,-1
15, 13, 477.0,591.0,-1
13, 16, 487.0,574.0,-1
16, 13, 487.0,574.0,-1
13, 13, 0.0,0.0,1
14, 15, 93.0,126.0,-1
15, 14, 93.0,126.0,-1
14, 16, 589.0,832.0,-1
16, 14, 589.0,832.0,-1
14, 14, 0.0,0.0,1
15, 16, 500.0,707.0,1
16, 15, 500.0,707.0,1
15, 15, 0.0,0.0,1
16, 16, 0.0,0.0,1


<end>