<number of nodes>
16

<ratio of available edges>
0.3

<max length of the drone flight>
100000 

<D 2/3>
1, 2, 4, 5, 6, 7, 9, 11, 13, 14, 15

<V>
2, 5, 6, 9, 14

<coordinates X,Y>
106.3627813458099, 409.37491819029196
88.83973220946095, 150.56287538900182
578.8486536404397, 750.9568402812141
512.8046678968182, 772.9494121162555
585.2103915744855, 286.5918811235962
439.1532364904718, 216.12394921379817
511.9598419467961, 502.57273056520734
742.8658684938895, 27.261768802140832
695.7891240650621, 392.7712932443021
90.12936137914677, 566.1067879964241
314.21828738960284, 930.0433770415989
708.0320837164245, 669.8199169086611
926.2895154795998, 581.113187772899
293.28042285829133, 79.47216726364735
494.9143713684249, 404.889378596556
888.2448478760882, 226.5910439645432

<adjacency matrix with truck distances>
1, 2, 260.0,277.0,-1
2, 1, 260.0,277.0,-1
1, 3, 584.0,815.0,-1
3, 1, 584.0,815.0,-1
1, 4, 546.0,771.0,-1
4, 1, 546.0,771.0,-1
1, 5, 495.0,602.0,1
5, 1, 495.0,602.0,1
1, 6, 385.0,527.0,-1
6, 1, 385.0,527.0,-1
1, 7, 417.0,499.0,-1
7, 1, 417.0,499.0,-1
1, 8, 743.0,1019.0,-1
8, 1, 743.0,1019.0,-1
1, 9, 590.0,607.0,-1
9, 1, 590.0,607.0,-1
1, 10, 158.0,173.0,-1
10, 1, 158.0,173.0,-1
1, 11, 561.0,729.0,1
11, 1, 561.0,729.0,1
1, 12, 656.0,863.0,-1
12, 1, 656.0,863.0,-1
1, 13, 838.0,992.0,-1
13, 1, 838.0,992.0,-1
1, 14, 380.0,517.0,-1
14, 1, 380.0,517.0,-1
1, 15, 389.0,394.0,1
15, 1, 389.0,394.0,1
1, 16, 803.0,965.0,-1
16, 1, 803.0,965.0,-1
1, 1, 0.0,0.0,1
2, 3, 775.0,1091.0,-1
3, 2, 775.0,1091.0,-1
2, 4, 754.0,1047.0,1
4, 2, 754.0,1047.0,1
2, 5, 515.0,633.0,-1
5, 2, 515.0,633.0,-1
2, 6, 357.0,416.0,-1
6, 2, 357.0,416.0,-1
2, 7, 551.0,776.0,-1
7, 2, 551.0,776.0,-1
2, 8, 666.0,778.0,1
8, 2, 666.0,778.0,1
2, 9, 654.0,850.0,-1
9, 2, 654.0,850.0,-1
2, 10, 416.0,417.0,1
10, 2, 416.0,417.0,1
2, 11, 812.0,1005.0,-1
11, 2, 812.0,1005.0,-1
2, 12, 809.0,1139.0,-1
12, 2, 809.0,1139.0,-1
2, 13, 942.0,1269.0,-1
13, 2, 942.0,1269.0,-1
2, 14, 217.0,276.0,1
14, 2, 217.0,276.0,1
2, 15, 480.0,661.0,-1
15, 2, 480.0,661.0,-1
2, 16, 804.0,876.0,-1
16, 2, 804.0,876.0,-1
2, 2, 0.0,0.0,1
3, 4, 70.0,89.0,-1
4, 3, 70.0,89.0,-1
3, 5, 465.0,471.0,-1
5, 3, 465.0,471.0,-1
3, 6, 553.0,675.0,1
6, 3, 553.0,675.0,1
3, 7, 258.0,316.0,-1
7, 3, 258.0,316.0,-1
3, 8, 743.0,888.0,1
8, 3, 743.0,888.0,1
3, 9, 377.0,476.0,-1
9, 3, 377.0,476.0,-1
3, 10, 523.0,674.0,-1
10, 3, 523.0,674.0,-1
3, 11, 320.0,444.0,-1
11, 3, 320.0,444.0,-1
3, 12, 153.0,211.0,-1
12, 3, 153.0,211.0,-1
3, 13, 387.0,518.0,-1
13, 3, 387.0,518.0,-1
3, 14, 730.0,958.0,-1
14, 3, 730.0,958.0,-1
3, 15, 357.0,431.0,-1
15, 3, 357.0,431.0,-1
3, 16, 609.0,834.0,-1
16, 3, 609.0,834.0,-1
3, 3, 0.0,0.0,1
4, 5, 492.0,559.0,-1
5, 4, 492.0,559.0,-1
4, 6, 562.0,631.0,-1
6, 4, 562.0,631.0,-1
4, 7, 271.0,272.0,-1
7, 4, 271.0,272.0,-1
4, 8, 781.0,976.0,-1
8, 4, 781.0,976.0,-1
4, 9, 422.0,564.0,1
9, 4, 422.0,564.0,1
4, 10, 471.0,630.0,-1
10, 4, 471.0,630.0,-1
4, 11, 254.0,356.0,1
11, 4, 254.0,356.0,1
4, 12, 221.0,299.0,-1
12, 4, 221.0,299.0,-1
4, 13, 456.0,606.0,-1
13, 4, 456.0,606.0,-1
4, 14, 728.0,914.0,-1
14, 4, 728.0,914.0,-1
4, 15, 369.0,386.0,-1
15, 4, 369.0,386.0,-1
4, 16, 663.0,922.0,1
16, 4, 663.0,922.0,1
4, 4, 0.0,0.0,1
5, 6, 163.0,217.0,1
6, 5, 163.0,217.0,1
5, 7, 229.0,290.0,1
7, 5, 229.0,290.0,1
5, 8, 304.0,417.0,-1
8, 5, 304.0,417.0,-1
5, 9, 154.0,217.0,-1
9, 5, 154.0,217.0,-1
5, 10, 569.0,775.0,-1
10, 5, 569.0,775.0,-1
5, 11, 699.0,915.0,-1
11, 5, 699.0,915.0,-1
5, 12, 403.0,507.0,1
12, 5, 403.0,507.0,1
5, 13, 451.0,636.0,1
13, 5, 451.0,636.0,1
5, 14, 358.0,500.0,-1
14, 5, 358.0,500.0,-1
5, 15, 149.0,209.0,-1
15, 5, 149.0,209.0,-1
5, 16, 309.0,364.0,1
16, 5, 309.0,364.0,1
5, 5, 0.0,0.0,1
6, 7, 296.0,360.0,-1
7, 6, 296.0,360.0,-1
6, 8, 358.0,493.0,1
8, 6, 358.0,493.0,1
6, 9, 312.0,434.0,1
9, 6, 312.0,434.0,1
6, 10, 495.0,700.0,1
10, 6, 495.0,700.0,1
6, 11, 725.0,839.0,-1
11, 6, 725.0,839.0,-1
6, 12, 528.0,723.0,-1
12, 6, 528.0,723.0,-1
6, 13, 609.0,853.0,-1
13, 6, 609.0,853.0,-1
6, 14, 200.0,283.0,-1
14, 6, 200.0,283.0,-1
6, 15, 197.0,245.0,-1
15, 6, 197.0,245.0,-1
6, 16, 450.0,460.0,-1
16, 6, 450.0,460.0,-1
6, 6, 0.0,0.0,1
7, 8, 529.0,707.0,-1
8, 7, 529.0,707.0,-1
7, 9, 215.0,294.0,-1
9, 7, 215.0,294.0,-1
7, 10, 427.0,486.0,1
10, 7, 427.0,486.0,1
7, 11, 471.0,626.0,-1
11, 7, 471.0,626.0,-1
7, 12, 258.0,364.0,1
12, 7, 258.0,364.0,1
7, 13, 422.0,493.0,-1
13, 7, 422.0,493.0,-1
7, 14, 477.0,642.0,-1
14, 7, 477.0,642.0,-1
7, 15, 100.0,115.0,-1
15, 7, 100.0,115.0,-1
7, 16, 467.0,653.0,1
16, 7, 467.0,653.0,1
7, 7, 0.0,0.0,1
8, 9, 369.0,413.0,-1
9, 8, 369.0,413.0,-1
8, 10, 847.0,1192.0,1
10, 8, 847.0,1192.0,1
8, 11, 1000.0,1332.0,1
11, 8, 1000.0,1332.0,1
8, 12, 644.0,678.0,-1
12, 8, 644.0,678.0,-1
8, 13, 584.0,738.0,-1
13, 8, 584.0,738.0,-1
8, 14, 453.0,502.0,1
14, 8, 453.0,502.0,1
8, 15, 452.0,626.0,-1
15, 8, 452.0,626.0,-1
8, 16, 247.0,345.0,1
16, 8, 247.0,345.0,1
8, 8, 0.0,0.0,1
9, 10, 630.0,779.0,-1
10, 9, 630.0,779.0,-1
9, 11, 659.0,919.0,-1
11, 9, 659.0,919.0,-1
9, 12, 278.0,290.0,1
12, 9, 278.0,290.0,1
9, 13, 298.0,419.0,1
13, 9, 298.0,419.0,1
9, 14, 511.0,716.0,1
14, 9, 511.0,716.0,1
9, 15, 202.0,213.0,-1
15, 9, 202.0,213.0,-1
9, 16, 255.0,359.0,1
16, 9, 255.0,359.0,1
9, 9, 0.0,0.0,1
10, 11, 428.0,589.0,-1
11, 10, 428.0,589.0,-1
10, 12, 627.0,722.0,1
12, 10, 627.0,722.0,1
10, 13, 837.0,852.0,-1
13, 10, 837.0,852.0,-1
10, 14, 528.0,690.0,-1
14, 10, 528.0,690.0,-1
10, 15, 436.0,567.0,1
15, 10, 436.0,567.0,1
10, 16, 868.0,1138.0,1
16, 10, 868.0,1138.0,1
10, 10, 0.0,0.0,1
11, 12, 473.0,655.0,1
12, 11, 473.0,655.0,1
11, 13, 705.0,962.0,1
13, 11, 705.0,962.0,1
11, 14, 851.0,872.0,-1
14, 11, 851.0,872.0,-1
11, 15, 556.0,706.0,-1
15, 11, 556.0,706.0,-1
11, 16, 908.0,1278.0,-1
16, 11, 908.0,1278.0,-1
11, 11, 0.0,0.0,1
12, 13, 236.0,307.0,-1
13, 12, 236.0,307.0,-1
12, 14, 722.0,1006.0,-1
14, 12, 722.0,1006.0,-1
12, 15, 341.0,479.0,-1
15, 12, 341.0,479.0,-1
12, 16, 479.0,624.0,-1
16, 12, 479.0,624.0,-1
12, 12, 0.0,0.0,1
13, 14, 808.0,1135.0,-1
14, 13, 808.0,1135.0,-1
13, 15, 466.0,608.0,-1
15, 13, 466.0,608.0,-1
13, 16, 357.0,393.0,-1
16, 13, 357.0,393.0,-1
13, 13, 0.0,0.0,1
14, 15, 383.0,528.0,-1
15, 14, 383.0,528.0,-1
14, 16, 613.0,743.0,-1
16, 14, 613.0,743.0,-1
14, 14, 0.0,0.0,1
15, 16, 432.0,572.0,-1
16, 15, 432.0,572.0,-1
15, 15, 0.0,0.0,1
16, 16, 0.0,0.0,1


<end>