<number of nodes>
16

<ratio of available edges>
0.3

<max length of the drone flight>
100000 

<D 2/3>
1, 2, 3, 4, 5, 7, 9, 11, 12, 13, 15

<V>
4, 7, 11, 12, 15

<coordinates X,Y>
49.305696507744294, 801.957534100205
690.8900362569484, 24.16356876433141
644.2150564181443, 509.38977985272226
104.62347191222841, 71.41009571882775
40.834352051615866, 994.1965900729332
701.9480048269884, 314.184297885495
274.29016946668645, 932.4650425908043
954.5138355719114, 78.16928522160077
87.70677821022561, 541.9879023097394
115.36401031661939, 676.6216835954541
729.396756365189, 281.3589202111325
944.0267812875013, 781.8367882402761
501.3124255620409, 825.3239167876269
231.54648786591, 256.7342946602046
502.971046392024, 374.1112380205502
612.0865947039249, 28.013745979015333

<adjacency matrix with truck distances>
1, 2, 1009.0,1420.0,-1
2, 1, 1009.0,1420.0,-1
1, 3, 663.0,888.0,-1
3, 1, 663.0,888.0,-1
1, 4, 733.0,786.0,-1
4, 1, 733.0,786.0,-1
1, 5, 193.0,201.0,-1
5, 1, 193.0,201.0,-1
1, 6, 815.0,1141.0,-1
6, 1, 815.0,1141.0,-1
1, 7, 261.0,356.0,1
7, 1, 261.0,356.0,1
1, 8, 1159.0,1629.0,1
8, 1, 1159.0,1629.0,1
1, 9, 263.0,299.0,-1
9, 1, 263.0,299.0,-1
1, 10, 142.0,192.0,-1
10, 1, 142.0,192.0,-1
1, 11, 857.0,1201.0,-1
11, 1, 857.0,1201.0,-1
1, 12, 895.0,915.0,-1
12, 1, 895.0,915.0,-1
1, 13, 453.0,476.0,-1
13, 1, 453.0,476.0,-1
1, 14, 575.0,728.0,-1
14, 1, 575.0,728.0,-1
1, 15, 624.0,882.0,1
15, 1, 624.0,882.0,1
1, 16, 957.0,1337.0,-1
16, 1, 957.0,1337.0,-1
1, 1, 0.0,0.0,1
2, 3, 488.0,532.0,-1
3, 2, 488.0,532.0,-1
2, 4, 589.0,634.0,-1
4, 2, 589.0,634.0,-1
2, 5, 1168.0,1621.0,-1
5, 2, 1168.0,1621.0,-1
2, 6, 291.0,302.0,-1
6, 2, 291.0,302.0,-1
2, 7, 1000.0,1325.0,-1
7, 2, 1000.0,1325.0,-1
2, 8, 270.0,318.0,-1
8, 2, 270.0,318.0,-1
2, 9, 795.0,1122.0,-1
9, 2, 795.0,1122.0,-1
2, 10, 871.0,1228.0,1
10, 2, 871.0,1228.0,1
2, 11, 261.0,296.0,1
11, 2, 261.0,296.0,1
2, 12, 799.0,1011.0,-1
12, 2, 799.0,1011.0,-1
2, 13, 824.0,991.0,-1
13, 2, 824.0,991.0,-1
2, 14, 515.0,692.0,-1
14, 2, 515.0,692.0,-1
2, 15, 398.0,538.0,-1
15, 2, 398.0,538.0,-1
2, 16, 79.0,83.0,-1
16, 2, 79.0,83.0,-1
2, 2, 0.0,0.0,1
3, 4, 695.0,978.0,-1
4, 3, 695.0,978.0,-1
3, 5, 775.0,1089.0,-1
5, 3, 775.0,1089.0,-1
3, 6, 204.0,253.0,-1
6, 3, 204.0,253.0,-1
3, 7, 562.0,794.0,-1
7, 3, 562.0,794.0,-1
3, 8, 532.0,742.0,-1
8, 3, 532.0,742.0,-1
3, 9, 558.0,590.0,-1
9, 3, 558.0,590.0,-1
3, 10, 555.0,697.0,-1
10, 3, 555.0,697.0,-1
3, 11, 244.0,314.0,-1
11, 3, 244.0,314.0,-1
3, 12, 406.0,573.0,-1
12, 3, 406.0,573.0,-1
3, 13, 347.0,459.0,-1
13, 3, 347.0,459.0,-1
3, 14, 484.0,666.0,-1
14, 3, 484.0,666.0,-1
3, 15, 196.0,277.0,1
15, 3, 196.0,277.0,1
3, 16, 483.0,514.0,-1
16, 3, 483.0,514.0,-1
3, 3, 0.0,0.0,1
4, 5, 925.0,987.0,-1
5, 4, 925.0,987.0,-1
4, 6, 645.0,841.0,-1
6, 4, 645.0,841.0,-1
4, 7, 878.0,1031.0,1
7, 4, 878.0,1031.0,1
4, 8, 850.0,857.0,1
8, 4, 850.0,857.0,1
4, 9, 471.0,488.0,-1
9, 4, 471.0,488.0,-1
4, 10, 606.0,616.0,-1
10, 4, 606.0,616.0,-1
4, 11, 660.0,835.0,-1
11, 4, 660.0,835.0,-1
4, 12, 1100.0,1550.0,-1
12, 4, 1100.0,1550.0,-1
4, 13, 852.0,1151.0,-1
13, 4, 852.0,1151.0,-1
4, 14, 225.0,313.0,-1
14, 4, 225.0,313.0,-1
4, 15, 501.0,702.0,1
15, 4, 501.0,702.0,1
4, 16, 510.0,551.0,-1
16, 4, 510.0,551.0,-1
4, 4, 0.0,0.0,1
5, 6, 949.0,1342.0,-1
6, 5, 949.0,1342.0,-1
5, 7, 242.0,296.0,-1
7, 5, 242.0,296.0,-1
5, 8, 1294.0,1830.0,-1
8, 5, 1294.0,1830.0,-1
5, 9, 455.0,500.0,-1
9, 5, 455.0,500.0,-1
5, 10, 327.0,393.0,-1
10, 5, 327.0,393.0,-1
5, 11, 992.0,1402.0,1
11, 5, 992.0,1402.0,1
5, 12, 928.0,1116.0,1
12, 5, 928.0,1116.0,1
5, 13, 491.0,630.0,-1
13, 5, 491.0,630.0,-1
5, 14, 762.0,929.0,-1
14, 5, 762.0,929.0,-1
5, 15, 774.0,1083.0,1
15, 5, 774.0,1083.0,1
5, 16, 1123.0,1538.0,-1
16, 5, 1123.0,1538.0,-1
5, 5, 0.0,0.0,1
6, 7, 752.0,1046.0,-1
7, 6, 752.0,1046.0,-1
6, 8, 346.0,489.0,1
8, 6, 346.0,489.0,1
6, 9, 656.0,843.0,-1
9, 6, 656.0,843.0,-1
6, 10, 690.0,950.0,-1
10, 6, 690.0,950.0,-1
6, 11, 43.0,61.0,-1
11, 6, 43.0,61.0,-1
6, 12, 527.0,710.0,-1
12, 6, 527.0,710.0,-1
6, 13, 550.0,712.0,-1
13, 6, 550.0,712.0,-1
6, 14, 474.0,528.0,1
14, 6, 474.0,528.0,1
6, 15, 208.0,259.0,1
15, 6, 208.0,259.0,1
6, 16, 300.0,377.0,1
16, 6, 300.0,377.0,1
6, 6, 0.0,0.0,1
7, 8, 1093.0,1535.0,-1
8, 7, 1093.0,1535.0,-1
7, 9, 433.0,578.0,-1
9, 7, 433.0,578.0,-1
7, 10, 302.0,415.0,1
10, 7, 302.0,415.0,1
7, 11, 795.0,1107.0,1
11, 7, 795.0,1107.0,1
7, 12, 687.0,821.0,-1
12, 7, 687.0,821.0,-1
7, 13, 252.0,335.0,-1
13, 7, 252.0,335.0,-1
7, 14, 678.0,719.0,-1
14, 7, 678.0,719.0,-1
7, 15, 604.0,788.0,-1
15, 7, 604.0,788.0,-1
7, 16, 966.0,1243.0,1
16, 7, 966.0,1243.0,1
7, 7, 0.0,0.0,1
8, 9, 984.0,1331.0,-1
9, 8, 984.0,1331.0,-1
8, 10, 1031.0,1438.0,-1
10, 8, 1031.0,1438.0,-1
8, 11, 304.0,429.0,1
11, 8, 304.0,429.0,1
8, 12, 704.0,715.0,-1
12, 8, 704.0,715.0,-1
8, 13, 874.0,1201.0,1
13, 8, 874.0,1201.0,1
8, 14, 745.0,902.0,1
14, 8, 745.0,902.0,1
8, 15, 540.0,748.0,1
15, 8, 540.0,748.0,1
8, 16, 347.0,393.0,1
16, 8, 347.0,393.0,1
8, 8, 0.0,0.0,1
9, 10, 138.0,163.0,1
10, 9, 138.0,163.0,1
9, 11, 693.0,903.0,-1
11, 9, 693.0,903.0,-1
9, 12, 890.0,1097.0,-1
12, 9, 890.0,1097.0,-1
9, 13, 502.0,697.0,-1
13, 9, 502.0,697.0,-1
9, 14, 320.0,430.0,-1
14, 9, 320.0,430.0,-1
9, 15, 448.0,584.0,1
15, 9, 448.0,584.0,1
9, 16, 735.0,1039.0,-1
16, 9, 735.0,1039.0,-1
9, 9, 0.0,0.0,1
10, 11, 731.0,1010.0,1
11, 10, 731.0,1010.0,1
10, 12, 836.0,934.0,-1
12, 10, 836.0,934.0,-1
10, 13, 414.0,535.0,1
13, 10, 414.0,535.0,1
10, 14, 436.0,537.0,1
14, 10, 436.0,537.0,1
10, 15, 492.0,691.0,-1
15, 10, 492.0,691.0,-1
10, 16, 817.0,1146.0,-1
16, 10, 817.0,1146.0,-1
10, 10, 0.0,0.0,1
11, 12, 545.0,716.0,-1
12, 11, 545.0,716.0,-1
11, 13, 590.0,773.0,1
13, 11, 590.0,773.0,1
11, 14, 499.0,523.0,1
14, 11, 499.0,523.0,1
11, 15, 245.0,320.0,-1
15, 11, 245.0,320.0,-1
11, 16, 280.0,371.0,-1
16, 11, 280.0,371.0,-1
11, 11, 0.0,0.0,1
12, 13, 445.0,487.0,-1
13, 12, 445.0,487.0,-1
12, 14, 886.0,1238.0,-1
14, 12, 886.0,1238.0,-1
12, 15, 601.0,849.0,1
15, 12, 601.0,849.0,1
12, 16, 824.0,1086.0,-1
16, 12, 824.0,1086.0,-1
12, 12, 0.0,0.0,1
13, 14, 630.0,839.0,-1
14, 13, 630.0,839.0,-1
13, 15, 452.0,453.0,1
15, 13, 452.0,453.0,1
13, 16, 805.0,909.0,-1
16, 13, 805.0,909.0,-1
13, 13, 0.0,0.0,1
14, 15, 296.0,389.0,1
15, 14, 296.0,389.0,1
14, 16, 444.0,610.0,1
16, 14, 444.0,610.0,1
14, 14, 0.0,0.0,1
15, 16, 363.0,456.0,1
16, 15, 363.0,456.0,1
15, 15, 0.0,0.0,1
16, 16, 0.0,0.0,1


<end>