<number of nodes>
16

<ratio of available edges>
0.3

<max length of the drone flight>
100000 

<D 2/3>
1, 2, 4, 6, 8, 10, 11, 12, 13, 14, 15

<V>
2, 4, 10, 13, 14

<coordinates X,Y>
417.64588287172614, 654.888801756716
74.8550944252934, 828.4931925115251
552.7572880885956, 848.9514272716536
497.8865044038993, 71.85884334691474
198.5182964733468, 808.5002886360915
203.4302339227987, 971.9534065344842
175.5695729908074, 514.9181224958504
319.9198587973994, 721.0632796795985
418.54767319289505, 693.0579885427343
98.26217562910402, 322.02817845422345
476.0133282461994, 157.9655181098008
498.1688198843242, 709.2336111853004
914.5580964843383, 732.1062130399391
948.5728700137475, 602.6464017871497
748.8525890345065, 527.9647435507492
346.88377834063067, 521.3583103119122

<adjacency matrix with truck distances>
1, 2, 385.0,517.0,-1
2, 1, 385.0,517.0,-1
1, 3, 237.0,330.0,-1
3, 1, 237.0,330.0,-1
1, 4, 589.0,664.0,1
4, 1, 589.0,664.0,1
1, 5, 268.0,373.0,-1
5, 1, 268.0,373.0,-1
1, 6, 383.0,532.0,-1
6, 1, 383.0,532.0,-1
1, 7, 280.0,383.0,1
7, 1, 280.0,383.0,1
1, 8, 119.0,164.0,-1
8, 1, 119.0,164.0,-1
1, 9, 39.0,40.0,1
9, 1, 39.0,40.0,1
1, 10, 462.0,653.0,-1
10, 1, 462.0,653.0,-1
1, 11, 501.0,556.0,-1
11, 1, 501.0,556.0,-1
1, 12, 98.0,135.0,-1
12, 1, 98.0,135.0,-1
1, 13, 503.0,575.0,-1
13, 1, 503.0,575.0,-1
1, 14, 534.0,584.0,-1
14, 1, 534.0,584.0,-1
1, 15, 355.0,459.0,1
15, 1, 355.0,459.0,1
1, 16, 152.0,205.0,-1
16, 1, 152.0,205.0,-1
1, 1, 0.0,0.0,1
2, 3, 479.0,499.0,-1
3, 2, 479.0,499.0,-1
2, 4, 867.0,1180.0,-1
4, 2, 867.0,1180.0,-1
2, 5, 126.0,144.0,-1
5, 2, 126.0,144.0,-1
2, 6, 193.0,273.0,-1
6, 2, 193.0,273.0,-1
2, 7, 330.0,415.0,-1
7, 2, 330.0,415.0,-1
2, 8, 268.0,353.0,-1
8, 2, 268.0,353.0,-1
2, 9, 370.0,480.0,1
9, 2, 370.0,480.0,1
2, 10, 508.0,530.0,-1
10, 2, 508.0,530.0,-1
2, 11, 782.0,1072.0,1
11, 2, 782.0,1072.0,1
2, 12, 440.0,543.0,-1
12, 2, 440.0,543.0,-1
2, 13, 846.0,937.0,-1
13, 2, 846.0,937.0,-1
2, 14, 903.0,1100.0,-1
14, 2, 903.0,1100.0,-1
2, 15, 738.0,975.0,1
15, 2, 738.0,975.0,1
2, 16, 411.0,580.0,-1
16, 2, 411.0,580.0,-1
2, 2, 0.0,0.0,1
3, 4, 780.0,832.0,-1
4, 3, 780.0,832.0,-1
3, 5, 357.0,395.0,-1
5, 3, 357.0,395.0,-1
3, 6, 371.0,473.0,-1
6, 3, 371.0,473.0,-1
3, 7, 504.0,712.0,-1
7, 3, 504.0,712.0,-1
3, 8, 266.0,361.0,-1
8, 3, 266.0,361.0,-1
3, 9, 206.0,291.0,-1
9, 3, 206.0,291.0,-1
3, 10, 696.0,982.0,1
10, 3, 696.0,982.0,1
3, 11, 696.0,768.0,1
11, 3, 696.0,768.0,1
3, 12, 151.0,195.0,-1
12, 3, 151.0,195.0,-1
3, 13, 381.0,479.0,-1
13, 3, 381.0,479.0,-1
3, 14, 467.0,643.0,-1
14, 3, 467.0,643.0,-1
3, 15, 377.0,518.0,-1
15, 3, 377.0,518.0,-1
3, 16, 387.0,534.0,-1
16, 3, 387.0,534.0,-1
3, 3, 0.0,0.0,1
4, 5, 796.0,1037.0,-1
5, 4, 796.0,1037.0,-1
4, 6, 948.0,1195.0,-1
6, 4, 948.0,1195.0,-1
4, 7, 548.0,766.0,-1
7, 4, 548.0,766.0,-1
4, 8, 674.0,828.0,1
8, 4, 674.0,828.0,1
4, 9, 627.0,701.0,1
9, 4, 627.0,701.0,1
4, 10, 472.0,650.0,1
10, 4, 472.0,650.0,1
4, 11, 89.0,108.0,-1
11, 4, 89.0,108.0,-1
4, 12, 638.0,638.0,-1
12, 4, 638.0,638.0,-1
4, 13, 781.0,1077.0,1
13, 4, 781.0,1077.0,1
4, 14, 697.0,982.0,-1
14, 4, 697.0,982.0,-1
4, 15, 521.0,708.0,1
15, 4, 521.0,708.0,1
4, 16, 475.0,601.0,-1
16, 4, 475.0,601.0,-1
4, 4, 0.0,0.0,1
5, 6, 164.0,169.0,-1
6, 5, 164.0,169.0,-1
5, 7, 295.0,317.0,1
7, 5, 295.0,317.0,1
5, 8, 150.0,209.0,-1
8, 5, 150.0,209.0,-1
5, 9, 249.0,336.0,1
9, 5, 249.0,336.0,1
5, 10, 497.0,587.0,1
10, 5, 497.0,587.0,1
5, 11, 708.0,929.0,-1
11, 5, 708.0,929.0,-1
5, 12, 316.0,399.0,-1
12, 5, 316.0,399.0,-1
5, 13, 721.0,793.0,-1
13, 5, 721.0,793.0,-1
5, 14, 778.0,956.0,1
14, 5, 778.0,956.0,1
5, 15, 618.0,831.0,1
15, 5, 618.0,831.0,1
5, 16, 324.0,436.0,-1
16, 5, 324.0,436.0,-1
5, 5, 0.0,0.0,1
6, 7, 458.0,485.0,-1
7, 6, 458.0,485.0,-1
6, 8, 277.0,368.0,-1
8, 6, 277.0,368.0,-1
6, 9, 353.0,495.0,-1
9, 6, 353.0,495.0,-1
6, 10, 659.0,756.0,-1
10, 6, 659.0,756.0,-1
6, 11, 859.0,1087.0,1
11, 6, 859.0,1087.0,1
6, 12, 395.0,558.0,-1
12, 6, 395.0,558.0,-1
6, 13, 751.0,951.0,-1
13, 6, 751.0,951.0,-1
6, 14, 832.0,1115.0,-1
14, 6, 832.0,1115.0,-1
6, 15, 704.0,990.0,-1
15, 6, 704.0,990.0,-1
6, 16, 473.0,595.0,1
16, 6, 473.0,595.0,1
6, 6, 0.0,0.0,1
7, 8, 252.0,351.0,-1
8, 7, 252.0,351.0,-1
7, 9, 302.0,422.0,-1
9, 7, 302.0,422.0,-1
7, 10, 208.0,271.0,-1
10, 7, 208.0,271.0,-1
7, 11, 467.0,658.0,-1
11, 7, 467.0,658.0,-1
7, 12, 377.0,517.0,1
12, 7, 377.0,517.0,1
7, 13, 771.0,957.0,-1
13, 7, 771.0,957.0,-1
7, 14, 778.0,861.0,-1
14, 7, 778.0,861.0,-1
7, 15, 574.0,587.0,1
15, 7, 574.0,587.0,1
7, 16, 172.0,178.0,-1
16, 7, 172.0,178.0,-1
7, 7, 0.0,0.0,1
8, 9, 103.0,127.0,-1
9, 8, 103.0,127.0,-1
8, 10, 457.0,621.0,-1
10, 8, 457.0,621.0,-1
8, 11, 585.0,720.0,-1
11, 8, 585.0,720.0,-1
8, 12, 179.0,191.0,-1
12, 8, 179.0,191.0,-1
8, 13, 595.0,606.0,-1
13, 8, 595.0,606.0,-1
8, 14, 640.0,748.0,1
14, 8, 640.0,748.0,1
8, 15, 471.0,623.0,1
15, 8, 471.0,623.0,1
8, 16, 202.0,227.0,-1
16, 8, 202.0,227.0,-1
8, 8, 0.0,0.0,1
9, 10, 491.0,692.0,-1
10, 9, 491.0,692.0,-1
9, 11, 539.0,593.0,-1
11, 9, 539.0,593.0,-1
9, 12, 82.0,96.0,1
12, 9, 82.0,96.0,1
9, 13, 498.0,536.0,-1
13, 9, 498.0,536.0,-1
9, 14, 538.0,621.0,-1
14, 9, 538.0,621.0,-1
9, 15, 370.0,496.0,-1
15, 9, 370.0,496.0,-1
9, 16, 187.0,244.0,-1
16, 9, 187.0,244.0,-1
9, 9, 0.0,0.0,1
10, 11, 412.0,542.0,1
11, 10, 412.0,542.0,1
10, 12, 557.0,788.0,-1
12, 10, 557.0,788.0,-1
10, 13, 914.0,1227.0,-1
13, 10, 914.0,1227.0,-1
10, 14, 896.0,1131.0,1
14, 10, 896.0,1131.0,1
10, 15, 683.0,857.0,1
15, 10, 683.0,857.0,1
10, 16, 319.0,448.0,-1
16, 10, 319.0,448.0,-1
10, 10, 0.0,0.0,1
11, 12, 552.0,574.0,-1
12, 11, 552.0,574.0,-1
11, 13, 723.0,1013.0,1
13, 11, 723.0,1013.0,1
11, 14, 649.0,918.0,1
14, 11, 649.0,918.0,1
11, 15, 460.0,643.0,-1
15, 11, 460.0,643.0,-1
11, 16, 386.0,493.0,-1
16, 11, 386.0,493.0,-1
11, 11, 0.0,0.0,1
12, 13, 418.0,440.0,-1
13, 12, 418.0,440.0,-1
12, 14, 463.0,557.0,-1
14, 12, 463.0,557.0,-1
12, 15, 310.0,432.0,1
15, 12, 310.0,432.0,1
12, 16, 242.0,340.0,-1
16, 12, 242.0,340.0,-1
12, 12, 0.0,0.0,1
13, 14, 134.0,164.0,-1
14, 13, 134.0,164.0,-1
13, 15, 263.0,370.0,1
15, 13, 263.0,370.0,1
13, 16, 606.0,779.0,-1
16, 13, 606.0,779.0,-1
13, 13, 0.0,0.0,1
14, 15, 214.0,275.0,1
15, 14, 214.0,275.0,1
14, 16, 608.0,683.0,1
16, 14, 608.0,683.0,1
14, 14, 0.0,0.0,1
15, 16, 403.0,409.0,1
16, 15, 403.0,409.0,1
15, 15, 0.0,0.0,1
16, 16, 0.0,0.0,1


<end>