<number of nodes>
16

<ratio of available edges>
0.3

<max length of the drone flight>
100000 

<D 2/3>
1, 3, 5, 8, 9, 10, 12, 13, 14, 15, 16

<V>
3, 8, 10, 13, 15

<coordinates X,Y>
169.16185452306823, 708.1196550963247
341.8554367633034, 453.7122526625434
263.7795758119534, 45.49126341683674
909.504599049139, 670.4752310617018
655.2645252296909, 704.7144119303412
846.3753518325319, 216.5453210399093
721.198044756074, 715.569371624251
340.5330466506514, 207.3543382497245
36.3552255826118, 971.8836845588811
694.685067049724, 654.4417620875801
48.15738786177103, 230.29501608305432
36.623798531845665, 953.317251284672
986.1261252273082, 511.4473831402792
342.3908722499051, 415.2799632745625
251.56540782212454, 474.8209507833977
301.16383426760393, 135.17020085340394

<adjacency matrix with truck distances>
1, 2, 308.0,428.0,-1
2, 1, 308.0,428.0,-1
1, 3, 670.0,758.0,-1
3, 1, 670.0,758.0,-1
1, 4, 742.0,778.0,-1
4, 1, 742.0,778.0,-1
1, 5, 487.0,490.0,-1
5, 1, 487.0,490.0,-1
1, 6, 837.0,1169.0,1
6, 1, 837.0,1169.0,1
1, 7, 553.0,560.0,-1
7, 1, 553.0,560.0,-1
1, 8, 530.0,673.0,-1
8, 1, 530.0,673.0,-1
1, 9, 296.0,397.0,-1
9, 1, 296.0,397.0,-1
1, 10, 529.0,580.0,-1
10, 1, 529.0,580.0,-1
1, 11, 493.0,599.0,-1
11, 1, 493.0,599.0,-1
1, 12, 279.0,378.0,-1
12, 1, 279.0,378.0,-1
1, 13, 841.0,1014.0,-1
13, 1, 841.0,1014.0,-1
1, 14, 341.0,467.0,1
14, 1, 341.0,467.0,1
1, 15, 248.0,316.0,1
15, 1, 248.0,316.0,1
1, 16, 588.0,705.0,1
16, 1, 588.0,705.0,1
1, 1, 0.0,0.0,1
2, 3, 416.0,487.0,-1
3, 2, 416.0,487.0,-1
2, 4, 608.0,785.0,-1
4, 2, 608.0,785.0,-1
2, 5, 402.0,565.0,-1
5, 2, 402.0,565.0,-1
2, 6, 558.0,742.0,-1
6, 2, 558.0,742.0,-1
2, 7, 461.0,642.0,-1
7, 2, 461.0,642.0,-1
2, 8, 247.0,248.0,1
8, 2, 247.0,248.0,1
2, 9, 602.0,824.0,-1
9, 2, 602.0,824.0,-1
2, 10, 406.0,554.0,-1
10, 2, 406.0,554.0,-1
2, 11, 370.0,518.0,-1
11, 2, 370.0,518.0,-1
2, 12, 586.0,805.0,1
12, 2, 586.0,805.0,1
2, 13, 647.0,703.0,1
13, 2, 647.0,703.0,1
2, 14, 39.0,39.0,-1
14, 2, 39.0,39.0,-1
2, 15, 93.0,112.0,-1
15, 2, 93.0,112.0,-1
2, 16, 322.0,360.0,-1
16, 2, 322.0,360.0,-1
2, 2, 0.0,0.0,1
3, 4, 899.0,1271.0,-1
4, 3, 899.0,1271.0,-1
3, 5, 767.0,1051.0,-1
5, 3, 767.0,1051.0,-1
3, 6, 608.0,754.0,-1
6, 3, 608.0,754.0,-1
3, 7, 812.0,1128.0,1
7, 3, 812.0,1128.0,1
3, 8, 180.0,239.0,1
8, 3, 180.0,239.0,1
3, 9, 954.0,1154.0,1
9, 3, 954.0,1154.0,1
3, 10, 746.0,1040.0,-1
10, 3, 746.0,1040.0,-1
3, 11, 284.0,401.0,1
11, 3, 284.0,401.0,1
3, 12, 936.0,1135.0,-1
12, 3, 936.0,1135.0,-1
3, 13, 860.0,1189.0,1
13, 3, 860.0,1189.0,1
3, 14, 379.0,449.0,-1
14, 3, 379.0,449.0,-1
3, 15, 430.0,442.0,-1
15, 3, 430.0,442.0,-1
3, 16, 98.0,128.0,-1
16, 3, 98.0,128.0,-1
3, 3, 0.0,0.0,1
4, 5, 257.0,289.0,-1
5, 4, 257.0,289.0,-1
4, 6, 459.0,518.0,1
6, 4, 459.0,518.0,1
4, 7, 194.0,234.0,1
7, 4, 194.0,234.0,1
4, 8, 734.0,1033.0,-1
8, 4, 734.0,1033.0,-1
4, 9, 924.0,1175.0,-1
9, 4, 924.0,1175.0,-1
4, 10, 216.0,231.0,1
10, 4, 216.0,231.0,1
4, 11, 968.0,1302.0,1
11, 4, 968.0,1302.0,1
4, 12, 918.0,1156.0,-1
12, 4, 918.0,1156.0,-1
4, 13, 177.0,236.0,-1
13, 4, 177.0,236.0,-1
4, 14, 622.0,823.0,-1
14, 4, 622.0,823.0,-1
4, 15, 687.0,854.0,-1
15, 4, 687.0,854.0,-1
4, 16, 811.0,1144.0,1
16, 4, 811.0,1144.0,1
4, 4, 0.0,0.0,1
5, 6, 525.0,680.0,-1
6, 5, 525.0,680.0,-1
5, 7, 67.0,77.0,-1
7, 5, 67.0,77.0,-1
5, 8, 589.0,813.0,-1
8, 5, 589.0,813.0,-1
5, 9, 675.0,887.0,-1
9, 5, 675.0,887.0,-1
5, 10, 64.0,90.0,-1
10, 5, 64.0,90.0,-1
5, 11, 771.0,1082.0,-1
11, 5, 771.0,1082.0,-1
5, 12, 667.0,868.0,-1
12, 5, 667.0,868.0,-1
5, 13, 384.0,525.0,1
13, 5, 384.0,525.0,1
5, 14, 427.0,603.0,-1
14, 5, 427.0,603.0,-1
5, 15, 465.0,634.0,-1
15, 5, 465.0,634.0,-1
5, 16, 671.0,924.0,-1
16, 5, 671.0,924.0,-1
5, 5, 0.0,0.0,1
6, 7, 515.0,625.0,1
7, 6, 515.0,625.0,1
6, 8, 506.0,516.0,-1
8, 6, 506.0,516.0,-1
6, 9, 1108.0,1566.0,-1
9, 6, 1108.0,1566.0,-1
6, 10, 464.0,590.0,-1
10, 6, 464.0,590.0,-1
6, 11, 799.0,812.0,1
11, 6, 799.0,812.0,1
6, 12, 1095.0,1547.0,1
12, 6, 1095.0,1547.0,1
6, 13, 327.0,435.0,-1
13, 6, 327.0,435.0,-1
6, 14, 542.0,703.0,-1
14, 6, 542.0,703.0,-1
6, 15, 649.0,854.0,-1
15, 6, 649.0,854.0,-1
6, 16, 552.0,627.0,1
16, 6, 552.0,627.0,1
6, 6, 0.0,0.0,1
7, 8, 635.0,889.0,-1
8, 7, 635.0,889.0,-1
7, 9, 732.0,942.0,-1
9, 7, 732.0,942.0,-1
7, 10, 67.0,88.0,-1
10, 7, 67.0,88.0,-1
7, 11, 830.0,1159.0,1
11, 7, 830.0,1159.0,1
7, 12, 725.0,923.0,1
12, 7, 725.0,923.0,1
7, 13, 335.0,470.0,-1
13, 7, 335.0,470.0,-1
7, 14, 484.0,680.0,1
14, 7, 484.0,680.0,1
7, 15, 528.0,711.0,-1
15, 7, 528.0,711.0,-1
7, 16, 717.0,1001.0,-1
16, 7, 717.0,1001.0,-1
7, 7, 0.0,0.0,1
8, 9, 823.0,1069.0,1
9, 8, 823.0,1069.0,1
8, 10, 571.0,802.0,1
10, 8, 571.0,802.0,1
8, 11, 294.0,316.0,1
11, 8, 294.0,316.0,1
8, 12, 806.0,1050.0,-1
12, 8, 806.0,1050.0,-1
8, 13, 714.0,950.0,-1
13, 8, 714.0,950.0,-1
8, 14, 208.0,210.0,1
14, 8, 208.0,210.0,1
8, 15, 282.0,357.0,1
15, 8, 282.0,357.0,1
8, 16, 83.0,112.0,1
16, 8, 83.0,112.0,1
8, 8, 0.0,0.0,1
9, 10, 731.0,976.0,-1
10, 9, 731.0,976.0,-1
9, 11, 742.0,754.0,-1
11, 9, 742.0,754.0,-1
9, 12, 19.0,19.0,-1
12, 9, 19.0,19.0,-1
9, 13, 1056.0,1411.0,-1
13, 9, 1056.0,1411.0,-1
9, 14, 636.0,863.0,-1
14, 9, 636.0,863.0,-1
9, 15, 542.0,713.0,-1
15, 9, 542.0,713.0,-1
9, 16, 878.0,1102.0,-1
16, 9, 878.0,1102.0,-1
9, 9, 0.0,0.0,1
10, 11, 774.0,1071.0,1
11, 10, 774.0,1071.0,1
10, 12, 723.0,957.0,-1
12, 10, 723.0,957.0,-1
10, 13, 325.0,435.0,-1
13, 10, 325.0,435.0,-1
10, 14, 426.0,592.0,-1
14, 10, 426.0,592.0,-1
10, 15, 479.0,623.0,-1
15, 10, 479.0,623.0,-1
10, 16, 652.0,913.0,-1
16, 10, 652.0,913.0,-1
10, 10, 0.0,0.0,1
11, 12, 724.0,735.0,-1
12, 11, 724.0,735.0,-1
11, 13, 980.0,1220.0,-1
13, 11, 980.0,1220.0,-1
11, 14, 348.0,480.0,1
14, 11, 348.0,480.0,1
11, 15, 319.0,448.0,-1
15, 11, 319.0,448.0,-1
11, 16, 271.0,349.0,-1
16, 11, 271.0,349.0,-1
11, 11, 0.0,0.0,1
12, 13, 1048.0,1392.0,-1
13, 12, 1048.0,1392.0,-1
12, 14, 619.0,844.0,1
14, 12, 619.0,844.0,1
12, 15, 525.0,694.0,-1
15, 12, 525.0,694.0,-1
12, 16, 860.0,1083.0,-1
16, 12, 860.0,1083.0,-1
12, 12, 0.0,0.0,1
13, 14, 651.0,740.0,-1
14, 13, 651.0,740.0,-1
13, 15, 736.0,772.0,-1
15, 13, 736.0,772.0,-1
13, 16, 782.0,1062.0,1
16, 13, 782.0,1062.0,1
13, 13, 0.0,0.0,1
14, 15, 109.0,151.0,-1
15, 14, 109.0,151.0,-1
14, 16, 284.0,322.0,-1
16, 14, 284.0,322.0,-1
14, 14, 0.0,0.0,1
15, 16, 344.0,390.0,1
16, 15, 344.0,390.0,1
15, 15, 0.0,0.0,1
16, 16, 0.0,0.0,1


<end>