<number of nodes>
16

<ratio of available edges>
0.3

<max length of the drone flight>
100000 

<D 2/3>
1, 2, 3, 4, 6, 8, 10, 11, 12, 14, 15

<V>
3, 6, 8, 11, 12

<coordinates X,Y>
962.6598906894436, 188.6012789000686
560.1858324709082, 529.5720885375489
613.7548604894171, 947.982130492189
196.47981095970866, 871.0344778865323
573.347512198606, 973.772021356881
178.42207677687324, 418.7081609185968
56.27489691616409, 52.393894198711585
960.413687577684, 229.82559460187773
155.31604692222348, 643.6498072555647
277.65086291757, 219.02118025864914
714.6109183086683, 657.7428772385107
533.219051354176, 309.3620084373407
733.6763284539201, 858.6246009232427
785.5938639074521, 485.10667592888444
986.2264583487533, 592.5875703340672
615.8122791132796, 902.4844943767265

<adjacency matrix with truck distances>
1, 2, 528.0,744.0,-1
2, 1, 528.0,744.0,-1
1, 3, 836.0,1109.0,-1
3, 1, 836.0,1109.0,-1
1, 4, 1027.0,1449.0,-1
4, 1, 1027.0,1449.0,-1
1, 5, 877.0,1175.0,-1
5, 1, 877.0,1175.0,-1
1, 6, 818.0,1015.0,1
6, 1, 818.0,1015.0,1
1, 7, 917.0,1043.0,-1
7, 1, 917.0,1043.0,-1
1, 8, 42.0,44.0,-1
8, 1, 42.0,44.0,-1
1, 9, 927.0,1263.0,-1
9, 1, 927.0,1263.0,-1
1, 10, 686.0,716.0,-1
10, 1, 686.0,716.0,-1
1, 11, 531.0,718.0,-1
11, 1, 531.0,718.0,-1
1, 12, 447.0,551.0,-1
12, 1, 447.0,551.0,-1
1, 13, 709.0,900.0,1
13, 1, 709.0,900.0,1
1, 14, 346.0,474.0,1
14, 1, 346.0,474.0,1
1, 15, 405.0,428.0,1
15, 1, 405.0,428.0,1
1, 16, 794.0,1061.0,-1
16, 1, 794.0,1061.0,-1
1, 1, 0.0,0.0,1
2, 3, 422.0,472.0,-1
3, 2, 422.0,472.0,-1
2, 4, 499.0,706.0,-1
4, 2, 499.0,706.0,-1
2, 5, 445.0,458.0,-1
5, 2, 445.0,458.0,-1
2, 6, 398.0,493.0,-1
6, 2, 398.0,493.0,-1
2, 7, 694.0,982.0,-1
7, 2, 694.0,982.0,-1
2, 8, 501.0,700.0,1
8, 2, 501.0,700.0,1
2, 9, 421.0,519.0,-1
9, 2, 421.0,519.0,-1
2, 10, 420.0,594.0,-1
10, 2, 420.0,594.0,-1
2, 11, 201.0,283.0,-1
11, 2, 201.0,283.0,-1
2, 12, 222.0,248.0,1
12, 2, 222.0,248.0,1
2, 13, 372.0,503.0,-1
13, 2, 372.0,503.0,-1
2, 14, 230.0,270.0,-1
14, 2, 230.0,270.0,-1
2, 15, 431.0,490.0,-1
15, 2, 431.0,490.0,-1
2, 16, 378.0,429.0,-1
16, 2, 378.0,429.0,-1
2, 2, 0.0,0.0,1
3, 4, 425.0,495.0,-1
4, 3, 425.0,495.0,-1
3, 5, 48.0,67.0,-1
5, 3, 48.0,67.0,-1
3, 6, 686.0,965.0,-1
6, 3, 686.0,965.0,-1
3, 7, 1055.0,1454.0,1
7, 3, 1055.0,1454.0,1
3, 8, 798.0,1065.0,-1
8, 3, 798.0,1065.0,-1
3, 9, 551.0,763.0,-1
9, 3, 551.0,763.0,-1
3, 10, 803.0,1066.0,-1
10, 3, 803.0,1066.0,-1
3, 11, 308.0,392.0,-1
11, 3, 308.0,392.0,-1
3, 12, 644.0,720.0,-1
12, 3, 644.0,720.0,-1
3, 13, 150.0,210.0,-1
13, 3, 150.0,210.0,-1
3, 14, 494.0,635.0,-1
14, 3, 494.0,635.0,-1
3, 15, 515.0,728.0,-1
15, 3, 515.0,728.0,-1
3, 16, 46.0,48.0,-1
16, 3, 46.0,48.0,-1
3, 3, 0.0,0.0,1
4, 5, 391.0,480.0,-1
5, 4, 391.0,480.0,-1
4, 6, 453.0,471.0,-1
6, 4, 453.0,471.0,-1
4, 7, 831.0,959.0,1
7, 4, 831.0,959.0,1
4, 8, 998.0,1406.0,-1
8, 4, 998.0,1406.0,-1
4, 9, 232.0,269.0,1
9, 4, 232.0,269.0,1
4, 10, 658.0,734.0,-1
10, 4, 658.0,734.0,-1
4, 11, 561.0,732.0,1
11, 4, 561.0,732.0,1
4, 12, 655.0,899.0,-1
12, 4, 655.0,899.0,-1
4, 13, 538.0,550.0,1
13, 4, 538.0,550.0,1
4, 14, 705.0,976.0,1
14, 4, 705.0,976.0,1
4, 15, 838.0,1069.0,1
15, 4, 838.0,1069.0,1
4, 16, 421.0,451.0,-1
16, 4, 421.0,451.0,-1
4, 4, 0.0,0.0,1
5, 6, 682.0,950.0,-1
6, 5, 682.0,950.0,-1
5, 7, 1057.0,1439.0,-1
7, 5, 1057.0,1439.0,-1
5, 8, 839.0,1132.0,-1
8, 5, 839.0,1132.0,-1
5, 9, 533.0,749.0,-1
9, 5, 533.0,749.0,-1
5, 10, 811.0,1051.0,1
10, 5, 811.0,1051.0,1
5, 11, 347.0,458.0,-1
11, 5, 347.0,458.0,-1
5, 12, 666.0,705.0,-1
12, 5, 666.0,705.0,-1
5, 13, 198.0,276.0,-1
13, 5, 198.0,276.0,-1
5, 14, 533.0,701.0,1
14, 5, 533.0,701.0,1
5, 15, 562.0,795.0,-1
15, 5, 562.0,795.0,-1
5, 16, 83.0,114.0,1
16, 5, 83.0,114.0,1
5, 5, 0.0,0.0,1
6, 7, 387.0,489.0,1
7, 6, 387.0,489.0,1
6, 8, 805.0,971.0,-1
8, 6, 805.0,971.0,-1
6, 9, 227.0,249.0,1
9, 6, 227.0,249.0,1
6, 10, 223.0,299.0,-1
10, 6, 223.0,299.0,-1
6, 11, 588.0,776.0,-1
11, 6, 588.0,776.0,-1
6, 12, 372.0,465.0,1
12, 6, 372.0,465.0,1
6, 13, 709.0,996.0,1
13, 6, 709.0,996.0,1
6, 14, 611.0,674.0,-1
14, 6, 611.0,674.0,-1
6, 15, 827.0,982.0,-1
15, 6, 827.0,982.0,-1
6, 16, 653.0,922.0,-1
16, 6, 653.0,922.0,-1
6, 6, 0.0,0.0,1
7, 8, 922.0,1082.0,-1
8, 7, 922.0,1082.0,-1
7, 9, 600.0,691.0,-1
9, 7, 600.0,691.0,-1
7, 10, 278.0,389.0,-1
10, 7, 278.0,389.0,-1
7, 11, 895.0,1264.0,-1
11, 7, 895.0,1264.0,-1
7, 12, 542.0,734.0,-1
12, 7, 542.0,734.0,-1
7, 13, 1054.0,1484.0,-1
13, 7, 1054.0,1484.0,-1
7, 14, 849.0,1163.0,1
14, 7, 849.0,1163.0,1
7, 15, 1076.0,1471.0,1
15, 7, 1076.0,1471.0,1
7, 16, 1018.0,1410.0,-1
16, 7, 1018.0,1410.0,-1
7, 7, 0.0,0.0,1
8, 9, 906.0,1219.0,1
9, 8, 906.0,1219.0,1
8, 10, 683.0,694.0,-1
10, 8, 683.0,694.0,-1
8, 11, 494.0,674.0,1
11, 8, 494.0,674.0,1
8, 12, 435.0,507.0,1
12, 8, 435.0,507.0,1
8, 13, 669.0,856.0,-1
13, 8, 669.0,856.0,-1
8, 14, 310.0,431.0,-1
14, 8, 310.0,431.0,-1
8, 15, 364.0,389.0,-1
15, 8, 364.0,389.0,-1
8, 16, 756.0,1018.0,1
16, 8, 756.0,1018.0,1
8, 8, 0.0,0.0,1
9, 10, 442.0,547.0,1
10, 9, 442.0,547.0,1
9, 11, 560.0,574.0,1
11, 9, 560.0,574.0,1
9, 12, 505.0,713.0,-1
12, 9, 505.0,713.0,-1
9, 13, 618.0,794.0,-1
13, 9, 618.0,794.0,-1
9, 14, 650.0,789.0,-1
14, 9, 650.0,789.0,-1
9, 15, 833.0,882.0,-1
15, 9, 833.0,882.0,-1
9, 16, 529.0,720.0,-1
16, 9, 529.0,720.0,-1
9, 9, 0.0,0.0,1
10, 11, 620.0,876.0,-1
11, 10, 620.0,876.0,-1
10, 12, 272.0,346.0,-1
12, 10, 272.0,346.0,-1
10, 13, 786.0,1096.0,-1
13, 10, 786.0,1096.0,-1
10, 14, 574.0,775.0,-1
14, 10, 574.0,775.0,-1
10, 15, 802.0,1083.0,1
15, 10, 802.0,1083.0,1
10, 16, 763.0,1022.0,-1
16, 10, 763.0,1022.0,-1
10, 10, 0.0,0.0,1
11, 12, 393.0,530.0,1
12, 11, 393.0,530.0,1
11, 13, 202.0,220.0,1
13, 11, 202.0,220.0,1
11, 14, 187.0,244.0,1
14, 11, 187.0,244.0,1
11, 15, 280.0,337.0,1
15, 11, 280.0,337.0,1
11, 16, 264.0,344.0,-1
16, 11, 264.0,344.0,-1
11, 11, 0.0,0.0,1
12, 13, 585.0,750.0,-1
13, 12, 585.0,750.0,-1
12, 14, 308.0,429.0,-1
14, 12, 308.0,429.0,-1
12, 15, 535.0,737.0,-1
15, 12, 535.0,737.0,-1
12, 16, 599.0,676.0,1
16, 12, 599.0,676.0,1
12, 12, 0.0,0.0,1
13, 14, 378.0,426.0,1
14, 13, 378.0,426.0,1
13, 15, 367.0,519.0,-1
15, 13, 367.0,519.0,-1
13, 16, 126.0,162.0,-1
16, 13, 126.0,162.0,-1
13, 13, 0.0,0.0,1
14, 15, 228.0,309.0,-1
15, 14, 228.0,309.0,-1
14, 16, 451.0,588.0,-1
16, 14, 451.0,588.0,-1
14, 14, 0.0,0.0,1
15, 16, 483.0,681.0,1
16, 15, 483.0,681.0,1
15, 15, 0.0,0.0,1
16, 16, 0.0,0.0,1


<end>