<number of nodes>
16

<ratio of available edges>
0.3

<max length of the drone flight>
100000 

<D 2/3>
1, 2, 3, 4, 6, 7, 8, 10, 11, 12, 14

<V>
3, 4, 8, 10, 14

<coordinates X,Y>
436.8217796654459, 258.6757313568282
515.8319234018959, 879.0920624971047
844.7380665762553, 658.7928371162005
419.38364811348544, 905.5907875309983
915.2908364410714, 160.0250577734995
108.68884345580325, 202.3017455306812
927.8333624353562, 383.1642724559103
639.0270738693919, 91.91825531908438
8.35867068286068, 921.7643737312643
415.6668884309068, 151.68211523413586
152.0413259290884, 832.8380702197712
269.83893511912413, 347.63906196874956
19.394797958635685, 452.47097442690676
336.89125013859984, 576.7216038508978
870.4908525630636, 586.7484800737079
32.3652316749271, 857.6656655648894

<adjacency matrix with truck distances>
1, 2, 626.0,700.0,1
2, 1, 626.0,700.0,1
1, 3, 572.0,809.0,1
3, 1, 572.0,809.0,1
1, 4, 648.0,665.0,-1
4, 1, 648.0,665.0,-1
1, 5, 489.0,578.0,-1
5, 1, 489.0,578.0,-1
1, 6, 333.0,385.0,-1
6, 1, 333.0,385.0,-1
1, 7, 507.0,616.0,-1
7, 1, 507.0,616.0,-1
1, 8, 263.0,369.0,-1
8, 1, 263.0,369.0,-1
1, 9, 790.0,1092.0,-1
9, 1, 790.0,1092.0,-1
1, 10, 110.0,129.0,-1
10, 1, 110.0,129.0,-1
1, 11, 641.0,859.0,-1
11, 1, 641.0,859.0,-1
1, 12, 190.0,256.0,-1
12, 1, 190.0,256.0,-1
1, 13, 461.0,612.0,-1
13, 1, 461.0,612.0,-1
1, 14, 334.0,418.0,1
14, 1, 334.0,418.0,1
1, 15, 544.0,762.0,-1
15, 1, 544.0,762.0,-1
1, 16, 723.0,1004.0,1
16, 1, 723.0,1004.0,1
1, 1, 0.0,0.0,1
2, 3, 396.0,550.0,-1
3, 2, 396.0,550.0,-1
2, 4, 101.0,123.0,-1
4, 2, 101.0,123.0,-1
2, 5, 823.0,1119.0,-1
5, 2, 823.0,1119.0,-1
2, 6, 790.0,1084.0,-1
6, 2, 790.0,1084.0,-1
2, 7, 645.0,908.0,-1
7, 2, 645.0,908.0,-1
2, 8, 797.0,911.0,-1
8, 2, 797.0,911.0,-1
2, 9, 510.0,551.0,1
9, 2, 510.0,551.0,1
2, 10, 735.0,828.0,-1
10, 2, 735.0,828.0,-1
2, 11, 367.0,411.0,-1
11, 2, 367.0,411.0,-1
2, 12, 586.0,778.0,-1
12, 2, 586.0,778.0,-1
2, 13, 655.0,924.0,1
13, 2, 655.0,924.0,1
2, 14, 352.0,482.0,-1
14, 2, 352.0,482.0,-1
2, 15, 460.0,648.0,-1
15, 2, 460.0,648.0,-1
2, 16, 484.0,505.0,-1
16, 2, 484.0,505.0,-1
2, 2, 0.0,0.0,1
3, 4, 492.0,673.0,1
4, 3, 492.0,673.0,1
3, 5, 504.0,570.0,-1
5, 3, 504.0,570.0,-1
3, 6, 867.0,1193.0,-1
6, 3, 867.0,1193.0,-1
3, 7, 288.0,359.0,-1
7, 3, 288.0,359.0,-1
3, 8, 604.0,773.0,-1
8, 3, 604.0,773.0,-1
3, 9, 877.0,1100.0,1
9, 3, 877.0,1100.0,1
3, 10, 665.0,937.0,-1
10, 3, 665.0,937.0,-1
3, 11, 715.0,867.0,-1
11, 3, 715.0,867.0,-1
3, 12, 654.0,887.0,1
12, 3, 654.0,887.0,1
3, 13, 851.0,1032.0,-1
13, 3, 851.0,1032.0,-1
3, 14, 515.0,590.0,-1
14, 3, 515.0,590.0,-1
3, 15, 77.0,98.0,1
15, 3, 77.0,98.0,1
3, 16, 837.0,1012.0,1
16, 3, 837.0,1012.0,1
3, 3, 0.0,0.0,1
4, 5, 896.0,1242.0,-1
5, 4, 896.0,1242.0,-1
4, 6, 769.0,1014.0,-1
6, 4, 769.0,1014.0,-1
4, 7, 730.0,1031.0,1
7, 4, 730.0,1031.0,1
4, 8, 843.0,1034.0,1
8, 4, 843.0,1034.0,1
4, 9, 412.0,428.0,-1
9, 4, 412.0,428.0,-1
4, 10, 754.0,758.0,1
10, 4, 754.0,758.0,1
4, 11, 278.0,341.0,1
11, 4, 278.0,341.0,1
4, 12, 578.0,708.0,-1
12, 4, 578.0,708.0,-1
4, 13, 605.0,854.0,1
13, 4, 605.0,854.0,1
4, 14, 340.0,412.0,1
14, 4, 340.0,412.0,1
4, 15, 553.0,770.0,-1
15, 4, 553.0,770.0,-1
4, 16, 390.0,435.0,-1
16, 4, 390.0,435.0,-1
4, 4, 0.0,0.0,1
5, 6, 808.0,849.0,-1
6, 5, 808.0,849.0,-1
5, 7, 224.0,236.0,1
7, 5, 224.0,236.0,1
5, 8, 285.0,345.0,-1
8, 5, 285.0,345.0,-1
5, 9, 1185.0,1669.0,-1
9, 5, 1185.0,1669.0,-1
5, 10, 500.0,508.0,-1
10, 5, 500.0,508.0,-1
5, 11, 1018.0,1437.0,-1
11, 5, 1018.0,1437.0,-1
5, 12, 673.0,834.0,-1
12, 5, 673.0,834.0,-1
5, 13, 943.0,1189.0,-1
13, 5, 943.0,1189.0,-1
5, 14, 713.0,996.0,-1
14, 5, 713.0,996.0,-1
5, 15, 430.0,472.0,-1
15, 5, 430.0,472.0,-1
5, 16, 1126.0,1581.0,-1
16, 5, 1126.0,1581.0,-1
5, 5, 0.0,0.0,1
6, 7, 839.0,1001.0,-1
7, 6, 839.0,1001.0,-1
6, 8, 542.0,641.0,-1
8, 6, 542.0,641.0,-1
6, 9, 727.0,820.0,-1
9, 6, 727.0,820.0,-1
6, 10, 312.0,358.0,-1
10, 6, 312.0,358.0,-1
6, 11, 633.0,674.0,-1
11, 6, 633.0,674.0,-1
6, 12, 218.0,307.0,-1
12, 6, 218.0,307.0,-1
6, 13, 266.0,340.0,1
13, 6, 266.0,340.0,1
6, 14, 439.0,603.0,-1
14, 6, 439.0,603.0,-1
6, 15, 854.0,1147.0,1
15, 6, 854.0,1147.0,1
6, 16, 660.0,732.0,-1
16, 6, 660.0,732.0,-1
6, 6, 0.0,0.0,1
7, 8, 411.0,581.0,1
8, 7, 411.0,581.0,1
7, 9, 1066.0,1459.0,-1
9, 7, 1066.0,1459.0,-1
7, 10, 563.0,744.0,1
10, 7, 563.0,744.0,1
7, 11, 897.0,1226.0,1
11, 7, 897.0,1226.0,1
7, 12, 659.0,694.0,-1
12, 7, 659.0,694.0,-1
7, 13, 912.0,978.0,-1
13, 7, 912.0,978.0,-1
7, 14, 622.0,785.0,-1
14, 7, 622.0,785.0,-1
7, 15, 212.0,261.0,1
15, 7, 212.0,261.0,1
7, 16, 1014.0,1370.0,1
16, 7, 1014.0,1370.0,1
7, 7, 0.0,0.0,1
8, 9, 1043.0,1461.0,-1
9, 8, 1043.0,1461.0,-1
8, 10, 232.0,284.0,-1
10, 8, 232.0,284.0,-1
8, 11, 887.0,1228.0,-1
11, 8, 887.0,1228.0,-1
8, 12, 450.0,625.0,-1
12, 8, 450.0,625.0,-1
8, 13, 717.0,981.0,-1
13, 8, 717.0,981.0,-1
8, 14, 572.0,787.0,1
14, 8, 572.0,787.0,1
8, 15, 547.0,727.0,-1
15, 8, 547.0,727.0,-1
8, 16, 977.0,1373.0,-1
16, 8, 977.0,1373.0,-1
8, 8, 0.0,0.0,1
9, 10, 872.0,1178.0,-1
10, 9, 872.0,1178.0,-1
9, 11, 169.0,233.0,1
11, 9, 169.0,233.0,1
9, 12, 631.0,836.0,-1
12, 9, 631.0,836.0,-1
9, 13, 470.0,481.0,-1
13, 9, 470.0,481.0,-1
9, 14, 477.0,674.0,1
14, 9, 477.0,674.0,1
9, 15, 925.0,1198.0,-1
15, 9, 925.0,1198.0,-1
9, 16, 69.0,89.0,1
16, 9, 69.0,89.0,1
9, 9, 0.0,0.0,1
10, 11, 731.0,945.0,-1
11, 10, 731.0,945.0,-1
10, 12, 245.0,342.0,-1
12, 10, 245.0,342.0,-1
10, 13, 498.0,698.0,-1
13, 10, 498.0,698.0,-1
10, 14, 433.0,504.0,-1
14, 10, 433.0,504.0,-1
10, 15, 630.0,890.0,1
15, 10, 630.0,890.0,1
10, 16, 804.0,1090.0,-1
16, 10, 804.0,1090.0,-1
10, 10, 0.0,0.0,1
11, 12, 500.0,603.0,-1
12, 11, 500.0,603.0,-1
11, 13, 403.0,514.0,-1
13, 11, 403.0,514.0,-1
11, 14, 316.0,441.0,-1
14, 11, 316.0,441.0,-1
11, 15, 760.0,965.0,1
15, 11, 760.0,965.0,1
11, 16, 123.0,145.0,-1
16, 11, 123.0,145.0,-1
11, 11, 0.0,0.0,1
12, 13, 272.0,356.0,-1
13, 12, 272.0,356.0,-1
12, 14, 239.0,297.0,1
14, 12, 239.0,297.0,1
12, 15, 647.0,840.0,-1
15, 12, 647.0,840.0,-1
12, 16, 563.0,748.0,1
16, 12, 563.0,748.0,1
12, 12, 0.0,0.0,1
13, 14, 341.0,442.0,-1
14, 13, 341.0,442.0,-1
13, 15, 862.0,986.0,1
15, 13, 862.0,986.0,1
13, 16, 406.0,419.0,-1
16, 13, 406.0,419.0,-1
13, 13, 0.0,0.0,1
14, 15, 534.0,544.0,1
15, 14, 534.0,544.0,1
14, 16, 415.0,586.0,-1
16, 14, 415.0,586.0,-1
14, 14, 0.0,0.0,1
15, 16, 881.0,1110.0,1
16, 15, 881.0,1110.0,1
15, 15, 0.0,0.0,1
16, 16, 0.0,0.0,1


<end>