<number of nodes>
16

<ratio of available edges>
0.3

<max length of the drone flight>
100000 

<D 2/3>
1, 2, 3, 4, 5, 9, 11, 13, 14, 15, 16

<V>
2, 5, 11, 14, 16

<coordinates X,Y>
935.8491821663531, 167.4527910883612
932.2843785808359, 963.4659544596128
144.3353890635428, 269.33040029094235
386.990205879847, 477.4859026085412
568.8034137681157, 371.880364695471
341.010414586315, 241.0104936435354
939.0940676031228, 24.874678950932086
825.1030221638094, 440.04575391350915
123.93138172404483, 224.8518172744695
274.4349684650895, 617.9865287153993
390.6192496064105, 672.2174960087146
646.822295886772, 810.2440764560424
434.03048220717614, 656.9878030507184
690.1649941684034, 383.8023678347148
51.811590056602924, 346.1115099697806
362.62908320369183, 290.08501233281294

<adjacency matrix with truck distances>
1, 2, 797.0,800.0,-1
2, 1, 797.0,800.0,-1
1, 3, 799.0,894.0,1
3, 1, 799.0,894.0,1
1, 4, 631.0,859.0,1
4, 1, 631.0,859.0,1
1, 5, 421.0,572.0,-1
5, 1, 421.0,572.0,-1
1, 6, 600.0,669.0,1
6, 1, 600.0,669.0,1
1, 7, 143.0,146.0,-1
7, 1, 143.0,146.0,-1
1, 8, 295.0,384.0,1
8, 1, 295.0,384.0,1
1, 9, 814.0,870.0,-1
9, 1, 814.0,870.0,-1
1, 10, 801.0,1112.0,-1
10, 1, 801.0,1112.0,-1
1, 11, 744.0,1050.0,-1
11, 1, 744.0,1050.0,-1
1, 12, 705.0,932.0,-1
12, 1, 705.0,932.0,-1
1, 13, 702.0,992.0,-1
13, 1, 702.0,992.0,-1
1, 14, 328.0,463.0,-1
14, 1, 328.0,463.0,-1
1, 15, 902.0,1063.0,-1
15, 1, 902.0,1063.0,-1
1, 16, 587.0,696.0,1
16, 1, 587.0,696.0,1
1, 1, 0.0,0.0,1
2, 3, 1051.0,1483.0,-1
3, 2, 1051.0,1483.0,-1
2, 4, 731.0,1032.0,1
4, 2, 731.0,1032.0,1
2, 5, 695.0,956.0,1
5, 2, 695.0,956.0,1
2, 6, 934.0,1314.0,-1
6, 2, 934.0,1314.0,-1
2, 7, 939.0,946.0,-1
7, 2, 939.0,946.0,-1
2, 8, 535.0,631.0,-1
8, 2, 535.0,631.0,-1
2, 9, 1095.0,1547.0,-1
9, 2, 1095.0,1547.0,-1
2, 10, 744.0,1004.0,1
10, 2, 744.0,1004.0,1
2, 11, 616.0,833.0,-1
11, 2, 616.0,833.0,-1
2, 12, 324.0,439.0,1
12, 2, 324.0,439.0,1
2, 13, 585.0,805.0,-1
13, 2, 585.0,805.0,-1
2, 14, 629.0,822.0,-1
14, 2, 629.0,822.0,-1
2, 15, 1076.0,1498.0,-1
15, 2, 1076.0,1498.0,-1
2, 16, 883.0,1244.0,-1
16, 2, 883.0,1244.0,-1
2, 2, 0.0,0.0,1
3, 4, 320.0,451.0,-1
4, 3, 320.0,451.0,-1
3, 5, 437.0,528.0,-1
5, 3, 437.0,528.0,-1
3, 6, 199.0,225.0,-1
6, 3, 199.0,225.0,-1
3, 7, 832.0,1040.0,1
7, 3, 832.0,1040.0,1
3, 8, 702.0,852.0,-1
8, 3, 702.0,852.0,-1
3, 9, 49.0,65.0,-1
9, 3, 49.0,65.0,-1
3, 10, 373.0,479.0,-1
10, 3, 373.0,479.0,-1
3, 11, 473.0,650.0,1
11, 3, 473.0,650.0,1
3, 12, 739.0,1044.0,-1
12, 3, 739.0,1044.0,-1
3, 13, 484.0,678.0,-1
13, 3, 484.0,678.0,-1
3, 14, 558.0,661.0,1
14, 3, 558.0,661.0,1
3, 15, 121.0,170.0,-1
15, 3, 121.0,170.0,-1
3, 16, 220.0,240.0,-1
16, 3, 220.0,240.0,-1
3, 3, 0.0,0.0,1
4, 5, 211.0,288.0,-1
5, 4, 211.0,288.0,-1
4, 6, 241.0,283.0,-1
6, 4, 241.0,283.0,-1
4, 7, 714.0,1005.0,-1
7, 4, 714.0,1005.0,-1
4, 8, 440.0,476.0,1
8, 4, 440.0,476.0,1
4, 9, 365.0,516.0,-1
9, 4, 365.0,516.0,-1
4, 10, 181.0,254.0,-1
10, 4, 181.0,254.0,-1
4, 11, 195.0,199.0,-1
11, 4, 195.0,199.0,-1
4, 12, 423.0,593.0,-1
12, 4, 423.0,593.0,-1
4, 13, 186.0,227.0,-1
13, 4, 186.0,227.0,-1
4, 14, 318.0,397.0,-1
14, 4, 318.0,397.0,-1
4, 15, 361.0,467.0,-1
15, 4, 361.0,467.0,-1
4, 16, 189.0,212.0,-1
16, 4, 189.0,212.0,-1
4, 4, 0.0,0.0,1
5, 6, 263.0,359.0,-1
6, 5, 263.0,359.0,-1
5, 7, 508.0,718.0,1
7, 5, 508.0,718.0,1
5, 8, 266.0,325.0,-1
8, 5, 266.0,325.0,-1
5, 9, 469.0,592.0,1
9, 5, 469.0,592.0,1
5, 10, 384.0,541.0,1
10, 5, 384.0,541.0,1
5, 11, 350.0,479.0,-1
11, 5, 350.0,479.0,-1
5, 12, 446.0,517.0,1
12, 5, 446.0,517.0,1
5, 13, 316.0,420.0,1
13, 5, 316.0,420.0,1
5, 14, 122.0,134.0,-1
14, 5, 122.0,134.0,-1
5, 15, 518.0,543.0,-1
15, 5, 518.0,543.0,-1
5, 16, 222.0,288.0,1
16, 5, 222.0,288.0,1
5, 5, 0.0,0.0,1
6, 7, 636.0,815.0,1
7, 6, 636.0,815.0,1
6, 8, 524.0,684.0,-1
8, 6, 524.0,684.0,-1
6, 9, 218.0,234.0,1
9, 6, 218.0,234.0,1
6, 10, 383.0,444.0,-1
10, 6, 383.0,444.0,-1
6, 11, 435.0,481.0,-1
11, 6, 435.0,481.0,-1
6, 12, 647.0,876.0,-1
12, 6, 647.0,876.0,-1
6, 13, 427.0,509.0,1
13, 6, 427.0,509.0,1
6, 14, 378.0,492.0,-1
14, 6, 378.0,492.0,-1
6, 15, 308.0,395.0,-1
15, 6, 308.0,395.0,-1
6, 16, 54.0,71.0,-1
16, 6, 54.0,71.0,-1
6, 6, 0.0,0.0,1
7, 8, 431.0,530.0,1
8, 7, 431.0,530.0,1
7, 9, 840.0,1016.0,-1
9, 7, 840.0,1016.0,-1
7, 10, 891.0,1258.0,-1
10, 7, 891.0,1258.0,-1
7, 11, 849.0,1196.0,-1
11, 7, 849.0,1196.0,-1
7, 12, 838.0,1078.0,-1
12, 7, 838.0,1078.0,-1
7, 13, 810.0,1138.0,-1
13, 7, 810.0,1138.0,-1
7, 14, 437.0,608.0,-1
14, 7, 437.0,608.0,-1
7, 15, 944.0,1209.0,-1
15, 7, 944.0,1209.0,-1
7, 16, 635.0,842.0,1
16, 7, 635.0,842.0,1
7, 7, 0.0,0.0,1
8, 9, 734.0,917.0,-1
9, 8, 734.0,917.0,-1
8, 10, 579.0,729.0,-1
10, 8, 579.0,729.0,-1
8, 11, 493.0,667.0,-1
11, 8, 493.0,667.0,-1
8, 12, 411.0,549.0,-1
12, 8, 411.0,549.0,-1
8, 13, 448.0,609.0,1
13, 8, 448.0,609.0,1
8, 14, 147.0,192.0,-1
14, 8, 147.0,192.0,-1
8, 15, 779.0,868.0,1
15, 8, 779.0,868.0,1
8, 16, 487.0,613.0,1
16, 8, 487.0,613.0,1
8, 8, 0.0,0.0,1
9, 10, 421.0,544.0,1
10, 9, 421.0,544.0,1
9, 11, 521.0,715.0,-1
11, 9, 521.0,715.0,-1
9, 12, 785.0,1109.0,1
12, 9, 785.0,1109.0,1
9, 13, 532.0,743.0,-1
13, 9, 532.0,743.0,-1
9, 14, 589.0,726.0,-1
14, 9, 589.0,726.0,-1
9, 15, 142.0,194.0,-1
15, 9, 142.0,194.0,-1
9, 16, 248.0,304.0,-1
16, 9, 248.0,304.0,-1
9, 9, 0.0,0.0,1
10, 11, 129.0,171.0,-1
11, 10, 129.0,171.0,-1
10, 12, 420.0,565.0,-1
12, 10, 420.0,565.0,-1
10, 13, 165.0,199.0,-1
13, 10, 165.0,199.0,-1
10, 14, 478.0,650.0,-1
14, 10, 478.0,650.0,-1
10, 15, 352.0,495.0,1
15, 10, 352.0,495.0,1
10, 16, 340.0,417.0,-1
16, 10, 340.0,417.0,-1
10, 10, 0.0,0.0,1
11, 12, 292.0,395.0,1
12, 11, 292.0,395.0,1
11, 13, 47.0,59.0,-1
13, 11, 47.0,59.0,-1
11, 14, 416.0,588.0,1
14, 11, 416.0,588.0,1
11, 15, 471.0,665.0,-1
15, 11, 471.0,665.0,-1
11, 16, 384.0,411.0,-1
16, 11, 384.0,411.0,-1
11, 11, 0.0,0.0,1
12, 13, 263.0,367.0,1
13, 12, 263.0,367.0,1
12, 14, 429.0,470.0,-1
14, 12, 429.0,470.0,-1
12, 15, 755.0,1060.0,1
15, 12, 755.0,1060.0,1
12, 16, 593.0,805.0,-1
16, 12, 593.0,805.0,-1
12, 12, 0.0,0.0,1
13, 14, 375.0,530.0,1
14, 13, 375.0,530.0,1
13, 15, 493.0,694.0,-1
15, 13, 493.0,694.0,-1
13, 16, 374.0,439.0,-1
16, 13, 374.0,439.0,-1
13, 13, 0.0,0.0,1
14, 15, 640.0,677.0,-1
15, 14, 640.0,677.0,-1
14, 16, 341.0,422.0,1
16, 14, 341.0,422.0,1
14, 14, 0.0,0.0,1
15, 16, 316.0,367.0,-1
16, 15, 316.0,367.0,-1
15, 15, 0.0,0.0,1
16, 16, 0.0,0.0,1


<end>