<number of nodes>
16

<ratio of available edges>
0.3

<max length of the drone flight>
100000 

<D 2/3>
1, 2, 3, 4, 7, 8, 9, 10, 11, 13, 15

<V>
2, 3, 8, 9, 11

<coordinates X,Y>
902.9260010569665, 837.2037611593449
541.3791866638823, 107.4575435796358
327.9590732491977, 244.38267374760142
391.8759848945374, 628.8038536171651
120.98427002334473, 515.5705691613842
745.7727814883959, 765.3989485599005
890.2731961752904, 186.052497621029
757.1019169669156, 348.3871888634108
940.1932704575954, 76.53709820686797
661.0739330682654, 762.8691167188276
306.15960852488575, 532.884465522299
671.303690116741, 812.4410647299646
741.3359304888137, 334.1249880502839
981.9404579039009, 215.06233107184747
674.0705633037213, 177.0305733408585
257.85552516389197, 542.0592338682181

<adjacency matrix with truck distances>
1, 2, 815.0,1092.0,-1
2, 1, 815.0,1092.0,-1
1, 3, 826.0,1168.0,-1
3, 1, 826.0,1168.0,-1
1, 4, 552.0,720.0,1
4, 1, 552.0,720.0,1
1, 5, 846.0,1104.0,1
5, 1, 846.0,1104.0,1
1, 6, 173.0,229.0,-1
6, 1, 173.0,229.0,-1
1, 7, 652.0,664.0,-1
7, 1, 652.0,664.0,-1
1, 8, 511.0,635.0,1
8, 1, 511.0,635.0,1
1, 9, 762.0,798.0,-1
9, 1, 762.0,798.0,-1
1, 10, 254.0,317.0,1
10, 1, 254.0,317.0,1
1, 11, 670.0,902.0,-1
11, 1, 670.0,902.0,-1
1, 12, 233.0,257.0,-1
12, 1, 233.0,257.0,-1
1, 13, 529.0,665.0,-1
13, 1, 529.0,665.0,-1
1, 14, 628.0,702.0,-1
14, 1, 628.0,702.0,-1
1, 15, 699.0,890.0,-1
15, 1, 699.0,890.0,-1
1, 16, 710.0,941.0,1
16, 1, 710.0,941.0,1
1, 1, 0.0,0.0,1
2, 3, 254.0,351.0,1
3, 2, 254.0,351.0,1
2, 4, 543.0,671.0,-1
4, 2, 543.0,671.0,-1
2, 5, 586.0,829.0,1
5, 2, 586.0,829.0,1
2, 6, 689.0,863.0,-1
6, 2, 689.0,863.0,-1
2, 7, 358.0,428.0,-1
7, 2, 358.0,428.0,-1
2, 8, 324.0,457.0,-1
8, 2, 324.0,457.0,-1
2, 9, 401.0,430.0,1
9, 2, 401.0,430.0,1
2, 10, 667.0,776.0,-1
10, 2, 667.0,776.0,-1
2, 11, 487.0,661.0,-1
11, 2, 487.0,661.0,-1
2, 12, 717.0,835.0,1
12, 2, 717.0,835.0,1
2, 13, 303.0,427.0,1
13, 2, 303.0,427.0,1
2, 14, 454.0,549.0,-1
14, 2, 454.0,549.0,-1
2, 15, 150.0,203.0,1
15, 2, 150.0,203.0,1
2, 16, 519.0,719.0,-1
16, 2, 519.0,719.0,-1
2, 2, 0.0,0.0,1
3, 4, 390.0,449.0,1
4, 3, 390.0,449.0,1
3, 5, 342.0,479.0,-1
5, 3, 342.0,479.0,-1
3, 6, 668.0,939.0,-1
6, 3, 668.0,939.0,-1
3, 7, 566.0,621.0,-1
7, 3, 566.0,621.0,-1
3, 8, 442.0,534.0,-1
8, 3, 442.0,534.0,-1
3, 9, 635.0,781.0,1
9, 3, 635.0,781.0,1
3, 10, 617.0,852.0,-1
10, 3, 617.0,852.0,-1
3, 11, 290.0,311.0,-1
11, 3, 290.0,311.0,-1
3, 12, 664.0,912.0,-1
12, 3, 664.0,912.0,-1
3, 13, 424.0,504.0,-1
13, 3, 424.0,504.0,-1
3, 14, 655.0,684.0,-1
14, 3, 655.0,684.0,-1
3, 15, 353.0,414.0,-1
15, 3, 353.0,414.0,-1
3, 16, 306.0,368.0,-1
16, 3, 306.0,368.0,-1
3, 3, 0.0,0.0,1
4, 5, 294.0,385.0,1
5, 4, 294.0,385.0,1
4, 6, 380.0,491.0,1
6, 4, 380.0,491.0,1
4, 7, 667.0,942.0,1
7, 4, 667.0,942.0,1
4, 8, 461.0,646.0,-1
8, 4, 461.0,646.0,-1
4, 9, 779.0,1101.0,-1
9, 4, 779.0,1101.0,-1
4, 10, 301.0,404.0,-1
10, 4, 301.0,404.0,-1
4, 11, 129.0,182.0,-1
11, 4, 129.0,182.0,-1
4, 12, 335.0,464.0,-1
12, 4, 335.0,464.0,-1
4, 13, 458.0,645.0,-1
13, 4, 458.0,645.0,-1
4, 14, 721.0,1004.0,1
14, 4, 721.0,1004.0,1
4, 15, 533.0,734.0,1
15, 4, 533.0,734.0,1
4, 16, 160.0,221.0,1
16, 4, 160.0,221.0,1
4, 4, 0.0,0.0,1
5, 6, 673.0,875.0,-1
6, 5, 673.0,875.0,-1
5, 7, 837.0,1099.0,-1
7, 5, 837.0,1099.0,-1
5, 8, 658.0,804.0,-1
8, 5, 658.0,804.0,-1
5, 9, 930.0,1259.0,-1
9, 5, 930.0,1259.0,-1
5, 10, 595.0,788.0,1
10, 5, 595.0,788.0,1
5, 11, 186.0,203.0,-1
11, 5, 186.0,203.0,-1
5, 12, 626.0,848.0,-1
12, 5, 626.0,848.0,-1
5, 13, 647.0,802.0,-1
13, 5, 647.0,802.0,-1
5, 14, 912.0,1162.0,-1
14, 5, 912.0,1162.0,-1
5, 15, 649.0,892.0,-1
15, 5, 649.0,892.0,-1
5, 16, 140.0,164.0,-1
16, 5, 140.0,164.0,-1
5, 5, 0.0,0.0,1
6, 7, 598.0,724.0,-1
7, 6, 598.0,724.0,-1
6, 8, 418.0,429.0,1
8, 6, 418.0,429.0,1
6, 9, 716.0,884.0,1
9, 6, 716.0,884.0,1
6, 10, 85.0,88.0,-1
10, 6, 85.0,88.0,-1
6, 11, 498.0,673.0,-1
11, 6, 498.0,673.0,-1
6, 12, 89.0,122.0,1
12, 6, 89.0,122.0,1
6, 13, 432.0,436.0,-1
13, 6, 432.0,436.0,-1
6, 14, 599.0,787.0,-1
14, 6, 599.0,787.0,-1
6, 15, 593.0,661.0,1
15, 6, 593.0,661.0,1
6, 16, 537.0,712.0,-1
16, 6, 537.0,712.0,-1
6, 6, 0.0,0.0,1
7, 8, 210.0,296.0,1
8, 7, 210.0,296.0,1
7, 9, 121.0,160.0,-1
9, 7, 121.0,160.0,-1
7, 10, 621.0,807.0,-1
10, 7, 621.0,807.0,-1
7, 11, 680.0,931.0,1
11, 7, 680.0,931.0,1
7, 12, 664.0,846.0,-1
12, 7, 664.0,846.0,-1
7, 13, 211.0,298.0,-1
13, 7, 211.0,298.0,-1
7, 14, 97.0,121.0,-1
14, 7, 97.0,121.0,-1
7, 15, 217.0,226.0,-1
15, 7, 217.0,226.0,-1
7, 16, 726.0,989.0,-1
16, 7, 726.0,989.0,-1
7, 7, 0.0,0.0,1
8, 9, 328.0,455.0,-1
9, 8, 328.0,455.0,-1
8, 10, 426.0,511.0,-1
10, 8, 426.0,511.0,-1
8, 11, 488.0,636.0,1
11, 8, 488.0,636.0,1
8, 12, 472.0,550.0,1
12, 8, 472.0,550.0,1
8, 13, 22.0,31.0,-1
13, 8, 22.0,31.0,-1
8, 14, 262.0,359.0,-1
14, 8, 262.0,359.0,-1
8, 15, 191.0,255.0,-1
15, 8, 191.0,255.0,-1
8, 16, 536.0,693.0,1
16, 8, 536.0,693.0,1
8, 8, 0.0,0.0,1
9, 10, 741.0,966.0,-1
10, 9, 741.0,966.0,-1
9, 11, 782.0,1091.0,-1
11, 9, 782.0,1091.0,-1
9, 12, 784.0,1005.0,-1
12, 9, 784.0,1005.0,-1
9, 13, 326.0,457.0,-1
13, 9, 326.0,457.0,-1
9, 14, 145.0,181.0,-1
14, 9, 145.0,181.0,-1
9, 15, 285.0,367.0,-1
15, 9, 285.0,367.0,-1
9, 16, 827.0,1148.0,1
16, 9, 827.0,1148.0,1
9, 9, 0.0,0.0,1
10, 11, 423.0,585.0,-1
11, 10, 423.0,585.0,-1
10, 12, 51.0,60.0,-1
12, 10, 51.0,60.0,-1
10, 13, 437.0,510.0,-1
13, 10, 437.0,510.0,-1
10, 14, 635.0,869.0,-1
14, 10, 635.0,869.0,-1
10, 15, 586.0,599.0,-1
15, 10, 586.0,599.0,-1
10, 16, 460.0,625.0,-1
16, 10, 460.0,625.0,-1
10, 10, 0.0,0.0,1
11, 12, 460.0,645.0,-1
12, 11, 460.0,645.0,-1
11, 13, 479.0,634.0,-1
13, 11, 479.0,634.0,-1
11, 14, 747.0,994.0,-1
14, 11, 747.0,994.0,-1
11, 15, 512.0,724.0,-1
15, 11, 512.0,724.0,-1
11, 16, 50.0,58.0,1
16, 11, 50.0,58.0,1
11, 11, 0.0,0.0,1
12, 13, 484.0,549.0,1
13, 12, 484.0,549.0,1
12, 14, 674.0,909.0,1
14, 12, 674.0,909.0,1
12, 15, 636.0,639.0,1
15, 12, 636.0,639.0,1
12, 16, 495.0,684.0,-1
16, 12, 495.0,684.0,-1
12, 12, 0.0,0.0,1
13, 14, 269.0,360.0,-1
14, 13, 269.0,360.0,-1
13, 15, 171.0,225.0,1
15, 13, 171.0,225.0,1
13, 16, 527.0,692.0,-1
16, 13, 527.0,692.0,-1
13, 13, 0.0,0.0,1
14, 15, 311.0,346.0,-1
15, 14, 311.0,346.0,-1
14, 16, 795.0,1052.0,-1
16, 14, 795.0,1052.0,-1
14, 14, 0.0,0.0,1
15, 16, 554.0,782.0,1
16, 15, 554.0,782.0,1
15, 15, 0.0,0.0,1
16, 16, 0.0,0.0,1


<end>