<number of nodes>
16

<ratio of available edges>
0.3

<max length of the drone flight>
100000 

<D 2/3>
1, 3, 4, 6, 8, 9, 10, 11, 13, 15, 16

<V>
6, 8, 10, 11, 15

<coordinates X,Y>
116.93180824299844, 465.37342667097965
742.293994158617, 895.4695854186132
8.78080960737899, 820.3133435417874
965.060004576047, 563.2218013378273
164.25652831397753, 916.1103445547595
212.43568945434689, 40.87746248004445
694.7001624881897, 301.7327129434483
852.0585080424112, 141.8493735372362
985.613749706435, 223.59386533824377
808.8458574182946, 823.1403518888085
401.3381599603779, 362.0960114368335
335.8759335257384, 815.1846651109043
664.2881614601521, 93.55188940794449
401.912913058494, 337.2300940140512
51.089469472116285, 539.6554175262114
202.07750695068128, 880.1352119960358

<adjacency matrix with truck distances>
1, 2, 759.0,1056.0,-1
2, 1, 759.0,1056.0,-1
1, 3, 372.0,464.0,-1
3, 1, 372.0,464.0,-1
1, 4, 854.0,946.0,1
4, 1, 854.0,946.0,1
1, 5, 454.0,499.0,-1
5, 1, 454.0,499.0,-1
1, 6, 436.0,520.0,1
6, 1, 436.0,520.0,1
1, 7, 601.0,742.0,-1
7, 1, 601.0,742.0,-1
1, 8, 804.0,1059.0,1
8, 1, 804.0,1059.0,1
1, 9, 902.0,1111.0,-1
9, 1, 902.0,1111.0,-1
1, 10, 779.0,1050.0,-1
10, 1, 779.0,1050.0,-1
1, 11, 303.0,388.0,1
11, 1, 303.0,388.0,1
1, 12, 413.0,569.0,-1
12, 1, 413.0,569.0,-1
1, 13, 662.0,920.0,-1
13, 1, 662.0,920.0,-1
1, 14, 313.0,414.0,1
14, 1, 313.0,414.0,1
1, 15, 100.0,141.0,-1
15, 1, 100.0,141.0,-1
1, 16, 424.0,500.0,1
16, 1, 424.0,500.0,1
1, 1, 0.0,0.0,1
2, 3, 738.0,809.0,-1
3, 2, 738.0,809.0,-1
2, 4, 401.0,556.0,-1
4, 2, 401.0,556.0,-1
2, 5, 579.0,599.0,-1
5, 2, 579.0,599.0,-1
2, 6, 1006.0,1385.0,-1
6, 2, 1006.0,1385.0,-1
2, 7, 596.0,642.0,1
7, 2, 596.0,642.0,1
2, 8, 762.0,864.0,1
8, 2, 762.0,864.0,1
2, 9, 715.0,916.0,-1
9, 2, 715.0,916.0,-1
2, 10, 99.0,139.0,-1
10, 2, 99.0,139.0,-1
2, 11, 634.0,875.0,-1
11, 2, 634.0,875.0,-1
2, 12, 415.0,487.0,-1
12, 2, 415.0,487.0,-1
2, 13, 806.0,880.0,-1
13, 2, 806.0,880.0,-1
2, 14, 654.0,899.0,-1
14, 2, 654.0,899.0,-1
2, 15, 778.0,1048.0,-1
15, 2, 778.0,1048.0,-1
2, 16, 541.0,556.0,-1
16, 2, 541.0,556.0,-1
2, 2, 0.0,0.0,1
3, 4, 991.0,1214.0,-1
4, 3, 991.0,1214.0,-1
3, 5, 183.0,252.0,-1
5, 3, 183.0,252.0,-1
3, 6, 806.0,984.0,-1
6, 3, 806.0,984.0,-1
3, 7, 860.0,1205.0,-1
7, 3, 860.0,1205.0,-1
3, 8, 1083.0,1522.0,-1
8, 3, 1083.0,1522.0,-1
3, 9, 1145.0,1574.0,-1
9, 3, 1145.0,1574.0,-1
3, 10, 801.0,803.0,-1
10, 3, 801.0,803.0,-1
3, 11, 604.0,851.0,1
11, 3, 604.0,851.0,1
3, 12, 328.0,333.0,1
12, 3, 328.0,333.0,1
3, 13, 979.0,1383.0,-1
13, 3, 979.0,1383.0,-1
3, 14, 623.0,877.0,-1
14, 3, 623.0,877.0,-1
3, 15, 284.0,323.0,1
15, 3, 284.0,323.0,1
3, 16, 203.0,254.0,-1
16, 3, 203.0,254.0,-1
3, 3, 0.0,0.0,1
4, 5, 876.0,1154.0,-1
5, 4, 876.0,1154.0,-1
4, 6, 917.0,1275.0,-1
6, 4, 917.0,1275.0,-1
4, 7, 377.0,532.0,-1
7, 4, 377.0,532.0,-1
4, 8, 437.0,535.0,-1
8, 4, 437.0,535.0,-1
4, 9, 341.0,361.0,-1
9, 4, 341.0,361.0,-1
4, 10, 304.0,417.0,-1
10, 4, 304.0,417.0,-1
4, 11, 599.0,765.0,-1
11, 4, 599.0,765.0,-1
4, 12, 678.0,882.0,1
12, 4, 678.0,882.0,1
4, 13, 558.0,771.0,1
13, 4, 558.0,771.0,1
4, 14, 607.0,790.0,1
14, 4, 607.0,790.0,1
4, 15, 915.0,938.0,-1
15, 4, 915.0,938.0,-1
4, 16, 827.0,1080.0,1
16, 4, 827.0,1080.0,1
4, 4, 0.0,0.0,1
5, 6, 877.0,924.0,-1
6, 5, 877.0,924.0,-1
5, 7, 812.0,1145.0,1
7, 5, 812.0,1145.0,1
5, 8, 1036.0,1463.0,-1
8, 5, 1036.0,1463.0,-1
5, 9, 1075.0,1514.0,1
9, 5, 1075.0,1514.0,1
5, 10, 652.0,738.0,-1
10, 5, 652.0,738.0,-1
5, 11, 603.0,792.0,1
11, 5, 603.0,792.0,1
5, 12, 200.0,273.0,1
12, 5, 200.0,273.0,1
5, 13, 963.0,1323.0,1
13, 5, 963.0,1323.0,1
5, 14, 626.0,817.0,-1
14, 5, 626.0,817.0,-1
5, 15, 394.0,490.0,-1
15, 5, 394.0,490.0,-1
5, 16, 53.0,74.0,-1
16, 5, 53.0,74.0,-1
5, 5, 0.0,0.0,1
6, 7, 549.0,744.0,1
7, 6, 549.0,744.0,1
6, 8, 648.0,741.0,1
8, 6, 648.0,741.0,1
6, 9, 795.0,956.0,-1
9, 6, 795.0,956.0,-1
6, 10, 984.0,1379.0,-1
10, 6, 984.0,1379.0,-1
6, 11, 373.0,511.0,-1
11, 6, 373.0,511.0,-1
6, 12, 785.0,898.0,-1
12, 6, 785.0,898.0,-1
6, 13, 455.0,505.0,-1
13, 6, 455.0,505.0,-1
6, 14, 352.0,486.0,-1
14, 6, 352.0,486.0,-1
6, 15, 525.0,661.0,1
15, 6, 525.0,661.0,1
6, 16, 840.0,850.0,-1
16, 6, 840.0,850.0,-1
6, 6, 0.0,0.0,1
7, 8, 225.0,318.0,-1
8, 7, 225.0,318.0,-1
7, 9, 302.0,370.0,-1
9, 7, 302.0,370.0,-1
7, 10, 534.0,636.0,-1
10, 7, 534.0,636.0,-1
7, 11, 300.0,354.0,-1
11, 7, 300.0,354.0,-1
7, 12, 627.0,873.0,1
12, 7, 627.0,873.0,1
7, 13, 211.0,239.0,-1
13, 7, 211.0,239.0,-1
7, 14, 295.0,329.0,-1
14, 7, 295.0,329.0,-1
7, 15, 687.0,882.0,-1
15, 7, 687.0,882.0,-1
7, 16, 760.0,1072.0,1
16, 7, 760.0,1072.0,1
7, 7, 0.0,0.0,1
8, 9, 157.0,216.0,1
9, 8, 157.0,216.0,1
8, 10, 683.0,725.0,-1
10, 8, 683.0,725.0,-1
8, 11, 502.0,671.0,1
11, 8, 502.0,671.0,1
8, 12, 849.0,1190.0,-1
12, 8, 849.0,1190.0,-1
8, 13, 194.0,237.0,-1
13, 8, 194.0,237.0,-1
8, 14, 491.0,646.0,-1
14, 8, 491.0,646.0,-1
8, 15, 895.0,1199.0,-1
15, 8, 895.0,1199.0,-1
8, 16, 984.0,1389.0,-1
16, 8, 984.0,1389.0,-1
8, 8, 0.0,0.0,1
9, 10, 626.0,777.0,1
10, 9, 626.0,777.0,1
9, 11, 601.0,723.0,-1
11, 9, 601.0,723.0,-1
9, 12, 879.0,1242.0,1
12, 9, 879.0,1242.0,1
9, 13, 347.0,452.0,-1
13, 9, 347.0,452.0,-1
9, 14, 595.0,698.0,-1
14, 9, 595.0,698.0,-1
9, 15, 987.0,1251.0,-1
15, 9, 987.0,1251.0,-1
9, 16, 1023.0,1441.0,-1
16, 9, 1023.0,1441.0,-1
9, 9, 0.0,0.0,1
10, 11, 616.0,869.0,-1
11, 10, 616.0,869.0,-1
10, 12, 474.0,481.0,-1
12, 10, 474.0,481.0,-1
10, 13, 744.0,875.0,-1
13, 10, 744.0,875.0,-1
10, 14, 634.0,893.0,-1
14, 10, 634.0,893.0,-1
10, 15, 810.0,1042.0,1
15, 10, 810.0,1042.0,1
10, 16, 610.0,664.0,1
16, 10, 610.0,664.0,1
10, 10, 0.0,0.0,1
11, 12, 458.0,519.0,-1
12, 11, 458.0,519.0,-1
11, 13, 376.0,532.0,1
13, 11, 376.0,532.0,1
11, 14, 25.0,26.0,-1
14, 11, 25.0,26.0,-1
11, 15, 393.0,528.0,1
15, 11, 393.0,528.0,1
11, 16, 556.0,718.0,-1
16, 11, 556.0,718.0,-1
11, 11, 0.0,0.0,1
12, 13, 793.0,1051.0,-1
13, 12, 793.0,1051.0,-1
12, 14, 483.0,544.0,-1
14, 12, 483.0,544.0,-1
12, 15, 397.0,561.0,-1
15, 12, 397.0,561.0,-1
12, 16, 149.0,199.0,-1
16, 12, 149.0,199.0,-1
12, 12, 0.0,0.0,1
13, 14, 359.0,507.0,-1
14, 13, 359.0,507.0,-1
13, 15, 759.0,1060.0,1
15, 13, 759.0,1060.0,1
13, 16, 913.0,1249.0,-1
16, 13, 913.0,1249.0,-1
13, 13, 0.0,0.0,1
14, 15, 406.0,554.0,1
15, 14, 406.0,554.0,1
14, 16, 579.0,743.0,1
16, 14, 579.0,743.0,1
14, 14, 0.0,0.0,1
15, 16, 373.0,492.0,-1
16, 15, 373.0,492.0,-1
15, 15, 0.0,0.0,1
16, 16, 0.0,0.0,1


<end>