<number of nodes>
16

<ratio of available edges>
0.3

<max length of the drone flight>
100000 

<D 2/3>
1, 2, 3, 4, 6, 9, 10, 11, 12, 14, 15

<V>
6, 9, 11, 12, 14

<coordinates X,Y>
435.48927201103976, 774.6825602703798
821.1061404360152, 939.714886620804
504.0073577860755, 464.2784627651534
739.1292506935567, 553.0284924848319
482.5894049047383, 164.54881675965595
962.1238219381067, 574.5351238846437
820.042028332542, 141.07553958672656
17.335995881215418, 542.7228951608928
107.92192390955692, 379.1223617274545
948.0545969432866, 536.5267940127953
986.681928691659, 902.7471488408562
324.100720634088, 767.9867226496501
554.6525315354478, 201.97821476610386
819.0236379330848, 395.97558678700045
402.7331433554067, 568.7843498690827
770.7715697693869, 346.53062134987124

<adjacency matrix with truck distances>
1, 2, 420.0,551.0,-1
2, 1, 420.0,551.0,-1
1, 3, 318.0,379.0,-1
3, 1, 318.0,379.0,-1
1, 4, 376.0,526.0,1
4, 1, 376.0,526.0,1
1, 5, 612.0,658.0,-1
5, 1, 612.0,658.0,-1
1, 6, 564.0,727.0,-1
6, 1, 564.0,727.0,-1
1, 7, 742.0,1019.0,-1
7, 1, 742.0,1019.0,-1
1, 8, 479.0,651.0,-1
8, 1, 479.0,651.0,-1
1, 9, 514.0,724.0,1
9, 1, 514.0,724.0,1
1, 10, 566.0,751.0,-1
10, 1, 566.0,751.0,-1
1, 11, 566.0,680.0,-1
11, 1, 566.0,680.0,-1
1, 12, 112.0,119.0,1
12, 1, 112.0,119.0,1
1, 13, 585.0,692.0,1
13, 1, 585.0,692.0,1
1, 14, 539.0,763.0,-1
14, 1, 539.0,763.0,-1
1, 15, 209.0,239.0,1
15, 1, 209.0,239.0,1
1, 16, 544.0,764.0,-1
16, 1, 544.0,764.0,-1
1, 1, 0.0,0.0,1
2, 3, 572.0,793.0,-1
3, 2, 572.0,793.0,-1
2, 4, 396.0,469.0,-1
4, 2, 396.0,469.0,-1
2, 5, 846.0,1114.0,1
5, 2, 846.0,1114.0,1
2, 6, 392.0,507.0,-1
6, 2, 392.0,507.0,-1
2, 7, 799.0,800.0,-1
7, 2, 799.0,800.0,-1
2, 8, 897.0,1201.0,-1
8, 2, 897.0,1201.0,-1
2, 9, 908.0,1274.0,-1
9, 2, 908.0,1274.0,-1
2, 10, 423.0,531.0,1
10, 2, 423.0,531.0,1
2, 11, 170.0,203.0,-1
11, 2, 170.0,203.0,-1
2, 12, 526.0,669.0,-1
12, 2, 526.0,669.0,-1
2, 13, 785.0,1005.0,1
13, 2, 785.0,1005.0,1
2, 14, 544.0,546.0,-1
14, 2, 544.0,546.0,-1
2, 15, 560.0,790.0,-1
15, 2, 560.0,790.0,-1
2, 16, 596.0,644.0,-1
16, 2, 596.0,644.0,-1
2, 2, 0.0,0.0,1
3, 4, 252.0,324.0,-1
4, 3, 252.0,324.0,-1
3, 5, 301.0,322.0,-1
5, 3, 301.0,322.0,-1
3, 6, 472.0,569.0,-1
6, 3, 472.0,569.0,-1
3, 7, 453.0,640.0,-1
7, 3, 453.0,640.0,-1
3, 8, 493.0,566.0,-1
8, 3, 493.0,566.0,-1
3, 9, 406.0,482.0,-1
9, 3, 406.0,482.0,-1
3, 10, 450.0,517.0,-1
10, 3, 450.0,517.0,-1
3, 11, 653.0,922.0,1
11, 3, 653.0,922.0,1
3, 12, 353.0,484.0,-1
12, 3, 353.0,484.0,-1
3, 13, 268.0,313.0,1
13, 3, 268.0,313.0,1
3, 14, 323.0,384.0,-1
14, 3, 323.0,384.0,-1
3, 15, 146.0,206.0,-1
15, 3, 146.0,206.0,-1
3, 16, 292.0,385.0,-1
16, 3, 292.0,385.0,-1
3, 3, 0.0,0.0,1
4, 5, 466.0,646.0,1
5, 4, 466.0,646.0,1
4, 6, 225.0,245.0,-1
6, 4, 225.0,245.0,-1
4, 7, 420.0,493.0,-1
7, 4, 420.0,493.0,-1
4, 8, 722.0,733.0,-1
8, 4, 722.0,733.0,-1
4, 9, 655.0,806.0,1
9, 4, 655.0,806.0,1
4, 10, 210.0,226.0,-1
10, 4, 210.0,226.0,-1
4, 11, 429.0,598.0,-1
11, 4, 429.0,598.0,-1
4, 12, 468.0,630.0,-1
12, 4, 468.0,630.0,-1
4, 13, 397.0,536.0,-1
13, 4, 397.0,536.0,-1
4, 14, 177.0,237.0,1
14, 4, 177.0,237.0,1
4, 15, 337.0,353.0,-1
15, 4, 337.0,353.0,-1
4, 16, 209.0,239.0,-1
16, 4, 209.0,239.0,-1
4, 4, 0.0,0.0,1
5, 6, 631.0,890.0,1
6, 5, 631.0,890.0,1
5, 7, 339.0,361.0,-1
7, 5, 339.0,361.0,-1
5, 8, 600.0,844.0,-1
8, 5, 600.0,844.0,-1
5, 9, 432.0,590.0,-1
9, 5, 432.0,590.0,-1
5, 10, 596.0,838.0,-1
10, 5, 596.0,838.0,-1
5, 11, 894.0,1243.0,1
11, 5, 894.0,1243.0,1
5, 12, 624.0,762.0,-1
12, 5, 624.0,762.0,-1
5, 13, 82.0,110.0,-1
13, 5, 82.0,110.0,-1
5, 14, 409.0,568.0,-1
14, 5, 409.0,568.0,-1
5, 15, 413.0,485.0,1
15, 5, 413.0,485.0,1
5, 16, 341.0,471.0,-1
16, 5, 341.0,471.0,-1
5, 5, 0.0,0.0,1
6, 7, 457.0,576.0,-1
7, 6, 457.0,576.0,-1
6, 8, 946.0,977.0,-1
8, 6, 946.0,977.0,-1
6, 9, 877.0,1050.0,-1
9, 6, 877.0,1050.0,-1
6, 10, 41.0,53.0,-1
10, 6, 41.0,53.0,-1
6, 11, 330.0,353.0,-1
11, 6, 330.0,353.0,-1
6, 12, 667.0,832.0,-1
12, 6, 667.0,832.0,-1
6, 13, 553.0,781.0,1
13, 6, 553.0,781.0,1
6, 14, 229.0,322.0,-1
14, 6, 229.0,322.0,-1
6, 15, 560.0,566.0,1
15, 6, 560.0,566.0,1
6, 16, 298.0,420.0,-1
16, 6, 298.0,420.0,-1
6, 6, 0.0,0.0,1
7, 8, 898.0,1205.0,1
8, 7, 898.0,1205.0,1
7, 9, 751.0,951.0,-1
9, 7, 751.0,951.0,-1
7, 10, 416.0,524.0,1
10, 7, 416.0,524.0,1
7, 11, 780.0,929.0,-1
11, 7, 780.0,929.0,-1
7, 12, 800.0,1123.0,1
12, 7, 800.0,1123.0,1
7, 13, 273.0,327.0,-1
13, 7, 273.0,327.0,-1
7, 14, 255.0,256.0,-1
14, 7, 255.0,256.0,-1
7, 15, 598.0,846.0,-1
15, 7, 598.0,846.0,-1
7, 16, 212.0,255.0,-1
16, 7, 212.0,255.0,-1
7, 7, 0.0,0.0,1
8, 9, 188.0,255.0,1
9, 8, 188.0,255.0,1
8, 10, 931.0,937.0,-1
10, 8, 931.0,937.0,-1
8, 11, 1035.0,1330.0,1
11, 8, 1035.0,1330.0,1
8, 12, 381.0,533.0,1
12, 8, 381.0,533.0,1
8, 13, 637.0,879.0,-1
13, 8, 637.0,879.0,-1
8, 14, 816.0,949.0,1
14, 8, 816.0,949.0,1
8, 15, 387.0,412.0,-1
15, 8, 387.0,412.0,-1
8, 16, 779.0,950.0,1
16, 8, 779.0,950.0,1
8, 8, 0.0,0.0,1
9, 10, 855.0,998.0,-1
10, 9, 855.0,998.0,-1
9, 11, 1023.0,1403.0,-1
11, 9, 1023.0,1403.0,-1
9, 12, 445.0,606.0,1
12, 9, 445.0,606.0,1
9, 13, 481.0,624.0,-1
13, 9, 481.0,624.0,-1
9, 14, 712.0,728.0,1
14, 9, 712.0,728.0,1
9, 15, 351.0,485.0,-1
15, 9, 351.0,485.0,-1
9, 16, 664.0,696.0,-1
16, 9, 664.0,696.0,-1
9, 9, 0.0,0.0,1
10, 11, 369.0,405.0,1
11, 10, 369.0,405.0,1
10, 12, 666.0,856.0,-1
12, 10, 666.0,856.0,-1
10, 13, 517.0,728.0,-1
13, 10, 517.0,728.0,-1
10, 14, 191.0,270.0,-1
14, 10, 191.0,270.0,-1
10, 15, 547.0,578.0,-1
15, 10, 547.0,578.0,-1
10, 16, 260.0,368.0,1
16, 10, 260.0,368.0,1
10, 10, 0.0,0.0,1
11, 12, 677.0,798.0,1
12, 11, 677.0,798.0,1
11, 13, 824.0,1133.0,-1
13, 11, 824.0,1133.0,-1
11, 14, 534.0,675.0,1
14, 11, 534.0,675.0,1
11, 15, 673.0,918.0,-1
15, 11, 673.0,918.0,-1
11, 16, 597.0,773.0,1
16, 11, 597.0,773.0,1
11, 11, 0.0,0.0,1
12, 13, 612.0,797.0,-1
13, 12, 612.0,797.0,-1
12, 14, 620.0,867.0,1
14, 12, 620.0,867.0,1
12, 15, 215.0,278.0,-1
15, 12, 215.0,278.0,-1
12, 16, 615.0,869.0,-1
16, 12, 615.0,869.0,-1
12, 12, 0.0,0.0,1
13, 14, 328.0,459.0,1
14, 13, 328.0,459.0,1
13, 15, 398.0,519.0,1
15, 13, 398.0,519.0,1
13, 16, 261.0,361.0,-1
16, 13, 261.0,361.0,-1
13, 13, 0.0,0.0,1
14, 15, 451.0,590.0,-1
15, 14, 451.0,590.0,-1
14, 16, 70.0,98.0,-1
16, 14, 70.0,98.0,-1
14, 14, 0.0,0.0,1
15, 16, 430.0,591.0,-1
16, 15, 430.0,591.0,-1
15, 15, 0.0,0.0,1
16, 16, 0.0,0.0,1


<end>