<number of nodes>
16

<ratio of available edges>
0.3

<max length of the drone flight>
100000 

<D 2/3>
1, 3, 4, 6, 7, 8, 9, 10, 12, 14, 16

<V>
3, 6, 10, 12, 16

<coordinates X,Y>
553.8205961962328, 374.6864991631828
794.2338052405463, 987.5846203644628
612.8250931110109, 316.3532905757666
792.849856165758, 385.2601613053918
901.3423080881283, 797.7771565290589
589.4833034693755, 519.8171774357608
123.58708120937712, 696.3849381874404
131.60446243423698, 806.6442751023335
43.06663497323092, 596.2435883202472
733.2020240269165, 400.79594182545856
974.4570728765144, 496.96894882748694
539.5403198446769, 484.36055905036307
608.9246269351542, 540.2356956383713
605.5766272208574, 966.3132683734099
616.2904422948462, 544.5932424823213
917.965071577633, 927.3873910763082

<adjacency matrix with truck distances>
1, 2, 659.0,854.0,-1
2, 1, 659.0,854.0,-1
1, 3, 83.0,118.0,-1
3, 1, 83.0,118.0,-1
1, 4, 240.0,250.0,1
4, 1, 240.0,250.0,1
1, 5, 548.0,771.0,1
5, 1, 548.0,771.0,1
1, 6, 150.0,181.0,1
6, 1, 150.0,181.0,1
1, 7, 538.0,752.0,1
7, 1, 538.0,752.0,1
1, 8, 605.0,855.0,-1
8, 1, 605.0,855.0,-1
1, 9, 557.0,733.0,-1
9, 1, 557.0,733.0,-1
1, 10, 182.0,206.0,-1
10, 1, 182.0,206.0,-1
1, 11, 439.0,543.0,-1
11, 1, 439.0,543.0,-1
1, 12, 111.0,124.0,1
12, 1, 111.0,124.0,1
1, 13, 175.0,221.0,-1
13, 1, 175.0,221.0,-1
1, 14, 594.0,644.0,1
14, 1, 594.0,644.0,1
1, 15, 182.0,233.0,-1
15, 1, 182.0,233.0,-1
1, 16, 662.0,917.0,-1
16, 1, 662.0,917.0,-1
1, 1, 0.0,0.0,1
2, 3, 696.0,853.0,-1
3, 2, 696.0,853.0,-1
2, 4, 603.0,604.0,-1
4, 2, 603.0,604.0,-1
2, 5, 218.0,297.0,1
5, 2, 218.0,297.0,1
2, 6, 511.0,673.0,-1
6, 2, 511.0,673.0,-1
2, 7, 732.0,962.0,1
7, 2, 732.0,962.0,1
2, 8, 687.0,844.0,-1
8, 2, 687.0,844.0,-1
2, 9, 847.0,1143.0,-1
9, 2, 847.0,1143.0,-1
2, 10, 590.0,648.0,-1
10, 2, 590.0,648.0,-1
2, 11, 523.0,671.0,1
11, 2, 523.0,671.0,1
2, 12, 565.0,758.0,-1
12, 2, 565.0,758.0,-1
2, 13, 485.0,633.0,1
13, 2, 485.0,633.0,1
2, 14, 190.0,210.0,-1
14, 2, 190.0,210.0,-1
2, 15, 478.0,621.0,-1
15, 2, 478.0,621.0,-1
2, 16, 138.0,184.0,1
16, 2, 138.0,184.0,1
2, 2, 0.0,0.0,1
3, 4, 193.0,249.0,-1
4, 3, 193.0,249.0,-1
3, 5, 562.0,770.0,1
5, 3, 562.0,770.0,1
3, 6, 205.0,227.0,-1
6, 3, 205.0,227.0,-1
3, 7, 620.0,870.0,-1
7, 3, 620.0,870.0,-1
3, 8, 687.0,972.0,-1
8, 3, 687.0,972.0,-1
3, 9, 635.0,850.0,-1
9, 3, 635.0,850.0,-1
3, 10, 148.0,205.0,-1
10, 3, 148.0,205.0,-1
3, 11, 405.0,543.0,-1
11, 3, 405.0,543.0,-1
3, 12, 184.0,242.0,-1
12, 3, 184.0,242.0,-1
3, 13, 224.0,228.0,-1
13, 3, 224.0,228.0,-1
3, 14, 651.0,658.0,-1
14, 3, 651.0,658.0,-1
3, 15, 229.0,232.0,1
15, 3, 229.0,232.0,1
3, 16, 683.0,917.0,1
16, 3, 683.0,917.0,1
3, 3, 0.0,0.0,1
4, 5, 427.0,522.0,-1
5, 4, 427.0,522.0,-1
4, 6, 244.0,338.0,-1
6, 4, 244.0,338.0,-1
4, 7, 739.0,981.0,1
7, 4, 739.0,981.0,1
4, 8, 785.0,1083.0,-1
8, 4, 785.0,1083.0,-1
4, 9, 779.0,961.0,1
9, 4, 779.0,961.0,1
4, 10, 62.0,76.0,-1
10, 4, 62.0,76.0,-1
4, 11, 214.0,294.0,1
11, 4, 214.0,294.0,1
4, 12, 273.0,353.0,-1
12, 4, 273.0,353.0,-1
4, 13, 241.0,339.0,-1
13, 4, 241.0,339.0,-1
4, 14, 611.0,769.0,-1
14, 4, 611.0,769.0,-1
4, 15, 238.0,336.0,-1
15, 4, 238.0,336.0,-1
4, 16, 557.0,668.0,1
16, 4, 557.0,668.0,1
4, 4, 0.0,0.0,1
5, 6, 418.0,590.0,-1
6, 5, 418.0,590.0,-1
5, 7, 785.0,880.0,-1
7, 5, 785.0,880.0,-1
5, 8, 770.0,779.0,1
8, 5, 770.0,779.0,1
5, 9, 882.0,1060.0,1
9, 5, 882.0,1060.0,1
5, 10, 432.0,566.0,-1
10, 5, 432.0,566.0,-1
5, 11, 310.0,374.0,-1
11, 5, 310.0,374.0,-1
5, 12, 479.0,676.0,-1
12, 5, 479.0,676.0,-1
5, 13, 390.0,550.0,1
13, 5, 390.0,550.0,1
5, 14, 341.0,465.0,-1
14, 5, 341.0,465.0,-1
5, 15, 382.0,539.0,-1
15, 5, 382.0,539.0,-1
5, 16, 131.0,147.0,-1
16, 5, 131.0,147.0,-1
5, 5, 0.0,0.0,1
6, 7, 499.0,643.0,-1
7, 6, 499.0,643.0,-1
6, 8, 541.0,745.0,-1
8, 6, 541.0,745.0,-1
6, 9, 552.0,623.0,-1
9, 6, 552.0,623.0,-1
6, 10, 187.0,263.0,-1
10, 6, 187.0,263.0,-1
6, 11, 386.0,408.0,1
11, 6, 386.0,408.0,1
6, 12, 62.0,86.0,-1
12, 6, 62.0,86.0,-1
6, 13, 29.0,40.0,1
13, 6, 29.0,40.0,1
6, 14, 447.0,463.0,1
14, 6, 447.0,463.0,1
6, 15, 37.0,52.0,-1
15, 6, 37.0,52.0,-1
6, 16, 524.0,737.0,-1
16, 6, 524.0,737.0,-1
6, 6, 0.0,0.0,1
7, 8, 111.0,119.0,-1
8, 7, 111.0,119.0,-1
7, 9, 129.0,181.0,1
9, 7, 129.0,181.0,1
7, 10, 678.0,906.0,-1
10, 7, 678.0,906.0,-1
7, 11, 874.0,1051.0,-1
11, 7, 874.0,1051.0,-1
7, 12, 467.0,628.0,1
12, 7, 467.0,628.0,1
7, 13, 510.0,642.0,-1
13, 7, 510.0,642.0,-1
7, 14, 553.0,752.0,-1
14, 7, 553.0,752.0,-1
7, 15, 516.0,645.0,-1
15, 7, 516.0,645.0,-1
7, 16, 828.0,1026.0,-1
16, 7, 828.0,1026.0,-1
7, 7, 0.0,0.0,1
8, 9, 229.0,299.0,1
9, 8, 229.0,299.0,1
8, 10, 726.0,1008.0,-1
10, 8, 726.0,1008.0,-1
8, 11, 898.0,1153.0,1
11, 8, 898.0,1153.0,1
8, 12, 520.0,731.0,1
12, 8, 520.0,731.0,1
8, 13, 547.0,744.0,1
13, 8, 547.0,744.0,1
8, 14, 501.0,634.0,-1
14, 8, 501.0,634.0,-1
8, 15, 551.0,747.0,-1
15, 8, 551.0,747.0,-1
8, 16, 796.0,908.0,-1
16, 8, 796.0,908.0,-1
8, 8, 0.0,0.0,1
9, 10, 718.0,886.0,-1
10, 9, 718.0,886.0,-1
9, 11, 937.0,1031.0,-1
11, 9, 937.0,1031.0,-1
9, 12, 509.0,609.0,-1
12, 9, 509.0,609.0,-1
9, 13, 569.0,622.0,-1
13, 9, 569.0,622.0,-1
9, 14, 674.0,933.0,-1
14, 9, 674.0,933.0,-1
9, 15, 576.0,625.0,-1
15, 9, 576.0,625.0,-1
9, 16, 936.0,1207.0,-1
16, 9, 936.0,1207.0,-1
9, 9, 0.0,0.0,1
10, 11, 260.0,338.0,-1
11, 10, 260.0,338.0,-1
10, 12, 211.0,278.0,-1
12, 10, 211.0,278.0,-1
10, 13, 187.0,264.0,1
13, 10, 187.0,264.0,1
10, 14, 580.0,694.0,-1
14, 10, 580.0,694.0,-1
10, 15, 186.0,261.0,-1
15, 10, 186.0,261.0,-1
10, 16, 559.0,712.0,-1
16, 10, 559.0,712.0,-1
10, 10, 0.0,0.0,1
11, 12, 436.0,448.0,-1
12, 11, 436.0,448.0,-1
11, 13, 369.0,409.0,-1
13, 11, 369.0,409.0,-1
11, 14, 597.0,839.0,-1
14, 11, 597.0,839.0,-1
11, 15, 362.0,406.0,-1
15, 11, 362.0,406.0,-1
11, 16, 435.0,487.0,-1
16, 11, 435.0,487.0,-1
11, 11, 0.0,0.0,1
12, 13, 90.0,126.0,-1
13, 12, 90.0,126.0,-1
12, 14, 487.0,548.0,1
14, 12, 487.0,548.0,1
12, 15, 98.0,137.0,1
15, 12, 98.0,137.0,1
12, 16, 583.0,822.0,-1
16, 12, 583.0,822.0,-1
12, 12, 0.0,0.0,1
13, 14, 427.0,430.0,1
14, 13, 427.0,430.0,1
13, 15, 9.0,12.0,-1
15, 13, 9.0,12.0,-1
13, 16, 496.0,697.0,1
16, 13, 496.0,697.0,1
13, 13, 0.0,0.0,1
14, 15, 422.0,433.0,1
15, 14, 422.0,433.0,1
14, 16, 315.0,352.0,-1
16, 14, 315.0,352.0,-1
14, 14, 0.0,0.0,1
15, 16, 488.0,685.0,-1
16, 15, 488.0,685.0,-1
15, 15, 0.0,0.0,1
16, 16, 0.0,0.0,1


<end>