<number of nodes>
16

<ratio of available edges>
0.3

<max length of the drone flight>
100000 

<D 2/3>
1, 2, 3, 5, 6, 7, 10, 11, 13, 14, 15

<V>
2, 3, 6, 14, 15

<coordinates X,Y>
932.1316737514143, 96.49087784201788
297.5023054925453, 220.97781112532843
24.5851553088182, 626.7591910226647
458.65969665815675, 903.791120859682
632.8640506346647, 635.7537911452091
777.1107141132452, 497.0188563838369
499.8234544203211, 5.203122964905524
355.6563281846188, 97.0124597048208
689.6548536132274, 77.67556058345681
912.6391341479458, 777.6671968801729
823.2467667212396, 339.32505070396564
85.31197728139708, 646.4221968302036
130.80855760276356, 417.8617303657062
801.9945691181255, 538.2146724351866
65.91482037881609, 232.89389086914758
246.77379007785277, 667.029111802454

<adjacency matrix with truck distances>
1, 2, 647.0,760.0,-1
2, 1, 647.0,760.0,-1
1, 3, 1052.0,1438.0,-1
3, 1, 1052.0,1438.0,-1
1, 4, 936.0,1281.0,-1
4, 1, 936.0,1281.0,-1
1, 5, 617.0,839.0,-1
5, 1, 617.0,839.0,-1
1, 6, 430.0,556.0,1
6, 1, 430.0,556.0,1
1, 7, 442.0,524.0,-1
7, 1, 442.0,524.0,-1
1, 8, 577.0,577.0,1
8, 1, 577.0,577.0,1
1, 9, 244.0,262.0,1
9, 1, 244.0,262.0,1
1, 10, 682.0,701.0,-1
10, 1, 682.0,701.0,-1
1, 11, 267.0,352.0,-1
11, 1, 267.0,352.0,-1
1, 12, 1010.0,1397.0,-1
12, 1, 1010.0,1397.0,-1
1, 13, 864.0,1123.0,-1
13, 1, 864.0,1123.0,-1
1, 14, 461.0,572.0,-1
14, 1, 461.0,572.0,-1
1, 15, 877.0,1003.0,1
15, 1, 877.0,1003.0,1
1, 16, 892.0,1256.0,-1
16, 1, 892.0,1256.0,-1
1, 1, 0.0,0.0,1
2, 3, 490.0,679.0,-1
3, 2, 490.0,679.0,-1
2, 4, 702.0,844.0,-1
4, 2, 702.0,844.0,-1
2, 5, 534.0,751.0,-1
5, 2, 534.0,751.0,-1
2, 6, 554.0,756.0,1
6, 2, 554.0,756.0,1
2, 7, 296.0,419.0,-1
7, 2, 296.0,419.0,-1
2, 8, 137.0,183.0,-1
8, 2, 137.0,183.0,-1
2, 9, 418.0,536.0,-1
9, 2, 418.0,536.0,-1
2, 10, 830.0,1172.0,1
10, 2, 830.0,1172.0,1
2, 11, 539.0,645.0,-1
11, 2, 539.0,645.0,-1
2, 12, 476.0,638.0,-1
12, 2, 476.0,638.0,-1
2, 13, 258.0,364.0,1
13, 2, 258.0,364.0,1
2, 14, 596.0,822.0,1
14, 2, 596.0,822.0,1
2, 15, 232.0,244.0,-1
15, 2, 232.0,244.0,-1
2, 16, 449.0,497.0,-1
16, 2, 449.0,497.0,-1
2, 2, 0.0,0.0,1
3, 4, 515.0,712.0,1
4, 3, 515.0,712.0,1
3, 5, 609.0,618.0,-1
5, 3, 609.0,618.0,-1
3, 6, 764.0,883.0,-1
6, 3, 764.0,883.0,-1
3, 7, 783.0,1097.0,1
7, 3, 783.0,1097.0,1
3, 8, 625.0,861.0,-1
8, 3, 625.0,861.0,-1
3, 9, 863.0,1215.0,1
9, 3, 863.0,1215.0,1
3, 10, 901.0,1039.0,1
10, 3, 901.0,1039.0,1
3, 11, 849.0,1087.0,-1
11, 3, 849.0,1087.0,-1
3, 12, 64.0,81.0,-1
12, 3, 64.0,81.0,-1
3, 13, 235.0,316.0,-1
13, 3, 235.0,316.0,-1
3, 14, 783.0,866.0,-1
14, 3, 783.0,866.0,-1
3, 15, 397.0,436.0,1
15, 3, 397.0,436.0,1
3, 16, 226.0,263.0,-1
16, 3, 226.0,263.0,-1
3, 3, 0.0,0.0,1
4, 5, 320.0,443.0,1
5, 4, 320.0,443.0,1
4, 6, 517.0,726.0,1
6, 4, 517.0,726.0,1
4, 7, 900.0,940.0,-1
7, 4, 900.0,940.0,-1
4, 8, 814.0,910.0,-1
8, 4, 814.0,910.0,-1
4, 9, 858.0,1058.0,-1
9, 4, 858.0,1058.0,-1
4, 10, 472.0,581.0,-1
10, 4, 472.0,581.0,-1
4, 11, 672.0,930.0,1
11, 4, 672.0,930.0,1
4, 12, 454.0,631.0,1
12, 4, 454.0,631.0,1
4, 13, 587.0,814.0,-1
13, 4, 587.0,814.0,-1
4, 14, 502.0,709.0,-1
14, 4, 502.0,709.0,-1
4, 15, 778.0,1064.0,-1
15, 4, 778.0,1064.0,-1
4, 16, 318.0,449.0,-1
16, 4, 318.0,449.0,-1
4, 4, 0.0,0.0,1
5, 6, 201.0,283.0,-1
6, 5, 201.0,283.0,-1
5, 7, 645.0,764.0,-1
7, 5, 645.0,764.0,-1
5, 8, 606.0,816.0,-1
8, 5, 606.0,816.0,-1
5, 9, 561.0,615.0,-1
9, 5, 561.0,615.0,-1
5, 10, 314.0,422.0,-1
10, 5, 314.0,422.0,-1
5, 11, 353.0,487.0,-1
11, 5, 353.0,487.0,-1
5, 12, 548.0,559.0,-1
12, 5, 548.0,559.0,-1
5, 13, 548.0,720.0,1
13, 5, 548.0,720.0,1
5, 14, 196.0,267.0,-1
14, 5, 196.0,267.0,-1
5, 15, 696.0,970.0,1
15, 5, 696.0,970.0,1
5, 16, 388.0,418.0,-1
16, 5, 388.0,418.0,-1
5, 5, 0.0,0.0,1
6, 7, 565.0,770.0,1
7, 6, 565.0,770.0,1
6, 8, 582.0,822.0,-1
8, 6, 582.0,822.0,-1
6, 9, 429.0,507.0,-1
9, 6, 429.0,507.0,-1
6, 10, 312.0,417.0,-1
10, 6, 312.0,417.0,-1
6, 11, 165.0,204.0,-1
11, 6, 165.0,204.0,-1
6, 12, 708.0,842.0,-1
12, 6, 708.0,842.0,-1
6, 13, 652.0,726.0,1
13, 6, 652.0,726.0,1
6, 14, 49.0,67.0,1
14, 6, 49.0,67.0,1
6, 15, 759.0,976.0,-1
15, 6, 759.0,976.0,-1
6, 16, 557.0,701.0,1
16, 6, 557.0,701.0,1
6, 6, 0.0,0.0,1
7, 8, 171.0,236.0,-1
8, 7, 171.0,236.0,-1
7, 9, 204.0,263.0,1
9, 7, 204.0,263.0,1
7, 10, 876.0,1186.0,1
10, 7, 876.0,1186.0,1
7, 11, 466.0,658.0,-1
11, 7, 466.0,658.0,-1
7, 12, 764.0,1056.0,-1
12, 7, 764.0,1056.0,-1
7, 13, 554.0,782.0,-1
13, 7, 554.0,782.0,-1
7, 14, 613.0,836.0,1
14, 7, 613.0,836.0,1
7, 15, 491.0,662.0,1
15, 7, 491.0,662.0,1
7, 16, 709.0,915.0,1
16, 7, 709.0,915.0,1
7, 7, 0.0,0.0,1
8, 9, 335.0,354.0,-1
9, 8, 335.0,354.0,-1
8, 10, 880.0,1238.0,-1
10, 8, 880.0,1238.0,-1
8, 11, 527.0,710.0,1
11, 8, 527.0,710.0,1
8, 12, 613.0,820.0,1
12, 8, 613.0,820.0,1
8, 13, 392.0,546.0,1
13, 8, 392.0,546.0,1
8, 14, 628.0,888.0,1
14, 8, 628.0,888.0,1
8, 15, 321.0,426.0,-1
15, 8, 321.0,426.0,-1
8, 16, 581.0,679.0,-1
16, 8, 581.0,679.0,-1
8, 8, 0.0,0.0,1
9, 10, 735.0,923.0,-1
10, 9, 735.0,923.0,-1
9, 11, 294.0,396.0,-1
11, 9, 294.0,396.0,-1
9, 12, 830.0,1174.0,-1
12, 9, 830.0,1174.0,-1
9, 13, 655.0,900.0,-1
13, 9, 655.0,900.0,-1
9, 14, 475.0,573.0,-1
14, 9, 475.0,573.0,-1
9, 15, 643.0,779.0,-1
15, 9, 643.0,779.0,-1
9, 16, 738.0,1033.0,1
16, 9, 738.0,1033.0,1
9, 9, 0.0,0.0,1
10, 11, 448.0,528.0,-1
11, 10, 448.0,528.0,-1
10, 12, 838.0,959.0,-1
12, 10, 838.0,959.0,-1
10, 13, 861.0,1142.0,-1
13, 10, 861.0,1142.0,-1
10, 14, 264.0,351.0,-1
14, 10, 264.0,351.0,-1
10, 15, 1007.0,1392.0,-1
15, 10, 1007.0,1392.0,-1
10, 16, 675.0,777.0,-1
16, 10, 675.0,777.0,-1
10, 10, 0.0,0.0,1
11, 12, 800.0,1046.0,-1
12, 11, 800.0,1046.0,-1
11, 13, 697.0,771.0,-1
13, 11, 697.0,771.0,-1
11, 14, 201.0,221.0,-1
14, 11, 201.0,221.0,-1
11, 15, 765.0,864.0,-1
15, 11, 765.0,864.0,-1
11, 16, 664.0,905.0,-1
16, 11, 664.0,905.0,-1
11, 11, 0.0,0.0,1
12, 13, 234.0,275.0,-1
13, 12, 234.0,275.0,-1
12, 14, 725.0,825.0,1
14, 12, 725.0,825.0,1
12, 15, 414.0,433.0,-1
15, 12, 414.0,433.0,-1
12, 16, 163.0,183.0,-1
16, 12, 163.0,183.0,-1
12, 12, 0.0,0.0,1
13, 14, 682.0,792.0,1
14, 13, 682.0,792.0,1
13, 15, 197.0,250.0,-1
15, 13, 197.0,250.0,-1
13, 16, 275.0,366.0,-1
16, 13, 275.0,366.0,-1
13, 13, 0.0,0.0,1
14, 15, 797.0,1042.0,-1
15, 14, 797.0,1042.0,-1
14, 16, 570.0,685.0,-1
16, 14, 570.0,685.0,-1
14, 14, 0.0,0.0,1
15, 16, 471.0,615.0,1
16, 15, 471.0,615.0,1
15, 15, 0.0,0.0,1
16, 16, 0.0,0.0,1


<end>