<number of nodes>
16

<ratio of available edges>
0.3

<max length of the drone flight>
100000 

<D 2/3>
1, 4, 5, 6, 7, 8, 9, 10, 14, 15, 16

<V>
4, 7, 8, 9, 15

<coordinates X,Y>
819.5690400905751, 997.8472629114684
959.1246618456917, 287.62326467470405
513.445787934728, 887.0904878600319
95.79420291656498, 560.2551197015434
690.0842920547345, 199.93896701287784
365.5935801088608, 0.8295514562723187
88.35315589816898, 493.18036588074665
178.3575216785962, 134.74831550729158
300.00768551912154, 578.4967588938692
136.94221519700352, 504.09520484243217
881.4143173448891, 178.87430174231258
101.96540268564165, 826.9476577716697
501.76862771233016, 919.3452925905774
332.4279801824162, 46.824558278578486
587.315681435721, 299.3646793581937
109.98143771568368, 732.8376094314106

<adjacency matrix with truck distances>
1, 2, 724.0,850.0,-1
2, 1, 724.0,850.0,-1
1, 3, 326.0,417.0,1
3, 1, 326.0,417.0,1
1, 4, 846.0,1162.0,-1
4, 1, 846.0,1162.0,-1
1, 5, 809.0,928.0,-1
5, 1, 809.0,928.0,-1
1, 6, 1096.0,1451.0,-1
6, 1, 1096.0,1451.0,-1
1, 7, 889.0,1236.0,-1
7, 1, 889.0,1236.0,-1
1, 8, 1076.0,1505.0,1
8, 1, 1076.0,1505.0,1
1, 9, 668.0,939.0,-1
9, 1, 668.0,939.0,-1
1, 10, 843.0,1177.0,-1
10, 1, 843.0,1177.0,-1
1, 11, 822.0,881.0,-1
11, 1, 822.0,881.0,-1
1, 12, 738.0,889.0,1
12, 1, 738.0,889.0,1
1, 13, 328.0,397.0,1
13, 1, 328.0,397.0,1
1, 14, 1069.0,1439.0,-1
14, 1, 1069.0,1439.0,-1
1, 15, 737.0,931.0,1
15, 1, 737.0,931.0,1
1, 16, 758.0,975.0,-1
16, 1, 758.0,975.0,-1
1, 1, 0.0,0.0,1
2, 3, 747.0,1046.0,-1
3, 2, 747.0,1046.0,-1
2, 4, 906.0,1136.0,-1
4, 2, 906.0,1136.0,-1
2, 5, 283.0,357.0,1
5, 2, 283.0,357.0,1
2, 6, 660.0,881.0,1
6, 2, 660.0,881.0,1
2, 7, 895.0,1077.0,-1
7, 2, 895.0,1077.0,-1
2, 8, 796.0,934.0,-1
8, 2, 796.0,934.0,-1
2, 9, 721.0,950.0,-1
9, 2, 721.0,950.0,-1
2, 10, 851.0,1039.0,1
10, 2, 851.0,1039.0,1
2, 11, 134.0,187.0,-1
11, 2, 134.0,187.0,-1
2, 12, 1013.0,1397.0,1
12, 2, 1013.0,1397.0,1
2, 13, 780.0,1090.0,-1
13, 2, 780.0,1090.0,-1
2, 14, 672.0,868.0,-1
14, 2, 672.0,868.0,-1
2, 15, 372.0,384.0,-1
15, 2, 372.0,384.0,-1
2, 16, 959.0,1295.0,-1
16, 2, 959.0,1295.0,-1
2, 2, 0.0,0.0,1
3, 4, 531.0,745.0,-1
4, 3, 531.0,745.0,-1
3, 5, 710.0,864.0,-1
5, 3, 710.0,864.0,-1
3, 6, 899.0,1035.0,-1
6, 3, 899.0,1035.0,-1
3, 7, 580.0,820.0,-1
7, 3, 580.0,820.0,-1
3, 8, 824.0,1088.0,-1
8, 3, 824.0,1088.0,-1
3, 9, 376.0,523.0,-1
9, 3, 376.0,523.0,-1
3, 10, 538.0,760.0,1
10, 3, 538.0,760.0,1
3, 11, 799.0,1077.0,1
11, 3, 799.0,1077.0,1
3, 12, 416.0,472.0,-1
12, 3, 416.0,472.0,-1
3, 13, 35.0,44.0,-1
13, 3, 35.0,44.0,-1
3, 14, 860.0,1022.0,-1
14, 3, 860.0,1022.0,-1
3, 15, 593.0,662.0,-1
15, 3, 593.0,662.0,-1
3, 16, 432.0,558.0,-1
16, 3, 432.0,558.0,-1
3, 3, 0.0,0.0,1
4, 5, 695.0,955.0,-1
5, 4, 695.0,955.0,-1
4, 6, 622.0,830.0,1
6, 4, 622.0,830.0,1
4, 7, 68.0,75.0,-1
7, 4, 68.0,75.0,-1
4, 8, 434.0,509.0,-1
8, 4, 434.0,509.0,-1
4, 9, 206.0,223.0,1
9, 4, 206.0,223.0,1
4, 10, 70.0,98.0,1
10, 4, 70.0,98.0,1
4, 11, 874.0,1168.0,-1
11, 4, 874.0,1168.0,-1
4, 12, 267.0,273.0,1
12, 4, 267.0,273.0,1
4, 13, 542.0,766.0,-1
13, 4, 542.0,766.0,-1
4, 14, 566.0,751.0,1
14, 4, 566.0,751.0,1
4, 15, 557.0,753.0,1
15, 4, 557.0,753.0,1
4, 16, 174.0,187.0,-1
16, 4, 174.0,187.0,-1
4, 4, 0.0,0.0,1
5, 6, 381.0,524.0,-1
6, 5, 381.0,524.0,-1
5, 7, 670.0,895.0,-1
7, 5, 670.0,895.0,-1
5, 8, 516.0,577.0,-1
8, 5, 516.0,577.0,-1
5, 9, 544.0,769.0,-1
9, 5, 544.0,769.0,-1
5, 10, 632.0,858.0,-1
10, 5, 632.0,858.0,-1
5, 11, 193.0,213.0,1
11, 5, 193.0,213.0,1
5, 12, 860.0,1216.0,1
12, 5, 860.0,1216.0,1
5, 13, 744.0,908.0,-1
13, 5, 744.0,908.0,-1
5, 14, 390.0,511.0,-1
14, 5, 390.0,511.0,-1
5, 15, 143.0,203.0,-1
15, 5, 143.0,203.0,-1
5, 16, 788.0,1114.0,-1
16, 5, 788.0,1114.0,-1
5, 5, 0.0,0.0,1
6, 7, 566.0,770.0,1
7, 6, 566.0,770.0,1
6, 8, 231.0,322.0,-1
8, 6, 231.0,322.0,-1
6, 9, 582.0,644.0,-1
9, 6, 582.0,644.0,-1
6, 10, 553.0,732.0,-1
10, 6, 553.0,732.0,-1
6, 11, 546.0,694.0,-1
11, 6, 546.0,694.0,-1
6, 12, 868.0,1090.0,-1
12, 6, 868.0,1090.0,-1
6, 13, 929.0,1055.0,-1
13, 6, 929.0,1055.0,-1
6, 14, 57.0,80.0,-1
14, 6, 57.0,80.0,-1
6, 15, 372.0,521.0,-1
15, 6, 372.0,521.0,-1
6, 16, 776.0,988.0,1
16, 6, 776.0,988.0,1
6, 6, 0.0,0.0,1
7, 8, 370.0,449.0,-1
8, 7, 370.0,449.0,-1
7, 9, 229.0,297.0,-1
9, 7, 229.0,297.0,-1
7, 10, 50.0,60.0,1
10, 7, 50.0,60.0,1
7, 11, 854.0,1108.0,-1
11, 7, 854.0,1108.0,-1
7, 12, 335.0,348.0,1
12, 7, 335.0,348.0,1
7, 13, 594.0,840.0,-1
13, 7, 594.0,840.0,-1
7, 14, 509.0,691.0,-1
14, 7, 509.0,691.0,-1
7, 15, 536.0,693.0,1
15, 7, 536.0,693.0,1
7, 16, 241.0,262.0,1
16, 7, 241.0,262.0,1
7, 7, 0.0,0.0,1
8, 9, 461.0,566.0,-1
9, 8, 461.0,566.0,-1
8, 10, 372.0,411.0,1
10, 8, 372.0,411.0,1
8, 11, 705.0,748.0,1
11, 8, 705.0,748.0,1
8, 12, 697.0,769.0,-1
12, 8, 697.0,769.0,-1
8, 13, 849.0,1109.0,-1
13, 8, 849.0,1109.0,-1
8, 14, 178.0,242.0,-1
14, 8, 178.0,242.0,-1
8, 15, 441.0,574.0,-1
15, 8, 441.0,574.0,-1
8, 16, 602.0,667.0,1
16, 8, 602.0,667.0,1
8, 8, 0.0,0.0,1
9, 10, 180.0,238.0,-1
10, 9, 180.0,238.0,-1
9, 11, 706.0,982.0,-1
11, 9, 706.0,982.0,-1
9, 12, 318.0,447.0,1
12, 9, 318.0,447.0,1
9, 13, 397.0,543.0,-1
13, 9, 397.0,543.0,-1
9, 14, 533.0,565.0,1
14, 9, 533.0,565.0,1
9, 15, 401.0,567.0,-1
15, 9, 401.0,567.0,-1
9, 16, 245.0,345.0,1
16, 9, 245.0,345.0,1
9, 9, 0.0,0.0,1
10, 11, 813.0,1070.0,-1
11, 10, 813.0,1070.0,-1
10, 12, 325.0,358.0,-1
12, 10, 325.0,358.0,-1
10, 13, 553.0,781.0,-1
13, 10, 553.0,781.0,-1
10, 14, 498.0,653.0,-1
14, 10, 498.0,653.0,-1
10, 15, 495.0,656.0,-1
15, 10, 495.0,656.0,-1
10, 16, 231.0,256.0,1
16, 10, 231.0,256.0,1
10, 10, 0.0,0.0,1
11, 12, 1014.0,1428.0,-1
12, 11, 1014.0,1428.0,-1
11, 13, 833.0,1121.0,-1
13, 11, 833.0,1121.0,-1
11, 14, 565.0,682.0,-1
14, 11, 565.0,682.0,-1
11, 15, 318.0,415.0,1
15, 11, 318.0,415.0,1
11, 16, 950.0,1326.0,-1
16, 11, 950.0,1326.0,-1
11, 11, 0.0,0.0,1
12, 13, 411.0,493.0,-1
13, 12, 411.0,493.0,-1
12, 14, 814.0,1011.0,-1
14, 12, 814.0,1011.0,-1
12, 15, 717.0,1013.0,-1
15, 12, 717.0,1013.0,-1
12, 16, 95.0,103.0,1
16, 12, 95.0,103.0,1
12, 12, 0.0,0.0,1
13, 14, 889.0,1042.0,-1
14, 13, 889.0,1042.0,-1
13, 15, 626.0,706.0,1
15, 13, 626.0,706.0,1
13, 16, 434.0,579.0,-1
16, 13, 434.0,579.0,-1
13, 13, 0.0,0.0,1
14, 15, 359.0,508.0,-1
15, 14, 359.0,508.0,-1
14, 16, 722.0,909.0,1
16, 14, 722.0,909.0,1
14, 14, 0.0,0.0,1
15, 16, 645.0,911.0,-1
16, 15, 645.0,911.0,-1
15, 15, 0.0,0.0,1
16, 16, 0.0,0.0,1


<end>