<number of nodes>
16

<ratio of available edges>
0.3

<max length of the drone flight>
100000 

<D 2/3>
1, 5, 6, 7, 9, 10, 11, 12, 13, 14, 16

<V>
9, 11, 12, 13, 16

<coordinates X,Y>
890.5266874948084, 783.4635461338889
508.5007194664927, 237.9230592469181
187.02606785134944, 52.69524671700184
609.6137067547077, 762.358257054317
791.9709863524068, 381.5259263272273
284.1659567618969, 351.0746338136458
87.77991392919378, 50.73655403933145
630.3971981253071, 305.6882522135522
616.9795361842911, 787.9803008365892
495.71423201719546, 385.7942630111631
215.38307865411232, 775.921732808865
500.3677736519194, 94.05768862719543
136.02242271363843, 320.9464367236048
711.9996950064075, 778.5998604815421
659.7151984986859, 469.5519812774847
512.3509916584227, 782.214756408253

<adjacency matrix with truck distances>
1, 2, 667.0,928.0,-1
2, 1, 667.0,928.0,-1
1, 3, 1015.0,1435.0,-1
3, 1, 1015.0,1435.0,-1
1, 4, 282.0,303.0,-1
4, 1, 282.0,303.0,-1
1, 5, 414.0,501.0,1
5, 1, 414.0,501.0,1
1, 6, 745.0,1039.0,1
6, 1, 745.0,1039.0,1
1, 7, 1087.0,1536.0,1
7, 1, 1087.0,1536.0,1
1, 8, 545.0,738.0,-1
8, 1, 545.0,738.0,-1
1, 9, 274.0,279.0,-1
9, 1, 274.0,279.0,-1
1, 10, 561.0,793.0,1
10, 1, 561.0,793.0,1
1, 11, 676.0,683.0,-1
11, 1, 676.0,683.0,-1
1, 12, 793.0,1080.0,-1
12, 1, 793.0,1080.0,-1
1, 13, 885.0,1218.0,-1
13, 1, 885.0,1218.0,-1
1, 14, 179.0,184.0,-1
14, 1, 179.0,184.0,-1
1, 15, 390.0,545.0,-1
15, 1, 390.0,545.0,-1
1, 16, 379.0,380.0,-1
16, 1, 379.0,380.0,-1
1, 1, 0.0,0.0,1
2, 3, 372.0,507.0,-1
3, 2, 372.0,507.0,-1
2, 4, 535.0,626.0,-1
4, 2, 535.0,626.0,-1
2, 5, 318.0,428.0,-1
5, 2, 318.0,428.0,-1
2, 6, 252.0,338.0,1
6, 2, 252.0,338.0,1
2, 7, 461.0,608.0,-1
7, 2, 461.0,608.0,-1
2, 8, 140.0,190.0,-1
8, 2, 140.0,190.0,-1
2, 9, 561.0,659.0,1
9, 2, 561.0,659.0,1
2, 10, 149.0,161.0,-1
10, 2, 149.0,161.0,-1
2, 11, 613.0,832.0,1
11, 2, 613.0,832.0,1
2, 12, 145.0,152.0,-1
12, 2, 145.0,152.0,-1
2, 13, 382.0,456.0,-1
13, 2, 382.0,456.0,-1
2, 14, 578.0,745.0,-1
14, 2, 578.0,745.0,-1
2, 15, 277.0,383.0,1
15, 2, 277.0,383.0,1
2, 16, 545.0,549.0,-1
16, 2, 545.0,549.0,-1
2, 2, 0.0,0.0,1
3, 4, 826.0,1133.0,-1
4, 3, 826.0,1133.0,-1
3, 5, 689.0,934.0,-1
5, 3, 689.0,934.0,-1
3, 6, 314.0,396.0,-1
6, 3, 314.0,396.0,-1
3, 7, 100.0,102.0,1
7, 3, 100.0,102.0,1
3, 8, 511.0,697.0,1
8, 3, 511.0,697.0,1
3, 9, 852.0,1166.0,-1
9, 3, 852.0,1166.0,-1
3, 10, 455.0,642.0,1
10, 3, 455.0,642.0,1
3, 11, 724.0,752.0,-1
11, 3, 724.0,752.0,-1
3, 12, 317.0,355.0,-1
12, 3, 317.0,355.0,-1
3, 13, 274.0,320.0,-1
13, 3, 274.0,320.0,-1
3, 14, 896.0,1251.0,1
14, 3, 896.0,1251.0,1
3, 15, 631.0,890.0,-1
15, 3, 631.0,890.0,-1
3, 16, 799.0,1055.0,1
16, 3, 799.0,1055.0,1
3, 3, 0.0,0.0,1
4, 5, 423.0,564.0,-1
5, 4, 423.0,564.0,-1
4, 6, 525.0,737.0,1
6, 4, 525.0,737.0,1
4, 7, 883.0,1234.0,-1
7, 4, 883.0,1234.0,-1
4, 8, 458.0,478.0,-1
8, 4, 458.0,478.0,-1
4, 9, 27.0,33.0,-1
9, 4, 27.0,33.0,-1
4, 10, 394.0,491.0,-1
10, 4, 394.0,491.0,-1
4, 11, 395.0,408.0,-1
11, 4, 395.0,408.0,-1
4, 12, 678.0,778.0,-1
12, 4, 678.0,778.0,-1
4, 13, 648.0,916.0,1
13, 4, 648.0,916.0,1
4, 14, 104.0,119.0,-1
14, 4, 104.0,119.0,-1
4, 15, 298.0,343.0,-1
15, 4, 298.0,343.0,-1
4, 16, 100.0,118.0,-1
16, 4, 100.0,118.0,-1
4, 4, 0.0,0.0,1
5, 6, 509.0,539.0,-1
6, 5, 509.0,539.0,-1
5, 7, 779.0,1035.0,1
7, 5, 779.0,1035.0,1
5, 8, 179.0,238.0,1
8, 5, 179.0,238.0,1
5, 9, 443.0,582.0,1
9, 5, 443.0,582.0,1
5, 10, 297.0,301.0,-1
10, 5, 297.0,301.0,-1
5, 11, 699.0,971.0,1
11, 5, 699.0,971.0,1
5, 12, 410.0,580.0,-1
12, 5, 410.0,580.0,-1
5, 13, 659.0,717.0,1
13, 5, 659.0,717.0,1
5, 14, 406.0,478.0,-1
14, 5, 406.0,478.0,-1
5, 15, 159.0,221.0,-1
15, 5, 159.0,221.0,-1
5, 16, 489.0,681.0,-1
16, 5, 489.0,681.0,-1
5, 5, 0.0,0.0,1
6, 7, 359.0,497.0,1
7, 6, 359.0,497.0,1
6, 8, 350.0,392.0,-1
8, 6, 350.0,392.0,-1
6, 9, 550.0,770.0,-1
9, 6, 550.0,770.0,-1
6, 10, 215.0,247.0,1
10, 6, 215.0,247.0,1
6, 11, 431.0,494.0,1
11, 6, 431.0,494.0,1
6, 12, 336.0,474.0,1
12, 6, 336.0,474.0,1
6, 13, 152.0,179.0,-1
13, 6, 152.0,179.0,-1
6, 14, 605.0,856.0,-1
14, 6, 605.0,856.0,-1
6, 15, 394.0,495.0,-1
15, 6, 394.0,495.0,-1
6, 16, 488.0,660.0,-1
16, 6, 488.0,660.0,-1
6, 6, 0.0,0.0,1
7, 8, 600.0,798.0,-1
8, 7, 600.0,798.0,-1
7, 9, 908.0,1267.0,-1
9, 7, 908.0,1267.0,-1
7, 10, 528.0,743.0,1
10, 7, 528.0,743.0,1
7, 11, 737.0,853.0,-1
11, 7, 737.0,853.0,-1
7, 12, 415.0,456.0,-1
12, 7, 415.0,456.0,-1
7, 13, 275.0,319.0,1
13, 7, 275.0,319.0,1
7, 14, 959.0,1353.0,-1
14, 7, 959.0,1353.0,-1
7, 15, 709.0,991.0,-1
15, 7, 709.0,991.0,-1
7, 16, 846.0,1157.0,-1
16, 7, 846.0,1157.0,-1
7, 7, 0.0,0.0,1
8, 9, 483.0,496.0,-1
9, 8, 483.0,496.0,-1
8, 10, 157.0,215.0,-1
10, 8, 157.0,215.0,-1
8, 11, 628.0,886.0,-1
11, 8, 628.0,886.0,-1
8, 12, 249.0,342.0,1
12, 8, 249.0,342.0,1
8, 13, 495.0,510.0,-1
13, 8, 495.0,510.0,-1
8, 14, 480.0,555.0,1
14, 8, 480.0,555.0,1
8, 15, 167.0,194.0,1
15, 8, 167.0,194.0,1
8, 16, 491.0,595.0,-1
16, 8, 491.0,595.0,-1
8, 8, 0.0,0.0,1
9, 10, 421.0,524.0,1
10, 9, 421.0,524.0,1
9, 11, 402.0,414.0,-1
11, 9, 402.0,414.0,-1
9, 12, 704.0,811.0,-1
12, 9, 704.0,811.0,-1
9, 13, 671.0,948.0,-1
13, 9, 671.0,948.0,-1
9, 14, 96.0,105.0,-1
14, 9, 96.0,105.0,-1
9, 15, 322.0,362.0,-1
15, 9, 322.0,362.0,-1
9, 16, 105.0,111.0,1
16, 9, 105.0,111.0,1
9, 9, 0.0,0.0,1
10, 11, 481.0,671.0,1
11, 10, 481.0,671.0,1
10, 12, 292.0,297.0,-1
12, 10, 292.0,297.0,-1
10, 13, 366.0,425.0,-1
13, 10, 366.0,425.0,-1
10, 14, 449.0,610.0,-1
14, 10, 449.0,610.0,-1
10, 15, 185.0,248.0,-1
15, 10, 185.0,248.0,-1
10, 16, 397.0,414.0,-1
16, 10, 397.0,414.0,-1
10, 10, 0.0,0.0,1
11, 12, 740.0,967.0,1
12, 11, 740.0,967.0,1
11, 13, 462.0,535.0,1
13, 11, 462.0,535.0,1
11, 14, 497.0,500.0,-1
14, 11, 497.0,500.0,-1
11, 15, 540.0,751.0,1
15, 11, 540.0,751.0,1
11, 16, 298.0,304.0,-1
16, 11, 298.0,304.0,-1
11, 11, 0.0,0.0,1
12, 13, 430.0,592.0,1
13, 12, 430.0,592.0,1
12, 14, 717.0,897.0,-1
14, 12, 717.0,897.0,-1
12, 15, 408.0,535.0,-1
15, 12, 408.0,535.0,-1
12, 16, 689.0,701.0,-1
16, 12, 689.0,701.0,-1
12, 12, 0.0,0.0,1
13, 14, 736.0,1034.0,-1
14, 13, 736.0,1034.0,-1
13, 15, 545.0,673.0,-1
15, 13, 545.0,673.0,-1
13, 16, 596.0,838.0,-1
16, 13, 596.0,838.0,-1
13, 13, 0.0,0.0,1
14, 15, 314.0,362.0,-1
15, 14, 314.0,362.0,-1
14, 16, 200.0,204.0,-1
16, 14, 200.0,204.0,-1
14, 14, 0.0,0.0,1
15, 16, 346.0,461.0,-1
16, 15, 346.0,461.0,-1
15, 15, 0.0,0.0,1
16, 16, 0.0,0.0,1


<end>