<number of nodes>
16

<ratio of available edges>
0.3

<max length of the drone flight>
100000 

<D 2/3>
1, 2, 4, 5, 6, 7, 9, 10, 12, 13, 16

<V>
4, 7, 9, 12, 16

<coordinates X,Y>
22.917260347814764, 334.67794853828536
864.5374112226042, 451.68049813059037
176.80953209897098, 409.80801904978284
87.91663280031999, 138.4502625276879
309.44179241427366, 45.48897021771054
468.7163398989544, 953.7789049387511
789.2211826475152, 995.7731053875632
454.663947178478, 202.60559418979935
449.72899199872535, 842.0724622644553
49.9934144587488, 193.3178348301697
223.92304481307795, 217.25061242927552
496.5368530817628, 291.67289076882116
696.3143875272589, 210.63653281590655
962.9341829482714, 208.7967208536481
108.06268641618976, 632.170241984272
497.11386907999855, 495.2950271949654

<adjacency matrix with truck distances>
1, 2, 850.0,959.0,-1
2, 1, 850.0,959.0,-1
1, 3, 172.0,230.0,-1
3, 1, 172.0,230.0,-1
1, 4, 207.0,262.0,-1
4, 1, 207.0,262.0,-1
1, 5, 408.0,576.0,-1
5, 1, 408.0,576.0,-1
1, 6, 763.0,1065.0,1
6, 1, 763.0,1065.0,1
1, 7, 1013.0,1428.0,-1
7, 1, 1013.0,1428.0,-1
1, 8, 452.0,564.0,-1
8, 1, 452.0,564.0,-1
1, 9, 664.0,935.0,1
9, 1, 664.0,935.0,1
1, 10, 144.0,169.0,-1
10, 1, 144.0,169.0,-1
1, 11, 233.0,319.0,-1
11, 1, 233.0,319.0,-1
1, 12, 476.0,517.0,-1
12, 1, 476.0,517.0,-1
1, 13, 685.0,798.0,-1
13, 1, 685.0,798.0,-1
1, 14, 949.0,1066.0,-1
14, 1, 949.0,1066.0,-1
1, 15, 310.0,383.0,-1
15, 1, 310.0,383.0,-1
1, 16, 501.0,635.0,1
16, 1, 501.0,635.0,1
1, 1, 0.0,0.0,1
2, 3, 690.0,730.0,-1
3, 2, 690.0,730.0,-1
2, 4, 838.0,1090.0,1
4, 2, 838.0,1090.0,1
2, 5, 688.0,962.0,1
5, 2, 688.0,962.0,1
2, 6, 640.0,898.0,-1
6, 2, 640.0,898.0,-1
2, 7, 550.0,620.0,1
7, 2, 550.0,620.0,1
2, 8, 480.0,659.0,1
8, 2, 480.0,659.0,1
2, 9, 570.0,806.0,1
9, 2, 570.0,806.0,1
2, 10, 855.0,1073.0,-1
10, 2, 855.0,1073.0,-1
2, 11, 683.0,876.0,1
11, 2, 683.0,876.0,1
2, 12, 402.0,529.0,-1
12, 2, 402.0,529.0,-1
2, 13, 294.0,410.0,1
13, 2, 294.0,410.0,1
2, 14, 263.0,342.0,-1
14, 2, 263.0,342.0,-1
2, 15, 778.0,937.0,-1
15, 2, 778.0,937.0,-1
2, 16, 371.0,412.0,-1
16, 2, 371.0,412.0,-1
2, 2, 0.0,0.0,1
3, 4, 286.0,361.0,-1
4, 3, 286.0,361.0,-1
3, 5, 388.0,497.0,-1
5, 3, 388.0,497.0,-1
3, 6, 618.0,836.0,-1
6, 3, 618.0,836.0,-1
3, 7, 848.0,1199.0,-1
7, 3, 848.0,1199.0,-1
3, 8, 347.0,486.0,-1
8, 3, 347.0,486.0,-1
3, 9, 512.0,706.0,-1
9, 3, 512.0,706.0,-1
3, 10, 251.0,344.0,-1
10, 3, 251.0,344.0,-1
3, 11, 199.0,240.0,-1
11, 3, 199.0,240.0,-1
3, 12, 341.0,438.0,-1
12, 3, 341.0,438.0,-1
3, 13, 557.0,719.0,-1
13, 3, 557.0,719.0,-1
3, 14, 812.0,988.0,-1
14, 3, 812.0,988.0,-1
3, 15, 233.0,292.0,1
15, 3, 233.0,292.0,1
3, 16, 332.0,406.0,1
16, 3, 332.0,406.0,1
3, 3, 0.0,0.0,1
4, 5, 241.0,315.0,-1
5, 4, 241.0,315.0,-1
4, 6, 900.0,1197.0,-1
6, 4, 900.0,1197.0,-1
4, 7, 1108.0,1559.0,-1
7, 4, 1108.0,1559.0,-1
4, 8, 373.0,431.0,-1
8, 4, 373.0,431.0,-1
4, 9, 792.0,1066.0,1
9, 4, 792.0,1066.0,1
4, 10, 67.0,93.0,-1
10, 4, 67.0,93.0,-1
4, 11, 158.0,215.0,-1
11, 4, 158.0,215.0,-1
4, 12, 437.0,562.0,-1
12, 4, 437.0,562.0,-1
4, 13, 613.0,681.0,1
13, 4, 613.0,681.0,1
4, 14, 878.0,946.0,-1
14, 4, 878.0,946.0,-1
4, 15, 495.0,514.0,-1
15, 4, 495.0,514.0,-1
4, 16, 543.0,767.0,-1
16, 4, 543.0,767.0,-1
4, 4, 0.0,0.0,1
5, 6, 923.0,1068.0,-1
6, 5, 923.0,1068.0,-1
5, 7, 1065.0,1431.0,-1
7, 5, 1065.0,1431.0,-1
5, 8, 214.0,303.0,1
8, 5, 214.0,303.0,1
5, 9, 809.0,937.0,-1
9, 5, 809.0,937.0,-1
5, 10, 299.0,408.0,-1
10, 5, 299.0,408.0,-1
5, 11, 192.0,258.0,-1
11, 5, 192.0,258.0,-1
5, 12, 310.0,434.0,1
12, 5, 310.0,434.0,1
5, 13, 421.0,553.0,1
13, 5, 421.0,553.0,1
5, 14, 674.0,817.0,1
14, 5, 674.0,817.0,1
5, 15, 621.0,789.0,-1
15, 5, 621.0,789.0,-1
5, 16, 488.0,638.0,-1
16, 5, 488.0,638.0,-1
5, 5, 0.0,0.0,1
6, 7, 324.0,363.0,-1
7, 6, 324.0,363.0,-1
6, 8, 752.0,766.0,-1
8, 6, 752.0,766.0,-1
6, 9, 114.0,131.0,-1
9, 6, 114.0,131.0,-1
6, 10, 869.0,1180.0,-1
10, 6, 869.0,1180.0,-1
6, 11, 777.0,982.0,-1
11, 6, 777.0,982.0,-1
6, 12, 663.0,690.0,1
12, 6, 663.0,690.0,1
6, 13, 778.0,971.0,-1
13, 6, 778.0,971.0,-1
6, 14, 895.0,1240.0,1
14, 6, 895.0,1240.0,1
6, 15, 484.0,683.0,-1
15, 6, 484.0,683.0,-1
6, 16, 460.0,487.0,-1
16, 6, 460.0,487.0,-1
6, 6, 0.0,0.0,1
7, 8, 861.0,1128.0,1
8, 7, 861.0,1128.0,1
7, 9, 373.0,494.0,-1
9, 7, 373.0,494.0,-1
7, 10, 1092.0,1542.0,-1
10, 7, 1092.0,1542.0,-1
7, 11, 963.0,1344.0,-1
11, 7, 963.0,1344.0,-1
7, 12, 763.0,997.0,-1
12, 7, 763.0,997.0,-1
7, 13, 791.0,879.0,-1
13, 7, 791.0,879.0,-1
7, 14, 806.0,961.0,-1
14, 7, 806.0,961.0,-1
7, 15, 773.0,1045.0,-1
15, 7, 773.0,1045.0,-1
7, 16, 580.0,793.0,1
16, 7, 580.0,793.0,1
7, 7, 0.0,0.0,1
8, 9, 640.0,645.0,-1
9, 8, 640.0,645.0,-1
8, 10, 405.0,414.0,1
10, 8, 405.0,414.0,1
8, 11, 232.0,246.0,1
11, 8, 232.0,246.0,1
8, 12, 99.0,131.0,1
12, 8, 99.0,131.0,1
8, 13, 242.0,250.0,1
13, 8, 242.0,250.0,1
8, 14, 509.0,515.0,-1
14, 8, 509.0,515.0,-1
8, 15, 552.0,777.0,-1
15, 8, 552.0,777.0,-1
8, 16, 296.0,336.0,1
16, 8, 296.0,336.0,1
8, 8, 0.0,0.0,1
9, 10, 763.0,1049.0,-1
10, 9, 763.0,1049.0,-1
9, 11, 665.0,851.0,-1
11, 9, 665.0,851.0,-1
9, 12, 553.0,598.0,1
12, 9, 553.0,598.0,1
9, 13, 678.0,879.0,1
13, 9, 678.0,879.0,1
9, 14, 816.0,1147.0,-1
14, 9, 816.0,1147.0,-1
9, 15, 401.0,552.0,-1
15, 9, 401.0,552.0,-1
9, 16, 350.0,395.0,-1
16, 9, 350.0,395.0,-1
9, 9, 0.0,0.0,1
10, 11, 176.0,198.0,-1
11, 10, 176.0,198.0,-1
10, 12, 458.0,545.0,1
12, 10, 458.0,545.0,1
10, 13, 647.0,664.0,1
13, 10, 647.0,664.0,1
10, 14, 914.0,929.0,-1
14, 10, 914.0,929.0,-1
10, 15, 443.0,497.0,-1
15, 10, 443.0,497.0,-1
10, 16, 540.0,750.0,1
16, 10, 540.0,750.0,1
10, 10, 0.0,0.0,1
11, 12, 283.0,348.0,-1
12, 11, 283.0,348.0,-1
11, 13, 473.0,480.0,-1
13, 11, 473.0,480.0,-1
11, 14, 740.0,748.0,-1
14, 11, 740.0,748.0,-1
11, 15, 431.0,531.0,1
15, 11, 431.0,531.0,1
11, 16, 390.0,552.0,-1
16, 11, 390.0,552.0,-1
11, 11, 0.0,0.0,1
12, 13, 216.0,281.0,-1
13, 12, 216.0,281.0,-1
12, 14, 474.0,550.0,1
14, 12, 474.0,550.0,1
12, 15, 517.0,729.0,-1
15, 12, 517.0,729.0,-1
12, 16, 204.0,205.0,-1
16, 12, 204.0,205.0,-1
12, 12, 0.0,0.0,1
13, 14, 267.0,269.0,-1
14, 13, 267.0,269.0,-1
13, 15, 724.0,1010.0,1
15, 13, 724.0,1010.0,1
13, 16, 348.0,484.0,-1
16, 13, 348.0,484.0,-1
13, 13, 0.0,0.0,1
14, 15, 954.0,1279.0,1
15, 14, 954.0,1279.0,1
14, 16, 547.0,753.0,-1
16, 14, 547.0,753.0,-1
14, 14, 0.0,0.0,1
15, 16, 413.0,526.0,-1
16, 15, 413.0,526.0,-1
15, 15, 0.0,0.0,1
16, 16, 0.0,0.0,1


<end>