<number of nodes>
16

<ratio of available edges>
0.3

<max length of the drone flight>
100000 

<D 2/3>
1, 2, 3, 5, 6, 8, 9, 12, 14, 15, 16

<V>
2, 5, 6, 12, 15

<coordinates X,Y>
656.615079380128, 446.2962339920625
659.8712545409419, 296.5548000459964
781.1841151797312, 587.4326860330937
915.373621844773, 894.3903348216937
762.1089556054285, 306.2400343495504
412.2601861004988, 139.3601584282655
999.0451164216988, 26.668518469595263
967.0808366205906, 755.0086110213626
514.6057147507496, 458.7119541200464
831.6393126523889, 944.01545705904
637.4926156020695, 783.8016027385286
717.259176355851, 570.0115199246654
598.4992465713132, 102.11398816687827
19.506905413973495, 918.3535663850922
40.89734995918507, 634.2967461590415
922.7545128559927, 850.5873665745536

<adjacency matrix with truck distances>
1, 2, 150.0,153.0,1
2, 1, 150.0,153.0,1
1, 3, 189.0,266.0,-1
3, 1, 189.0,266.0,-1
1, 4, 518.0,707.0,-1
4, 1, 518.0,707.0,-1
1, 5, 176.0,246.0,-1
5, 1, 176.0,246.0,-1
1, 6, 393.0,552.0,-1
6, 1, 393.0,552.0,-1
1, 7, 542.0,763.0,1
7, 1, 542.0,763.0,1
1, 8, 438.0,620.0,-1
8, 1, 438.0,620.0,-1
1, 9, 143.0,155.0,-1
9, 1, 143.0,155.0,-1
1, 10, 528.0,673.0,-1
10, 1, 528.0,673.0,-1
1, 11, 339.0,357.0,-1
11, 1, 339.0,357.0,-1
1, 12, 138.0,185.0,-1
12, 1, 138.0,185.0,-1
1, 13, 350.0,403.0,1
13, 1, 350.0,403.0,1
1, 14, 793.0,1110.0,-1
14, 1, 793.0,1110.0,-1
1, 15, 644.0,804.0,-1
15, 1, 644.0,804.0,-1
1, 16, 485.0,671.0,1
16, 1, 485.0,671.0,1
1, 1, 0.0,0.0,1
2, 3, 316.0,413.0,-1
3, 2, 316.0,413.0,-1
2, 4, 651.0,854.0,-1
4, 2, 651.0,854.0,-1
2, 5, 103.0,112.0,-1
5, 2, 103.0,112.0,-1
2, 6, 294.0,405.0,1
6, 2, 294.0,405.0,1
2, 7, 434.0,610.0,-1
7, 2, 434.0,610.0,-1
2, 8, 552.0,766.0,-1
8, 2, 552.0,766.0,-1
2, 9, 218.0,308.0,-1
9, 2, 218.0,308.0,-1
2, 10, 670.0,820.0,-1
10, 2, 670.0,820.0,-1
2, 11, 488.0,510.0,-1
11, 2, 488.0,510.0,-1
2, 12, 280.0,331.0,-1
12, 2, 280.0,331.0,-1
2, 13, 204.0,256.0,-1
13, 2, 204.0,256.0,-1
2, 14, 893.0,1263.0,-1
14, 2, 893.0,1263.0,-1
2, 15, 706.0,957.0,-1
15, 2, 706.0,957.0,-1
2, 16, 614.0,817.0,1
16, 2, 614.0,817.0,1
2, 2, 0.0,0.0,1
3, 4, 336.0,442.0,-1
4, 3, 336.0,442.0,-1
3, 5, 282.0,301.0,-1
5, 3, 282.0,301.0,-1
3, 6, 581.0,817.0,-1
6, 3, 581.0,817.0,-1
3, 7, 602.0,779.0,-1
7, 3, 602.0,779.0,-1
3, 8, 251.0,354.0,-1
8, 3, 251.0,354.0,-1
3, 9, 297.0,396.0,-1
9, 3, 297.0,396.0,-1
3, 10, 361.0,408.0,1
10, 3, 361.0,408.0,1
3, 11, 244.0,341.0,1
11, 3, 244.0,341.0,1
3, 12, 67.0,82.0,-1
12, 3, 67.0,82.0,-1
3, 13, 519.0,669.0,-1
13, 3, 519.0,669.0,-1
3, 14, 831.0,1093.0,-1
14, 3, 831.0,1093.0,-1
3, 15, 742.0,788.0,1
15, 3, 742.0,788.0,1
3, 16, 299.0,405.0,1
16, 3, 299.0,405.0,1
3, 3, 0.0,0.0,1
4, 5, 608.0,742.0,-1
5, 4, 608.0,742.0,-1
4, 6, 908.0,1259.0,-1
6, 4, 908.0,1259.0,-1
4, 7, 872.0,952.0,-1
7, 4, 872.0,952.0,-1
4, 8, 149.0,192.0,-1
8, 4, 149.0,192.0,-1
4, 9, 592.0,837.0,-1
9, 4, 592.0,837.0,-1
4, 10, 98.0,134.0,-1
10, 4, 98.0,134.0,-1
4, 11, 300.0,389.0,-1
11, 4, 300.0,389.0,-1
4, 12, 381.0,523.0,-1
12, 4, 381.0,523.0,-1
4, 13, 854.0,1110.0,1
13, 4, 854.0,1110.0,1
4, 14, 897.0,920.0,1
14, 4, 897.0,920.0,1
4, 15, 913.0,1135.0,-1
15, 4, 913.0,1135.0,-1
4, 16, 45.0,52.0,-1
16, 4, 45.0,52.0,-1
4, 4, 0.0,0.0,1
5, 6, 388.0,517.0,1
6, 5, 388.0,517.0,1
5, 7, 367.0,517.0,-1
7, 5, 367.0,517.0,-1
5, 8, 494.0,654.0,-1
8, 5, 494.0,654.0,-1
5, 9, 291.0,400.0,1
9, 5, 291.0,400.0,1
5, 10, 642.0,708.0,-1
10, 5, 642.0,708.0,-1
5, 11, 494.0,603.0,-1
11, 5, 494.0,603.0,-1
5, 12, 268.0,309.0,-1
12, 5, 268.0,309.0,-1
5, 13, 262.0,368.0,-1
13, 5, 262.0,368.0,-1
5, 14, 963.0,1355.0,-1
14, 5, 963.0,1355.0,-1
5, 15, 793.0,1050.0,-1
15, 5, 793.0,1050.0,-1
5, 16, 568.0,705.0,-1
16, 5, 568.0,705.0,-1
5, 5, 0.0,0.0,1
6, 7, 598.0,700.0,1
7, 6, 598.0,700.0,1
6, 8, 829.0,1171.0,1
8, 6, 829.0,1171.0,1
6, 9, 336.0,422.0,-1
9, 6, 336.0,422.0,-1
6, 10, 908.0,1225.0,-1
10, 6, 908.0,1225.0,-1
6, 11, 683.0,870.0,1
11, 6, 683.0,870.0,1
6, 12, 528.0,736.0,-1
12, 6, 528.0,736.0,-1
6, 13, 190.0,224.0,-1
13, 6, 190.0,224.0,-1
6, 14, 873.0,1172.0,1
14, 6, 873.0,1172.0,1
6, 15, 619.0,867.0,-1
15, 6, 619.0,867.0,-1
6, 16, 876.0,1222.0,-1
16, 6, 876.0,1222.0,-1
6, 6, 0.0,0.0,1
7, 8, 730.0,761.0,1
8, 7, 730.0,761.0,1
7, 9, 650.0,917.0,-1
9, 7, 650.0,917.0,-1
7, 10, 933.0,1085.0,1
10, 7, 933.0,1085.0,1
7, 11, 840.0,1119.0,-1
11, 7, 840.0,1119.0,-1
7, 12, 613.0,826.0,-1
12, 7, 613.0,826.0,-1
7, 13, 408.0,476.0,-1
13, 7, 408.0,476.0,-1
7, 14, 1325.0,1872.0,-1
14, 7, 1325.0,1872.0,-1
7, 15, 1135.0,1566.0,1
15, 7, 1135.0,1566.0,1
7, 16, 828.0,901.0,1
16, 7, 828.0,901.0,1
7, 7, 0.0,0.0,1
8, 9, 541.0,749.0,-1
9, 8, 541.0,749.0,-1
8, 10, 233.0,325.0,-1
10, 8, 233.0,325.0,-1
8, 11, 331.0,359.0,1
11, 8, 331.0,359.0,1
8, 12, 311.0,435.0,-1
12, 8, 311.0,435.0,-1
8, 13, 750.0,1022.0,1
13, 8, 750.0,1022.0,1
8, 14, 962.0,1111.0,-1
14, 8, 962.0,1111.0,-1
8, 15, 935.0,1047.0,-1
15, 8, 935.0,1047.0,-1
8, 16, 106.0,140.0,1
16, 8, 106.0,140.0,1
8, 8, 0.0,0.0,1
9, 10, 580.0,803.0,-1
10, 9, 580.0,803.0,-1
9, 11, 348.0,448.0,-1
11, 9, 348.0,448.0,-1
9, 12, 232.0,314.0,1
12, 9, 232.0,314.0,1
9, 13, 367.0,441.0,-1
13, 9, 367.0,441.0,-1
9, 14, 676.0,955.0,-1
14, 9, 676.0,955.0,-1
9, 15, 506.0,650.0,1
15, 9, 506.0,650.0,1
9, 16, 566.0,801.0,-1
16, 9, 566.0,801.0,-1
9, 9, 0.0,0.0,1
10, 11, 252.0,355.0,1
11, 10, 252.0,355.0,1
10, 12, 392.0,489.0,1
12, 10, 392.0,489.0,1
10, 13, 874.0,1076.0,1
13, 10, 874.0,1076.0,1
10, 14, 813.0,838.0,1
14, 10, 813.0,838.0,1
10, 15, 850.0,1101.0,-1
15, 10, 850.0,1101.0,-1
10, 16, 131.0,185.0,-1
16, 10, 131.0,185.0,-1
10, 10, 0.0,0.0,1
11, 12, 229.0,294.0,-1
12, 11, 229.0,294.0,-1
11, 13, 683.0,721.0,-1
13, 11, 683.0,721.0,-1
11, 14, 633.0,753.0,1
14, 11, 633.0,753.0,1
11, 15, 616.0,747.0,-1
15, 11, 616.0,747.0,-1
11, 16, 293.0,353.0,-1
16, 11, 293.0,353.0,-1
11, 11, 0.0,0.0,1
12, 13, 483.0,587.0,1
13, 12, 483.0,587.0,1
12, 14, 780.0,1047.0,1
14, 12, 780.0,1047.0,1
12, 15, 680.0,741.0,-1
15, 12, 680.0,741.0,-1
12, 16, 348.0,487.0,-1
16, 12, 348.0,487.0,-1
12, 12, 0.0,0.0,1
13, 14, 1001.0,1396.0,-1
14, 13, 1001.0,1396.0,-1
13, 15, 771.0,1090.0,1
15, 13, 771.0,1090.0,1
13, 16, 816.0,1073.0,1
16, 13, 816.0,1073.0,1
13, 13, 0.0,0.0,1
14, 15, 285.0,306.0,-1
15, 14, 285.0,306.0,-1
14, 16, 906.0,972.0,-1
16, 14, 906.0,972.0,-1
14, 14, 0.0,0.0,1
15, 16, 908.0,1099.0,-1
16, 15, 908.0,1099.0,-1
15, 15, 0.0,0.0,1
16, 16, 0.0,0.0,1


<end>