<number of nodes>
16

<ratio of available edges>
0.3

<max length of the drone flight>
100000 

<D 2/3>
1, 2, 3, 4, 6, 8, 10, 12, 13, 14, 15

<V>
4, 8, 10, 13, 15

<coordinates X,Y>
789.148199304461, 681.1399186321244
397.8002759888913, 695.6624829842533
47.141803074716165, 150.27766497423215
756.8282144956602, 743.1699729073774
409.81380384868044, 977.5080924182394
563.5947843656822, 287.5111187422284
212.24672793726793, 85.48964505727851
444.0364870663967, 756.7099880562207
389.58677242831885, 472.5136104947331
930.7335314982213, 10.716859478706782
47.026169070499094, 942.6668627366367
692.9768409333707, 821.2565944070558
89.72128404274204, 524.5786639120629
929.0886716850159, 262.8090697093102
55.59868293676007, 731.2683627817167
529.4517273132109, 890.667759610308

<adjacency matrix with truck distances>
1, 2, 392.0,406.0,-1
2, 1, 392.0,406.0,-1
1, 3, 913.0,1273.0,1
3, 1, 913.0,1273.0,1
1, 4, 70.0,95.0,1
4, 1, 70.0,95.0,1
1, 5, 482.0,676.0,-1
5, 1, 482.0,676.0,-1
1, 6, 454.0,620.0,-1
6, 1, 454.0,620.0,-1
1, 7, 830.0,1173.0,-1
7, 1, 830.0,1173.0,-1
1, 8, 354.0,421.0,-1
8, 1, 354.0,421.0,-1
1, 9, 451.0,609.0,-1
9, 1, 451.0,609.0,-1
1, 10, 686.0,813.0,-1
10, 1, 686.0,813.0,-1
1, 11, 787.0,1004.0,1
11, 1, 787.0,1004.0,1
1, 12, 170.0,237.0,1
12, 1, 170.0,237.0,1
1, 13, 717.0,856.0,1
13, 1, 717.0,856.0,1
1, 14, 442.0,559.0,-1
14, 1, 442.0,559.0,-1
1, 15, 736.0,784.0,1
15, 1, 736.0,784.0,1
1, 16, 334.0,470.0,-1
16, 1, 334.0,470.0,-1
1, 1, 0.0,0.0,1
2, 3, 649.0,897.0,-1
3, 2, 649.0,897.0,-1
2, 4, 363.0,407.0,-1
4, 2, 363.0,407.0,-1
2, 5, 283.0,294.0,-1
5, 2, 283.0,294.0,-1
2, 6, 441.0,574.0,-1
6, 2, 441.0,574.0,-1
2, 7, 638.0,796.0,1
7, 2, 638.0,796.0,1
2, 8, 77.0,108.0,-1
8, 2, 77.0,108.0,-1
2, 9, 224.0,232.0,1
9, 2, 224.0,232.0,1
2, 10, 868.0,1218.0,-1
10, 2, 868.0,1218.0,-1
2, 11, 430.0,598.0,-1
11, 2, 430.0,598.0,-1
2, 12, 321.0,421.0,1
12, 2, 321.0,421.0,1
2, 13, 353.0,480.0,-1
13, 2, 353.0,480.0,-1
2, 14, 686.0,965.0,-1
14, 2, 686.0,965.0,-1
2, 15, 345.0,378.0,-1
15, 2, 345.0,378.0,-1
2, 16, 236.0,327.0,-1
16, 2, 236.0,327.0,-1
2, 2, 0.0,0.0,1
3, 4, 925.0,1303.0,1
4, 3, 925.0,1303.0,1
3, 5, 904.0,1190.0,-1
5, 3, 904.0,1190.0,-1
3, 6, 535.0,654.0,-1
6, 3, 535.0,654.0,-1
3, 7, 178.0,230.0,-1
7, 3, 178.0,230.0,-1
3, 8, 725.0,1004.0,-1
8, 3, 725.0,1004.0,-1
3, 9, 471.0,665.0,1
9, 3, 471.0,665.0,1
3, 10, 895.0,1024.0,-1
10, 3, 895.0,1024.0,-1
3, 11, 793.0,793.0,-1
11, 3, 793.0,793.0,-1
3, 12, 932.0,1317.0,-1
12, 3, 932.0,1317.0,-1
3, 13, 377.0,417.0,1
13, 3, 377.0,417.0,1
3, 14, 890.0,995.0,-1
14, 3, 890.0,995.0,-1
3, 15, 582.0,590.0,1
15, 3, 582.0,590.0,1
3, 16, 884.0,1223.0,1
16, 3, 884.0,1223.0,1
3, 3, 0.0,0.0,1
4, 5, 419.0,582.0,1
5, 4, 419.0,582.0,1
4, 6, 495.0,649.0,-1
6, 4, 495.0,649.0,-1
4, 7, 854.0,1203.0,1
7, 4, 854.0,1203.0,1
4, 8, 314.0,327.0,-1
8, 4, 314.0,327.0,-1
4, 9, 457.0,638.0,1
9, 4, 457.0,638.0,1
4, 10, 753.0,907.0,-1
10, 4, 753.0,907.0,-1
4, 11, 738.0,910.0,1
11, 4, 738.0,910.0,1
4, 12, 101.0,142.0,-1
12, 4, 101.0,142.0,-1
4, 13, 703.0,886.0,-1
13, 4, 703.0,886.0,-1
4, 14, 511.0,653.0,-1
14, 4, 511.0,653.0,-1
4, 15, 702.0,714.0,-1
15, 4, 702.0,714.0,-1
4, 16, 272.0,375.0,-1
16, 4, 272.0,375.0,-1
4, 4, 0.0,0.0,1
5, 6, 707.0,844.0,-1
6, 5, 707.0,844.0,-1
5, 7, 914.0,1090.0,-1
7, 5, 914.0,1090.0,-1
5, 8, 224.0,256.0,-1
8, 5, 224.0,256.0,-1
5, 9, 506.0,526.0,-1
9, 5, 506.0,526.0,-1
5, 10, 1099.0,1488.0,-1
10, 5, 1099.0,1488.0,-1
5, 11, 365.0,398.0,-1
11, 5, 365.0,398.0,-1
5, 12, 324.0,440.0,-1
12, 5, 324.0,440.0,-1
5, 13, 555.0,774.0,-1
13, 5, 555.0,774.0,-1
5, 14, 884.0,1234.0,-1
14, 5, 884.0,1234.0,-1
5, 15, 432.0,601.0,-1
15, 5, 432.0,601.0,-1
5, 16, 148.0,207.0,1
16, 5, 148.0,207.0,1
5, 5, 0.0,0.0,1
6, 7, 406.0,554.0,-1
7, 6, 406.0,554.0,-1
6, 8, 485.0,589.0,1
8, 6, 485.0,589.0,1
6, 9, 254.0,360.0,-1
9, 6, 254.0,360.0,-1
6, 10, 460.0,644.0,1
10, 6, 460.0,644.0,1
6, 11, 835.0,1172.0,1
11, 6, 835.0,1172.0,1
6, 12, 550.0,664.0,-1
12, 6, 550.0,664.0,-1
6, 13, 530.0,711.0,-1
13, 6, 530.0,711.0,-1
6, 14, 367.0,391.0,1
14, 6, 367.0,391.0,1
6, 15, 675.0,952.0,1
15, 6, 675.0,952.0,1
6, 16, 605.0,638.0,-1
16, 6, 605.0,638.0,-1
6, 6, 0.0,0.0,1
7, 8, 711.0,904.0,-1
8, 7, 711.0,904.0,-1
7, 9, 426.0,565.0,-1
9, 7, 426.0,565.0,-1
7, 10, 723.0,794.0,1
10, 7, 723.0,794.0,1
7, 11, 873.0,1023.0,-1
11, 7, 873.0,1023.0,-1
7, 12, 879.0,1217.0,-1
12, 7, 879.0,1217.0,-1
7, 13, 456.0,562.0,-1
13, 7, 456.0,562.0,-1
7, 14, 739.0,895.0,1
14, 7, 739.0,895.0,1
7, 15, 665.0,803.0,-1
15, 7, 665.0,803.0,-1
7, 16, 866.0,1123.0,1
16, 7, 866.0,1123.0,1
7, 7, 0.0,0.0,1
8, 9, 290.0,339.0,-1
9, 8, 290.0,339.0,-1
8, 10, 891.0,1233.0,-1
10, 8, 891.0,1233.0,-1
8, 11, 439.0,583.0,-1
11, 8, 439.0,583.0,-1
8, 12, 258.0,314.0,-1
12, 8, 258.0,314.0,-1
8, 13, 424.0,587.0,1
13, 8, 424.0,587.0,1
8, 14, 693.0,979.0,-1
14, 8, 693.0,979.0,-1
8, 15, 390.0,414.0,-1
15, 8, 390.0,414.0,-1
8, 16, 159.0,220.0,-1
16, 8, 159.0,220.0,-1
8, 8, 0.0,0.0,1
9, 10, 712.0,1003.0,-1
10, 9, 712.0,1003.0,-1
9, 11, 582.0,813.0,-1
11, 9, 582.0,813.0,-1
9, 12, 463.0,653.0,-1
12, 9, 463.0,653.0,-1
9, 13, 305.0,352.0,-1
13, 9, 305.0,352.0,-1
9, 14, 579.0,750.0,1
14, 9, 579.0,750.0,1
9, 15, 423.0,593.0,-1
15, 9, 423.0,593.0,-1
9, 16, 441.0,559.0,-1
16, 9, 441.0,559.0,-1
9, 9, 0.0,0.0,1
10, 11, 1285.0,1816.0,-1
11, 10, 1285.0,1816.0,-1
10, 12, 845.0,1049.0,-1
12, 10, 845.0,1049.0,-1
10, 13, 986.0,1355.0,1
13, 10, 986.0,1355.0,1
10, 14, 253.0,254.0,-1
14, 10, 253.0,254.0,-1
10, 15, 1134.0,1596.0,-1
15, 10, 1134.0,1596.0,-1
10, 16, 968.0,1282.0,1
16, 10, 968.0,1282.0,1
10, 10, 0.0,0.0,1
11, 12, 658.0,768.0,-1
12, 11, 658.0,768.0,-1
11, 13, 421.0,461.0,-1
13, 11, 421.0,461.0,-1
11, 14, 1114.0,1562.0,1
14, 11, 1114.0,1562.0,1
11, 15, 212.0,220.0,-1
15, 11, 212.0,220.0,-1
11, 16, 486.0,535.0,1
16, 11, 486.0,535.0,1
11, 11, 0.0,0.0,1
12, 13, 673.0,900.0,-1
13, 12, 673.0,900.0,-1
12, 14, 607.0,795.0,-1
14, 12, 607.0,795.0,-1
12, 15, 644.0,728.0,-1
15, 12, 644.0,728.0,-1
12, 16, 178.0,233.0,1
16, 12, 178.0,233.0,1
12, 12, 0.0,0.0,1
13, 14, 880.0,1102.0,-1
14, 13, 880.0,1102.0,-1
13, 15, 210.0,241.0,-1
15, 13, 210.0,241.0,-1
13, 16, 573.0,806.0,-1
16, 13, 573.0,806.0,-1
13, 13, 0.0,0.0,1
14, 15, 992.0,1342.0,-1
15, 14, 992.0,1342.0,-1
14, 16, 745.0,1028.0,1
16, 14, 745.0,1028.0,1
14, 14, 0.0,0.0,1
15, 16, 500.0,634.0,1
16, 15, 500.0,634.0,1
15, 15, 0.0,0.0,1
16, 16, 0.0,0.0,1


<end>