<number of nodes>
16

<ratio of available edges>
0.3

<max length of the drone flight>
100000 

<D 2/3>
1, 2, 4, 5, 6, 7, 8, 12, 13, 14, 15

<V>
2, 5, 7, 8, 15

<coordinates X,Y>
308.01344215330124, 625.0735089513721
755.9933385038755, 477.95857969619556
11.751638269078187, 124.42163795334966
643.7584186886966, 609.2162945490661
705.6967112119992, 5.473125864675794
490.881340829344, 568.95061185744
229.01604569422224, 576.5392652251119
660.3480986013969, 945.6513407364414
713.8157655530958, 783.7742706384051
887.4556704939663, 222.926285109385
803.4628056808178, 374.5668705260973
374.7257035321126, 85.76221671592405
399.0479605507636, 109.22670211804783
128.52806671609807, 996.7637543513416
358.2829463870871, 929.0986744988016
222.5270036298951, 666.5855391004574

<adjacency matrix with truck distances>
1, 2, 472.0,596.0,1
2, 1, 472.0,596.0,1
1, 3, 582.0,797.0,-1
3, 1, 582.0,797.0,-1
1, 4, 337.0,352.0,-1
4, 1, 337.0,352.0,-1
1, 5, 737.0,1018.0,-1
5, 1, 737.0,1018.0,-1
1, 6, 192.0,239.0,1
6, 1, 192.0,239.0,1
1, 7, 93.0,128.0,-1
7, 1, 93.0,128.0,-1
1, 8, 477.0,673.0,1
8, 1, 477.0,673.0,1
1, 9, 436.0,565.0,1
9, 1, 436.0,565.0,1
1, 10, 706.0,982.0,-1
10, 1, 706.0,982.0,-1
1, 11, 556.0,746.0,-1
11, 1, 556.0,746.0,-1
1, 12, 544.0,607.0,-1
12, 1, 544.0,607.0,-1
1, 13, 524.0,607.0,-1
13, 1, 524.0,607.0,-1
1, 14, 413.0,552.0,-1
14, 1, 413.0,552.0,-1
1, 15, 309.0,355.0,1
15, 1, 309.0,355.0,1
1, 16, 96.0,127.0,-1
16, 1, 96.0,127.0,-1
1, 1, 0.0,0.0,1
2, 3, 824.0,1098.0,-1
3, 2, 824.0,1098.0,-1
2, 4, 173.0,244.0,-1
4, 2, 173.0,244.0,-1
2, 5, 476.0,523.0,-1
5, 2, 476.0,523.0,-1
2, 6, 281.0,357.0,1
6, 2, 281.0,357.0,1
2, 7, 537.0,626.0,-1
7, 2, 537.0,626.0,-1
2, 8, 478.0,564.0,-1
8, 2, 478.0,564.0,-1
2, 9, 309.0,348.0,-1
9, 2, 309.0,348.0,-1
2, 10, 287.0,387.0,-1
10, 2, 287.0,387.0,-1
2, 11, 114.0,151.0,-1
11, 2, 114.0,151.0,-1
2, 12, 547.0,774.0,1
12, 2, 547.0,774.0,1
2, 13, 514.0,726.0,-1
13, 2, 514.0,726.0,-1
2, 14, 815.0,1147.0,-1
14, 2, 815.0,1147.0,-1
2, 15, 602.0,849.0,-1
15, 2, 602.0,849.0,-1
2, 16, 566.0,723.0,-1
16, 2, 566.0,723.0,-1
2, 2, 0.0,0.0,1
3, 4, 797.0,1117.0,-1
4, 3, 797.0,1117.0,-1
3, 5, 705.0,813.0,-1
5, 3, 705.0,813.0,-1
3, 6, 654.0,924.0,-1
6, 3, 654.0,924.0,-1
3, 7, 502.0,670.0,-1
7, 3, 502.0,670.0,-1
3, 8, 1047.0,1470.0,-1
8, 3, 1047.0,1470.0,-1
3, 9, 964.0,1362.0,1
9, 3, 964.0,1362.0,1
3, 10, 882.0,975.0,-1
10, 3, 882.0,975.0,-1
3, 11, 831.0,1042.0,-1
11, 3, 831.0,1042.0,-1
3, 12, 366.0,402.0,1
12, 3, 366.0,402.0,1
3, 13, 388.0,403.0,-1
13, 3, 388.0,403.0,-1
3, 14, 881.0,990.0,-1
14, 3, 881.0,990.0,-1
3, 15, 877.0,1152.0,-1
15, 3, 877.0,1152.0,-1
3, 16, 582.0,753.0,-1
16, 3, 582.0,753.0,-1
3, 3, 0.0,0.0,1
4, 5, 607.0,666.0,1
5, 4, 607.0,666.0,1
4, 6, 159.0,194.0,1
6, 4, 159.0,194.0,1
4, 7, 417.0,448.0,-1
7, 4, 417.0,448.0,-1
4, 8, 337.0,354.0,-1
8, 4, 337.0,354.0,-1
4, 9, 189.0,245.0,-1
9, 4, 189.0,245.0,-1
4, 10, 457.0,630.0,-1
10, 4, 457.0,630.0,-1
4, 11, 284.0,395.0,1
11, 4, 284.0,395.0,1
4, 12, 589.0,793.0,1
12, 4, 589.0,793.0,1
4, 13, 557.0,745.0,-1
13, 4, 557.0,745.0,-1
4, 14, 645.0,903.0,1
14, 4, 645.0,903.0,1
4, 15, 429.0,606.0,-1
15, 4, 429.0,606.0,-1
4, 16, 426.0,479.0,-1
16, 4, 426.0,479.0,-1
4, 4, 0.0,0.0,1
5, 6, 604.0,779.0,-1
6, 5, 604.0,779.0,-1
5, 7, 744.0,1048.0,1
7, 5, 744.0,1048.0,1
5, 8, 942.0,986.0,-1
8, 5, 942.0,986.0,-1
5, 9, 779.0,787.0,-1
9, 5, 779.0,787.0,-1
5, 10, 284.0,400.0,1
10, 5, 284.0,400.0,1
5, 11, 382.0,467.0,-1
11, 5, 382.0,467.0,-1
5, 12, 341.0,412.0,1
12, 5, 341.0,412.0,1
5, 13, 324.0,411.0,-1
13, 5, 324.0,411.0,-1
5, 14, 1148.0,1569.0,-1
14, 5, 1148.0,1569.0,-1
5, 15, 987.0,1272.0,-1
15, 5, 987.0,1272.0,-1
5, 16, 819.0,1145.0,-1
16, 5, 819.0,1145.0,-1
5, 5, 0.0,0.0,1
6, 7, 262.0,270.0,1
7, 6, 262.0,270.0,1
6, 8, 414.0,547.0,1
8, 6, 414.0,547.0,1
6, 9, 310.0,438.0,-1
9, 6, 310.0,438.0,-1
6, 10, 527.0,743.0,-1
10, 6, 527.0,743.0,-1
6, 11, 369.0,507.0,-1
11, 6, 369.0,507.0,-1
6, 12, 497.0,600.0,1
12, 6, 497.0,600.0,1
6, 13, 469.0,552.0,-1
13, 6, 469.0,552.0,-1
6, 14, 561.0,791.0,-1
14, 6, 561.0,791.0,-1
6, 15, 384.0,493.0,-1
15, 6, 384.0,493.0,-1
6, 16, 286.0,366.0,1
16, 6, 286.0,366.0,1
6, 6, 0.0,0.0,1
7, 8, 568.0,801.0,1
8, 7, 568.0,801.0,1
7, 9, 528.0,693.0,1
9, 7, 528.0,693.0,1
7, 10, 748.0,1013.0,-1
10, 7, 748.0,1013.0,-1
7, 11, 609.0,777.0,-1
11, 7, 609.0,777.0,-1
7, 12, 512.0,637.0,-1
12, 7, 512.0,637.0,-1
7, 13, 498.0,638.0,-1
13, 7, 498.0,638.0,-1
7, 14, 433.0,521.0,-1
14, 7, 433.0,521.0,-1
7, 15, 376.0,482.0,-1
15, 7, 376.0,482.0,-1
7, 16, 91.0,97.0,-1
16, 7, 91.0,97.0,-1
7, 7, 0.0,0.0,1
8, 9, 171.0,216.0,1
9, 8, 171.0,216.0,1
8, 10, 758.0,950.0,-1
10, 8, 758.0,950.0,-1
8, 11, 589.0,715.0,1
11, 8, 589.0,715.0,1
8, 12, 907.0,1146.0,-1
12, 8, 907.0,1146.0,-1
8, 13, 877.0,1098.0,1
13, 8, 877.0,1098.0,1
8, 14, 535.0,583.0,-1
14, 8, 535.0,583.0,-1
8, 15, 303.0,319.0,-1
15, 8, 303.0,319.0,-1
8, 16, 520.0,717.0,1
16, 8, 520.0,717.0,1
8, 8, 0.0,0.0,1
9, 10, 588.0,735.0,-1
10, 9, 588.0,735.0,-1
9, 11, 419.0,499.0,1
11, 9, 419.0,499.0,1
9, 12, 777.0,1038.0,-1
12, 9, 777.0,1038.0,-1
9, 13, 745.0,990.0,-1
13, 9, 745.0,990.0,-1
9, 14, 623.0,799.0,-1
14, 9, 623.0,799.0,-1
9, 15, 385.0,501.0,-1
15, 9, 385.0,501.0,-1
9, 16, 506.0,609.0,-1
16, 9, 506.0,609.0,-1
9, 9, 0.0,0.0,1
10, 11, 174.0,236.0,1
11, 10, 174.0,236.0,1
10, 12, 531.0,650.0,-1
12, 10, 531.0,650.0,-1
10, 13, 502.0,603.0,1
13, 10, 502.0,603.0,1
10, 14, 1084.0,1533.0,-1
14, 10, 1084.0,1533.0,-1
10, 15, 883.0,1236.0,1
15, 10, 883.0,1236.0,1
10, 16, 800.0,1109.0,-1
16, 10, 800.0,1109.0,-1
10, 10, 0.0,0.0,1
11, 12, 517.0,718.0,-1
12, 11, 517.0,718.0,-1
11, 13, 484.0,670.0,-1
13, 11, 484.0,670.0,-1
11, 14, 918.0,1298.0,-1
14, 11, 918.0,1298.0,-1
11, 15, 712.0,1000.0,-1
15, 11, 712.0,1000.0,-1
11, 16, 651.0,873.0,1
16, 11, 651.0,873.0,1
11, 11, 0.0,0.0,1
12, 13, 34.0,48.0,-1
13, 12, 34.0,48.0,-1
12, 14, 944.0,1158.0,1
14, 12, 944.0,1158.0,1
12, 15, 844.0,860.0,1
15, 12, 844.0,860.0,1
12, 16, 601.0,734.0,-1
16, 12, 601.0,734.0,-1
12, 12, 0.0,0.0,1
13, 14, 928.0,1159.0,-1
14, 13, 928.0,1159.0,-1
13, 15, 821.0,861.0,1
15, 13, 821.0,861.0,1
13, 16, 585.0,734.0,1
16, 13, 585.0,734.0,1
13, 13, 0.0,0.0,1
14, 15, 240.0,298.0,-1
15, 14, 240.0,298.0,-1
14, 16, 344.0,425.0,-1
16, 14, 344.0,425.0,-1
14, 14, 0.0,0.0,1
15, 16, 296.0,399.0,-1
16, 15, 296.0,399.0,-1
15, 15, 0.0,0.0,1
16, 16, 0.0,0.0,1


<end>