<number of nodes>
16

<ratio of available edges>
0.3

<max length of the drone flight>
100000 

<D 2/3>
1, 2, 4, 5, 6, 9, 10, 13, 14, 15, 16

<V>
2, 4, 6, 13, 14

<coordinates X,Y>
797.1373880748359, 445.17811534080005
99.12638294844221, 35.90998228009968
241.47072484991372, 475.1804512323359
376.4581047698309, 26.583979034807218
758.714616464027, 353.2400686397177
456.9338024886267, 82.71233808032757
373.4148987648897, 573.0760686547069
111.35673334389416, 317.16890294335786
193.02988816712883, 914.6647593715397
487.15784186750005, 35.27267465941722
613.7107116528224, 626.9926163346698
125.93346635148404, 774.2668781824053
711.1261307345204, 775.2963366512497
256.20272220115754, 439.1856002331899
932.3371419309301, 172.56435761845378
688.8002734969443, 375.5418862479331

<adjacency matrix with truck distances>
1, 2, 810.0,1108.0,1
2, 1, 810.0,1108.0,1
1, 3, 557.0,586.0,-1
3, 1, 557.0,586.0,-1
1, 4, 594.0,840.0,-1
4, 1, 594.0,840.0,-1
1, 5, 100.0,131.0,-1
5, 1, 100.0,131.0,-1
1, 6, 498.0,703.0,1
6, 1, 498.0,703.0,1
1, 7, 443.0,552.0,1
7, 1, 443.0,552.0,1
1, 8, 698.0,814.0,-1
8, 1, 698.0,814.0,-1
1, 9, 766.0,1074.0,-1
9, 1, 766.0,1074.0,-1
1, 10, 514.0,720.0,-1
10, 1, 514.0,720.0,-1
1, 11, 259.0,366.0,-1
11, 1, 259.0,366.0,-1
1, 12, 748.0,1001.0,-1
12, 1, 748.0,1001.0,-1
1, 13, 342.0,417.0,-1
13, 1, 342.0,417.0,-1
1, 14, 541.0,547.0,-1
14, 1, 541.0,547.0,-1
1, 15, 305.0,408.0,-1
15, 1, 305.0,408.0,-1
1, 16, 129.0,178.0,1
16, 1, 129.0,178.0,1
1, 1, 0.0,0.0,1
2, 3, 462.0,582.0,-1
3, 2, 462.0,582.0,-1
2, 4, 278.0,287.0,-1
4, 2, 278.0,287.0,-1
2, 5, 732.0,977.0,-1
5, 2, 732.0,977.0,-1
2, 6, 361.0,405.0,-1
6, 2, 361.0,405.0,-1
2, 7, 604.0,812.0,1
7, 2, 604.0,812.0,1
2, 8, 282.0,294.0,-1
8, 2, 282.0,294.0,-1
2, 9, 884.0,973.0,-1
9, 2, 884.0,973.0,-1
2, 10, 389.0,389.0,-1
10, 2, 389.0,389.0,-1
2, 11, 784.0,1106.0,-1
11, 2, 784.0,1106.0,-1
2, 12, 739.0,766.0,-1
12, 2, 739.0,766.0,-1
2, 13, 960.0,1352.0,-1
13, 2, 960.0,1352.0,-1
2, 14, 433.0,561.0,-1
14, 2, 433.0,561.0,-1
2, 15, 845.0,970.0,-1
15, 2, 845.0,970.0,-1
2, 16, 681.0,930.0,-1
16, 2, 681.0,930.0,-1
2, 2, 0.0,0.0,1
3, 4, 469.0,584.0,-1
4, 3, 469.0,584.0,-1
3, 5, 532.0,640.0,-1
5, 3, 532.0,640.0,-1
3, 6, 448.0,608.0,-1
6, 3, 448.0,608.0,-1
3, 7, 165.0,230.0,-1
7, 3, 165.0,230.0,-1
3, 8, 205.0,289.0,-1
8, 3, 205.0,289.0,-1
3, 9, 443.0,488.0,1
9, 3, 443.0,488.0,1
3, 10, 504.0,686.0,-1
10, 3, 504.0,686.0,-1
3, 11, 403.0,525.0,1
11, 3, 403.0,525.0,1
3, 12, 321.0,415.0,-1
12, 3, 321.0,415.0,-1
3, 13, 558.0,770.0,1
13, 3, 558.0,770.0,1
3, 14, 39.0,51.0,-1
14, 3, 39.0,51.0,-1
3, 15, 755.0,994.0,1
15, 3, 755.0,994.0,1
3, 16, 459.0,547.0,-1
16, 3, 459.0,547.0,-1
3, 3, 0.0,0.0,1
4, 5, 503.0,709.0,-1
5, 4, 503.0,709.0,-1
4, 6, 99.0,137.0,-1
6, 4, 99.0,137.0,-1
4, 7, 547.0,550.0,-1
7, 4, 547.0,550.0,-1
4, 8, 394.0,556.0,-1
8, 4, 394.0,556.0,-1
4, 9, 907.0,1072.0,-1
9, 4, 907.0,1072.0,-1
4, 10, 112.0,120.0,-1
10, 4, 112.0,120.0,-1
4, 11, 646.0,838.0,-1
11, 4, 646.0,838.0,-1
4, 12, 789.0,999.0,1
12, 4, 789.0,999.0,1
4, 13, 821.0,1084.0,1
13, 4, 821.0,1084.0,1
4, 14, 430.0,533.0,-1
14, 4, 430.0,533.0,-1
4, 15, 575.0,702.0,-1
15, 4, 575.0,702.0,-1
4, 16, 469.0,662.0,1
16, 4, 469.0,662.0,1
4, 4, 0.0,0.0,1
5, 6, 406.0,573.0,-1
6, 5, 406.0,573.0,-1
5, 7, 444.0,606.0,-1
7, 5, 444.0,606.0,-1
5, 8, 649.0,684.0,1
8, 5, 649.0,684.0,1
5, 9, 797.0,1128.0,-1
9, 5, 797.0,1128.0,-1
5, 10, 419.0,590.0,-1
10, 5, 419.0,590.0,-1
5, 11, 310.0,419.0,-1
11, 5, 310.0,419.0,-1
5, 12, 761.0,1054.0,-1
12, 5, 761.0,1054.0,-1
5, 13, 425.0,470.0,-1
13, 5, 425.0,470.0,-1
5, 14, 510.0,589.0,-1
14, 5, 510.0,589.0,-1
5, 15, 251.0,355.0,1
15, 5, 251.0,355.0,1
5, 16, 74.0,93.0,1
16, 5, 74.0,93.0,1
5, 5, 0.0,0.0,1
6, 7, 498.0,574.0,-1
7, 6, 498.0,574.0,-1
6, 8, 418.0,581.0,-1
8, 6, 418.0,581.0,-1
6, 9, 873.0,1096.0,-1
9, 6, 873.0,1096.0,-1
6, 10, 57.0,78.0,1
10, 6, 57.0,78.0,1
6, 11, 567.0,702.0,-1
11, 6, 567.0,702.0,-1
6, 12, 767.0,1023.0,-1
12, 6, 767.0,1023.0,-1
6, 13, 738.0,947.0,-1
13, 6, 738.0,947.0,-1
6, 14, 410.0,558.0,-1
14, 6, 410.0,558.0,-1
6, 15, 484.0,566.0,-1
15, 6, 484.0,566.0,-1
6, 16, 374.0,525.0,1
16, 6, 374.0,525.0,1
6, 6, 0.0,0.0,1
7, 8, 367.0,518.0,1
8, 7, 367.0,518.0,1
7, 9, 387.0,522.0,-1
9, 7, 387.0,522.0,-1
7, 10, 550.0,652.0,-1
10, 7, 550.0,652.0,-1
7, 11, 247.0,295.0,1
11, 7, 247.0,295.0,1
7, 12, 319.0,449.0,-1
12, 7, 319.0,449.0,-1
7, 13, 394.0,540.0,-1
13, 7, 394.0,540.0,-1
7, 14, 178.0,252.0,-1
14, 7, 178.0,252.0,-1
7, 15, 688.0,960.0,1
15, 7, 688.0,960.0,1
7, 16, 373.0,513.0,-1
16, 7, 373.0,513.0,-1
7, 7, 0.0,0.0,1
8, 9, 604.0,680.0,1
9, 8, 604.0,680.0,1
8, 10, 470.0,658.0,1
10, 8, 470.0,658.0,1
8, 11, 591.0,813.0,-1
11, 8, 591.0,813.0,-1
8, 12, 458.0,472.0,1
12, 8, 458.0,472.0,1
8, 13, 755.0,1058.0,1
13, 8, 755.0,1058.0,1
8, 14, 190.0,267.0,-1
14, 8, 190.0,267.0,-1
8, 15, 834.0,966.0,1
15, 8, 834.0,966.0,1
8, 16, 581.0,636.0,1
16, 8, 581.0,636.0,1
8, 8, 0.0,0.0,1
9, 10, 928.0,1174.0,-1
10, 9, 928.0,1174.0,-1
9, 11, 510.0,709.0,-1
11, 9, 510.0,709.0,-1
9, 12, 156.0,208.0,1
12, 9, 156.0,208.0,1
9, 13, 537.0,658.0,1
13, 9, 537.0,658.0,1
9, 14, 480.0,539.0,-1
14, 9, 480.0,539.0,-1
9, 15, 1048.0,1482.0,-1
15, 9, 1048.0,1482.0,-1
9, 16, 733.0,1035.0,-1
16, 9, 733.0,1035.0,-1
9, 9, 0.0,0.0,1
10, 11, 606.0,719.0,-1
11, 10, 606.0,719.0,-1
10, 12, 823.0,1101.0,1
12, 10, 823.0,1101.0,1
10, 13, 774.0,964.0,-1
13, 10, 774.0,964.0,-1
10, 14, 466.0,635.0,-1
14, 10, 466.0,635.0,-1
10, 15, 466.0,583.0,1
15, 10, 466.0,583.0,1
10, 16, 396.0,542.0,1
16, 10, 396.0,542.0,1
10, 10, 0.0,0.0,1
11, 12, 510.0,636.0,-1
12, 11, 510.0,636.0,-1
11, 13, 178.0,246.0,1
13, 11, 178.0,246.0,1
11, 14, 404.0,546.0,-1
14, 11, 404.0,546.0,-1
11, 15, 556.0,774.0,-1
15, 11, 556.0,774.0,-1
11, 16, 263.0,327.0,-1
16, 11, 263.0,327.0,-1
11, 11, 0.0,0.0,1
12, 13, 586.0,587.0,-1
13, 12, 586.0,587.0,-1
12, 14, 360.0,466.0,-1
14, 12, 360.0,466.0,-1
12, 15, 1007.0,1409.0,-1
15, 12, 1007.0,1409.0,-1
12, 16, 690.0,962.0,1
16, 12, 690.0,962.0,1
12, 12, 0.0,0.0,1
13, 14, 566.0,792.0,1
14, 13, 566.0,792.0,1
13, 15, 643.0,824.0,1
15, 13, 643.0,824.0,1
13, 16, 401.0,423.0,1
16, 13, 401.0,423.0,1
13, 13, 0.0,0.0,1
14, 15, 727.0,943.0,-1
15, 14, 727.0,943.0,-1
14, 16, 438.0,497.0,-1
16, 14, 438.0,497.0,-1
14, 14, 0.0,0.0,1
15, 16, 318.0,447.0,-1
16, 15, 318.0,447.0,-1
15, 15, 0.0,0.0,1
16, 16, 0.0,0.0,1


<end>