<number of nodes>
16

<ratio of available edges>
0.3

<max length of the drone flight>
100000 

<D 2/3>
1, 2, 4, 5, 7, 9, 12, 13, 14, 15, 16

<V>
2, 4, 7, 12, 16

<coordinates X,Y>
168.65452973175002, 884.2356393939949
732.606972241802, 766.1193908871625
296.7586778706304, 318.8575531634623
195.65328473613627, 557.1341214998018
255.94228257551487, 344.32978896144874
54.48300672590709, 134.93353224502678
595.6757762324095, 821.9992344165126
350.0139013036338, 911.1477276389747
136.08855787185712, 262.85566211439885
366.7985601793054, 428.41998684789183
205.33268374269596, 51.05764952314526
791.2397317088614, 34.94748850679223
614.7296527676626, 344.866899687582
138.11363735653237, 644.8291844748424
323.3670668442225, 957.9515764471779
234.48768878488232, 188.968311871099

<adjacency matrix with truck distances>
1, 2, 577.0,683.0,-1
2, 1, 577.0,683.0,-1
1, 3, 580.0,694.0,1
3, 1, 580.0,694.0,1
1, 4, 329.0,355.0,-1
4, 1, 329.0,355.0,-1
1, 5, 547.0,628.0,1
5, 1, 547.0,628.0,1
1, 6, 758.0,864.0,-1
6, 1, 758.0,864.0,-1
1, 7, 432.0,490.0,-1
7, 1, 432.0,490.0,-1
1, 8, 184.0,209.0,1
8, 1, 184.0,209.0,1
1, 9, 623.0,654.0,-1
9, 1, 623.0,654.0,-1
1, 10, 498.0,654.0,-1
10, 1, 498.0,654.0,-1
1, 11, 834.0,870.0,-1
11, 1, 834.0,870.0,-1
1, 12, 1054.0,1472.0,-1
12, 1, 1054.0,1472.0,-1
1, 13, 700.0,986.0,1
13, 1, 700.0,986.0,1
1, 14, 242.0,270.0,-1
14, 1, 242.0,270.0,-1
1, 15, 172.0,229.0,1
15, 1, 172.0,229.0,1
1, 16, 699.0,762.0,-1
16, 1, 699.0,762.0,-1
1, 1, 0.0,0.0,1
2, 3, 625.0,884.0,-1
3, 2, 625.0,884.0,-1
2, 4, 577.0,746.0,-1
4, 2, 577.0,746.0,-1
2, 5, 637.0,899.0,-1
5, 2, 637.0,899.0,-1
2, 6, 927.0,1310.0,1
6, 2, 927.0,1310.0,1
2, 7, 148.0,193.0,-1
7, 2, 148.0,193.0,-1
2, 8, 410.0,528.0,1
8, 2, 410.0,528.0,1
2, 9, 781.0,1100.0,-1
9, 2, 781.0,1100.0,-1
2, 10, 498.0,704.0,1
10, 2, 498.0,704.0,1
2, 11, 889.0,1243.0,1
11, 2, 889.0,1243.0,1
2, 12, 734.0,790.0,-1
12, 2, 734.0,790.0,-1
2, 13, 438.0,540.0,1
13, 2, 438.0,540.0,1
2, 14, 607.0,716.0,-1
14, 2, 607.0,716.0,-1
2, 15, 452.0,602.0,-1
15, 2, 452.0,602.0,-1
2, 16, 763.0,1076.0,-1
16, 2, 763.0,1076.0,-1
2, 2, 0.0,0.0,1
3, 4, 259.0,340.0,-1
4, 3, 259.0,340.0,-1
3, 5, 49.0,67.0,-1
5, 3, 49.0,67.0,-1
3, 6, 305.0,427.0,1
6, 3, 305.0,427.0,1
3, 7, 586.0,803.0,-1
7, 3, 586.0,803.0,-1
3, 8, 595.0,646.0,-1
8, 3, 595.0,646.0,-1
3, 9, 171.0,217.0,-1
9, 3, 171.0,217.0,-1
3, 10, 131.0,180.0,-1
10, 3, 131.0,180.0,-1
3, 11, 283.0,360.0,-1
11, 3, 283.0,360.0,-1
3, 12, 571.0,779.0,-1
12, 3, 571.0,779.0,-1
3, 13, 320.0,344.0,-1
13, 3, 320.0,344.0,-1
3, 14, 363.0,485.0,-1
14, 3, 363.0,485.0,-1
3, 15, 640.0,666.0,-1
15, 3, 640.0,666.0,-1
3, 16, 145.0,193.0,-1
16, 3, 145.0,193.0,-1
3, 3, 0.0,0.0,1
4, 5, 222.0,274.0,1
5, 4, 222.0,274.0,1
4, 6, 446.0,564.0,-1
6, 4, 446.0,564.0,-1
4, 7, 480.0,665.0,-1
7, 4, 480.0,665.0,-1
4, 8, 387.0,509.0,-1
8, 4, 387.0,509.0,-1
4, 9, 301.0,354.0,-1
9, 4, 301.0,354.0,-1
4, 10, 215.0,300.0,-1
10, 4, 215.0,300.0,-1
4, 11, 507.0,516.0,1
11, 4, 507.0,516.0,1
4, 12, 793.0,1118.0,1
12, 4, 793.0,1118.0,1
4, 13, 470.0,632.0,1
13, 4, 470.0,632.0,1
4, 14, 105.0,146.0,-1
14, 4, 105.0,146.0,-1
4, 15, 421.0,529.0,-1
15, 4, 421.0,529.0,-1
4, 16, 371.0,408.0,-1
16, 4, 371.0,408.0,-1
4, 4, 0.0,0.0,1
5, 6, 291.0,411.0,-1
6, 5, 291.0,411.0,-1
5, 7, 587.0,818.0,-1
7, 5, 587.0,818.0,-1
5, 8, 575.0,661.0,-1
8, 5, 575.0,661.0,-1
5, 9, 145.0,202.0,1
9, 5, 145.0,202.0,1
5, 10, 140.0,195.0,1
10, 5, 140.0,195.0,1
5, 11, 298.0,344.0,-1
11, 5, 298.0,344.0,-1
5, 12, 619.0,845.0,1
12, 5, 619.0,845.0,1
5, 13, 359.0,360.0,-1
13, 5, 359.0,360.0,-1
5, 14, 323.0,419.0,-1
14, 5, 323.0,419.0,-1
5, 15, 618.0,682.0,-1
15, 5, 618.0,682.0,-1
5, 16, 157.0,177.0,-1
16, 5, 157.0,177.0,-1
5, 5, 0.0,0.0,1
6, 7, 875.0,1229.0,-1
7, 6, 875.0,1229.0,-1
6, 8, 831.0,1072.0,1
8, 6, 831.0,1072.0,1
6, 9, 152.0,210.0,-1
9, 6, 152.0,210.0,-1
6, 10, 429.0,606.0,-1
10, 6, 429.0,606.0,-1
6, 11, 173.0,235.0,-1
11, 6, 173.0,235.0,-1
6, 12, 744.0,837.0,-1
12, 6, 744.0,837.0,-1
6, 13, 599.0,771.0,-1
13, 6, 599.0,771.0,-1
6, 14, 517.0,594.0,-1
14, 6, 517.0,594.0,-1
6, 15, 866.0,1092.0,1
15, 6, 866.0,1092.0,1
6, 16, 188.0,235.0,-1
16, 6, 188.0,235.0,-1
6, 6, 0.0,0.0,1
7, 8, 262.0,335.0,-1
8, 7, 262.0,335.0,-1
7, 9, 724.0,1019.0,-1
9, 7, 724.0,1019.0,-1
7, 10, 456.0,623.0,-1
10, 7, 456.0,623.0,-1
7, 11, 865.0,1162.0,1
11, 7, 865.0,1162.0,1
7, 12, 811.0,983.0,-1
12, 7, 811.0,983.0,-1
7, 13, 478.0,497.0,-1
13, 7, 478.0,497.0,-1
7, 14, 491.0,635.0,1
14, 7, 491.0,635.0,1
7, 15, 305.0,409.0,1
15, 7, 305.0,409.0,1
7, 16, 729.0,995.0,1
16, 7, 729.0,995.0,1
7, 7, 0.0,0.0,1
8, 9, 683.0,863.0,-1
9, 8, 683.0,863.0,-1
8, 10, 484.0,500.0,-1
10, 8, 484.0,500.0,-1
8, 11, 873.0,1005.0,-1
11, 8, 873.0,1005.0,-1
8, 12, 982.0,1318.0,-1
12, 8, 982.0,1318.0,-1
8, 13, 626.0,831.0,-1
13, 8, 626.0,831.0,-1
8, 14, 341.0,479.0,-1
14, 8, 341.0,479.0,-1
8, 15, 54.0,74.0,-1
15, 8, 54.0,74.0,-1
8, 16, 732.0,838.0,1
16, 8, 732.0,838.0,1
8, 8, 0.0,0.0,1
9, 10, 284.0,397.0,1
10, 9, 284.0,397.0,1
9, 11, 223.0,282.0,1
11, 9, 223.0,282.0,1
9, 12, 694.0,884.0,1
12, 9, 694.0,884.0,1
9, 13, 486.0,561.0,-1
13, 9, 486.0,561.0,-1
9, 14, 382.0,384.0,-1
14, 9, 382.0,384.0,-1
9, 15, 720.0,883.0,-1
15, 9, 720.0,883.0,-1
9, 16, 124.0,173.0,1
16, 9, 124.0,173.0,1
9, 9, 0.0,0.0,1
10, 11, 411.0,539.0,-1
11, 10, 411.0,539.0,-1
10, 12, 579.0,818.0,-1
12, 10, 579.0,818.0,-1
10, 13, 262.0,332.0,1
13, 10, 262.0,332.0,1
10, 14, 315.0,446.0,1
14, 10, 315.0,446.0,1
10, 15, 532.0,573.0,-1
15, 10, 532.0,573.0,-1
10, 16, 274.0,372.0,-1
16, 10, 274.0,372.0,-1
10, 10, 0.0,0.0,1
11, 12, 587.0,603.0,-1
12, 11, 587.0,603.0,-1
11, 13, 504.0,704.0,1
13, 11, 504.0,704.0,1
11, 14, 598.0,661.0,-1
14, 11, 598.0,661.0,-1
11, 15, 915.0,1025.0,1
15, 11, 915.0,1025.0,1
11, 16, 141.0,168.0,-1
16, 11, 141.0,168.0,-1
11, 11, 0.0,0.0,1
12, 13, 357.0,487.0,1
13, 12, 357.0,487.0,1
12, 14, 894.0,1264.0,1
14, 12, 894.0,1264.0,1
12, 15, 1035.0,1391.0,1
15, 12, 1035.0,1391.0,1
12, 16, 578.0,711.0,-1
16, 12, 578.0,711.0,-1
12, 12, 0.0,0.0,1
13, 14, 564.0,777.0,-1
14, 13, 564.0,777.0,-1
13, 15, 679.0,905.0,-1
15, 13, 679.0,905.0,-1
13, 16, 411.0,537.0,-1
16, 13, 411.0,537.0,-1
13, 13, 0.0,0.0,1
14, 15, 364.0,499.0,-1
15, 14, 364.0,499.0,-1
14, 16, 466.0,553.0,-1
16, 14, 466.0,553.0,-1
14, 14, 0.0,0.0,1
15, 16, 775.0,858.0,-1
16, 15, 775.0,858.0,-1
15, 15, 0.0,0.0,1
16, 16, 0.0,0.0,1


<end>