<number of nodes>
16

<ratio of available edges>
0.3

<max length of the drone flight>
100000 

<D 2/3>
1, 2, 3, 5, 7, 8, 10, 11, 12, 14, 16

<V>
5, 10, 11, 12, 14

<coordinates X,Y>
509.8077041475285, 850.4594498651772
982.8214406862076, 429.6393379751002
647.6859647990211, 835.2037948918986
993.3743699792785, 908.0512612255443
671.1886498054248, 501.8407402144776
747.0744174919961, 129.20564249124476
142.1587642669669, 86.34600288047038
766.0318930475172, 863.094085627747
933.6169304829041, 125.79678605224821
904.5605547843138, 164.13954391823924
926.1421038953915, 561.0565909032833
277.56274293789676, 488.03810844106766
713.7338884129352, 639.1745766902887
891.0777545577383, 588.6119620869689
590.429804955541, 828.805679339485
115.53486038786251, 317.76336528016606

<adjacency matrix with truck distances>
1, 2, 634.0,894.0,-1
2, 1, 634.0,894.0,-1
1, 3, 139.0,154.0,-1
3, 1, 139.0,154.0,-1
1, 4, 487.0,542.0,1
4, 1, 487.0,542.0,1
1, 5, 385.0,510.0,-1
5, 1, 385.0,510.0,-1
1, 6, 760.0,959.0,-1
6, 1, 760.0,959.0,-1
1, 7, 848.0,1132.0,-1
7, 1, 848.0,1132.0,-1
1, 8, 257.0,269.0,1
8, 1, 257.0,269.0,1
1, 9, 840.0,1149.0,-1
9, 1, 840.0,1149.0,-1
1, 10, 792.0,1082.0,1
10, 1, 792.0,1082.0,1
1, 11, 508.0,706.0,-1
11, 1, 508.0,706.0,-1
1, 12, 431.0,595.0,-1
12, 1, 431.0,595.0,-1
1, 13, 294.0,416.0,-1
13, 1, 294.0,416.0,-1
1, 14, 463.0,644.0,1
14, 1, 463.0,644.0,1
1, 15, 84.0,103.0,-1
15, 1, 84.0,103.0,-1
1, 16, 663.0,927.0,-1
16, 1, 663.0,927.0,-1
1, 1, 0.0,0.0,1
2, 3, 527.0,741.0,1
3, 2, 527.0,741.0,1
2, 4, 479.0,489.0,-1
4, 2, 479.0,489.0,-1
2, 5, 320.0,384.0,-1
5, 2, 320.0,384.0,-1
2, 6, 382.0,537.0,-1
6, 2, 382.0,537.0,-1
2, 7, 909.0,1184.0,1
7, 2, 909.0,1184.0,1
2, 8, 485.0,651.0,-1
8, 2, 485.0,651.0,-1
2, 9, 308.0,354.0,1
9, 2, 308.0,354.0,1
2, 10, 277.0,344.0,-1
10, 2, 277.0,344.0,-1
2, 11, 144.0,189.0,1
11, 2, 144.0,189.0,1
2, 12, 708.0,764.0,1
12, 2, 708.0,764.0,1
2, 13, 342.0,479.0,1
13, 2, 342.0,479.0,1
2, 14, 184.0,251.0,-1
14, 2, 184.0,251.0,-1
2, 15, 560.0,792.0,1
15, 2, 560.0,792.0,1
2, 16, 875.0,980.0,-1
16, 2, 875.0,980.0,-1
2, 2, 0.0,0.0,1
3, 4, 354.0,419.0,-1
4, 3, 354.0,419.0,-1
3, 5, 335.0,357.0,-1
5, 3, 335.0,357.0,-1
3, 6, 713.0,806.0,-1
6, 3, 713.0,806.0,-1
3, 7, 904.0,1255.0,-1
7, 3, 904.0,1255.0,-1
3, 8, 122.0,147.0,1
8, 3, 122.0,147.0,1
3, 9, 765.0,996.0,-1
9, 3, 765.0,996.0,-1
3, 10, 719.0,928.0,1
10, 3, 719.0,928.0,1
3, 11, 391.0,553.0,1
11, 3, 391.0,553.0,1
3, 12, 508.0,718.0,-1
12, 3, 508.0,718.0,-1
3, 13, 207.0,263.0,1
13, 3, 207.0,263.0,1
3, 14, 347.0,490.0,1
14, 3, 347.0,490.0,1
3, 15, 58.0,64.0,-1
15, 3, 58.0,64.0,-1
3, 16, 743.0,1050.0,-1
16, 3, 743.0,1050.0,-1
3, 3, 0.0,0.0,1
4, 5, 519.0,729.0,-1
5, 4, 519.0,729.0,-1
4, 6, 817.0,1026.0,-1
6, 4, 817.0,1026.0,-1
4, 7, 1184.0,1673.0,-1
7, 4, 1184.0,1673.0,-1
4, 8, 232.0,273.0,-1
8, 4, 232.0,273.0,-1
4, 9, 785.0,843.0,-1
9, 4, 785.0,843.0,-1
4, 10, 750.0,833.0,-1
10, 4, 750.0,833.0,-1
4, 11, 354.0,415.0,-1
11, 4, 354.0,415.0,-1
4, 12, 830.0,1136.0,1
12, 4, 830.0,1136.0,1
4, 13, 388.0,549.0,1
13, 4, 388.0,549.0,1
4, 14, 336.0,422.0,-1
14, 4, 336.0,422.0,-1
4, 15, 411.0,483.0,1
15, 4, 411.0,483.0,1
4, 16, 1058.0,1469.0,1
16, 4, 1058.0,1469.0,1
4, 4, 0.0,0.0,1
5, 6, 381.0,449.0,-1
6, 5, 381.0,449.0,-1
5, 7, 673.0,945.0,-1
7, 5, 673.0,945.0,-1
5, 8, 374.0,457.0,-1
8, 5, 374.0,457.0,-1
5, 9, 459.0,639.0,-1
9, 5, 459.0,639.0,-1
5, 10, 411.0,572.0,1
10, 5, 411.0,572.0,1
5, 11, 262.0,315.0,-1
11, 5, 262.0,315.0,-1
5, 12, 394.0,408.0,1
12, 5, 394.0,408.0,1
5, 13, 144.0,180.0,-1
13, 5, 144.0,180.0,-1
5, 14, 237.0,307.0,-1
14, 5, 237.0,307.0,-1
5, 15, 337.0,408.0,-1
15, 5, 337.0,408.0,-1
5, 16, 586.0,740.0,-1
16, 5, 586.0,740.0,-1
5, 5, 0.0,0.0,1
6, 7, 607.0,648.0,-1
7, 6, 607.0,648.0,-1
6, 8, 735.0,753.0,-1
8, 6, 735.0,753.0,-1
6, 9, 187.0,190.0,1
9, 6, 187.0,190.0,1
6, 10, 162.0,193.0,-1
10, 6, 162.0,193.0,-1
6, 11, 468.0,611.0,1
11, 6, 468.0,611.0,1
6, 12, 591.0,829.0,-1
12, 6, 591.0,829.0,-1
6, 13, 512.0,544.0,-1
13, 6, 512.0,544.0,-1
6, 14, 482.0,604.0,-1
14, 6, 482.0,604.0,-1
6, 15, 717.0,857.0,-1
15, 6, 717.0,857.0,-1
6, 16, 660.0,821.0,1
16, 6, 660.0,821.0,1
6, 6, 0.0,0.0,1
7, 8, 997.0,1401.0,1
8, 7, 997.0,1401.0,1
7, 9, 793.0,831.0,1
9, 7, 793.0,831.0,1
7, 10, 767.0,841.0,-1
10, 7, 767.0,841.0,-1
7, 11, 917.0,1259.0,1
11, 7, 917.0,1259.0,1
7, 12, 424.0,538.0,-1
12, 7, 424.0,538.0,-1
7, 13, 796.0,1125.0,-1
13, 7, 796.0,1125.0,-1
7, 14, 902.0,1252.0,-1
14, 7, 902.0,1252.0,-1
7, 15, 868.0,1191.0,-1
15, 7, 868.0,1191.0,-1
7, 16, 233.0,259.0,1
16, 7, 233.0,259.0,1
7, 7, 0.0,0.0,1
8, 9, 757.0,905.0,-1
9, 8, 757.0,905.0,-1
8, 10, 713.0,838.0,-1
10, 8, 713.0,838.0,-1
8, 11, 342.0,463.0,-1
11, 8, 342.0,463.0,-1
8, 12, 616.0,864.0,-1
12, 8, 616.0,864.0,-1
8, 13, 230.0,277.0,-1
13, 8, 230.0,277.0,-1
8, 14, 302.0,400.0,-1
14, 8, 302.0,400.0,-1
8, 15, 179.0,210.0,1
15, 8, 179.0,210.0,1
8, 16, 849.0,1196.0,-1
16, 8, 849.0,1196.0,-1
8, 8, 0.0,0.0,1
9, 10, 49.0,68.0,1
10, 9, 49.0,68.0,1
9, 11, 436.0,443.0,1
11, 9, 436.0,443.0,1
9, 12, 750.0,1019.0,-1
12, 9, 750.0,1019.0,-1
9, 13, 559.0,734.0,-1
13, 9, 559.0,734.0,-1
9, 14, 465.0,506.0,-1
14, 9, 465.0,506.0,-1
9, 15, 783.0,1047.0,1
15, 9, 783.0,1047.0,1
9, 16, 841.0,1011.0,-1
16, 9, 841.0,1011.0,-1
9, 9, 0.0,0.0,1
10, 11, 398.0,419.0,-1
11, 10, 398.0,419.0,-1
10, 12, 706.0,951.0,-1
12, 10, 706.0,951.0,-1
10, 13, 512.0,666.0,-1
13, 10, 512.0,666.0,-1
10, 14, 425.0,438.0,-1
14, 10, 425.0,438.0,-1
10, 15, 736.0,979.0,-1
15, 10, 736.0,979.0,-1
10, 16, 804.0,943.0,-1
16, 10, 804.0,943.0,-1
10, 10, 0.0,0.0,1
11, 12, 653.0,722.0,-1
12, 11, 653.0,722.0,-1
11, 13, 227.0,291.0,-1
13, 11, 227.0,291.0,-1
11, 14, 45.0,63.0,-1
14, 11, 45.0,63.0,-1
11, 15, 430.0,604.0,1
15, 11, 430.0,604.0,1
11, 16, 847.0,1054.0,-1
16, 11, 847.0,1054.0,-1
11, 11, 0.0,0.0,1
12, 13, 462.0,588.0,-1
13, 12, 462.0,588.0,-1
12, 14, 622.0,715.0,-1
14, 12, 622.0,715.0,-1
12, 15, 463.0,654.0,-1
15, 12, 463.0,654.0,-1
12, 16, 236.0,333.0,-1
16, 12, 236.0,333.0,-1
12, 12, 0.0,0.0,1
13, 14, 185.0,228.0,1
14, 13, 185.0,228.0,1
13, 15, 227.0,313.0,-1
15, 13, 227.0,313.0,-1
13, 16, 680.0,920.0,-1
16, 13, 680.0,920.0,-1
13, 13, 0.0,0.0,1
14, 15, 385.0,541.0,-1
15, 14, 385.0,541.0,-1
14, 16, 822.0,1047.0,-1
16, 14, 822.0,1047.0,-1
14, 14, 0.0,0.0,1
15, 16, 698.0,986.0,1
16, 15, 698.0,986.0,1
15, 15, 0.0,0.0,1
16, 16, 0.0,0.0,1


<end>