<number of nodes>
16

<ratio of available edges>
0.3

<max length of the drone flight>
100000 

<D 2/3>
1, 3, 5, 6, 8, 9, 10, 11, 13, 15, 16

<V>
3, 5, 11, 15, 16

<coordinates X,Y>
400.5209303388821, 649.907176977956
929.7561200540389, 650.6991352565127
597.7504610169775, 885.8689494559413
38.58227702257863, 533.8051873718946
368.7777892367705, 593.2001619881413
631.5413768331487, 408.6805296574984
3.9253888934293215, 102.16432281078504
471.7156652068923, 861.8628130359335
2.5398602358210587, 990.2254985549489
668.4332681487203, 560.1485548383708
442.14842405408194, 439.7731509978509
150.65008441940998, 55.291533099078435
270.79089967715964, 894.4555929709123
911.0673427431315, 272.42537035368906
230.3260850415865, 323.9285192915076
222.8097266103132, 391.14702542652674

<adjacency matrix with truck distances>
1, 2, 530.0,531.0,1
2, 1, 530.0,531.0,1
1, 3, 308.0,434.0,-1
3, 1, 308.0,434.0,-1
1, 4, 381.0,479.0,-1
4, 1, 381.0,479.0,-1
1, 5, 65.0,89.0,1
5, 1, 65.0,89.0,1
1, 6, 335.0,473.0,-1
6, 1, 335.0,473.0,-1
1, 7, 677.0,945.0,-1
7, 1, 677.0,945.0,-1
1, 8, 224.0,284.0,-1
8, 1, 224.0,284.0,-1
1, 9, 524.0,739.0,-1
9, 1, 524.0,739.0,-1
1, 10, 283.0,358.0,-1
10, 1, 283.0,358.0,-1
1, 11, 215.0,252.0,-1
11, 1, 215.0,252.0,-1
1, 12, 645.0,845.0,-1
12, 1, 645.0,845.0,-1
1, 13, 277.0,375.0,-1
13, 1, 277.0,375.0,-1
1, 14, 635.0,889.0,-1
14, 1, 635.0,889.0,-1
1, 15, 368.0,497.0,-1
15, 1, 368.0,497.0,-1
1, 16, 314.0,437.0,-1
16, 1, 314.0,437.0,-1
1, 1, 0.0,0.0,1
2, 3, 407.0,568.0,1
3, 2, 407.0,568.0,1
2, 4, 899.0,1009.0,1
4, 2, 899.0,1009.0,1
2, 5, 564.0,619.0,-1
5, 2, 564.0,619.0,-1
2, 6, 385.0,541.0,-1
6, 2, 385.0,541.0,-1
2, 7, 1077.0,1475.0,-1
7, 2, 1077.0,1475.0,-1
2, 8, 505.0,670.0,1
8, 2, 505.0,670.0,1
2, 9, 988.0,1267.0,-1
9, 2, 988.0,1267.0,-1
2, 10, 277.0,352.0,-1
10, 2, 277.0,352.0,-1
2, 11, 532.0,699.0,1
11, 2, 532.0,699.0,1
2, 12, 981.0,1375.0,-1
12, 2, 981.0,1375.0,-1
2, 13, 703.0,903.0,-1
13, 2, 703.0,903.0,-1
2, 14, 379.0,397.0,1
14, 2, 379.0,397.0,1
2, 15, 772.0,1027.0,-1
15, 2, 772.0,1027.0,-1
2, 16, 754.0,967.0,1
16, 2, 754.0,967.0,1
2, 2, 0.0,0.0,1
3, 4, 661.0,912.0,1
4, 3, 661.0,912.0,1
3, 5, 372.0,522.0,1
5, 3, 372.0,522.0,1
3, 6, 479.0,511.0,1
6, 3, 479.0,511.0,1
3, 7, 984.0,1378.0,-1
7, 3, 984.0,1378.0,-1
3, 8, 129.0,151.0,-1
8, 3, 129.0,151.0,-1
3, 9, 605.0,700.0,1
9, 3, 605.0,700.0,1
3, 10, 334.0,397.0,-1
10, 3, 334.0,397.0,-1
3, 11, 473.0,602.0,-1
11, 3, 473.0,602.0,-1
3, 12, 944.0,1278.0,1
12, 3, 944.0,1278.0,1
3, 13, 328.0,336.0,1
13, 3, 328.0,336.0,1
3, 14, 689.0,927.0,-1
14, 3, 689.0,927.0,-1
3, 15, 672.0,930.0,-1
15, 3, 672.0,930.0,-1
3, 16, 621.0,870.0,-1
16, 3, 621.0,870.0,-1
3, 3, 0.0,0.0,1
4, 5, 336.0,390.0,-1
5, 4, 336.0,390.0,-1
4, 6, 607.0,719.0,-1
6, 4, 607.0,719.0,-1
4, 7, 434.0,467.0,1
7, 4, 434.0,467.0,1
4, 8, 544.0,762.0,-1
8, 4, 544.0,762.0,-1
4, 9, 458.0,493.0,1
9, 4, 458.0,493.0,1
4, 10, 631.0,657.0,1
10, 4, 631.0,657.0,1
4, 11, 415.0,498.0,-1
11, 4, 415.0,498.0,-1
4, 12, 492.0,591.0,1
12, 4, 492.0,591.0,1
4, 13, 429.0,593.0,1
13, 4, 429.0,593.0,1
4, 14, 911.0,1134.0,-1
14, 4, 911.0,1134.0,-1
4, 15, 285.0,402.0,-1
15, 4, 285.0,402.0,-1
4, 16, 234.0,327.0,-1
16, 4, 234.0,327.0,-1
4, 4, 0.0,0.0,1
5, 6, 322.0,448.0,-1
6, 5, 322.0,448.0,-1
5, 7, 612.0,856.0,-1
7, 5, 612.0,856.0,-1
5, 8, 288.0,372.0,-1
8, 5, 288.0,372.0,-1
5, 9, 541.0,764.0,-1
9, 5, 541.0,764.0,-1
5, 10, 302.0,333.0,-1
10, 5, 302.0,333.0,-1
5, 11, 171.0,227.0,-1
11, 5, 171.0,227.0,-1
5, 12, 581.0,757.0,-1
12, 5, 581.0,757.0,-1
5, 13, 317.0,400.0,-1
13, 5, 317.0,400.0,-1
5, 14, 631.0,864.0,-1
14, 5, 631.0,864.0,-1
5, 15, 303.0,408.0,1
15, 5, 303.0,408.0,1
5, 16, 250.0,349.0,-1
16, 5, 250.0,349.0,-1
5, 5, 0.0,0.0,1
6, 7, 699.0,935.0,-1
7, 6, 699.0,935.0,-1
6, 8, 481.0,614.0,-1
8, 6, 481.0,614.0,-1
6, 9, 857.0,1211.0,-1
9, 6, 857.0,1211.0,-1
6, 10, 156.0,189.0,1
10, 6, 156.0,189.0,1
6, 11, 192.0,221.0,-1
11, 6, 192.0,221.0,-1
6, 12, 597.0,835.0,-1
12, 6, 597.0,835.0,-1
6, 13, 606.0,847.0,-1
13, 6, 606.0,847.0,-1
6, 14, 311.0,416.0,-1
14, 6, 311.0,416.0,-1
6, 15, 411.0,486.0,-1
15, 6, 411.0,486.0,-1
6, 16, 410.0,427.0,1
16, 6, 410.0,427.0,1
6, 6, 0.0,0.0,1
7, 8, 893.0,1228.0,-1
8, 7, 893.0,1228.0,-1
7, 9, 889.0,890.0,-1
9, 7, 889.0,890.0,-1
7, 10, 808.0,1123.0,-1
10, 7, 808.0,1123.0,-1
7, 11, 554.0,776.0,-1
11, 7, 554.0,776.0,-1
7, 12, 155.0,194.0,-1
12, 7, 155.0,194.0,-1
7, 13, 837.0,1060.0,1
13, 7, 837.0,1060.0,1
7, 14, 923.0,1078.0,1
14, 7, 923.0,1078.0,1
7, 15, 317.0,449.0,-1
15, 7, 317.0,449.0,-1
7, 16, 363.0,508.0,1
16, 7, 363.0,508.0,1
7, 7, 0.0,0.0,1
8, 9, 487.0,598.0,1
9, 8, 487.0,598.0,1
8, 10, 361.0,499.0,1
10, 8, 361.0,499.0,1
8, 11, 424.0,452.0,-1
11, 8, 424.0,452.0,-1
8, 12, 869.0,1128.0,-1
12, 8, 869.0,1128.0,-1
8, 13, 204.0,234.0,-1
13, 8, 204.0,234.0,-1
8, 14, 736.0,1029.0,-1
14, 8, 736.0,1029.0,-1
8, 15, 590.0,780.0,-1
15, 8, 590.0,780.0,-1
8, 16, 533.0,720.0,1
16, 8, 533.0,720.0,1
8, 8, 0.0,0.0,1
9, 10, 793.0,1096.0,-1
10, 9, 793.0,1096.0,-1
9, 11, 705.0,991.0,-1
11, 9, 705.0,991.0,-1
9, 12, 947.0,1084.0,-1
12, 9, 947.0,1084.0,-1
9, 13, 285.0,365.0,-1
13, 9, 285.0,365.0,-1
9, 14, 1158.0,1627.0,-1
14, 9, 1158.0,1627.0,-1
9, 15, 705.0,895.0,-1
15, 9, 705.0,895.0,-1
9, 16, 639.0,820.0,-1
16, 9, 639.0,820.0,-1
9, 9, 0.0,0.0,1
10, 11, 257.0,347.0,-1
11, 10, 257.0,347.0,-1
10, 12, 724.0,1023.0,-1
12, 10, 724.0,1023.0,-1
10, 13, 520.0,732.0,-1
13, 10, 520.0,732.0,-1
10, 14, 377.0,531.0,1
14, 10, 377.0,531.0,1
10, 15, 498.0,675.0,-1
15, 10, 498.0,675.0,-1
10, 16, 477.0,615.0,-1
16, 10, 477.0,615.0,-1
10, 10, 0.0,0.0,1
11, 12, 483.0,676.0,1
12, 11, 483.0,676.0,1
11, 13, 486.0,627.0,1
13, 11, 486.0,627.0,1
11, 14, 498.0,637.0,-1
14, 11, 498.0,637.0,-1
11, 15, 242.0,328.0,1
15, 11, 242.0,328.0,1
11, 16, 225.0,268.0,-1
16, 11, 225.0,268.0,-1
11, 11, 0.0,0.0,1
12, 13, 848.0,960.0,-1
13, 12, 848.0,960.0,-1
12, 14, 791.0,978.0,-1
14, 12, 791.0,978.0,-1
12, 15, 281.0,349.0,1
15, 12, 281.0,349.0,1
12, 16, 344.0,409.0,-1
16, 12, 344.0,409.0,-1
12, 12, 0.0,0.0,1
13, 14, 893.0,1263.0,-1
14, 13, 893.0,1263.0,-1
13, 15, 572.0,611.0,-1
15, 13, 572.0,611.0,-1
13, 16, 506.0,552.0,1
16, 13, 506.0,552.0,1
13, 13, 0.0,0.0,1
14, 15, 683.0,733.0,-1
15, 14, 683.0,733.0,-1
14, 16, 699.0,807.0,1
16, 14, 699.0,807.0,1
14, 14, 0.0,0.0,1
15, 16, 68.0,75.0,1
16, 15, 68.0,75.0,1
15, 15, 0.0,0.0,1
16, 16, 0.0,0.0,1


<end>