<number of nodes>
16

<ratio of available edges>
0.3

<max length of the drone flight>
100000 

<D 2/3>
1, 2, 3, 4, 6, 7, 9, 12, 13, 14, 15

<V>
3, 4, 6, 9, 14

<coordinates X,Y>
724.3648896310729, 573.5160429675424
596.0465911801784, 337.09599814724754
472.866306237427, 434.64573328437984
232.9651077032984, 860.7593835431215
409.86062578085034, 94.0685441320138
537.339456171366, 932.7461323770083
299.4943833977075, 1.37001206437681
460.2023723667694, 892.7902375287218
28.646284777678716, 20.598037229434976
401.4569999677013, 935.9670703342211
215.37047095634418, 677.5130397891962
232.76118660757007, 122.4251361583134
803.2275607798173, 427.2577165872018
8.299612142207515, 828.1678910179617
391.58478957379185, 930.387558113861
178.6774433142804, 278.392210550428

<adjacency matrix with truck distances>
1, 2, 269.0,365.0,1
2, 1, 269.0,365.0,1
1, 3, 288.0,391.0,-1
3, 1, 288.0,391.0,-1
1, 4, 570.0,779.0,-1
4, 1, 570.0,779.0,-1
1, 5, 574.0,794.0,-1
5, 1, 574.0,794.0,-1
1, 6, 405.0,547.0,1
6, 1, 405.0,547.0,1
1, 7, 713.0,998.0,-1
7, 1, 713.0,998.0,-1
1, 8, 415.0,584.0,-1
8, 1, 415.0,584.0,-1
1, 9, 889.0,1249.0,-1
9, 1, 889.0,1249.0,-1
1, 10, 486.0,686.0,-1
10, 1, 486.0,686.0,-1
1, 11, 520.0,613.0,-1
11, 1, 520.0,613.0,-1
1, 12, 668.0,943.0,-1
12, 1, 668.0,943.0,-1
1, 13, 167.0,226.0,1
13, 1, 167.0,226.0,1
1, 14, 760.0,971.0,-1
14, 1, 760.0,971.0,-1
1, 15, 488.0,690.0,-1
15, 1, 488.0,690.0,-1
1, 16, 621.0,841.0,-1
16, 1, 621.0,841.0,-1
1, 1, 0.0,0.0,1
2, 3, 158.0,221.0,1
3, 2, 158.0,221.0,1
2, 4, 638.0,887.0,1
4, 2, 638.0,887.0,1
2, 5, 307.0,430.0,-1
5, 2, 307.0,430.0,-1
2, 6, 599.0,655.0,1
6, 2, 599.0,655.0,1
2, 7, 448.0,633.0,-1
7, 2, 448.0,633.0,-1
2, 8, 573.0,692.0,-1
8, 2, 573.0,692.0,-1
2, 9, 650.0,884.0,-1
9, 2, 650.0,884.0,-1
2, 10, 630.0,794.0,1
10, 2, 630.0,794.0,1
2, 11, 511.0,722.0,-1
11, 2, 511.0,722.0,-1
2, 12, 422.0,578.0,-1
12, 2, 422.0,578.0,-1
2, 13, 226.0,298.0,1
13, 2, 226.0,298.0,1
2, 14, 766.0,1079.0,1
14, 2, 766.0,1079.0,1
2, 15, 628.0,798.0,1
15, 2, 628.0,798.0,1
2, 16, 422.0,477.0,-1
16, 2, 422.0,477.0,-1
2, 2, 0.0,0.0,1
3, 4, 490.0,667.0,-1
4, 3, 490.0,667.0,-1
3, 5, 347.0,404.0,-1
5, 3, 347.0,404.0,-1
3, 6, 503.0,563.0,1
6, 3, 503.0,563.0,1
3, 7, 467.0,607.0,-1
7, 3, 467.0,607.0,-1
3, 8, 459.0,471.0,1
8, 3, 459.0,471.0,1
3, 9, 608.0,859.0,-1
9, 3, 608.0,859.0,-1
3, 10, 507.0,573.0,-1
10, 3, 507.0,573.0,-1
3, 11, 354.0,501.0,-1
11, 3, 354.0,501.0,-1
3, 12, 394.0,553.0,-1
12, 3, 394.0,553.0,-1
3, 13, 331.0,338.0,-1
13, 3, 331.0,338.0,-1
3, 14, 609.0,859.0,-1
14, 3, 609.0,859.0,-1
3, 15, 503.0,578.0,-1
15, 3, 503.0,578.0,-1
3, 16, 334.0,451.0,-1
16, 3, 334.0,451.0,-1
3, 3, 0.0,0.0,1
4, 5, 787.0,944.0,-1
5, 4, 787.0,944.0,-1
4, 6, 313.0,377.0,1
6, 4, 313.0,377.0,1
4, 7, 862.0,926.0,-1
7, 4, 862.0,926.0,-1
4, 8, 230.0,260.0,1
8, 4, 230.0,260.0,1
4, 9, 865.0,1045.0,-1
9, 4, 865.0,1045.0,-1
4, 10, 185.0,244.0,1
10, 4, 185.0,244.0,1
4, 11, 185.0,201.0,-1
11, 4, 185.0,201.0,-1
4, 12, 739.0,739.0,-1
12, 4, 739.0,739.0,-1
4, 13, 717.0,1004.0,-1
13, 4, 717.0,1004.0,-1
4, 14, 228.0,258.0,1
14, 4, 228.0,258.0,1
4, 15, 174.0,229.0,1
15, 4, 174.0,229.0,1
4, 16, 585.0,637.0,-1
16, 4, 585.0,637.0,-1
4, 4, 0.0,0.0,1
5, 6, 849.0,967.0,1
6, 5, 849.0,967.0,1
5, 7, 145.0,204.0,-1
7, 5, 145.0,204.0,-1
5, 8, 801.0,850.0,-1
8, 5, 801.0,850.0,-1
5, 9, 389.0,455.0,-1
9, 5, 389.0,455.0,-1
5, 10, 842.0,851.0,-1
10, 5, 842.0,851.0,-1
5, 11, 616.0,778.0,-1
11, 5, 616.0,778.0,-1
5, 12, 180.0,206.0,1
12, 5, 180.0,206.0,1
5, 13, 516.0,727.0,-1
13, 5, 516.0,727.0,-1
5, 14, 837.0,1136.0,-1
14, 5, 837.0,1136.0,-1
5, 15, 837.0,855.0,1
15, 5, 837.0,855.0,1
5, 16, 296.0,416.0,1
16, 5, 296.0,416.0,1
5, 5, 0.0,0.0,1
6, 7, 962.0,1170.0,1
7, 6, 962.0,1170.0,1
6, 8, 87.0,118.0,-1
8, 6, 87.0,118.0,-1
6, 9, 1045.0,1421.0,-1
9, 6, 1045.0,1421.0,-1
6, 10, 136.0,140.0,1
10, 6, 136.0,140.0,1
6, 11, 411.0,578.0,-1
11, 6, 411.0,578.0,-1
6, 12, 866.0,1115.0,-1
12, 6, 866.0,1115.0,-1
6, 13, 572.0,772.0,-1
13, 6, 572.0,772.0,-1
6, 14, 540.0,634.0,1
14, 6, 540.0,634.0,1
6, 15, 146.0,149.0,-1
15, 6, 146.0,149.0,-1
6, 16, 747.0,1014.0,1
16, 6, 747.0,1014.0,1
6, 6, 0.0,0.0,1
7, 8, 906.0,1053.0,-1
8, 7, 906.0,1053.0,-1
7, 9, 272.0,291.0,-1
9, 7, 272.0,291.0,-1
7, 10, 941.0,1037.0,1
10, 7, 941.0,1037.0,1
7, 11, 682.0,761.0,-1
11, 7, 682.0,761.0,-1
7, 12, 139.0,188.0,1
12, 7, 139.0,188.0,1
7, 13, 660.0,930.0,-1
13, 7, 660.0,930.0,-1
7, 14, 877.0,1118.0,-1
14, 7, 877.0,1118.0,-1
7, 15, 934.0,1022.0,-1
15, 7, 934.0,1022.0,-1
7, 16, 303.0,398.0,-1
16, 7, 303.0,398.0,-1
7, 7, 0.0,0.0,1
8, 9, 974.0,1304.0,-1
9, 8, 974.0,1304.0,-1
8, 10, 73.0,102.0,1
10, 8, 73.0,102.0,1
8, 11, 327.0,461.0,-1
11, 8, 327.0,461.0,-1
8, 12, 804.0,998.0,1
12, 8, 804.0,998.0,1
8, 13, 579.0,809.0,-1
13, 8, 579.0,809.0,-1
8, 14, 457.0,517.0,-1
14, 8, 457.0,517.0,-1
8, 15, 79.0,107.0,-1
15, 8, 79.0,107.0,-1
8, 16, 676.0,896.0,-1
16, 8, 676.0,896.0,-1
8, 8, 0.0,0.0,1
9, 10, 989.0,1289.0,-1
10, 9, 989.0,1289.0,-1
9, 11, 683.0,844.0,-1
11, 9, 683.0,844.0,-1
9, 12, 229.0,306.0,-1
12, 9, 229.0,306.0,-1
9, 13, 875.0,1182.0,-1
13, 9, 875.0,1182.0,-1
9, 14, 808.0,828.0,1
14, 9, 808.0,828.0,1
9, 15, 980.0,1273.0,-1
15, 9, 980.0,1273.0,-1
9, 16, 299.0,408.0,-1
16, 9, 299.0,408.0,-1
9, 9, 0.0,0.0,1
10, 11, 319.0,445.0,-1
11, 10, 319.0,445.0,-1
10, 12, 831.0,983.0,-1
12, 10, 831.0,983.0,-1
10, 13, 649.0,911.0,1
13, 10, 649.0,911.0,1
10, 14, 408.0,501.0,-1
14, 10, 408.0,501.0,-1
10, 15, 12.0,16.0,-1
15, 10, 12.0,16.0,-1
10, 16, 695.0,881.0,-1
16, 10, 695.0,881.0,-1
10, 10, 0.0,0.0,1
11, 12, 556.0,573.0,-1
12, 11, 556.0,573.0,-1
11, 13, 639.0,839.0,1
13, 11, 639.0,839.0,1
11, 14, 257.0,358.0,1
14, 11, 257.0,358.0,1
11, 15, 309.0,430.0,-1
15, 11, 309.0,430.0,-1
11, 16, 401.0,436.0,-1
16, 11, 401.0,436.0,-1
11, 11, 0.0,0.0,1
12, 13, 647.0,876.0,-1
13, 12, 647.0,876.0,-1
12, 14, 741.0,931.0,-1
14, 12, 741.0,931.0,-1
12, 15, 824.0,967.0,1
15, 12, 824.0,967.0,1
12, 16, 166.0,211.0,-1
16, 12, 166.0,211.0,-1
12, 12, 0.0,0.0,1
13, 14, 891.0,1196.0,-1
14, 13, 891.0,1196.0,-1
13, 15, 651.0,915.0,1
15, 13, 651.0,915.0,1
13, 16, 643.0,774.0,1
16, 13, 643.0,774.0,1
13, 13, 0.0,0.0,1
14, 15, 397.0,486.0,-1
15, 14, 397.0,486.0,-1
14, 16, 576.0,721.0,-1
16, 14, 576.0,721.0,-1
14, 14, 0.0,0.0,1
15, 16, 686.0,865.0,-1
16, 15, 686.0,865.0,-1
15, 15, 0.0,0.0,1
16, 16, 0.0,0.0,1


<end>