<number of nodes>
16

<ratio of available edges>
0.3

<max length of the drone flight>
100000 

<D 2/3>
1, 3, 6, 7, 8, 9, 11, 12, 13, 14, 16

<V>
6, 8, 13, 14, 16

<coordinates X,Y>
754.142163350851, 666.0204325042209
476.66959096014034, 744.2134713857247
633.796263328106, 151.42898416610916
601.3203859511281, 328.35922688959306
983.7404148178607, 504.6358627365185
39.38193178379303, 161.8617175516103
186.2215567096176, 653.5463331956944
125.4684466938153, 404.2678141445392
949.5206659891819, 100.49560255850528
377.03831774874766, 776.3587528663485
610.4653591569394, 655.9036445271321
493.4400367362856, 54.84877757919932
64.57000633544256, 235.0748089755188
570.5088541317411, 981.95433697529
917.124475079282, 441.20682058534214
296.69658241243775, 579.1125861808939

<adjacency matrix with truck distances>
1, 2, 289.0,356.0,1
2, 1, 289.0,356.0,1
1, 3, 529.0,635.0,1
3, 1, 529.0,635.0,1
1, 4, 371.0,491.0,-1
4, 1, 371.0,491.0,-1
1, 5, 281.0,391.0,-1
5, 1, 281.0,391.0,-1
1, 6, 875.0,1219.0,1
6, 1, 875.0,1219.0,1
1, 7, 569.0,581.0,1
7, 1, 569.0,581.0,1
1, 8, 681.0,891.0,1
8, 1, 681.0,891.0,1
1, 9, 599.0,761.0,1
9, 1, 599.0,761.0,1
1, 10, 393.0,488.0,1
10, 1, 393.0,488.0,1
1, 11, 145.0,154.0,-1
11, 1, 145.0,154.0,-1
1, 12, 665.0,872.0,-1
12, 1, 665.0,872.0,-1
1, 13, 814.0,1121.0,-1
13, 1, 814.0,1121.0,-1
1, 14, 366.0,500.0,-1
14, 1, 366.0,500.0,-1
1, 15, 278.0,388.0,-1
15, 1, 278.0,388.0,-1
1, 16, 466.0,545.0,-1
16, 1, 466.0,545.0,-1
1, 1, 0.0,0.0,1
2, 3, 614.0,750.0,-1
3, 2, 614.0,750.0,-1
2, 4, 435.0,541.0,-1
4, 2, 435.0,541.0,-1
2, 5, 561.0,747.0,-1
5, 2, 561.0,747.0,-1
2, 6, 729.0,1020.0,-1
6, 2, 729.0,1020.0,-1
2, 7, 305.0,382.0,-1
7, 2, 305.0,382.0,-1
2, 8, 489.0,692.0,-1
8, 2, 489.0,692.0,-1
2, 9, 799.0,1117.0,-1
9, 2, 799.0,1117.0,-1
2, 10, 105.0,132.0,-1
10, 2, 105.0,132.0,-1
2, 11, 161.0,223.0,-1
11, 2, 161.0,223.0,-1
2, 12, 690.0,707.0,-1
12, 2, 690.0,707.0,-1
2, 13, 656.0,922.0,-1
13, 2, 656.0,922.0,-1
2, 14, 256.0,332.0,-1
14, 2, 256.0,332.0,-1
2, 15, 535.0,744.0,1
15, 2, 535.0,744.0,1
2, 16, 245.0,346.0,-1
16, 2, 245.0,346.0,-1
2, 2, 0.0,0.0,1
3, 4, 180.0,210.0,-1
4, 3, 180.0,210.0,-1
3, 5, 498.0,704.0,1
5, 3, 498.0,704.0,1
3, 6, 595.0,605.0,1
6, 3, 595.0,605.0,1
3, 7, 673.0,950.0,-1
7, 3, 673.0,950.0,-1
3, 8, 568.0,762.0,-1
8, 3, 568.0,762.0,-1
3, 9, 320.0,367.0,-1
9, 3, 320.0,367.0,-1
3, 10, 676.0,882.0,1
10, 3, 676.0,882.0,1
3, 11, 506.0,528.0,1
11, 3, 506.0,528.0,1
3, 12, 171.0,237.0,-1
12, 3, 171.0,237.0,-1
3, 13, 576.0,653.0,-1
13, 3, 576.0,653.0,-1
3, 14, 833.0,894.0,1
14, 3, 833.0,894.0,1
3, 15, 406.0,574.0,-1
15, 3, 406.0,574.0,-1
3, 16, 545.0,765.0,-1
16, 3, 545.0,765.0,-1
3, 3, 0.0,0.0,1
4, 5, 422.0,559.0,-1
5, 4, 422.0,559.0,-1
4, 6, 587.0,729.0,-1
6, 4, 587.0,729.0,-1
4, 7, 528.0,741.0,-1
7, 4, 528.0,741.0,-1
4, 8, 482.0,552.0,-1
8, 4, 482.0,552.0,-1
4, 9, 417.0,577.0,1
9, 4, 417.0,577.0,1
4, 10, 502.0,673.0,-1
10, 4, 502.0,673.0,-1
4, 11, 328.0,337.0,-1
11, 4, 328.0,337.0,-1
4, 12, 295.0,382.0,-1
12, 4, 295.0,382.0,-1
4, 13, 545.0,631.0,1
13, 4, 545.0,631.0,1
4, 14, 655.0,685.0,-1
14, 4, 655.0,685.0,-1
4, 15, 336.0,429.0,-1
15, 4, 336.0,429.0,-1
4, 16, 395.0,556.0,1
16, 4, 395.0,556.0,1
4, 4, 0.0,0.0,1
5, 6, 1005.0,1288.0,-1
6, 5, 1005.0,1288.0,-1
5, 7, 812.0,947.0,-1
7, 5, 812.0,947.0,-1
5, 8, 865.0,959.0,-1
8, 5, 865.0,959.0,-1
5, 9, 406.0,439.0,1
9, 5, 406.0,439.0,1
5, 10, 665.0,879.0,-1
10, 5, 665.0,879.0,-1
5, 11, 403.0,525.0,-1
11, 5, 403.0,525.0,-1
5, 12, 666.0,941.0,-1
12, 5, 666.0,941.0,-1
5, 13, 958.0,1189.0,-1
13, 5, 958.0,1189.0,-1
5, 14, 632.0,891.0,-1
14, 5, 632.0,891.0,-1
5, 15, 92.0,131.0,1
15, 5, 92.0,131.0,1
5, 16, 692.0,762.0,-1
16, 5, 692.0,762.0,-1
5, 5, 0.0,0.0,1
6, 7, 514.0,639.0,-1
7, 6, 514.0,639.0,-1
6, 8, 258.0,329.0,1
8, 6, 258.0,329.0,1
6, 9, 913.0,972.0,-1
9, 6, 913.0,972.0,-1
6, 10, 702.0,953.0,-1
10, 6, 702.0,953.0,-1
6, 11, 756.0,1066.0,-1
11, 6, 756.0,1066.0,-1
6, 12, 467.0,562.0,-1
12, 6, 467.0,562.0,-1
6, 13, 78.0,99.0,1
13, 6, 78.0,99.0,1
6, 14, 978.0,1352.0,-1
14, 6, 978.0,1352.0,-1
6, 15, 922.0,1158.0,1
15, 6, 922.0,1158.0,1
6, 16, 491.0,675.0,-1
16, 6, 491.0,675.0,-1
6, 6, 0.0,0.0,1
7, 8, 257.0,311.0,-1
8, 7, 257.0,311.0,-1
7, 9, 943.0,1317.0,-1
9, 7, 943.0,1317.0,-1
7, 10, 227.0,314.0,1
10, 7, 227.0,314.0,1
7, 11, 425.0,427.0,1
11, 7, 425.0,427.0,1
7, 12, 673.0,906.0,1
12, 7, 673.0,906.0,1
7, 13, 436.0,541.0,-1
13, 7, 436.0,541.0,-1
7, 14, 506.0,713.0,-1
14, 7, 506.0,713.0,-1
7, 15, 762.0,944.0,1
15, 7, 762.0,944.0,1
7, 16, 134.0,185.0,1
16, 7, 134.0,185.0,1
7, 7, 0.0,0.0,1
8, 9, 879.0,1128.0,-1
9, 8, 879.0,1128.0,-1
8, 10, 450.0,624.0,-1
10, 8, 450.0,624.0,-1
8, 11, 547.0,737.0,1
11, 8, 547.0,737.0,1
8, 12, 508.0,718.0,-1
12, 8, 508.0,718.0,-1
8, 13, 180.0,231.0,-1
13, 8, 180.0,231.0,-1
8, 14, 730.0,1023.0,-1
14, 8, 730.0,1023.0,-1
8, 15, 793.0,829.0,-1
15, 8, 793.0,829.0,-1
8, 16, 245.0,347.0,-1
16, 8, 245.0,347.0,-1
8, 8, 0.0,0.0,1
9, 10, 886.0,1249.0,1
10, 9, 886.0,1249.0,1
9, 11, 651.0,895.0,-1
11, 9, 651.0,895.0,-1
9, 12, 459.0,502.0,1
12, 9, 459.0,502.0,1
9, 13, 896.0,1020.0,-1
13, 9, 896.0,1020.0,-1
9, 14, 960.0,1261.0,-1
14, 9, 960.0,1261.0,-1
9, 15, 343.0,374.0,1
15, 9, 343.0,374.0,1
9, 16, 810.0,1132.0,-1
16, 9, 810.0,1132.0,-1
9, 9, 0.0,0.0,1
10, 11, 263.0,354.0,-1
11, 10, 263.0,354.0,-1
10, 12, 731.0,838.0,-1
12, 10, 731.0,838.0,-1
10, 13, 625.0,854.0,-1
13, 10, 625.0,854.0,-1
10, 14, 283.0,400.0,-1
14, 10, 283.0,400.0,-1
10, 15, 636.0,876.0,-1
15, 10, 636.0,876.0,-1
10, 16, 213.0,278.0,-1
16, 10, 213.0,278.0,-1
10, 10, 0.0,0.0,1
11, 12, 613.0,719.0,-1
12, 11, 613.0,719.0,-1
11, 13, 690.0,967.0,-1
13, 11, 690.0,967.0,-1
11, 14, 329.0,367.0,1
14, 11, 329.0,367.0,1
11, 15, 375.0,522.0,-1
15, 11, 375.0,522.0,-1
11, 16, 324.0,391.0,-1
16, 11, 324.0,391.0,-1
11, 11, 0.0,0.0,1
12, 13, 466.0,610.0,1
13, 12, 466.0,610.0,1
12, 14, 931.0,1005.0,-1
14, 12, 931.0,1005.0,-1
12, 15, 574.0,811.0,1
15, 12, 574.0,811.0,1
12, 16, 560.0,722.0,-1
16, 12, 560.0,722.0,-1
12, 12, 0.0,0.0,1
13, 14, 903.0,1253.0,-1
14, 13, 903.0,1253.0,-1
13, 15, 878.0,1059.0,1
15, 13, 878.0,1059.0,1
13, 16, 416.0,577.0,1
16, 13, 416.0,577.0,1
13, 13, 0.0,0.0,1
14, 15, 643.0,888.0,-1
15, 14, 643.0,888.0,-1
14, 16, 488.0,677.0,1
16, 14, 488.0,677.0,1
14, 14, 0.0,0.0,1
15, 16, 636.0,759.0,-1
16, 15, 636.0,759.0,-1
15, 15, 0.0,0.0,1
16, 16, 0.0,0.0,1


<end>