<number of nodes>
16

<ratio of available edges>
0.3

<max length of the drone flight>
100000 

<D 2/3>
1, 2, 4, 5, 6, 9, 10, 12, 13, 14, 16

<V>
2, 9, 12, 13, 16

<coordinates X,Y>
65.2099562368191, 270.93665304514974
894.4976821544413, 317.9033402441642
139.84691981889057, 405.4692021849364
172.70210707560682, 918.0007207406094
259.73346946468195, 33.80540377563128
590.6662318642236, 319.1398350026266
582.8672068366424, 104.78447760796844
970.0317506565798, 167.6735477120542
148.94599127490844, 483.9756674274137
588.9676355822559, 886.3068397491147
698.2271276917515, 376.8938686586372
623.8002755167724, 871.488588300378
621.6366535485244, 302.29255102212824
826.2530725647886, 657.8553221214586
550.4028735307566, 266.3668840407046
110.15184950246375, 939.2565657126837

<adjacency matrix with truck distances>
1, 2, 831.0,877.0,-1
2, 1, 831.0,877.0,-1
1, 3, 154.0,210.0,-1
3, 1, 154.0,210.0,-1
1, 4, 656.0,755.0,-1
4, 1, 656.0,755.0,-1
1, 5, 307.0,432.0,-1
5, 1, 307.0,432.0,-1
1, 6, 528.0,574.0,-1
6, 1, 528.0,574.0,-1
1, 7, 544.0,684.0,1
7, 1, 544.0,684.0,1
1, 8, 911.0,1009.0,1
8, 1, 911.0,1009.0,1
1, 9, 229.0,297.0,-1
9, 1, 229.0,297.0,-1
1, 10, 809.0,1140.0,1
10, 1, 809.0,1140.0,1
1, 11, 642.0,739.0,-1
11, 1, 642.0,739.0,-1
1, 12, 821.0,1160.0,-1
12, 1, 821.0,1160.0,-1
1, 13, 558.0,588.0,1
13, 1, 558.0,588.0,1
1, 14, 854.0,1148.0,1
14, 1, 854.0,1148.0,1
1, 15, 486.0,490.0,-1
15, 1, 486.0,490.0,-1
1, 16, 670.0,714.0,-1
16, 1, 670.0,714.0,-1
1, 1, 0.0,0.0,1
2, 3, 760.0,843.0,-1
3, 2, 760.0,843.0,-1
2, 4, 939.0,1322.0,1
4, 2, 939.0,1322.0,1
2, 5, 696.0,919.0,1
5, 2, 696.0,919.0,1
2, 6, 304.0,306.0,-1
6, 2, 304.0,306.0,-1
2, 7, 378.0,525.0,-1
7, 2, 378.0,525.0,-1
2, 8, 169.0,226.0,-1
8, 2, 169.0,226.0,-1
2, 9, 764.0,912.0,-1
9, 2, 764.0,912.0,-1
2, 10, 646.0,874.0,1
10, 2, 646.0,874.0,1
2, 11, 205.0,256.0,-1
11, 2, 205.0,256.0,-1
2, 12, 617.0,825.0,-1
12, 2, 617.0,825.0,-1
2, 13, 274.0,289.0,-1
13, 2, 274.0,289.0,-1
2, 14, 347.0,409.0,1
14, 2, 347.0,409.0,1
2, 15, 348.0,396.0,-1
15, 2, 348.0,396.0,-1
2, 16, 1001.0,1406.0,-1
16, 2, 1001.0,1406.0,-1
2, 2, 0.0,0.0,1
3, 4, 514.0,546.0,-1
4, 3, 514.0,546.0,-1
3, 5, 391.0,492.0,-1
5, 3, 391.0,492.0,-1
3, 6, 460.0,538.0,1
6, 3, 460.0,538.0,1
3, 7, 536.0,744.0,1
7, 3, 536.0,744.0,1
3, 8, 864.0,1068.0,-1
8, 3, 864.0,1068.0,-1
3, 9, 80.0,88.0,1
9, 3, 80.0,88.0,1
3, 10, 658.0,930.0,-1
10, 3, 658.0,930.0,-1
3, 11, 560.0,587.0,-1
11, 3, 560.0,587.0,-1
3, 12, 672.0,950.0,-1
12, 3, 672.0,950.0,-1
3, 13, 493.0,585.0,1
13, 3, 493.0,585.0,1
3, 14, 732.0,939.0,1
14, 3, 732.0,939.0,1
3, 15, 434.0,550.0,-1
15, 3, 434.0,550.0,-1
3, 16, 535.0,564.0,-1
16, 3, 535.0,564.0,-1
3, 3, 0.0,0.0,1
4, 5, 889.0,972.0,1
5, 4, 889.0,972.0,1
4, 6, 731.0,1017.0,-1
6, 4, 731.0,1017.0,-1
4, 7, 911.0,1224.0,-1
7, 4, 911.0,1224.0,-1
4, 8, 1095.0,1548.0,-1
8, 4, 1095.0,1548.0,-1
4, 9, 435.0,458.0,-1
9, 4, 435.0,458.0,-1
4, 10, 418.0,448.0,-1
10, 4, 418.0,448.0,-1
4, 11, 755.0,1067.0,1
11, 4, 755.0,1067.0,1
4, 12, 454.0,498.0,1
12, 4, 454.0,498.0,1
4, 13, 762.0,1065.0,1
13, 4, 762.0,1065.0,1
4, 14, 704.0,914.0,-1
14, 4, 704.0,914.0,-1
4, 15, 754.0,1030.0,-1
15, 4, 754.0,1030.0,-1
4, 16, 67.0,84.0,1
16, 4, 67.0,84.0,1
4, 4, 0.0,0.0,1
5, 6, 437.0,617.0,-1
6, 5, 437.0,617.0,-1
5, 7, 331.0,395.0,-1
7, 5, 331.0,395.0,-1
5, 8, 723.0,845.0,1
8, 5, 723.0,845.0,1
5, 9, 464.0,561.0,1
9, 5, 464.0,561.0,1
5, 10, 914.0,1182.0,-1
10, 5, 914.0,1182.0,-1
5, 11, 557.0,782.0,-1
11, 5, 557.0,782.0,-1
5, 12, 914.0,1202.0,-1
12, 5, 914.0,1202.0,-1
5, 13, 451.0,631.0,-1
13, 5, 451.0,631.0,-1
5, 14, 843.0,1191.0,-1
14, 5, 843.0,1191.0,-1
5, 15, 373.0,524.0,1
15, 5, 373.0,524.0,1
5, 16, 918.0,1056.0,-1
16, 5, 918.0,1056.0,-1
5, 5, 0.0,0.0,1
6, 7, 215.0,223.0,1
7, 6, 215.0,223.0,1
6, 8, 409.0,531.0,-1
8, 6, 409.0,531.0,-1
6, 9, 472.0,607.0,-1
9, 6, 472.0,607.0,-1
6, 10, 568.0,569.0,1
10, 6, 568.0,569.0,1
6, 11, 123.0,166.0,-1
11, 6, 123.0,166.0,-1
6, 12, 554.0,586.0,-1
12, 6, 554.0,586.0,-1
6, 13, 36.0,48.0,-1
13, 6, 36.0,48.0,-1
6, 14, 413.0,575.0,1
14, 6, 413.0,575.0,1
6, 15, 67.0,94.0,-1
15, 6, 67.0,94.0,-1
6, 16, 785.0,1101.0,-1
16, 6, 785.0,1101.0,-1
6, 6, 0.0,0.0,1
7, 8, 393.0,451.0,-1
8, 7, 393.0,451.0,-1
7, 9, 577.0,814.0,-1
9, 7, 577.0,814.0,-1
7, 10, 782.0,788.0,1
10, 7, 782.0,788.0,1
7, 11, 296.0,388.0,-1
11, 7, 296.0,388.0,-1
7, 12, 768.0,808.0,-1
12, 7, 768.0,808.0,-1
7, 13, 202.0,237.0,-1
13, 7, 202.0,237.0,-1
7, 14, 605.0,797.0,1
14, 7, 605.0,797.0,1
7, 15, 165.0,195.0,-1
15, 7, 165.0,195.0,-1
7, 16, 960.0,1308.0,1
16, 7, 960.0,1308.0,1
7, 7, 0.0,0.0,1
8, 9, 880.0,1138.0,-1
9, 8, 880.0,1138.0,-1
8, 10, 814.0,1100.0,1
10, 8, 814.0,1100.0,1
8, 11, 344.0,482.0,-1
11, 8, 344.0,482.0,-1
8, 12, 785.0,1051.0,-1
12, 8, 785.0,1051.0,-1
8, 13, 374.0,484.0,-1
13, 8, 374.0,484.0,-1
8, 14, 511.0,634.0,-1
14, 8, 511.0,634.0,-1
8, 15, 432.0,519.0,-1
15, 8, 432.0,519.0,-1
8, 16, 1156.0,1632.0,1
16, 8, 1156.0,1632.0,1
8, 8, 0.0,0.0,1
9, 10, 597.0,843.0,-1
10, 9, 597.0,843.0,-1
9, 11, 560.0,657.0,1
11, 9, 560.0,657.0,1
9, 12, 613.0,863.0,-1
12, 9, 613.0,863.0,-1
9, 13, 507.0,655.0,-1
13, 9, 507.0,655.0,-1
9, 14, 700.0,852.0,-1
14, 9, 700.0,852.0,-1
9, 15, 457.0,620.0,1
15, 9, 457.0,620.0,1
9, 16, 457.0,495.0,1
16, 9, 457.0,495.0,1
9, 9, 0.0,0.0,1
10, 11, 521.0,619.0,1
11, 10, 521.0,619.0,1
10, 12, 38.0,50.0,-1
12, 10, 38.0,50.0,-1
10, 13, 585.0,617.0,-1
13, 10, 585.0,617.0,-1
10, 14, 330.0,466.0,-1
14, 10, 330.0,466.0,-1
10, 15, 622.0,659.0,-1
15, 10, 622.0,659.0,-1
10, 16, 482.0,532.0,-1
16, 10, 482.0,532.0,-1
10, 10, 0.0,0.0,1
11, 12, 501.0,570.0,1
12, 11, 501.0,570.0,1
11, 13, 107.0,152.0,-1
13, 11, 107.0,152.0,-1
11, 14, 309.0,409.0,1
14, 11, 309.0,409.0,1
11, 15, 185.0,259.0,-1
15, 11, 185.0,259.0,-1
11, 16, 814.0,1151.0,-1
16, 11, 814.0,1151.0,-1
11, 11, 0.0,0.0,1
12, 13, 570.0,572.0,-1
13, 12, 570.0,572.0,-1
12, 14, 295.0,417.0,-1
14, 12, 295.0,417.0,-1
12, 15, 610.0,679.0,-1
15, 12, 610.0,679.0,-1
12, 16, 519.0,582.0,-1
16, 12, 519.0,582.0,-1
12, 12, 0.0,0.0,1
13, 14, 411.0,561.0,-1
14, 13, 411.0,561.0,-1
13, 15, 80.0,108.0,-1
15, 13, 80.0,108.0,-1
13, 16, 817.0,1149.0,-1
16, 13, 817.0,1149.0,-1
13, 13, 0.0,0.0,1
14, 15, 479.0,668.0,-1
15, 14, 479.0,668.0,-1
14, 16, 770.0,998.0,-1
16, 14, 770.0,998.0,-1
14, 14, 0.0,0.0,1
15, 16, 805.0,1114.0,-1
16, 15, 805.0,1114.0,-1
15, 15, 0.0,0.0,1
16, 16, 0.0,0.0,1


<end>