<number of nodes>
16

<ratio of available edges>
0.3

<max length of the drone flight>
100000 

<D 2/3>
1, 2, 3, 4, 5, 6, 7, 8, 9, 14, 15

<V>
2, 5, 6, 14, 15

<coordinates X,Y>
881.3887563120998, 464.11545495063996
114.52947517952268, 349.4596933494125
116.2839761982255, 763.25523358377
696.7900641180601, 437.04107325364214
736.4097322670016, 371.97111746588956
27.176158676414108, 399.3446939230364
863.8582161439977, 406.433080904221
858.9528585929988, 582.4586696517358
351.9923127091733, 679.255578522929
609.1922735330365, 702.8519240665963
261.2563213551939, 918.0420910368937
974.1234926326686, 515.9427573041771
951.4469384012015, 146.9757202184415
170.73359058967043, 593.7233896522
330.2811057766731, 476.42750028566627
400.4932422926213, 678.1484578060147

<adjacency matrix with truck distances>
1, 2, 776.0,882.0,-1
2, 1, 776.0,882.0,-1
1, 3, 822.0,1065.0,1
3, 1, 822.0,1065.0,1
1, 4, 187.0,212.0,1
4, 1, 187.0,212.0,1
1, 5, 172.0,238.0,-1
5, 1, 172.0,238.0,-1
1, 6, 857.0,919.0,-1
6, 1, 857.0,919.0,-1
1, 7, 61.0,76.0,-1
7, 1, 61.0,76.0,-1
1, 8, 121.0,141.0,1
8, 1, 121.0,141.0,1
1, 9, 572.0,745.0,1
9, 1, 572.0,745.0,1
1, 10, 363.0,511.0,-1
10, 1, 363.0,511.0,-1
1, 11, 769.0,1075.0,-1
11, 1, 769.0,1075.0,-1
1, 12, 107.0,145.0,-1
12, 1, 107.0,145.0,-1
1, 13, 325.0,388.0,-1
13, 1, 325.0,388.0,-1
1, 14, 723.0,841.0,-1
14, 1, 723.0,841.0,-1
1, 15, 552.0,564.0,-1
15, 1, 552.0,564.0,-1
1, 16, 527.0,695.0,-1
16, 1, 527.0,695.0,-1
1, 1, 0.0,0.0,1
2, 3, 414.0,416.0,-1
3, 2, 414.0,416.0,-1
2, 4, 589.0,670.0,1
4, 2, 589.0,670.0,1
2, 5, 623.0,645.0,-1
5, 2, 623.0,645.0,-1
2, 6, 101.0,138.0,1
6, 2, 101.0,138.0,1
2, 7, 752.0,807.0,-1
7, 2, 752.0,807.0,-1
2, 8, 781.0,978.0,1
8, 2, 781.0,978.0,1
2, 9, 407.0,568.0,-1
9, 2, 407.0,568.0,-1
2, 10, 608.0,849.0,1
10, 2, 608.0,849.0,1
2, 11, 588.0,716.0,-1
11, 2, 588.0,716.0,-1
2, 12, 876.0,1027.0,1
12, 2, 876.0,1027.0,1
2, 13, 862.0,1040.0,-1
13, 2, 862.0,1040.0,-1
2, 14, 251.0,301.0,-1
14, 2, 251.0,301.0,-1
2, 15, 251.0,343.0,-1
15, 2, 251.0,343.0,-1
2, 16, 436.0,615.0,-1
16, 2, 436.0,615.0,-1
2, 2, 0.0,0.0,1
3, 4, 666.0,907.0,1
4, 3, 666.0,907.0,1
3, 5, 734.0,1012.0,-1
5, 3, 734.0,1012.0,-1
3, 6, 375.0,454.0,-1
6, 3, 375.0,454.0,-1
3, 7, 829.0,1105.0,-1
7, 3, 829.0,1105.0,-1
3, 8, 765.0,924.0,-1
8, 3, 765.0,924.0,-1
3, 9, 251.0,320.0,-1
9, 3, 251.0,320.0,-1
3, 10, 497.0,554.0,-1
10, 3, 497.0,554.0,-1
3, 11, 213.0,300.0,-1
11, 3, 213.0,300.0,-1
3, 12, 893.0,1106.0,-1
12, 3, 893.0,1106.0,-1
3, 13, 1038.0,1452.0,-1
13, 3, 1038.0,1452.0,-1
3, 14, 179.0,224.0,-1
14, 3, 179.0,224.0,-1
3, 15, 358.0,501.0,-1
15, 3, 358.0,501.0,-1
3, 16, 297.0,370.0,-1
16, 3, 297.0,370.0,-1
3, 3, 0.0,0.0,1
4, 5, 77.0,105.0,1
5, 4, 77.0,105.0,1
4, 6, 671.0,708.0,-1
6, 4, 671.0,708.0,-1
4, 7, 170.0,198.0,1
7, 4, 170.0,198.0,1
4, 8, 218.0,308.0,-1
8, 4, 218.0,308.0,-1
4, 9, 422.0,588.0,-1
9, 4, 422.0,588.0,-1
4, 10, 280.0,354.0,1
10, 4, 280.0,354.0,1
4, 11, 649.0,917.0,1
11, 4, 649.0,917.0,1
4, 12, 289.0,357.0,-1
12, 4, 289.0,357.0,-1
4, 13, 386.0,545.0,-1
13, 4, 386.0,545.0,-1
4, 14, 549.0,683.0,1
14, 4, 549.0,683.0,1
4, 15, 369.0,406.0,-1
15, 4, 369.0,406.0,-1
4, 16, 383.0,538.0,-1
16, 4, 383.0,538.0,-1
4, 4, 0.0,0.0,1
5, 6, 710.0,737.0,-1
6, 5, 710.0,737.0,-1
5, 7, 133.0,162.0,1
7, 5, 133.0,162.0,1
5, 8, 244.0,334.0,-1
8, 5, 244.0,334.0,-1
5, 9, 493.0,692.0,-1
9, 5, 493.0,692.0,-1
5, 10, 355.0,459.0,-1
10, 5, 355.0,459.0,-1
5, 11, 724.0,1022.0,-1
11, 5, 724.0,1022.0,-1
5, 12, 278.0,382.0,-1
12, 5, 278.0,382.0,-1
5, 13, 312.0,441.0,1
13, 5, 312.0,441.0,1
5, 14, 608.0,788.0,-1
14, 5, 608.0,788.0,-1
5, 15, 420.0,511.0,-1
15, 5, 420.0,511.0,-1
5, 16, 455.0,643.0,-1
16, 5, 455.0,643.0,-1
5, 5, 0.0,0.0,1
6, 7, 837.0,844.0,1
7, 6, 837.0,844.0,1
6, 8, 852.0,1015.0,-1
8, 6, 852.0,1015.0,-1
6, 9, 429.0,605.0,-1
9, 6, 429.0,605.0,-1
6, 10, 657.0,886.0,-1
10, 6, 657.0,886.0,-1
6, 11, 570.0,753.0,-1
11, 6, 570.0,753.0,-1
6, 12, 955.0,1064.0,-1
12, 6, 955.0,1064.0,-1
6, 13, 959.0,1177.0,1
13, 6, 959.0,1177.0,1
6, 14, 242.0,338.0,1
14, 6, 242.0,338.0,1
6, 15, 313.0,381.0,-1
15, 6, 313.0,381.0,-1
6, 16, 466.0,653.0,-1
16, 6, 466.0,653.0,-1
6, 6, 0.0,0.0,1
7, 8, 177.0,181.0,-1
8, 7, 177.0,181.0,-1
7, 9, 581.0,785.0,1
9, 7, 581.0,785.0,1
7, 10, 391.0,552.0,-1
10, 7, 391.0,552.0,-1
7, 11, 791.0,1115.0,1
11, 7, 791.0,1115.0,1
7, 12, 156.0,220.0,-1
12, 7, 156.0,220.0,-1
7, 13, 274.0,348.0,1
13, 7, 274.0,348.0,1
7, 14, 718.0,881.0,-1
14, 7, 718.0,881.0,-1
7, 15, 539.0,604.0,1
15, 7, 539.0,604.0,1
7, 16, 538.0,736.0,-1
16, 7, 538.0,736.0,-1
7, 7, 0.0,0.0,1
8, 9, 517.0,604.0,1
9, 8, 517.0,604.0,1
8, 10, 278.0,371.0,1
10, 8, 278.0,371.0,1
8, 11, 686.0,934.0,-1
11, 8, 686.0,934.0,-1
8, 12, 133.0,182.0,1
12, 8, 133.0,182.0,1
8, 13, 446.0,528.0,1
13, 8, 446.0,528.0,1
8, 14, 689.0,700.0,-1
14, 8, 689.0,700.0,-1
8, 15, 540.0,635.0,-1
15, 8, 540.0,635.0,-1
8, 16, 469.0,555.0,1
16, 8, 469.0,555.0,1
8, 8, 0.0,0.0,1
9, 10, 259.0,281.0,-1
10, 9, 259.0,281.0,-1
9, 11, 256.0,330.0,-1
11, 9, 256.0,330.0,-1
9, 12, 644.0,786.0,1
12, 9, 644.0,786.0,1
9, 13, 802.0,1132.0,-1
13, 9, 802.0,1132.0,-1
9, 14, 201.0,267.0,-1
14, 9, 201.0,267.0,-1
9, 15, 204.0,225.0,-1
15, 9, 204.0,225.0,-1
9, 16, 49.0,50.0,1
16, 9, 49.0,50.0,1
9, 9, 0.0,0.0,1
10, 11, 410.0,564.0,-1
11, 10, 410.0,564.0,-1
10, 12, 411.0,552.0,-1
12, 10, 411.0,552.0,-1
10, 13, 653.0,899.0,-1
13, 10, 653.0,899.0,-1
10, 14, 452.0,548.0,1
14, 10, 452.0,548.0,1
10, 15, 360.0,506.0,-1
15, 10, 360.0,506.0,-1
10, 16, 211.0,234.0,1
16, 10, 211.0,234.0,1
10, 10, 0.0,0.0,1
11, 12, 819.0,1115.0,1
12, 11, 819.0,1115.0,1
11, 13, 1035.0,1462.0,-1
13, 11, 1035.0,1462.0,-1
11, 14, 337.0,415.0,-1
14, 11, 337.0,415.0,-1
11, 15, 447.0,511.0,-1
15, 11, 447.0,511.0,-1
11, 16, 278.0,380.0,-1
16, 11, 278.0,380.0,-1
11, 11, 0.0,0.0,1
12, 13, 370.0,392.0,-1
13, 12, 370.0,392.0,-1
12, 14, 808.0,882.0,-1
14, 12, 808.0,882.0,-1
12, 15, 646.0,684.0,-1
15, 12, 646.0,684.0,-1
12, 16, 597.0,736.0,-1
16, 12, 597.0,736.0,-1
12, 12, 0.0,0.0,1
13, 14, 900.0,1228.0,-1
14, 13, 900.0,1228.0,-1
13, 15, 704.0,951.0,-1
15, 13, 704.0,951.0,-1
13, 16, 766.0,1083.0,1
16, 13, 766.0,1083.0,1
13, 13, 0.0,0.0,1
14, 15, 199.0,277.0,-1
15, 14, 199.0,277.0,-1
14, 16, 245.0,315.0,-1
16, 14, 245.0,315.0,-1
14, 14, 0.0,0.0,1
15, 16, 214.0,272.0,1
16, 15, 214.0,272.0,1
15, 15, 0.0,0.0,1
16, 16, 0.0,0.0,1


<end>