<number of nodes>
16

<ratio of available edges>
0.3

<max length of the drone flight>
100000 

<D 2/3>
1, 2, 4, 6, 8, 9, 10, 12, 13, 14, 16

<V>
6, 9, 10, 13, 16

<coordinates X,Y>
879.0421582980889, 851.3252461781949
101.3401244079032, 473.9890878899347
26.33701523230805, 961.3988233717902
804.6780423203954, 519.8356119480427
786.9303033839925, 217.34079834700898
581.0691267458261, 227.97232094367538
145.95693283905683, 931.2163278986842
174.6879598050423, 130.5295744770436
331.4416056345712, 724.2303195547724
54.76238088762248, 916.7832800886649
25.25376789429638, 586.9485195917889
865.8530266946857, 64.51312919472096
47.425284931426354, 602.8871439319984
898.9329736304736, 448.3966418752358
240.7224345587924, 791.2399467200647
509.30985146837816, 206.70930021682062

<adjacency matrix with truck distances>
1, 2, 865.0,1156.0,-1
2, 1, 865.0,1156.0,-1
1, 3, 860.0,963.0,-1
3, 1, 860.0,963.0,-1
1, 4, 340.0,406.0,1
4, 1, 340.0,406.0,1
1, 5, 641.0,727.0,-1
5, 1, 641.0,727.0,-1
1, 6, 691.0,922.0,-1
6, 1, 691.0,922.0,-1
1, 7, 738.0,813.0,1
7, 1, 738.0,813.0,1
1, 8, 1008.0,1426.0,-1
8, 1, 1008.0,1426.0,-1
1, 9, 563.0,675.0,1
9, 1, 563.0,675.0,1
1, 10, 827.0,890.0,-1
10, 1, 827.0,890.0,-1
1, 11, 894.0,1119.0,-1
11, 1, 894.0,1119.0,-1
1, 12, 787.0,801.0,-1
12, 1, 787.0,801.0,-1
1, 13, 868.0,1081.0,-1
13, 1, 868.0,1081.0,-1
1, 14, 404.0,423.0,1
14, 1, 404.0,423.0,1
1, 15, 642.0,699.0,-1
15, 1, 642.0,699.0,-1
1, 16, 744.0,1015.0,-1
16, 1, 744.0,1015.0,-1
1, 1, 0.0,0.0,1
2, 3, 494.0,563.0,-1
3, 2, 494.0,563.0,-1
2, 4, 705.0,750.0,1
4, 2, 705.0,750.0,1
2, 5, 733.0,943.0,-1
5, 2, 733.0,943.0,-1
2, 6, 540.0,726.0,-1
6, 2, 540.0,726.0,-1
2, 7, 460.0,502.0,1
7, 2, 460.0,502.0,1
2, 8, 352.0,417.0,-1
8, 2, 352.0,417.0,-1
2, 9, 340.0,481.0,-1
9, 2, 340.0,481.0,-1
2, 10, 446.0,490.0,-1
10, 2, 446.0,490.0,-1
2, 11, 137.0,190.0,-1
11, 2, 137.0,190.0,-1
2, 12, 868.0,1174.0,-1
12, 2, 868.0,1174.0,-1
2, 13, 140.0,183.0,1
13, 2, 140.0,183.0,1
2, 14, 799.0,824.0,-1
14, 2, 799.0,824.0,-1
2, 15, 347.0,457.0,-1
15, 2, 347.0,457.0,-1
2, 16, 488.0,676.0,-1
16, 2, 488.0,676.0,-1
2, 2, 0.0,0.0,1
3, 4, 895.0,1220.0,-1
4, 3, 895.0,1220.0,-1
3, 5, 1065.0,1505.0,-1
5, 3, 1065.0,1505.0,-1
3, 6, 920.0,1289.0,1
6, 3, 920.0,1289.0,1
3, 7, 124.0,150.0,1
7, 3, 124.0,150.0,1
3, 8, 845.0,980.0,1
8, 3, 845.0,980.0,1
3, 9, 387.0,543.0,1
9, 3, 387.0,543.0,1
3, 10, 53.0,74.0,1
10, 3, 53.0,74.0,1
3, 11, 375.0,376.0,-1
11, 3, 375.0,376.0,-1
3, 12, 1229.0,1737.0,1
12, 3, 1229.0,1737.0,1
3, 13, 360.0,380.0,1
13, 3, 360.0,380.0,1
3, 14, 1013.0,1386.0,-1
14, 3, 1013.0,1386.0,-1
3, 15, 274.0,385.0,1
15, 3, 274.0,385.0,1
3, 16, 897.0,1238.0,-1
16, 3, 897.0,1238.0,-1
3, 3, 0.0,0.0,1
4, 5, 304.0,321.0,-1
5, 4, 304.0,321.0,-1
4, 6, 368.0,516.0,-1
6, 4, 368.0,516.0,-1
4, 7, 777.0,1071.0,1
7, 4, 777.0,1071.0,1
4, 8, 741.0,1020.0,-1
8, 4, 741.0,1020.0,-1
4, 9, 516.0,678.0,-1
9, 4, 516.0,678.0,-1
4, 10, 849.0,1147.0,1
10, 4, 849.0,1147.0,1
4, 11, 783.0,847.0,-1
11, 4, 783.0,847.0,-1
4, 12, 460.0,517.0,-1
12, 4, 460.0,517.0,-1
4, 13, 762.0,841.0,-1
13, 4, 762.0,841.0,-1
4, 14, 119.0,166.0,-1
14, 4, 119.0,166.0,-1
4, 15, 626.0,836.0,-1
15, 4, 626.0,836.0,-1
4, 16, 431.0,609.0,1
16, 4, 431.0,609.0,1
4, 4, 0.0,0.0,1
5, 6, 207.0,217.0,1
6, 5, 207.0,217.0,1
5, 7, 960.0,1355.0,-1
7, 5, 960.0,1355.0,-1
5, 8, 619.0,700.0,-1
8, 5, 619.0,700.0,-1
5, 9, 682.0,963.0,-1
9, 5, 682.0,963.0,-1
5, 10, 1013.0,1432.0,-1
10, 5, 1013.0,1432.0,-1
5, 11, 847.0,1132.0,-1
11, 5, 847.0,1132.0,-1
5, 12, 173.0,232.0,-1
12, 5, 173.0,232.0,-1
5, 13, 834.0,1126.0,-1
13, 5, 834.0,1126.0,-1
5, 14, 257.0,344.0,-1
14, 5, 257.0,344.0,-1
5, 15, 793.0,1121.0,-1
15, 5, 793.0,1121.0,-1
5, 16, 278.0,289.0,1
16, 5, 278.0,289.0,1
5, 5, 0.0,0.0,1
6, 7, 827.0,1139.0,-1
7, 6, 827.0,1139.0,-1
6, 8, 418.0,504.0,-1
8, 6, 418.0,504.0,-1
6, 9, 556.0,746.0,-1
9, 6, 556.0,746.0,-1
6, 10, 867.0,1216.0,-1
10, 6, 867.0,1216.0,-1
6, 11, 662.0,915.0,1
11, 6, 662.0,915.0,1
6, 12, 329.0,449.0,-1
12, 6, 329.0,449.0,-1
6, 13, 653.0,909.0,1
13, 6, 653.0,909.0,1
6, 14, 387.0,539.0,-1
14, 6, 387.0,539.0,-1
6, 15, 659.0,904.0,1
15, 6, 659.0,904.0,1
6, 16, 75.0,94.0,1
16, 6, 75.0,94.0,1
6, 6, 0.0,0.0,1
7, 8, 802.0,830.0,1
8, 7, 802.0,830.0,1
7, 9, 278.0,393.0,1
9, 7, 278.0,393.0,1
7, 10, 93.0,106.0,-1
10, 7, 93.0,106.0,-1
7, 11, 365.0,465.0,-1
11, 7, 365.0,465.0,-1
7, 12, 1127.0,1587.0,-1
12, 7, 1127.0,1587.0,-1
7, 13, 343.0,427.0,-1
13, 7, 343.0,427.0,-1
7, 14, 895.0,1236.0,-1
14, 7, 895.0,1236.0,-1
7, 15, 170.0,235.0,-1
15, 7, 170.0,235.0,-1
7, 16, 811.0,1088.0,1
16, 7, 811.0,1088.0,1
7, 7, 0.0,0.0,1
8, 9, 615.0,751.0,-1
9, 8, 615.0,751.0,-1
8, 10, 796.0,907.0,-1
10, 8, 796.0,907.0,-1
8, 11, 481.0,606.0,1
11, 8, 481.0,606.0,1
8, 12, 695.0,758.0,-1
12, 8, 695.0,758.0,-1
8, 13, 490.0,600.0,-1
13, 8, 490.0,600.0,-1
8, 14, 791.0,1043.0,-1
14, 8, 791.0,1043.0,-1
8, 15, 665.0,727.0,1
15, 8, 665.0,727.0,1
8, 16, 344.0,411.0,1
16, 8, 344.0,411.0,1
8, 8, 0.0,0.0,1
9, 10, 338.0,470.0,-1
10, 9, 338.0,470.0,-1
9, 11, 336.0,444.0,-1
11, 9, 336.0,444.0,-1
9, 12, 850.0,1195.0,1
12, 9, 850.0,1195.0,1
9, 13, 309.0,406.0,-1
13, 9, 309.0,406.0,-1
9, 14, 631.0,844.0,-1
14, 9, 631.0,844.0,-1
9, 15, 113.0,158.0,1
15, 9, 113.0,158.0,1
9, 16, 548.0,696.0,-1
16, 9, 548.0,696.0,-1
9, 9, 0.0,0.0,1
10, 11, 332.0,360.0,-1
11, 10, 332.0,360.0,-1
10, 12, 1177.0,1664.0,-1
12, 10, 1177.0,1664.0,-1
10, 13, 314.0,322.0,-1
13, 10, 314.0,322.0,-1
10, 14, 966.0,1313.0,-1
14, 10, 966.0,1313.0,-1
10, 15, 225.0,312.0,1
15, 10, 225.0,312.0,1
10, 16, 844.0,1165.0,-1
16, 10, 844.0,1165.0,-1
10, 10, 0.0,0.0,1
11, 12, 990.0,1364.0,-1
12, 11, 990.0,1364.0,-1
11, 13, 28.0,39.0,-1
13, 11, 28.0,39.0,-1
11, 14, 885.0,1013.0,-1
14, 11, 885.0,1013.0,-1
11, 15, 297.0,420.0,1
15, 11, 297.0,420.0,1
11, 16, 616.0,865.0,-1
16, 11, 616.0,865.0,-1
11, 11, 0.0,0.0,1
12, 13, 980.0,1357.0,1
13, 12, 980.0,1357.0,1
12, 14, 386.0,417.0,-1
14, 12, 386.0,417.0,-1
12, 15, 959.0,1352.0,-1
15, 12, 959.0,1352.0,-1
12, 16, 384.0,499.0,-1
16, 12, 384.0,499.0,-1
12, 12, 0.0,0.0,1
13, 14, 866.0,1006.0,-1
14, 13, 866.0,1006.0,-1
13, 15, 270.0,382.0,-1
15, 13, 270.0,382.0,-1
13, 16, 609.0,859.0,-1
16, 13, 609.0,859.0,-1
13, 13, 0.0,0.0,1
14, 15, 743.0,1002.0,-1
15, 14, 743.0,1002.0,-1
14, 16, 459.0,632.0,-1
16, 14, 459.0,632.0,-1
14, 14, 0.0,0.0,1
15, 16, 644.0,854.0,1
16, 15, 644.0,854.0,1
15, 15, 0.0,0.0,1
16, 16, 0.0,0.0,1


<end>