<number of nodes>
16

<ratio of available edges>
0.3

<max length of the drone flight>
100000 

<D 2/3>
1, 4, 6, 8, 9, 10, 11, 12, 13, 14, 16

<V>
4, 9, 12, 13, 14

<coordinates X,Y>
814.0230009014031, 905.9423901730011
30.02052794551987, 971.876674526076
824.825015947242, 314.9858022452153
243.55298713158913, 332.3534844347321
990.2292225369328, 547.898328703888
178.04443210769406, 642.9949798511576
549.5645395534126, 801.5976439735779
91.58258762737957, 130.87691751790726
674.3520827041555, 230.7941692488562
757.1941145018258, 442.34994864359044
192.21738895566415, 153.3351371951321
119.10575175521117, 897.0065706508876
843.1465942487686, 889.8053501726259
385.24631114152845, 568.5248990986752
636.091181893861, 183.67827845620948
517.6780548796937, 351.59986401046183

<adjacency matrix with truck distances>
1, 2, 787.0,850.0,-1
2, 1, 787.0,850.0,-1
1, 3, 592.0,602.0,1
3, 1, 592.0,602.0,1
1, 4, 809.0,1145.0,1
4, 1, 809.0,1145.0,1
1, 5, 400.0,535.0,1
5, 1, 400.0,535.0,1
1, 6, 689.0,899.0,-1
6, 1, 689.0,899.0,-1
1, 7, 285.0,369.0,-1
7, 1, 285.0,369.0,-1
1, 8, 1060.0,1498.0,-1
8, 1, 1060.0,1498.0,-1
1, 9, 690.0,815.0,-1
9, 1, 690.0,815.0,-1
1, 10, 468.0,521.0,-1
10, 1, 468.0,521.0,-1
1, 11, 977.0,1375.0,-1
11, 1, 977.0,1375.0,-1
1, 12, 695.0,704.0,1
12, 1, 695.0,704.0,1
1, 13, 34.0,46.0,-1
13, 1, 34.0,46.0,-1
1, 14, 546.0,767.0,1
14, 1, 546.0,767.0,1
1, 15, 744.0,901.0,-1
15, 1, 744.0,901.0,-1
1, 16, 629.0,851.0,-1
16, 1, 629.0,851.0,-1
1, 1, 0.0,0.0,1
2, 3, 1032.0,1452.0,-1
3, 2, 1032.0,1452.0,-1
2, 4, 675.0,854.0,-1
4, 2, 675.0,854.0,-1
2, 5, 1050.0,1385.0,1
5, 2, 1050.0,1385.0,1
2, 6, 361.0,477.0,1
6, 2, 361.0,477.0,1
2, 7, 547.0,690.0,1
7, 2, 547.0,690.0,1
2, 8, 844.0,903.0,-1
8, 2, 844.0,903.0,-1
2, 9, 983.0,1386.0,1
9, 2, 983.0,1386.0,1
2, 10, 900.0,1257.0,-1
10, 2, 900.0,1257.0,-1
2, 11, 835.0,981.0,1
11, 2, 835.0,981.0,1
2, 12, 117.0,164.0,-1
12, 2, 117.0,164.0,-1
2, 13, 818.0,896.0,1
13, 2, 818.0,896.0,1
2, 14, 538.0,759.0,-1
14, 2, 538.0,759.0,-1
2, 15, 995.0,1395.0,-1
15, 2, 995.0,1395.0,-1
2, 16, 790.0,1108.0,-1
16, 2, 790.0,1108.0,-1
2, 2, 0.0,0.0,1
3, 4, 582.0,599.0,-1
4, 3, 582.0,599.0,-1
3, 5, 286.0,399.0,-1
5, 3, 286.0,399.0,-1
3, 6, 726.0,975.0,-1
6, 3, 726.0,975.0,-1
3, 7, 560.0,762.0,-1
7, 3, 560.0,762.0,-1
3, 8, 757.0,918.0,-1
8, 3, 757.0,918.0,-1
3, 9, 173.0,235.0,-1
9, 3, 173.0,235.0,-1
3, 10, 145.0,195.0,1
10, 3, 145.0,195.0,1
3, 11, 653.0,795.0,-1
11, 3, 653.0,795.0,-1
3, 12, 915.0,1288.0,-1
12, 3, 915.0,1288.0,-1
3, 13, 576.0,594.0,-1
13, 3, 576.0,594.0,-1
3, 14, 508.0,694.0,1
14, 3, 508.0,694.0,1
3, 15, 230.0,321.0,1
15, 3, 230.0,321.0,1
3, 16, 310.0,344.0,1
16, 3, 310.0,344.0,1
3, 3, 0.0,0.0,1
4, 5, 778.0,963.0,1
5, 4, 778.0,963.0,1
4, 6, 318.0,377.0,-1
6, 4, 318.0,377.0,-1
4, 7, 561.0,776.0,-1
7, 4, 561.0,776.0,-1
4, 8, 253.0,354.0,-1
8, 4, 253.0,354.0,-1
4, 9, 443.0,533.0,-1
9, 4, 443.0,533.0,-1
4, 10, 526.0,624.0,-1
10, 4, 526.0,624.0,-1
4, 11, 187.0,231.0,-1
11, 4, 187.0,231.0,-1
4, 12, 579.0,690.0,1
12, 4, 579.0,690.0,1
4, 13, 819.0,1158.0,-1
13, 4, 819.0,1158.0,-1
4, 14, 276.0,378.0,-1
14, 4, 276.0,378.0,-1
4, 15, 420.0,542.0,-1
15, 4, 420.0,542.0,-1
4, 16, 275.0,294.0,1
16, 4, 275.0,294.0,1
4, 4, 0.0,0.0,1
5, 6, 818.0,908.0,-1
6, 5, 818.0,908.0,-1
5, 7, 509.0,695.0,-1
7, 5, 509.0,695.0,-1
5, 8, 991.0,1316.0,-1
8, 5, 991.0,1316.0,-1
5, 9, 448.0,633.0,-1
9, 5, 448.0,633.0,-1
5, 10, 256.0,339.0,-1
10, 5, 256.0,339.0,-1
5, 11, 891.0,1193.0,-1
11, 5, 891.0,1193.0,-1
5, 12, 939.0,1221.0,-1
12, 5, 939.0,1221.0,-1
5, 13, 373.0,489.0,-1
13, 5, 373.0,489.0,-1
5, 14, 606.0,626.0,1
14, 5, 606.0,626.0,1
5, 15, 509.0,719.0,-1
15, 5, 509.0,719.0,-1
5, 16, 512.0,669.0,-1
16, 5, 512.0,669.0,-1
5, 5, 0.0,0.0,1
6, 7, 404.0,531.0,-1
7, 6, 404.0,531.0,-1
6, 8, 520.0,599.0,1
8, 6, 520.0,599.0,1
6, 9, 646.0,909.0,1
9, 6, 646.0,909.0,1
6, 10, 613.0,780.0,-1
10, 6, 613.0,780.0,-1
6, 11, 490.0,504.0,-1
11, 6, 490.0,504.0,-1
6, 12, 261.0,313.0,-1
12, 6, 261.0,313.0,-1
6, 13, 710.0,912.0,-1
13, 6, 710.0,912.0,-1
6, 14, 221.0,282.0,-1
14, 6, 221.0,282.0,-1
6, 15, 649.0,918.0,-1
15, 6, 649.0,918.0,-1
6, 16, 448.0,632.0,-1
16, 6, 448.0,632.0,-1
6, 6, 0.0,0.0,1
7, 8, 813.0,1129.0,1
8, 7, 813.0,1129.0,1
7, 9, 585.0,696.0,-1
9, 7, 585.0,696.0,-1
7, 10, 415.0,567.0,-1
10, 7, 415.0,567.0,-1
7, 11, 741.0,1006.0,-1
11, 7, 741.0,1006.0,-1
7, 12, 441.0,526.0,-1
12, 7, 441.0,526.0,-1
7, 13, 307.0,382.0,1
13, 7, 307.0,382.0,1
7, 14, 286.0,398.0,-1
14, 7, 286.0,398.0,-1
7, 15, 624.0,705.0,1
15, 7, 624.0,705.0,1
7, 16, 452.0,482.0,-1
16, 7, 452.0,482.0,-1
7, 7, 0.0,0.0,1
8, 9, 592.0,683.0,1
9, 8, 592.0,683.0,1
8, 10, 735.0,978.0,-1
10, 8, 735.0,978.0,-1
8, 11, 104.0,124.0,-1
11, 8, 104.0,124.0,-1
8, 12, 767.0,794.0,-1
12, 8, 767.0,794.0,-1
8, 13, 1069.0,1511.0,1
13, 8, 1069.0,1511.0,1
8, 14, 528.0,732.0,-1
14, 8, 528.0,732.0,-1
8, 15, 548.0,598.0,-1
15, 8, 548.0,598.0,-1
8, 16, 480.0,647.0,-1
16, 8, 480.0,647.0,-1
8, 8, 0.0,0.0,1
9, 10, 228.0,295.0,1
10, 9, 228.0,295.0,1
9, 11, 489.0,560.0,1
11, 9, 489.0,560.0,1
9, 12, 868.0,1222.0,1
12, 9, 868.0,1222.0,1
9, 13, 681.0,828.0,1
13, 9, 681.0,828.0,1
9, 14, 445.0,627.0,-1
14, 9, 445.0,627.0,-1
9, 15, 61.0,86.0,1
15, 9, 61.0,86.0,1
9, 16, 198.0,278.0,-1
16, 9, 198.0,278.0,-1
9, 9, 0.0,0.0,1
10, 11, 635.0,854.0,-1
11, 10, 635.0,854.0,-1
10, 12, 784.0,1093.0,-1
12, 10, 784.0,1093.0,-1
10, 13, 456.0,534.0,-1
13, 10, 456.0,534.0,-1
10, 14, 393.0,499.0,-1
14, 10, 393.0,499.0,-1
10, 15, 286.0,380.0,1
15, 10, 286.0,380.0,1
10, 16, 257.0,331.0,-1
16, 10, 257.0,331.0,-1
10, 10, 0.0,0.0,1
11, 12, 748.0,817.0,-1
12, 11, 748.0,817.0,-1
11, 13, 983.0,1388.0,-1
13, 11, 983.0,1388.0,-1
11, 14, 458.0,609.0,-1
14, 11, 458.0,609.0,-1
11, 15, 445.0,475.0,1
15, 11, 445.0,475.0,1
11, 16, 382.0,524.0,-1
16, 11, 382.0,524.0,-1
11, 11, 0.0,0.0,1
12, 13, 725.0,732.0,1
13, 12, 725.0,732.0,1
12, 14, 423.0,595.0,1
14, 12, 423.0,595.0,1
12, 15, 881.0,1231.0,-1
15, 12, 881.0,1231.0,-1
12, 16, 676.0,944.0,-1
16, 12, 676.0,944.0,-1
12, 12, 0.0,0.0,1
13, 14, 560.0,780.0,-1
14, 13, 560.0,780.0,-1
13, 15, 736.0,914.0,-1
15, 13, 736.0,914.0,-1
13, 16, 629.0,864.0,-1
16, 13, 629.0,864.0,-1
13, 13, 0.0,0.0,1
14, 15, 460.0,636.0,1
15, 14, 460.0,636.0,1
14, 16, 255.0,350.0,-1
16, 14, 255.0,350.0,-1
14, 14, 0.0,0.0,1
15, 16, 206.0,287.0,-1
16, 15, 206.0,287.0,-1
15, 15, 0.0,0.0,1
16, 16, 0.0,0.0,1


<end>