<number of nodes>
16

<ratio of available edges>
0.3

<max length of the drone flight>
100000 

<D 2/3>
1, 3, 4, 6, 7, 9, 10, 11, 12, 14, 15

<V>
4, 9, 10, 12, 15

<coordinates X,Y>
113.26705067010616, 179.30375846732008
674.6823958525562, 422.2757077074549
800.1553370437884, 189.56652336494236
465.2102489811492, 240.45127567431453
485.45418458619764, 448.868648292471
960.368207937637, 71.16097189367898
686.3985554376522, 908.7904918515451
446.29959475858726, 711.4945305526561
773.6161453054299, 336.79224049673115
662.6917990856224, 49.51983793444838
843.3684196446762, 343.0907104879887
863.8157337757498, 327.69357881084426
588.5881775906415, 388.658071667353
450.3087951548622, 112.95196485093862
368.11344665543857, 260.8077171703397
336.7824218875732, 945.1279098318596

<adjacency matrix with truck distances>
1, 2, 612.0,805.0,-1
2, 1, 612.0,805.0,-1
1, 3, 687.0,698.0,-1
3, 1, 687.0,698.0,-1
1, 4, 358.0,414.0,-1
4, 1, 358.0,414.0,-1
1, 5, 460.0,642.0,1
5, 1, 460.0,642.0,1
1, 6, 854.0,956.0,1
6, 1, 854.0,956.0,1
1, 7, 928.0,1303.0,-1
7, 1, 928.0,1303.0,-1
1, 8, 628.0,866.0,-1
8, 1, 628.0,866.0,-1
1, 9, 679.0,818.0,-1
9, 1, 679.0,818.0,-1
1, 10, 565.0,680.0,-1
10, 1, 565.0,680.0,-1
1, 11, 749.0,894.0,-1
11, 1, 749.0,894.0,-1
1, 12, 766.0,899.0,-1
12, 1, 766.0,899.0,-1
1, 13, 520.0,685.0,-1
13, 1, 520.0,685.0,-1
1, 14, 344.0,404.0,1
14, 1, 344.0,404.0,1
1, 15, 268.0,337.0,-1
15, 1, 268.0,337.0,-1
1, 16, 798.0,990.0,1
16, 1, 798.0,990.0,1
1, 1, 0.0,0.0,1
2, 3, 265.0,359.0,-1
3, 2, 265.0,359.0,-1
2, 4, 278.0,392.0,-1
4, 2, 278.0,392.0,-1
2, 5, 192.0,216.0,1
5, 2, 192.0,216.0,1
2, 6, 453.0,637.0,-1
6, 2, 453.0,637.0,-1
2, 7, 487.0,499.0,-1
7, 2, 487.0,499.0,-1
2, 8, 369.0,518.0,1
8, 2, 369.0,518.0,1
2, 9, 131.0,185.0,-1
9, 2, 131.0,185.0,-1
2, 10, 373.0,385.0,1
10, 2, 373.0,385.0,1
2, 11, 187.0,248.0,1
11, 2, 187.0,248.0,1
2, 12, 212.0,284.0,-1
12, 2, 212.0,284.0,-1
2, 13, 93.0,120.0,-1
13, 2, 93.0,120.0,-1
2, 14, 383.0,534.0,-1
14, 2, 383.0,534.0,-1
2, 15, 347.0,469.0,-1
15, 2, 347.0,469.0,-1
2, 16, 623.0,861.0,-1
16, 2, 623.0,861.0,-1
2, 2, 0.0,0.0,1
3, 4, 339.0,386.0,-1
4, 3, 339.0,386.0,-1
3, 5, 408.0,575.0,1
5, 3, 408.0,575.0,1
3, 6, 200.0,279.0,-1
6, 3, 200.0,279.0,-1
3, 7, 729.0,833.0,-1
7, 3, 729.0,833.0,-1
3, 8, 631.0,876.0,-1
8, 3, 631.0,876.0,-1
3, 9, 150.0,174.0,1
9, 3, 150.0,174.0,1
3, 10, 197.0,278.0,-1
10, 3, 197.0,278.0,-1
3, 11, 160.0,197.0,1
11, 3, 160.0,197.0,1
3, 12, 153.0,202.0,-1
12, 3, 153.0,202.0,-1
3, 13, 291.0,411.0,-1
13, 3, 291.0,411.0,-1
3, 14, 359.0,427.0,1
14, 3, 359.0,427.0,1
3, 15, 438.0,504.0,-1
15, 3, 438.0,504.0,-1
3, 16, 887.0,1219.0,-1
16, 3, 887.0,1219.0,-1
3, 3, 0.0,0.0,1
4, 5, 210.0,229.0,-1
5, 4, 210.0,229.0,-1
4, 6, 524.0,665.0,-1
6, 4, 524.0,665.0,-1
4, 7, 704.0,890.0,-1
7, 4, 704.0,890.0,-1
4, 8, 472.0,490.0,-1
8, 4, 472.0,490.0,-1
4, 9, 324.0,405.0,1
9, 4, 324.0,405.0,1
4, 10, 275.0,389.0,-1
10, 4, 275.0,389.0,-1
4, 11, 392.0,481.0,-1
11, 4, 392.0,481.0,-1
4, 12, 409.0,486.0,1
12, 4, 409.0,486.0,1
4, 13, 193.0,272.0,-1
13, 4, 193.0,272.0,-1
4, 14, 129.0,143.0,1
14, 4, 129.0,143.0,1
4, 15, 100.0,118.0,1
15, 4, 100.0,118.0,1
4, 16, 717.0,834.0,1
16, 4, 717.0,834.0,1
4, 4, 0.0,0.0,1
5, 6, 607.0,853.0,-1
6, 5, 607.0,853.0,-1
5, 7, 502.0,661.0,1
7, 5, 502.0,661.0,1
5, 8, 266.0,302.0,1
8, 5, 266.0,302.0,1
5, 9, 310.0,401.0,-1
9, 5, 310.0,401.0,-1
5, 10, 437.0,577.0,-1
10, 5, 437.0,577.0,-1
5, 11, 374.0,464.0,-1
11, 5, 374.0,464.0,-1
5, 12, 398.0,500.0,-1
12, 5, 398.0,500.0,-1
5, 13, 120.0,164.0,1
13, 5, 120.0,164.0,1
5, 14, 338.0,372.0,-1
14, 5, 338.0,372.0,-1
5, 15, 222.0,306.0,-1
15, 5, 222.0,306.0,-1
5, 16, 519.0,645.0,-1
16, 5, 519.0,645.0,-1
5, 5, 0.0,0.0,1
6, 7, 882.0,1112.0,1
7, 6, 882.0,1112.0,1
6, 8, 822.0,1155.0,1
8, 6, 822.0,1155.0,1
6, 9, 325.0,453.0,-1
9, 6, 325.0,453.0,-1
6, 10, 299.0,320.0,-1
10, 6, 299.0,320.0,-1
6, 11, 297.0,389.0,1
11, 6, 297.0,389.0,1
6, 12, 275.0,354.0,-1
12, 6, 275.0,354.0,-1
6, 13, 489.0,690.0,1
13, 6, 489.0,690.0,1
6, 14, 512.0,552.0,1
14, 6, 512.0,552.0,1
6, 15, 622.0,782.0,-1
15, 6, 622.0,782.0,-1
6, 16, 1074.0,1498.0,-1
16, 6, 1074.0,1498.0,-1
6, 6, 0.0,0.0,1
7, 8, 311.0,438.0,-1
8, 7, 311.0,438.0,-1
7, 9, 579.0,660.0,-1
9, 7, 579.0,660.0,-1
7, 10, 860.0,883.0,-1
10, 7, 860.0,883.0,-1
7, 11, 588.0,723.0,-1
11, 7, 588.0,723.0,-1
7, 12, 608.0,759.0,1
12, 7, 608.0,759.0,1
7, 13, 530.0,618.0,-1
13, 7, 530.0,618.0,-1
7, 14, 831.0,1032.0,-1
14, 7, 831.0,1032.0,-1
7, 15, 722.0,967.0,-1
15, 7, 722.0,967.0,-1
7, 16, 352.0,386.0,1
16, 7, 352.0,386.0,1
7, 7, 0.0,0.0,1
8, 9, 498.0,703.0,-1
9, 8, 498.0,703.0,-1
8, 10, 697.0,879.0,-1
10, 8, 697.0,879.0,-1
8, 11, 542.0,766.0,-1
11, 8, 542.0,766.0,-1
8, 12, 568.0,802.0,-1
12, 8, 568.0,802.0,-1
8, 13, 353.0,466.0,1
13, 8, 353.0,466.0,1
8, 14, 599.0,603.0,-1
14, 8, 599.0,603.0,-1
8, 15, 458.0,529.0,-1
15, 8, 458.0,529.0,-1
8, 16, 259.0,344.0,-1
16, 8, 259.0,344.0,-1
8, 8, 0.0,0.0,1
9, 10, 308.0,399.0,-1
10, 9, 308.0,399.0,-1
9, 11, 71.0,77.0,-1
11, 9, 71.0,77.0,-1
9, 12, 91.0,100.0,1
12, 9, 91.0,100.0,1
9, 13, 193.0,237.0,-1
13, 9, 193.0,237.0,-1
9, 14, 394.0,548.0,-1
14, 9, 394.0,548.0,-1
9, 15, 413.0,482.0,1
15, 9, 413.0,482.0,1
9, 16, 749.0,1046.0,1
16, 9, 749.0,1046.0,1
9, 9, 0.0,0.0,1
10, 11, 345.0,475.0,-1
11, 10, 345.0,475.0,-1
10, 12, 344.0,480.0,-1
12, 10, 344.0,480.0,-1
10, 13, 348.0,414.0,-1
13, 10, 348.0,414.0,-1
10, 14, 222.0,276.0,1
14, 10, 222.0,276.0,1
10, 15, 363.0,506.0,-1
15, 10, 363.0,506.0,-1
10, 16, 954.0,1222.0,1
16, 10, 954.0,1222.0,1
10, 10, 0.0,0.0,1
11, 12, 26.0,36.0,-1
12, 11, 26.0,36.0,-1
11, 13, 259.0,301.0,-1
13, 11, 259.0,301.0,-1
11, 14, 456.0,624.0,-1
14, 11, 456.0,624.0,-1
11, 15, 483.0,558.0,-1
15, 11, 483.0,558.0,-1
11, 16, 787.0,1109.0,-1
16, 11, 787.0,1109.0,-1
11, 11, 0.0,0.0,1
12, 13, 282.0,337.0,-1
13, 12, 282.0,337.0,-1
12, 14, 466.0,629.0,1
14, 12, 466.0,629.0,1
12, 15, 501.0,563.0,-1
15, 12, 501.0,563.0,-1
12, 16, 812.0,1145.0,-1
16, 12, 812.0,1145.0,-1
12, 12, 0.0,0.0,1
13, 14, 309.0,414.0,-1
14, 13, 309.0,414.0,-1
13, 15, 255.0,349.0,-1
15, 13, 255.0,349.0,-1
13, 16, 611.0,809.0,1
16, 13, 611.0,809.0,1
13, 13, 0.0,0.0,1
14, 15, 170.0,231.0,-1
15, 14, 170.0,231.0,-1
14, 16, 840.0,946.0,1
16, 14, 840.0,946.0,1
14, 14, 0.0,0.0,1
15, 16, 686.0,716.0,-1
16, 15, 686.0,716.0,-1
15, 15, 0.0,0.0,1
16, 16, 0.0,0.0,1


<end>