<number of nodes>
16

<ratio of available edges>
0.3

<max length of the drone flight>
100000 

<D 2/3>
1, 2, 3, 4, 6, 8, 9, 11, 12, 13, 15

<V>
8, 9, 12, 13, 15

<coordinates X,Y>
483.114177191479, 987.0859463154273
894.5847363770283, 123.72701010464863
161.9117616920671, 922.190590909374
85.55974769601285, 533.9536041113478
63.16821709668298, 960.541847817838
645.7933448628329, 133.0225825845002
505.2430709300135, 409.0505399220667
819.0937926675282, 271.58474424676655
463.35884189172015, 324.9277266523939
42.54511273666453, 831.8639881088368
406.174350040901, 928.6243404858685
289.41290229884805, 603.6847513898274
745.2456608004068, 317.65418282343353
590.2014030313921, 694.4609524383474
344.1227124597859, 706.8234916582711
945.7716928177625, 527.119926700547

<adjacency matrix with truck distances>
1, 2, 957.0,1275.0,-1
2, 1, 957.0,1275.0,-1
1, 3, 328.0,387.0,-1
3, 1, 328.0,387.0,-1
1, 4, 603.0,851.0,-1
4, 1, 603.0,851.0,-1
1, 5, 421.0,447.0,1
5, 1, 421.0,447.0,1
1, 6, 870.0,1017.0,1
6, 1, 870.0,1017.0,1
1, 7, 579.0,601.0,1
7, 1, 579.0,601.0,1
1, 8, 791.0,1052.0,-1
8, 1, 791.0,1052.0,-1
1, 9, 663.0,682.0,-1
9, 1, 663.0,682.0,-1
1, 10, 468.0,596.0,-1
10, 1, 468.0,596.0,-1
1, 11, 97.0,136.0,-1
11, 1, 97.0,136.0,-1
1, 12, 430.0,578.0,-1
12, 1, 430.0,578.0,-1
1, 13, 719.0,932.0,1
13, 1, 719.0,932.0,1
1, 14, 312.0,400.0,-1
14, 1, 312.0,400.0,-1
1, 15, 313.0,420.0,1
15, 1, 313.0,420.0,1
1, 16, 653.0,923.0,1
16, 1, 653.0,923.0,1
1, 1, 0.0,0.0,1
2, 3, 1084.0,1532.0,1
3, 2, 1084.0,1532.0,1
2, 4, 908.0,1220.0,-1
4, 2, 908.0,1220.0,-1
2, 5, 1180.0,1669.0,1
5, 2, 1180.0,1669.0,1
2, 6, 249.0,259.0,1
6, 2, 249.0,259.0,1
2, 7, 483.0,675.0,-1
7, 2, 483.0,675.0,-1
2, 8, 167.0,224.0,-1
8, 2, 167.0,224.0,-1
2, 9, 476.0,633.0,-1
9, 2, 476.0,633.0,-1
2, 10, 1108.0,1561.0,-1
10, 2, 1108.0,1561.0,-1
2, 11, 942.0,1294.0,1
11, 2, 942.0,1294.0,1
2, 12, 773.0,1086.0,-1
12, 2, 773.0,1086.0,-1
2, 13, 245.0,344.0,-1
13, 2, 245.0,344.0,-1
2, 14, 647.0,876.0,-1
14, 2, 647.0,876.0,-1
2, 15, 802.0,1134.0,1
15, 2, 802.0,1134.0,1
2, 16, 407.0,455.0,-1
16, 2, 407.0,455.0,-1
2, 2, 0.0,0.0,1
3, 4, 396.0,465.0,-1
4, 3, 396.0,465.0,-1
3, 5, 106.0,138.0,-1
5, 3, 106.0,138.0,-1
3, 6, 926.0,1274.0,-1
6, 3, 926.0,1274.0,-1
3, 7, 618.0,857.0,1
7, 3, 618.0,857.0,1
3, 8, 925.0,1308.0,1
8, 3, 925.0,1308.0,1
3, 9, 670.0,899.0,-1
9, 3, 670.0,899.0,-1
3, 10, 150.0,210.0,1
10, 3, 150.0,210.0,1
3, 11, 245.0,251.0,1
11, 3, 245.0,251.0,1
3, 12, 344.0,447.0,-1
12, 3, 344.0,447.0,-1
3, 13, 841.0,1188.0,-1
13, 3, 841.0,1188.0,-1
3, 14, 486.0,657.0,1
14, 3, 486.0,657.0,1
3, 15, 283.0,398.0,-1
15, 3, 283.0,398.0,-1
3, 16, 878.0,1179.0,-1
16, 3, 878.0,1179.0,-1
3, 3, 0.0,0.0,1
4, 5, 428.0,449.0,-1
5, 4, 428.0,449.0,-1
4, 6, 689.0,962.0,-1
6, 4, 689.0,962.0,-1
4, 7, 438.0,545.0,-1
7, 4, 438.0,545.0,-1
4, 8, 780.0,996.0,-1
8, 4, 780.0,996.0,-1
4, 9, 432.0,587.0,1
9, 4, 432.0,587.0,1
4, 10, 301.0,341.0,1
10, 4, 301.0,341.0,1
4, 11, 509.0,716.0,-1
11, 4, 509.0,716.0,-1
4, 12, 216.0,274.0,-1
12, 4, 216.0,274.0,-1
4, 13, 695.0,876.0,-1
13, 4, 695.0,876.0,-1
4, 14, 530.0,666.0,1
14, 4, 530.0,666.0,1
4, 15, 312.0,432.0,-1
15, 4, 312.0,432.0,-1
4, 16, 861.0,868.0,1
16, 4, 861.0,868.0,1
4, 4, 0.0,0.0,1
5, 6, 1013.0,1411.0,1
6, 5, 1013.0,1411.0,1
5, 7, 707.0,994.0,-1
7, 5, 707.0,994.0,-1
5, 8, 1023.0,1445.0,-1
8, 5, 1023.0,1445.0,-1
5, 9, 752.0,1036.0,1
9, 5, 752.0,1036.0,1
5, 10, 131.0,150.0,1
10, 5, 131.0,150.0,1
5, 11, 345.0,375.0,1
11, 5, 345.0,375.0,1
5, 12, 423.0,584.0,1
12, 5, 423.0,584.0,1
5, 13, 938.0,1325.0,1
13, 5, 938.0,1325.0,1
5, 14, 591.0,794.0,-1
14, 5, 591.0,794.0,-1
5, 15, 379.0,535.0,1
15, 5, 379.0,535.0,1
5, 16, 984.0,1317.0,-1
16, 5, 984.0,1317.0,-1
5, 5, 0.0,0.0,1
6, 7, 310.0,417.0,-1
7, 6, 310.0,417.0,-1
6, 8, 222.0,312.0,-1
8, 6, 222.0,312.0,-1
6, 9, 265.0,375.0,1
9, 6, 265.0,375.0,1
6, 10, 924.0,1303.0,-1
10, 6, 924.0,1303.0,-1
6, 11, 831.0,1036.0,-1
11, 6, 831.0,1036.0,-1
6, 12, 591.0,828.0,1
12, 6, 591.0,828.0,1
6, 13, 210.0,285.0,-1
13, 6, 210.0,285.0,-1
6, 14, 565.0,618.0,1
14, 6, 565.0,618.0,1
6, 15, 649.0,876.0,-1
15, 6, 649.0,876.0,-1
6, 16, 496.0,695.0,1
16, 6, 496.0,695.0,1
6, 6, 0.0,0.0,1
7, 8, 343.0,452.0,-1
8, 7, 343.0,452.0,-1
7, 9, 94.0,127.0,-1
9, 7, 94.0,127.0,-1
7, 10, 627.0,886.0,-1
10, 7, 627.0,886.0,-1
7, 11, 529.0,619.0,1
11, 7, 529.0,619.0,1
7, 12, 291.0,411.0,-1
12, 7, 291.0,411.0,-1
7, 13, 257.0,332.0,1
13, 7, 257.0,332.0,1
7, 14, 298.0,371.0,-1
14, 7, 298.0,371.0,-1
7, 15, 339.0,459.0,-1
15, 7, 339.0,459.0,-1
7, 16, 457.0,559.0,-1
16, 7, 457.0,559.0,-1
7, 7, 0.0,0.0,1
8, 9, 360.0,410.0,-1
9, 8, 360.0,410.0,-1
8, 10, 958.0,1337.0,-1
10, 8, 958.0,1337.0,-1
8, 11, 777.0,1070.0,-1
11, 8, 777.0,1070.0,-1
8, 12, 626.0,862.0,-1
12, 8, 626.0,862.0,-1
8, 13, 88.0,120.0,-1
13, 8, 88.0,120.0,-1
8, 14, 481.0,652.0,-1
14, 8, 481.0,652.0,-1
8, 15, 645.0,911.0,-1
15, 8, 645.0,911.0,-1
8, 16, 286.0,383.0,-1
16, 8, 286.0,383.0,-1
8, 8, 0.0,0.0,1
9, 10, 659.0,928.0,-1
10, 9, 659.0,928.0,-1
9, 11, 607.0,661.0,-1
11, 9, 607.0,661.0,-1
9, 12, 329.0,453.0,-1
12, 9, 329.0,453.0,-1
9, 13, 282.0,290.0,-1
13, 9, 282.0,290.0,-1
9, 14, 391.0,497.0,-1
14, 9, 391.0,497.0,-1
9, 15, 401.0,502.0,-1
15, 9, 401.0,502.0,-1
9, 16, 524.0,685.0,-1
16, 9, 524.0,685.0,-1
9, 9, 0.0,0.0,1
10, 11, 377.0,461.0,-1
11, 10, 377.0,461.0,-1
10, 12, 337.0,476.0,-1
12, 10, 337.0,476.0,-1
10, 13, 871.0,1217.0,-1
13, 10, 871.0,1217.0,-1
10, 14, 565.0,686.0,-1
14, 10, 565.0,686.0,-1
10, 15, 327.0,427.0,-1
15, 10, 327.0,427.0,-1
10, 16, 954.0,1208.0,-1
16, 10, 954.0,1208.0,-1
10, 10, 0.0,0.0,1
11, 12, 346.0,442.0,-1
12, 11, 346.0,442.0,-1
11, 13, 699.0,951.0,-1
13, 11, 699.0,951.0,-1
11, 14, 298.0,419.0,-1
14, 11, 298.0,419.0,-1
11, 15, 231.0,284.0,-1
15, 11, 231.0,284.0,-1
11, 16, 673.0,942.0,-1
16, 11, 673.0,942.0,-1
11, 11, 0.0,0.0,1
12, 13, 539.0,742.0,-1
13, 12, 539.0,742.0,-1
12, 14, 315.0,392.0,1
14, 12, 315.0,392.0,1
12, 15, 117.0,158.0,-1
15, 12, 117.0,158.0,-1
12, 16, 661.0,733.0,-1
16, 12, 661.0,733.0,-1
12, 12, 0.0,0.0,1
13, 14, 408.0,532.0,-1
14, 13, 408.0,532.0,-1
13, 15, 559.0,791.0,1
15, 13, 559.0,791.0,1
13, 16, 290.0,410.0,-1
16, 13, 290.0,410.0,-1
13, 13, 0.0,0.0,1
14, 15, 247.0,259.0,-1
15, 14, 247.0,259.0,-1
14, 16, 393.0,523.0,1
16, 14, 393.0,523.0,1
14, 14, 0.0,0.0,1
15, 16, 628.0,782.0,-1
16, 15, 628.0,782.0,-1
15, 15, 0.0,0.0,1
16, 16, 0.0,0.0,1


<end>