<number of nodes>
16

<ratio of available edges>
0.3

<max length of the drone flight>
100000 

<D 2/3>
1, 2, 5, 6, 7, 8, 10, 11, 12, 13, 15

<V>
2, 5, 8, 10, 13

<coordinates X,Y>
646.9174974588545, 818.9749833296453
210.76930436462794, 854.5991098674156
498.7208138467404, 998.2132172033809
70.77635565141513, 428.9774066215735
83.73034323157846, 303.3601295201361
688.4535171187547, 696.6966292210503
941.7470111291087, 39.36289004949726
50.299084561303346, 255.28361392325095
537.2628751841769, 266.7940262249356
682.3970950218347, 304.8487153996641
253.07744298287335, 254.09646957887784
193.87772199163572, 688.0812731092159
121.62098510907298, 24.95564195520387
701.64522549641, 176.95304245632823
633.6633402667998, 787.5626419978914
101.50734909521903, 723.3274146417027

<adjacency matrix with truck distances>
1, 2, 438.0,472.0,-1
2, 1, 438.0,472.0,-1
1, 3, 233.0,328.0,-1
3, 1, 233.0,328.0,-1
1, 4, 696.0,967.0,-1
4, 1, 696.0,967.0,-1
1, 5, 764.0,1079.0,-1
5, 1, 764.0,1079.0,-1
1, 6, 130.0,164.0,1
6, 1, 130.0,164.0,1
1, 7, 834.0,1075.0,1
7, 1, 834.0,1075.0,1
1, 8, 821.0,1161.0,-1
8, 1, 821.0,1161.0,-1
1, 9, 563.0,662.0,1
9, 1, 563.0,662.0,1
1, 10, 516.0,550.0,-1
10, 1, 516.0,550.0,-1
1, 11, 689.0,959.0,-1
11, 1, 689.0,959.0,-1
1, 12, 472.0,584.0,1
12, 1, 472.0,584.0,1
1, 13, 953.0,1320.0,-1
13, 1, 953.0,1320.0,-1
1, 14, 645.0,697.0,-1
14, 1, 645.0,697.0,-1
1, 15, 35.0,45.0,-1
15, 1, 35.0,45.0,-1
1, 16, 554.0,642.0,-1
16, 1, 554.0,642.0,-1
1, 1, 0.0,0.0,1
2, 3, 322.0,432.0,-1
3, 2, 322.0,432.0,-1
2, 4, 449.0,566.0,-1
4, 2, 449.0,566.0,-1
2, 5, 566.0,679.0,-1
5, 2, 566.0,679.0,-1
2, 6, 504.0,636.0,-1
6, 2, 504.0,636.0,-1
2, 7, 1095.0,1547.0,-1
7, 2, 1095.0,1547.0,-1
2, 8, 621.0,760.0,1
8, 2, 621.0,760.0,1
2, 9, 673.0,915.0,-1
9, 2, 673.0,915.0,-1
2, 10, 725.0,1022.0,-1
10, 2, 725.0,1022.0,-1
2, 11, 602.0,643.0,-1
11, 2, 602.0,643.0,-1
2, 12, 168.0,184.0,-1
12, 2, 168.0,184.0,-1
2, 13, 835.0,919.0,-1
13, 2, 835.0,919.0,-1
2, 14, 837.0,1169.0,-1
14, 2, 837.0,1169.0,-1
2, 15, 429.0,490.0,1
15, 2, 429.0,490.0,1
2, 16, 171.0,241.0,-1
16, 2, 171.0,241.0,-1
2, 2, 0.0,0.0,1
3, 4, 713.0,998.0,-1
4, 3, 713.0,998.0,-1
3, 5, 810.0,1110.0,-1
5, 3, 810.0,1110.0,-1
3, 6, 357.0,492.0,1
6, 3, 357.0,492.0,1
3, 7, 1057.0,1402.0,-1
7, 3, 1057.0,1402.0,-1
3, 8, 868.0,1192.0,-1
8, 3, 868.0,1192.0,-1
3, 9, 733.0,770.0,-1
9, 3, 733.0,770.0,-1
3, 10, 718.0,878.0,-1
10, 3, 718.0,878.0,-1
3, 11, 784.0,990.0,-1
11, 3, 784.0,990.0,-1
3, 12, 435.0,615.0,-1
12, 3, 435.0,615.0,-1
3, 13, 1044.0,1351.0,-1
13, 3, 1044.0,1351.0,-1
3, 14, 846.0,1025.0,-1
14, 3, 846.0,1025.0,-1
3, 15, 251.0,346.0,-1
15, 3, 251.0,346.0,-1
3, 16, 484.0,673.0,-1
16, 3, 484.0,673.0,-1
3, 3, 0.0,0.0,1
4, 5, 127.0,139.0,1
5, 4, 127.0,139.0,1
4, 6, 674.0,886.0,-1
6, 4, 674.0,886.0,-1
4, 7, 955.0,1261.0,-1
7, 4, 955.0,1261.0,-1
4, 8, 175.0,195.0,-1
8, 4, 175.0,195.0,-1
4, 9, 494.0,629.0,-1
9, 4, 494.0,629.0,-1
4, 10, 625.0,736.0,1
10, 4, 625.0,736.0,1
4, 11, 253.0,358.0,1
11, 4, 253.0,358.0,1
4, 12, 287.0,383.0,1
12, 4, 287.0,383.0,1
4, 13, 408.0,455.0,-1
13, 4, 408.0,455.0,-1
4, 14, 680.0,883.0,1
14, 4, 680.0,883.0,1
4, 15, 668.0,922.0,-1
15, 4, 668.0,922.0,-1
4, 16, 296.0,326.0,-1
16, 4, 296.0,326.0,-1
4, 4, 0.0,0.0,1
5, 6, 722.0,999.0,-1
6, 5, 722.0,999.0,-1
5, 7, 898.0,1123.0,-1
7, 5, 898.0,1123.0,-1
5, 8, 59.0,82.0,-1
8, 5, 59.0,82.0,-1
5, 9, 456.0,491.0,-1
9, 5, 456.0,491.0,-1
5, 10, 599.0,601.0,-1
10, 5, 599.0,601.0,-1
5, 11, 177.0,219.0,-1
11, 5, 177.0,219.0,-1
5, 12, 401.0,495.0,-1
12, 5, 401.0,495.0,-1
5, 13, 281.0,317.0,-1
13, 5, 281.0,317.0,-1
5, 14, 631.0,745.0,-1
14, 5, 631.0,745.0,-1
5, 15, 733.0,1035.0,-1
15, 5, 733.0,1035.0,-1
5, 16, 421.0,438.0,-1
16, 5, 421.0,438.0,-1
5, 5, 0.0,0.0,1
6, 7, 705.0,911.0,1
7, 6, 705.0,911.0,1
6, 8, 776.0,1080.0,1
8, 6, 776.0,1080.0,1
6, 9, 456.0,582.0,-1
9, 6, 456.0,582.0,-1
6, 10, 392.0,398.0,-1
10, 6, 392.0,398.0,-1
6, 11, 621.0,878.0,1
11, 6, 621.0,878.0,1
6, 12, 495.0,504.0,-1
12, 6, 495.0,504.0,-1
6, 13, 879.0,1239.0,-1
13, 6, 879.0,1239.0,-1
6, 14, 520.0,533.0,-1
14, 6, 520.0,533.0,-1
6, 15, 107.0,146.0,1
15, 6, 107.0,146.0,1
6, 16, 588.0,614.0,-1
16, 6, 588.0,614.0,-1
6, 6, 0.0,0.0,1
7, 8, 918.0,1108.0,-1
8, 7, 918.0,1108.0,-1
7, 9, 465.0,632.0,1
9, 7, 465.0,632.0,1
7, 10, 372.0,525.0,1
10, 7, 372.0,525.0,1
7, 11, 722.0,904.0,1
11, 7, 722.0,904.0,1
7, 12, 991.0,1397.0,1
12, 7, 991.0,1397.0,1
7, 13, 821.0,835.0,1
13, 7, 821.0,835.0,1
7, 14, 277.0,378.0,-1
14, 7, 277.0,378.0,-1
7, 15, 810.0,1057.0,-1
15, 7, 810.0,1057.0,-1
7, 16, 1084.0,1525.0,1
16, 7, 1084.0,1525.0,1
7, 7, 0.0,0.0,1
8, 9, 488.0,499.0,1
9, 8, 488.0,499.0,1
8, 10, 635.0,682.0,-1
10, 8, 635.0,682.0,-1
8, 11, 203.0,204.0,-1
11, 8, 203.0,204.0,-1
8, 12, 456.0,577.0,1
12, 8, 456.0,577.0,1
8, 13, 242.0,302.0,-1
13, 8, 242.0,302.0,-1
8, 14, 657.0,730.0,-1
14, 8, 657.0,730.0,-1
8, 15, 790.0,1116.0,-1
15, 8, 790.0,1116.0,-1
8, 16, 471.0,520.0,-1
16, 8, 471.0,520.0,-1
8, 8, 0.0,0.0,1
9, 10, 151.0,184.0,1
10, 9, 151.0,184.0,1
9, 11, 285.0,297.0,-1
11, 9, 285.0,297.0,-1
9, 12, 544.0,765.0,-1
12, 9, 544.0,765.0,-1
9, 13, 481.0,658.0,-1
13, 9, 481.0,658.0,-1
9, 14, 188.0,255.0,1
14, 9, 188.0,255.0,1
9, 15, 530.0,618.0,-1
15, 9, 530.0,618.0,-1
9, 16, 632.0,893.0,-1
16, 9, 632.0,893.0,-1
9, 9, 0.0,0.0,1
10, 11, 433.0,481.0,-1
11, 10, 433.0,481.0,-1
10, 12, 621.0,872.0,1
12, 10, 621.0,872.0,1
10, 13, 627.0,841.0,-1
13, 10, 627.0,841.0,-1
10, 14, 130.0,148.0,-1
14, 10, 130.0,148.0,-1
10, 15, 486.0,532.0,1
15, 10, 486.0,532.0,1
10, 16, 716.0,1000.0,1
16, 10, 716.0,1000.0,1
10, 10, 0.0,0.0,1
11, 12, 439.0,494.0,1
12, 11, 439.0,494.0,1
11, 13, 265.0,361.0,1
13, 11, 265.0,361.0,1
11, 14, 456.0,526.0,1
14, 11, 456.0,526.0,1
11, 15, 656.0,915.0,-1
15, 11, 656.0,915.0,-1
11, 16, 494.0,621.0,-1
16, 11, 494.0,621.0,-1
11, 11, 0.0,0.0,1
12, 13, 668.0,736.0,-1
13, 12, 668.0,736.0,-1
12, 14, 721.0,1019.0,1
14, 12, 721.0,1019.0,1
12, 15, 451.0,540.0,-1
15, 12, 451.0,540.0,-1
12, 16, 99.0,128.0,1
16, 12, 99.0,128.0,1
12, 12, 0.0,0.0,1
13, 14, 600.0,733.0,-1
14, 13, 600.0,733.0,-1
13, 15, 919.0,1275.0,1
15, 13, 919.0,1275.0,1
13, 16, 699.0,719.0,-1
16, 13, 699.0,719.0,-1
13, 13, 0.0,0.0,1
14, 15, 615.0,679.0,-1
15, 14, 615.0,679.0,-1
14, 16, 812.0,1147.0,1
16, 14, 812.0,1147.0,1
14, 14, 0.0,0.0,1
15, 16, 537.0,597.0,-1
16, 15, 537.0,597.0,-1
15, 15, 0.0,0.0,1
16, 16, 0.0,0.0,1


<end>