<number of nodes>
16

<ratio of available edges>
0.3

<max length of the drone flight>
100000 

<D 2/3>
1, 3, 4, 5, 6, 7, 8, 9, 12, 13, 16

<V>
3, 5, 8, 9, 13

<coordinates X,Y>
541.3102575453821, 100.86885128302423
662.2618570494494, 605.6845508682567
736.344873136761, 687.7224364243174
202.1450886579374, 868.5032873866472
121.96853331627624, 84.64167089285903
42.61904360710476, 382.6425048460079
841.1326254865941, 751.710103776152
335.0764626913217, 256.65941524553534
691.8591377035596, 501.3232966634946
977.7297499046172, 141.37823602103538
236.18408257829, 881.8857251130694
727.7150337806297, 69.03558815954625
644.8592112836409, 831.6512698842381
788.9219216468251, 246.23065794178567
53.756672890036725, 603.9471033919316
656.1618227293328, 861.7227049980688

<adjacency matrix with truck distances>
1, 2, 520.0,626.0,-1
2, 1, 520.0,626.0,-1
1, 3, 619.0,782.0,-1
3, 1, 619.0,782.0,-1
1, 4, 840.0,1107.0,-1
4, 1, 840.0,1107.0,-1
1, 5, 420.0,436.0,-1
5, 1, 420.0,436.0,-1
1, 6, 573.0,781.0,-1
6, 1, 573.0,781.0,-1
1, 7, 717.0,951.0,-1
7, 1, 717.0,951.0,-1
1, 8, 259.0,363.0,-1
8, 1, 259.0,363.0,-1
1, 9, 428.0,552.0,-1
9, 1, 428.0,552.0,-1
1, 10, 439.0,477.0,1
10, 1, 439.0,477.0,1
1, 11, 839.0,1087.0,-1
11, 1, 839.0,1087.0,-1
1, 12, 190.0,219.0,1
12, 1, 190.0,219.0,1
1, 13, 739.0,835.0,-1
13, 1, 739.0,835.0,-1
1, 14, 288.0,393.0,-1
14, 1, 288.0,393.0,-1
1, 15, 701.0,991.0,-1
15, 1, 701.0,991.0,-1
1, 16, 770.0,876.0,-1
16, 1, 770.0,876.0,-1
1, 1, 0.0,0.0,1
2, 3, 111.0,157.0,-1
3, 2, 111.0,157.0,-1
2, 4, 530.0,723.0,-1
4, 2, 530.0,723.0,-1
2, 5, 751.0,1062.0,-1
5, 2, 751.0,1062.0,-1
2, 6, 659.0,843.0,-1
6, 2, 659.0,843.0,-1
2, 7, 231.0,325.0,1
7, 2, 231.0,325.0,1
2, 8, 479.0,677.0,1
8, 2, 479.0,677.0,1
2, 9, 109.0,134.0,-1
9, 2, 109.0,134.0,-1
2, 10, 562.0,780.0,-1
10, 2, 562.0,780.0,-1
2, 11, 508.0,703.0,1
11, 2, 508.0,703.0,1
2, 12, 541.0,603.0,1
12, 2, 541.0,603.0,1
2, 13, 227.0,244.0,-1
13, 2, 227.0,244.0,-1
2, 14, 382.0,487.0,-1
14, 2, 382.0,487.0,-1
2, 15, 609.0,611.0,1
15, 2, 609.0,611.0,1
2, 16, 257.0,263.0,-1
16, 2, 257.0,263.0,-1
2, 2, 0.0,0.0,1
3, 4, 564.0,715.0,-1
4, 3, 564.0,715.0,-1
3, 5, 861.0,1218.0,-1
5, 3, 861.0,1218.0,-1
3, 6, 758.0,999.0,-1
6, 3, 758.0,999.0,-1
3, 7, 123.0,169.0,-1
7, 3, 123.0,169.0,-1
3, 8, 589.0,833.0,1
8, 3, 589.0,833.0,1
3, 9, 192.0,231.0,1
9, 3, 192.0,231.0,1
3, 10, 598.0,788.0,-1
10, 3, 598.0,788.0,-1
3, 11, 537.0,695.0,-1
11, 3, 537.0,695.0,-1
3, 12, 619.0,628.0,-1
12, 3, 619.0,628.0,-1
3, 13, 171.0,236.0,-1
13, 3, 171.0,236.0,-1
3, 14, 445.0,495.0,-1
14, 3, 445.0,495.0,-1
3, 15, 688.0,767.0,1
15, 3, 688.0,767.0,1
3, 16, 192.0,255.0,1
16, 3, 192.0,255.0,1
3, 3, 0.0,0.0,1
4, 5, 788.0,865.0,-1
5, 4, 788.0,865.0,-1
4, 6, 512.0,646.0,-1
6, 4, 512.0,646.0,-1
4, 7, 650.0,756.0,-1
7, 4, 650.0,756.0,-1
4, 8, 627.0,745.0,-1
8, 4, 627.0,745.0,-1
4, 9, 613.0,857.0,1
9, 4, 613.0,857.0,1
4, 10, 1064.0,1503.0,-1
10, 4, 1064.0,1503.0,-1
4, 11, 37.0,48.0,1
11, 4, 37.0,48.0,1
4, 12, 957.0,1326.0,-1
12, 4, 957.0,1326.0,-1
4, 13, 445.0,480.0,1
13, 4, 445.0,480.0,1
4, 14, 856.0,1210.0,-1
14, 4, 856.0,1210.0,-1
4, 15, 304.0,413.0,-1
15, 4, 304.0,413.0,-1
4, 16, 455.0,461.0,-1
16, 4, 455.0,461.0,-1
4, 4, 0.0,0.0,1
5, 6, 309.0,378.0,1
6, 5, 309.0,378.0,1
5, 7, 981.0,1387.0,1
7, 5, 981.0,1387.0,1
5, 8, 274.0,386.0,-1
8, 5, 274.0,386.0,-1
5, 9, 706.0,987.0,-1
9, 5, 706.0,987.0,-1
5, 10, 858.0,913.0,-1
10, 5, 858.0,913.0,-1
5, 11, 806.0,912.0,1
11, 5, 806.0,912.0,1
5, 12, 606.0,622.0,1
12, 5, 606.0,622.0,1
5, 13, 912.0,1270.0,1
13, 5, 912.0,1270.0,1
5, 14, 687.0,829.0,-1
14, 5, 687.0,829.0,-1
5, 15, 524.0,588.0,-1
15, 5, 524.0,588.0,-1
5, 16, 943.0,1312.0,1
16, 5, 943.0,1312.0,1
5, 5, 0.0,0.0,1
6, 7, 880.0,1168.0,-1
7, 6, 880.0,1168.0,-1
6, 8, 319.0,419.0,1
8, 6, 319.0,419.0,1
6, 9, 660.0,768.0,1
9, 6, 660.0,768.0,1
6, 10, 966.0,1177.0,-1
10, 6, 966.0,1177.0,-1
6, 11, 536.0,693.0,1
11, 6, 536.0,693.0,1
6, 12, 754.0,999.0,-1
12, 6, 754.0,999.0,-1
6, 13, 752.0,1052.0,1
13, 6, 752.0,1052.0,1
6, 14, 759.0,883.0,-1
14, 6, 759.0,883.0,-1
6, 15, 222.0,233.0,-1
15, 6, 222.0,233.0,-1
6, 16, 779.0,1093.0,-1
16, 6, 779.0,1093.0,-1
6, 6, 0.0,0.0,1
7, 8, 708.0,1002.0,-1
8, 7, 708.0,1002.0,-1
7, 9, 292.0,400.0,-1
9, 7, 292.0,400.0,-1
7, 10, 626.0,747.0,1
10, 7, 626.0,747.0,1
7, 11, 619.0,736.0,1
11, 7, 619.0,736.0,1
7, 12, 693.0,797.0,-1
12, 7, 693.0,797.0,-1
7, 13, 212.0,277.0,1
13, 7, 212.0,277.0,1
7, 14, 509.0,558.0,-1
14, 7, 509.0,558.0,-1
7, 15, 802.0,936.0,-1
15, 7, 802.0,936.0,-1
7, 16, 216.0,295.0,1
16, 7, 216.0,295.0,1
7, 7, 0.0,0.0,1
8, 9, 433.0,602.0,-1
9, 8, 433.0,602.0,-1
8, 10, 653.0,758.0,-1
10, 8, 653.0,758.0,-1
8, 11, 633.0,725.0,-1
11, 8, 633.0,725.0,-1
8, 12, 436.0,581.0,-1
12, 8, 436.0,581.0,-1
8, 13, 654.0,885.0,-1
13, 8, 654.0,885.0,-1
8, 14, 454.0,465.0,-1
14, 8, 454.0,465.0,-1
8, 15, 447.0,629.0,1
15, 8, 447.0,629.0,1
8, 16, 685.0,927.0,-1
16, 8, 685.0,927.0,-1
8, 8, 0.0,0.0,1
9, 10, 460.0,646.0,1
10, 9, 460.0,646.0,1
9, 11, 594.0,837.0,1
11, 9, 594.0,837.0,1
9, 12, 434.0,469.0,-1
12, 9, 434.0,469.0,-1
9, 13, 334.0,378.0,-1
13, 9, 334.0,378.0,-1
9, 14, 273.0,353.0,-1
14, 9, 273.0,353.0,-1
9, 15, 647.0,741.0,1
15, 9, 647.0,741.0,1
9, 16, 363.0,397.0,-1
16, 9, 363.0,397.0,-1
9, 9, 0.0,0.0,1
10, 11, 1048.0,1483.0,-1
11, 10, 1048.0,1483.0,-1
10, 12, 261.0,323.0,-1
12, 10, 261.0,323.0,-1
10, 13, 767.0,1024.0,-1
13, 10, 767.0,1024.0,-1
10, 14, 216.0,294.0,-1
14, 10, 216.0,294.0,-1
10, 15, 1034.0,1387.0,-1
15, 10, 1034.0,1387.0,-1
10, 16, 789.0,1042.0,-1
16, 10, 789.0,1042.0,-1
10, 10, 0.0,0.0,1
11, 12, 950.0,1305.0,-1
12, 11, 950.0,1305.0,-1
11, 13, 412.0,459.0,-1
13, 11, 412.0,459.0,-1
11, 14, 843.0,1189.0,-1
14, 11, 843.0,1189.0,-1
11, 15, 333.0,461.0,-1
15, 11, 333.0,461.0,-1
11, 16, 421.0,441.0,-1
16, 11, 421.0,441.0,-1
11, 11, 0.0,0.0,1
12, 13, 768.0,846.0,1
13, 12, 768.0,846.0,1
12, 14, 188.0,239.0,-1
14, 12, 188.0,239.0,-1
12, 15, 861.0,1209.0,-1
15, 12, 861.0,1209.0,-1
12, 16, 796.0,865.0,1
16, 12, 796.0,865.0,1
12, 12, 0.0,0.0,1
13, 14, 603.0,730.0,-1
14, 13, 603.0,730.0,-1
13, 15, 634.0,819.0,-1
15, 13, 634.0,819.0,-1
13, 16, 33.0,42.0,-1
16, 13, 33.0,42.0,-1
13, 13, 0.0,0.0,1
14, 15, 818.0,1093.0,1
15, 14, 818.0,1093.0,1
14, 16, 630.0,749.0,1
16, 14, 630.0,749.0,1
14, 14, 0.0,0.0,1
15, 16, 656.0,861.0,-1
16, 15, 656.0,861.0,-1
15, 15, 0.0,0.0,1
16, 16, 0.0,0.0,1


<end>