<number of nodes>
16

<ratio of available edges>
0.3

<max length of the drone flight>
100000 

<D 2/3>
1, 2, 3, 5, 7, 9, 10, 11, 12, 13, 14

<V>
5, 7, 9, 10, 14

<coordinates X,Y>
699.453333034571, 822.1285034346984
399.3604400525778, 193.34710462498896
451.1929275767527, 157.68958441249413
295.77254192656636, 929.7648640706722
464.00497444006106, 179.76715690723927
880.7881818818387, 80.47134787370783
231.09685977736476, 615.6688674445039
936.5625968847642, 716.4068245860716
530.6277415210118, 5.274923950095552
544.7823550854574, 615.7428416351336
160.94298223420668, 134.94955939258813
396.35502418416417, 550.7737446757986
821.0605602649177, 747.0708093853441
761.7302610029574, 195.28309661785474
640.7745940173672, 691.9917188619067
227.8687396232629, 479.61255712883803

<adjacency matrix with truck distances>
1, 2, 697.0,929.0,-1
2, 1, 697.0,929.0,-1
1, 3, 710.0,913.0,1
3, 1, 710.0,913.0,1
1, 4, 418.0,512.0,-1
4, 1, 418.0,512.0,-1
1, 5, 685.0,878.0,-1
5, 1, 685.0,878.0,-1
1, 6, 764.0,923.0,1
6, 1, 764.0,923.0,1
1, 7, 512.0,675.0,-1
7, 1, 512.0,675.0,-1
1, 8, 260.0,343.0,-1
8, 1, 260.0,343.0,-1
1, 9, 835.0,986.0,-1
9, 1, 835.0,986.0,-1
1, 10, 258.0,362.0,-1
10, 1, 258.0,362.0,-1
1, 11, 874.0,1226.0,-1
11, 1, 874.0,1226.0,-1
1, 12, 407.0,575.0,-1
12, 1, 407.0,575.0,-1
1, 13, 143.0,197.0,-1
13, 1, 143.0,197.0,-1
1, 14, 630.0,690.0,-1
14, 1, 630.0,690.0,-1
1, 15, 143.0,189.0,-1
15, 1, 143.0,189.0,-1
1, 16, 583.0,815.0,-1
16, 1, 583.0,815.0,-1
1, 1, 0.0,0.0,1
2, 3, 63.0,88.0,-1
3, 2, 63.0,88.0,-1
2, 4, 744.0,841.0,-1
4, 2, 744.0,841.0,-1
2, 5, 67.0,79.0,-1
5, 2, 67.0,79.0,-1
2, 6, 495.0,595.0,-1
6, 2, 495.0,595.0,-1
2, 7, 455.0,591.0,1
7, 2, 455.0,591.0,1
2, 8, 750.0,1061.0,1
8, 2, 750.0,1061.0,1
2, 9, 230.0,320.0,1
9, 2, 230.0,320.0,1
2, 10, 447.0,568.0,-1
10, 2, 447.0,568.0,-1
2, 11, 246.0,297.0,-1
11, 2, 246.0,297.0,-1
2, 12, 358.0,361.0,-1
12, 2, 358.0,361.0,-1
2, 13, 697.0,976.0,-1
13, 2, 697.0,976.0,-1
2, 14, 363.0,365.0,1
14, 2, 363.0,365.0,1
2, 15, 555.0,741.0,-1
15, 2, 555.0,741.0,-1
2, 16, 334.0,458.0,-1
16, 2, 334.0,458.0,-1
2, 2, 0.0,0.0,1
3, 4, 788.0,928.0,1
4, 3, 788.0,928.0,1
3, 5, 26.0,35.0,1
5, 3, 26.0,35.0,1
3, 6, 437.0,507.0,-1
6, 3, 437.0,507.0,-1
3, 7, 509.0,679.0,-1
7, 3, 509.0,679.0,-1
3, 8, 741.0,1045.0,-1
8, 3, 741.0,1045.0,-1
3, 9, 172.0,232.0,-1
9, 3, 172.0,232.0,-1
3, 10, 468.0,552.0,1
10, 3, 468.0,552.0,1
3, 11, 292.0,313.0,-1
11, 3, 292.0,313.0,-1
3, 12, 397.0,448.0,1
12, 3, 397.0,448.0,1
3, 13, 696.0,960.0,-1
13, 3, 696.0,960.0,-1
3, 14, 313.0,349.0,-1
14, 3, 313.0,349.0,-1
3, 15, 567.0,724.0,-1
15, 3, 567.0,724.0,-1
3, 16, 392.0,546.0,-1
16, 3, 392.0,546.0,-1
3, 3, 0.0,0.0,1
4, 5, 769.0,919.0,-1
5, 4, 769.0,919.0,-1
4, 6, 1032.0,1435.0,1
6, 4, 1032.0,1435.0,1
4, 7, 321.0,379.0,-1
7, 4, 321.0,379.0,-1
4, 8, 676.0,855.0,-1
8, 4, 676.0,855.0,-1
4, 9, 954.0,1160.0,-1
9, 4, 954.0,1160.0,-1
4, 10, 401.0,564.0,-1
10, 4, 401.0,564.0,-1
4, 11, 807.0,930.0,1
11, 4, 807.0,930.0,1
4, 12, 393.0,480.0,1
12, 4, 393.0,480.0,1
4, 13, 557.0,708.0,-1
13, 4, 557.0,708.0,-1
4, 14, 870.0,1201.0,-1
14, 4, 870.0,1201.0,-1
4, 15, 420.0,583.0,-1
15, 4, 420.0,583.0,-1
4, 16, 456.0,519.0,-1
16, 4, 456.0,519.0,-1
4, 4, 0.0,0.0,1
5, 6, 429.0,517.0,1
6, 5, 429.0,517.0,1
5, 7, 495.0,669.0,-1
7, 5, 495.0,669.0,-1
5, 8, 716.0,1010.0,-1
8, 5, 716.0,1010.0,-1
5, 9, 187.0,242.0,-1
9, 5, 187.0,242.0,-1
5, 10, 444.0,517.0,1
10, 5, 444.0,517.0,1
5, 11, 307.0,348.0,1
11, 5, 307.0,348.0,1
5, 12, 378.0,439.0,-1
12, 5, 378.0,439.0,-1
5, 13, 671.0,925.0,1
13, 5, 671.0,925.0,1
5, 14, 299.0,314.0,-1
14, 5, 299.0,314.0,-1
5, 15, 542.0,689.0,-1
15, 5, 542.0,689.0,-1
5, 16, 382.0,536.0,1
16, 5, 382.0,536.0,1
5, 5, 0.0,0.0,1
6, 7, 842.0,1185.0,-1
7, 6, 842.0,1185.0,-1
6, 8, 639.0,692.0,-1
8, 6, 639.0,692.0,-1
6, 9, 359.0,426.0,1
9, 6, 359.0,426.0,1
6, 10, 632.0,872.0,-1
10, 6, 632.0,872.0,-1
6, 11, 722.0,775.0,-1
11, 6, 722.0,775.0,-1
6, 12, 676.0,955.0,1
12, 6, 676.0,955.0,1
6, 13, 670.0,727.0,-1
13, 6, 670.0,727.0,-1
6, 14, 166.0,234.0,-1
14, 6, 166.0,234.0,-1
6, 15, 657.0,852.0,-1
15, 6, 657.0,852.0,-1
6, 16, 766.0,1053.0,-1
16, 6, 766.0,1053.0,-1
6, 6, 0.0,0.0,1
7, 8, 713.0,807.0,1
8, 7, 713.0,807.0,1
7, 9, 680.0,910.0,-1
9, 7, 680.0,910.0,-1
7, 10, 314.0,314.0,-1
10, 7, 314.0,314.0,-1
7, 11, 486.0,551.0,-1
11, 7, 486.0,551.0,-1
7, 12, 178.0,231.0,-1
12, 7, 178.0,231.0,-1
7, 13, 605.0,722.0,-1
13, 7, 605.0,722.0,-1
7, 14, 677.0,952.0,-1
14, 7, 677.0,952.0,-1
7, 15, 417.0,487.0,-1
15, 7, 417.0,487.0,-1
7, 16, 137.0,140.0,1
16, 7, 137.0,140.0,1
7, 7, 0.0,0.0,1
8, 9, 819.0,1118.0,-1
9, 8, 819.0,1118.0,-1
8, 10, 405.0,493.0,1
10, 8, 405.0,493.0,1
8, 11, 970.0,1358.0,1
11, 8, 970.0,1358.0,1
8, 12, 566.0,706.0,-1
12, 8, 566.0,706.0,-1
8, 13, 120.0,147.0,1
13, 8, 120.0,147.0,1
8, 14, 550.0,696.0,-1
14, 8, 550.0,696.0,-1
8, 15, 297.0,321.0,-1
15, 8, 297.0,321.0,-1
8, 16, 748.0,946.0,-1
16, 8, 748.0,946.0,-1
8, 8, 0.0,0.0,1
9, 10, 611.0,625.0,-1
10, 9, 611.0,625.0,-1
9, 11, 392.0,500.0,-1
11, 9, 392.0,500.0,-1
9, 12, 562.0,680.0,-1
12, 9, 562.0,680.0,-1
9, 13, 797.0,1033.0,-1
13, 9, 797.0,1033.0,-1
9, 14, 300.0,422.0,-1
14, 9, 300.0,422.0,-1
9, 15, 696.0,797.0,-1
15, 9, 696.0,797.0,-1
9, 16, 563.0,778.0,1
16, 9, 563.0,778.0,1
9, 9, 0.0,0.0,1
10, 11, 616.0,865.0,-1
11, 10, 616.0,865.0,-1
10, 12, 163.0,214.0,1
12, 10, 163.0,214.0,1
10, 13, 306.0,408.0,-1
13, 10, 306.0,408.0,-1
10, 14, 474.0,638.0,-1
14, 10, 474.0,638.0,-1
10, 15, 123.0,173.0,-1
15, 10, 123.0,173.0,-1
10, 16, 345.0,454.0,1
16, 10, 345.0,454.0,1
10, 10, 0.0,0.0,1
11, 12, 478.0,652.0,1
12, 11, 478.0,652.0,1
11, 13, 901.0,1273.0,-1
13, 11, 901.0,1273.0,-1
11, 14, 604.0,662.0,1
14, 11, 604.0,662.0,1
11, 15, 736.0,1037.0,-1
15, 11, 736.0,1037.0,-1
11, 16, 352.0,412.0,1
16, 11, 352.0,412.0,1
11, 11, 0.0,0.0,1
12, 13, 468.0,622.0,-1
13, 12, 468.0,622.0,-1
12, 14, 510.0,721.0,1
14, 12, 510.0,721.0,1
12, 15, 283.0,386.0,1
15, 12, 283.0,386.0,1
12, 16, 183.0,240.0,1
16, 12, 183.0,240.0,1
12, 12, 0.0,0.0,1
13, 14, 555.0,612.0,-1
14, 13, 555.0,612.0,-1
13, 15, 189.0,236.0,-1
15, 13, 189.0,236.0,-1
13, 16, 651.0,861.0,1
16, 13, 651.0,861.0,1
13, 13, 0.0,0.0,1
14, 15, 512.0,618.0,-1
15, 14, 512.0,618.0,-1
14, 16, 605.0,819.0,1
16, 14, 605.0,819.0,1
14, 14, 0.0,0.0,1
15, 16, 465.0,626.0,-1
16, 15, 465.0,626.0,-1
15, 15, 0.0,0.0,1
16, 16, 0.0,0.0,1


<end>