<number of nodes>
16

<ratio of available edges>
0.3

<max length of the drone flight>
100000 

<D 2/3>
1, 4, 7, 8, 9, 10, 11, 12, 13, 14, 15

<V>
4, 10, 11, 12, 13

<coordinates X,Y>
691.442967903222, 848.6885442428783
863.7912577887215, 579.2003482830627
128.07999508271132, 779.1231849212444
345.0527572157805, 728.5464210196769
538.2960083010092, 60.16709918821248
101.75217975770374, 223.98369351625993
129.1608895842294, 406.6692532195076
469.2616587129737, 738.3315228746882
187.3754477836603, 428.7390897163985
966.7909683783532, 11.32013734281568
312.81858388051154, 153.99261937021976
931.2240848627339, 507.1499065865758
952.2050422537669, 210.8572324875318
797.5297872016996, 777.9025471807901
938.1874703331218, 92.41366270686592
224.91032930714832, 468.6374948615419

<adjacency matrix with truck distances>
1, 2, 320.0,442.0,1
2, 1, 320.0,442.0,1
1, 3, 568.0,633.0,-1
3, 1, 568.0,633.0,-1
1, 4, 367.0,467.0,-1
4, 1, 367.0,467.0,-1
1, 5, 804.0,942.0,-1
5, 1, 804.0,942.0,-1
1, 6, 860.0,1215.0,1
6, 1, 860.0,1215.0,1
1, 7, 716.0,1005.0,1
7, 1, 716.0,1005.0,1
1, 8, 249.0,333.0,-1
8, 1, 249.0,333.0,-1
1, 9, 657.0,925.0,-1
9, 1, 657.0,925.0,-1
1, 10, 882.0,1113.0,-1
10, 1, 882.0,1113.0,-1
1, 11, 792.0,1074.0,-1
11, 1, 792.0,1074.0,-1
1, 12, 418.0,582.0,-1
12, 1, 418.0,582.0,-1
1, 13, 690.0,899.0,1
13, 1, 690.0,899.0,1
1, 14, 128.0,177.0,-1
14, 1, 128.0,177.0,-1
1, 15, 796.0,1004.0,-1
15, 1, 796.0,1004.0,-1
1, 16, 602.0,847.0,-1
16, 1, 602.0,847.0,-1
1, 1, 0.0,0.0,1
2, 3, 763.0,936.0,-1
3, 2, 763.0,936.0,-1
2, 4, 540.0,669.0,1
4, 2, 540.0,669.0,1
2, 5, 613.0,845.0,-1
5, 2, 613.0,845.0,-1
2, 6, 841.0,1118.0,-1
6, 2, 841.0,1118.0,-1
2, 7, 755.0,908.0,-1
7, 2, 755.0,908.0,-1
2, 8, 426.0,554.0,1
8, 2, 426.0,554.0,1
2, 9, 693.0,827.0,1
9, 2, 693.0,827.0,1
2, 10, 578.0,671.0,-1
10, 2, 578.0,671.0,-1
2, 11, 696.0,977.0,1
11, 2, 696.0,977.0,1
2, 12, 99.0,140.0,-1
12, 2, 99.0,140.0,-1
2, 13, 379.0,457.0,-1
13, 2, 379.0,457.0,-1
2, 14, 210.0,265.0,1
14, 2, 210.0,265.0,1
2, 15, 493.0,562.0,-1
15, 2, 493.0,562.0,-1
2, 16, 649.0,750.0,1
16, 2, 649.0,750.0,1
2, 2, 0.0,0.0,1
3, 4, 223.0,268.0,-1
4, 3, 223.0,268.0,-1
3, 5, 828.0,1130.0,-1
5, 3, 828.0,1130.0,-1
3, 6, 556.0,582.0,1
6, 3, 556.0,582.0,1
3, 7, 373.0,374.0,1
7, 3, 373.0,374.0,1
3, 8, 344.0,382.0,1
8, 3, 344.0,382.0,1
3, 9, 356.0,410.0,-1
9, 3, 356.0,410.0,-1
3, 10, 1138.0,1607.0,-1
10, 3, 1138.0,1607.0,-1
3, 11, 652.0,810.0,-1
11, 3, 652.0,810.0,-1
3, 12, 848.0,1076.0,-1
12, 3, 848.0,1076.0,-1
3, 13, 1002.0,1393.0,-1
13, 3, 1002.0,1393.0,-1
3, 14, 670.0,671.0,-1
14, 3, 670.0,671.0,-1
3, 15, 1063.0,1497.0,-1
15, 3, 1063.0,1497.0,-1
3, 16, 326.0,408.0,-1
16, 3, 326.0,408.0,-1
3, 3, 0.0,0.0,1
4, 5, 696.0,862.0,1
5, 4, 696.0,862.0,1
4, 6, 561.0,748.0,-1
6, 4, 561.0,748.0,-1
4, 7, 388.0,538.0,-1
7, 4, 388.0,538.0,-1
4, 8, 125.0,134.0,-1
8, 4, 125.0,134.0,-1
4, 9, 339.0,458.0,-1
9, 4, 339.0,458.0,-1
4, 10, 950.0,1339.0,-1
10, 4, 950.0,1339.0,-1
4, 11, 576.0,607.0,-1
11, 4, 576.0,607.0,-1
4, 12, 627.0,808.0,1
12, 4, 627.0,808.0,1
4, 13, 798.0,1125.0,-1
13, 4, 798.0,1125.0,-1
4, 14, 456.0,502.0,-1
14, 4, 456.0,502.0,-1
4, 15, 870.0,1230.0,-1
15, 4, 870.0,1230.0,-1
4, 16, 287.0,381.0,-1
16, 4, 287.0,381.0,-1
4, 4, 0.0,0.0,1
5, 6, 467.0,601.0,-1
6, 5, 467.0,601.0,-1
5, 7, 537.0,756.0,-1
7, 5, 537.0,756.0,-1
5, 8, 682.0,748.0,-1
8, 5, 682.0,748.0,-1
5, 9, 509.0,720.0,-1
9, 5, 509.0,720.0,-1
5, 10, 432.0,478.0,-1
10, 5, 432.0,478.0,-1
5, 11, 245.0,320.0,-1
11, 5, 245.0,320.0,-1
5, 12, 596.0,840.0,1
12, 5, 596.0,840.0,1
5, 13, 441.0,565.0,-1
13, 5, 441.0,565.0,-1
5, 14, 764.0,977.0,-1
14, 5, 764.0,977.0,-1
5, 15, 402.0,433.0,-1
15, 5, 402.0,433.0,-1
5, 16, 515.0,722.0,-1
16, 5, 515.0,722.0,-1
5, 5, 0.0,0.0,1
6, 7, 185.0,211.0,-1
7, 6, 185.0,211.0,-1
6, 8, 633.0,882.0,-1
8, 6, 633.0,882.0,-1
6, 9, 222.0,291.0,-1
9, 6, 222.0,291.0,-1
6, 10, 891.0,1078.0,-1
10, 6, 891.0,1078.0,-1
6, 11, 223.0,282.0,1
11, 6, 223.0,282.0,1
6, 12, 877.0,1113.0,-1
12, 6, 877.0,1113.0,-1
6, 13, 851.0,864.0,-1
13, 6, 851.0,864.0,-1
6, 14, 890.0,1250.0,-1
14, 6, 890.0,1250.0,-1
6, 15, 847.0,969.0,1
15, 6, 847.0,969.0,1
6, 16, 274.0,368.0,1
16, 6, 274.0,368.0,1
6, 6, 0.0,0.0,1
7, 8, 476.0,672.0,-1
8, 7, 476.0,672.0,-1
7, 9, 63.0,81.0,-1
9, 7, 63.0,81.0,-1
7, 10, 927.0,1233.0,1
10, 7, 927.0,1233.0,1
7, 11, 313.0,437.0,1
11, 7, 313.0,437.0,1
7, 12, 809.0,903.0,-1
12, 7, 809.0,903.0,-1
7, 13, 847.0,1019.0,-1
13, 7, 847.0,1019.0,-1
7, 14, 765.0,1040.0,1
14, 7, 765.0,1040.0,1
7, 15, 868.0,1124.0,-1
15, 7, 868.0,1124.0,-1
7, 16, 115.0,158.0,1
16, 7, 115.0,158.0,1
7, 7, 0.0,0.0,1
8, 9, 419.0,592.0,1
9, 8, 419.0,592.0,1
8, 10, 881.0,1225.0,-1
10, 8, 881.0,1225.0,-1
8, 11, 605.0,741.0,1
11, 8, 605.0,741.0,1
8, 12, 517.0,694.0,1
12, 8, 517.0,694.0,1
8, 13, 716.0,1011.0,-1
13, 8, 716.0,1011.0,-1
8, 14, 331.0,368.0,1
14, 8, 331.0,368.0,1
8, 15, 799.0,1115.0,-1
15, 8, 799.0,1115.0,-1
8, 16, 364.0,515.0,-1
16, 8, 364.0,515.0,-1
8, 8, 0.0,0.0,1
9, 10, 885.0,1197.0,1
10, 9, 885.0,1197.0,1
9, 11, 303.0,401.0,-1
11, 9, 303.0,401.0,-1
9, 12, 748.0,823.0,-1
12, 9, 748.0,823.0,-1
9, 13, 796.0,983.0,1
13, 9, 796.0,983.0,1
9, 14, 703.0,960.0,-1
14, 9, 703.0,960.0,-1
9, 15, 823.0,1088.0,1
15, 9, 823.0,1088.0,1
9, 16, 55.0,78.0,-1
16, 9, 55.0,78.0,-1
9, 9, 0.0,0.0,1
10, 11, 670.0,797.0,-1
11, 10, 670.0,797.0,-1
10, 12, 498.0,532.0,-1
12, 10, 498.0,532.0,-1
10, 13, 201.0,215.0,1
13, 10, 201.0,215.0,1
10, 14, 786.0,936.0,-1
14, 10, 786.0,936.0,-1
10, 15, 86.0,110.0,-1
15, 10, 86.0,110.0,-1
10, 16, 872.0,1200.0,-1
16, 10, 872.0,1200.0,-1
10, 10, 0.0,0.0,1
11, 12, 713.0,972.0,-1
12, 11, 713.0,972.0,-1
11, 13, 642.0,697.0,1
13, 11, 642.0,697.0,1
11, 14, 791.0,1109.0,1
14, 11, 791.0,1109.0,1
11, 15, 629.0,687.0,-1
15, 11, 629.0,687.0,-1
11, 16, 327.0,403.0,1
16, 11, 327.0,403.0,1
11, 11, 0.0,0.0,1
12, 13, 298.0,318.0,-1
13, 12, 298.0,318.0,-1
12, 14, 302.0,405.0,-1
14, 12, 302.0,405.0,-1
12, 15, 415.0,422.0,-1
15, 12, 415.0,422.0,-1
12, 16, 708.0,745.0,-1
16, 12, 708.0,745.0,-1
12, 12, 0.0,0.0,1
13, 14, 588.0,722.0,1
14, 13, 588.0,722.0,1
13, 15, 120.0,133.0,-1
15, 13, 120.0,133.0,-1
13, 16, 772.0,986.0,1
16, 13, 772.0,986.0,1
13, 13, 0.0,0.0,1
14, 15, 700.0,827.0,-1
15, 14, 700.0,827.0,-1
14, 16, 651.0,882.0,-1
16, 14, 651.0,882.0,-1
14, 14, 0.0,0.0,1
15, 16, 807.0,1090.0,-1
16, 15, 807.0,1090.0,-1
15, 15, 0.0,0.0,1
16, 16, 0.0,0.0,1


<end>