<number of nodes>
16

<ratio of available edges>
0.3

<max length of the drone flight>
100000 

<D 2/3>
1, 3, 6, 7, 9, 10, 11, 12, 13, 14, 16

<V>
3, 7, 11, 12, 14

<coordinates X,Y>
471.99289417400325, 951.2981452652
470.3765798518635, 973.50081754874
207.5410516321567, 475.4639069336759
726.6756543569816, 118.36795099809376
97.1700528255362, 391.42661436278473
882.099449923436, 643.0363584737496
620.255329252504, 516.8689076018958
600.0183023735724, 761.2784641541591
124.38335073752583, 927.6730234169771
639.9923760886368, 325.1380600785492
834.6677144025447, 229.0887328865235
917.7762830071144, 598.6466887060226
182.97076507026753, 159.90886910454267
959.1342742884377, 834.3264406990975
760.9577101136767, 725.317920216204
274.25612745185265, 525.1831710622462

<adjacency matrix with truck distances>
1, 2, 23.0,24.0,1
2, 1, 23.0,24.0,1
1, 3, 545.0,741.0,1
3, 1, 545.0,741.0,1
1, 4, 871.0,1088.0,-1
4, 1, 871.0,1088.0,-1
1, 5, 674.0,935.0,1
5, 1, 674.0,935.0,1
1, 6, 514.0,719.0,-1
6, 1, 514.0,719.0,-1
1, 7, 460.0,583.0,1
7, 1, 460.0,583.0,1
1, 8, 230.0,319.0,-1
8, 1, 230.0,319.0,-1
1, 9, 349.0,372.0,-1
9, 1, 349.0,372.0,-1
1, 10, 649.0,795.0,-1
10, 1, 649.0,795.0,-1
1, 11, 809.0,1085.0,-1
11, 1, 809.0,1085.0,-1
1, 12, 569.0,799.0,-1
12, 1, 569.0,799.0,-1
1, 13, 843.0,1081.0,-1
13, 1, 843.0,1081.0,-1
1, 14, 501.0,605.0,1
14, 1, 501.0,605.0,1
1, 15, 367.0,515.0,1
15, 1, 367.0,515.0,1
1, 16, 470.0,624.0,1
16, 1, 470.0,624.0,1
1, 1, 0.0,0.0,1
2, 3, 564.0,761.0,-1
3, 2, 564.0,761.0,-1
2, 4, 893.0,1112.0,1
4, 2, 893.0,1112.0,1
2, 5, 692.0,956.0,-1
5, 2, 692.0,956.0,-1
2, 6, 528.0,743.0,-1
6, 2, 528.0,743.0,-1
2, 7, 481.0,607.0,-1
7, 2, 481.0,607.0,-1
2, 8, 249.0,342.0,-1
8, 2, 249.0,342.0,-1
2, 9, 350.0,392.0,-1
9, 2, 350.0,392.0,-1
2, 10, 671.0,818.0,1
10, 2, 671.0,818.0,1
2, 11, 829.0,1109.0,1
11, 2, 829.0,1109.0,1
2, 12, 584.0,823.0,1
12, 2, 584.0,823.0,1
2, 13, 863.0,1101.0,-1
13, 2, 863.0,1101.0,-1
2, 14, 509.0,628.0,-1
14, 2, 509.0,628.0,-1
2, 15, 383.0,539.0,-1
15, 2, 383.0,539.0,-1
2, 16, 490.0,645.0,-1
16, 2, 490.0,645.0,-1
2, 2, 0.0,0.0,1
3, 4, 631.0,877.0,-1
4, 3, 631.0,877.0,-1
3, 5, 139.0,195.0,-1
5, 3, 139.0,195.0,-1
3, 6, 696.0,843.0,-1
6, 3, 696.0,843.0,-1
3, 7, 415.0,455.0,-1
7, 3, 415.0,455.0,-1
3, 8, 486.0,679.0,-1
8, 3, 486.0,679.0,-1
3, 9, 460.0,536.0,-1
9, 3, 460.0,536.0,-1
3, 10, 458.0,583.0,1
10, 3, 458.0,583.0,1
3, 11, 674.0,874.0,1
11, 3, 674.0,874.0,1
3, 12, 721.0,834.0,-1
12, 3, 721.0,834.0,-1
3, 13, 317.0,341.0,-1
13, 3, 317.0,341.0,-1
3, 14, 833.0,1111.0,-1
14, 3, 833.0,1111.0,-1
3, 15, 608.0,804.0,1
15, 3, 608.0,804.0,1
3, 16, 84.0,117.0,-1
16, 3, 84.0,117.0,-1
3, 3, 0.0,0.0,1
4, 5, 687.0,903.0,-1
5, 4, 687.0,903.0,-1
4, 6, 548.0,681.0,-1
6, 4, 548.0,681.0,-1
4, 7, 413.0,505.0,-1
7, 4, 413.0,505.0,-1
4, 8, 656.0,770.0,-1
8, 4, 656.0,770.0,-1
4, 9, 1009.0,1412.0,1
9, 4, 1009.0,1412.0,1
4, 10, 225.0,294.0,-1
10, 4, 225.0,294.0,-1
4, 11, 155.0,219.0,-1
11, 4, 155.0,219.0,-1
4, 12, 517.0,672.0,-1
12, 4, 517.0,672.0,-1
4, 13, 546.0,586.0,-1
13, 4, 546.0,586.0,-1
4, 14, 753.0,949.0,1
14, 4, 753.0,949.0,1
4, 15, 608.0,642.0,-1
15, 4, 608.0,642.0,-1
4, 16, 609.0,860.0,-1
16, 4, 609.0,860.0,-1
4, 4, 0.0,0.0,1
5, 6, 825.0,1037.0,-1
6, 5, 825.0,1037.0,-1
5, 7, 538.0,649.0,-1
7, 5, 538.0,649.0,-1
5, 8, 625.0,873.0,1
8, 5, 625.0,873.0,1
5, 9, 537.0,564.0,-1
9, 5, 537.0,564.0,-1
5, 10, 547.0,610.0,-1
10, 5, 547.0,610.0,-1
5, 11, 756.0,900.0,-1
11, 5, 756.0,900.0,-1
5, 12, 847.0,1028.0,1
12, 5, 847.0,1028.0,1
5, 13, 247.0,318.0,-1
13, 5, 247.0,318.0,-1
5, 14, 970.0,1305.0,1
14, 5, 970.0,1305.0,1
5, 15, 744.0,998.0,-1
15, 5, 744.0,998.0,-1
5, 16, 222.0,311.0,1
16, 5, 222.0,311.0,1
5, 5, 0.0,0.0,1
6, 7, 291.0,389.0,-1
7, 6, 291.0,389.0,-1
6, 8, 306.0,401.0,1
8, 6, 306.0,401.0,1
6, 9, 810.0,1043.0,-1
9, 6, 810.0,1043.0,-1
6, 10, 400.0,561.0,1
10, 6, 400.0,561.0,1
6, 11, 417.0,462.0,1
11, 6, 417.0,462.0,1
6, 12, 57.0,81.0,-1
12, 6, 57.0,81.0,-1
6, 13, 850.0,1183.0,-1
13, 6, 850.0,1183.0,-1
6, 14, 207.0,269.0,-1
14, 6, 207.0,269.0,-1
6, 15, 147.0,204.0,1
15, 6, 147.0,204.0,1
6, 16, 620.0,726.0,1
16, 6, 620.0,726.0,1
6, 6, 0.0,0.0,1
7, 8, 246.0,265.0,-1
8, 7, 246.0,265.0,-1
7, 9, 644.0,907.0,-1
9, 7, 644.0,907.0,-1
7, 10, 193.0,212.0,-1
10, 7, 193.0,212.0,-1
7, 11, 359.0,503.0,-1
11, 7, 359.0,503.0,-1
7, 12, 309.0,380.0,1
12, 7, 309.0,380.0,1
7, 13, 565.0,795.0,1
13, 7, 565.0,795.0,1
7, 14, 465.0,657.0,1
14, 7, 465.0,657.0,1
7, 15, 252.0,350.0,1
15, 7, 252.0,350.0,1
7, 16, 347.0,355.0,-1
16, 7, 347.0,355.0,-1
7, 7, 0.0,0.0,1
8, 9, 504.0,643.0,-1
9, 8, 504.0,643.0,-1
8, 10, 438.0,477.0,-1
10, 8, 438.0,477.0,-1
8, 11, 582.0,767.0,-1
11, 8, 582.0,767.0,-1
8, 12, 357.0,481.0,-1
12, 8, 357.0,481.0,-1
8, 13, 732.0,1019.0,1
13, 8, 732.0,1019.0,1
8, 14, 367.0,433.0,-1
14, 8, 367.0,433.0,-1
8, 15, 165.0,197.0,1
15, 8, 165.0,197.0,1
8, 16, 403.0,562.0,-1
16, 8, 403.0,562.0,-1
8, 8, 0.0,0.0,1
9, 10, 794.0,1119.0,1
10, 9, 794.0,1119.0,1
9, 11, 997.0,1409.0,1
11, 9, 997.0,1409.0,1
9, 12, 859.0,1123.0,-1
12, 9, 859.0,1123.0,-1
9, 13, 770.0,827.0,-1
13, 9, 770.0,827.0,-1
9, 14, 840.0,929.0,-1
14, 9, 840.0,929.0,-1
9, 15, 668.0,839.0,-1
15, 9, 668.0,839.0,-1
9, 16, 430.0,553.0,-1
16, 9, 430.0,553.0,-1
9, 9, 0.0,0.0,1
10, 11, 218.0,291.0,-1
11, 10, 218.0,291.0,-1
10, 12, 390.0,552.0,-1
12, 10, 390.0,552.0,-1
10, 13, 486.0,623.0,-1
13, 10, 486.0,623.0,-1
10, 14, 601.0,829.0,-1
14, 10, 601.0,829.0,-1
10, 15, 419.0,522.0,-1
15, 10, 419.0,522.0,-1
10, 16, 417.0,566.0,1
16, 10, 417.0,566.0,1
10, 10, 0.0,0.0,1
11, 12, 379.0,453.0,-1
12, 11, 379.0,453.0,-1
11, 13, 656.0,721.0,1
13, 11, 656.0,721.0,1
11, 14, 618.0,730.0,-1
14, 11, 618.0,730.0,-1
11, 15, 502.0,570.0,-1
15, 11, 502.0,570.0,-1
11, 16, 634.0,857.0,-1
16, 11, 634.0,857.0,-1
11, 11, 0.0,0.0,1
12, 13, 856.0,1174.0,-1
13, 12, 856.0,1174.0,-1
12, 14, 240.0,278.0,-1
14, 12, 240.0,278.0,-1
12, 15, 202.0,284.0,-1
15, 12, 202.0,284.0,-1
12, 16, 648.0,717.0,-1
16, 12, 648.0,717.0,-1
12, 12, 0.0,0.0,1
13, 14, 1029.0,1451.0,-1
14, 13, 1029.0,1451.0,-1
13, 15, 809.0,1144.0,-1
15, 13, 809.0,1144.0,-1
13, 16, 377.0,457.0,-1
16, 13, 377.0,457.0,-1
13, 13, 0.0,0.0,1
14, 15, 227.0,308.0,1
15, 14, 227.0,308.0,1
14, 16, 752.0,995.0,-1
16, 14, 752.0,995.0,-1
14, 14, 0.0,0.0,1
15, 16, 527.0,687.0,-1
16, 15, 527.0,687.0,-1
15, 15, 0.0,0.0,1
16, 16, 0.0,0.0,1


<end>