<number of nodes>
16

<ratio of available edges>
0.3

<max length of the drone flight>
100000 

<D 2/3>
1, 2, 4, 6, 8, 9, 10, 11, 12, 15, 16

<V>
4, 8, 10, 11, 12

<coordinates X,Y>
159.78974061632172, 569.3597092645456
436.7520031741198, 238.53728965070272
501.1441225031459, 519.2456977601628
424.5909493673314, 357.03933849511753
859.957316552001, 736.024795718729
719.9053485330802, 362.62698055582354
668.3759212177015, 662.7197494661352
483.2251824384533, 951.2205468590698
835.6491170025421, 568.3615348180704
781.5437956350314, 250.68829279527216
408.83883904868577, 792.2306317854578
48.6021846549847, 571.108220118532
203.18466567008352, 383.04379260430693
405.7490478607432, 439.36585512733717
457.35980173100995, 751.0869903242493
542.089674328264, 533.3822775269682

<adjacency matrix with truck distances>
1, 2, 432.0,608.0,1
2, 1, 432.0,608.0,1
1, 3, 346.0,392.0,1
3, 1, 346.0,392.0,1
1, 4, 340.0,478.0,-1
4, 1, 340.0,478.0,-1
1, 5, 720.0,867.0,-1
5, 1, 720.0,867.0,-1
1, 6, 598.0,767.0,-1
6, 1, 598.0,767.0,-1
1, 7, 518.0,602.0,-1
7, 1, 518.0,602.0,-1
1, 8, 501.0,706.0,1
8, 1, 501.0,706.0,1
1, 9, 676.0,677.0,1
9, 1, 676.0,677.0,1
1, 10, 699.0,941.0,-1
10, 1, 699.0,941.0,-1
1, 11, 335.0,472.0,-1
11, 1, 335.0,472.0,-1
1, 12, 112.0,113.0,-1
12, 1, 112.0,113.0,-1
1, 13, 192.0,230.0,1
13, 1, 192.0,230.0,1
1, 14, 279.0,376.0,1
14, 1, 279.0,376.0,1
1, 15, 349.0,480.0,-1
15, 1, 349.0,480.0,-1
1, 16, 384.0,419.0,-1
16, 1, 384.0,419.0,-1
1, 1, 0.0,0.0,1
2, 3, 288.0,346.0,-1
3, 2, 288.0,346.0,-1
2, 4, 120.0,131.0,-1
4, 2, 120.0,131.0,-1
2, 5, 654.0,921.0,1
5, 2, 654.0,921.0,1
2, 6, 310.0,408.0,-1
6, 2, 310.0,408.0,-1
2, 7, 484.0,656.0,1
7, 2, 484.0,656.0,1
2, 8, 715.0,760.0,-1
8, 2, 715.0,760.0,-1
2, 9, 518.0,729.0,-1
9, 2, 518.0,729.0,-1
2, 10, 346.0,357.0,1
10, 2, 346.0,357.0,1
2, 11, 555.0,582.0,1
11, 2, 555.0,582.0,1
2, 12, 512.0,721.0,-1
12, 2, 512.0,721.0,-1
2, 13, 275.0,379.0,-1
13, 2, 275.0,379.0,-1
2, 14, 204.0,232.0,-1
14, 2, 204.0,232.0,-1
2, 15, 513.0,534.0,-1
15, 2, 513.0,534.0,-1
2, 16, 314.0,401.0,-1
16, 2, 314.0,401.0,-1
2, 2, 0.0,0.0,1
3, 4, 180.0,239.0,-1
4, 3, 180.0,239.0,-1
3, 5, 420.0,576.0,1
5, 3, 420.0,576.0,1
3, 6, 270.0,376.0,-1
6, 3, 270.0,376.0,-1
3, 7, 221.0,311.0,-1
7, 3, 221.0,311.0,-1
3, 8, 433.0,450.0,-1
8, 3, 433.0,450.0,-1
3, 9, 339.0,384.0,-1
9, 3, 339.0,384.0,-1
3, 10, 389.0,549.0,-1
10, 3, 389.0,549.0,-1
3, 11, 289.0,366.0,-1
11, 3, 289.0,366.0,-1
3, 12, 456.0,505.0,-1
12, 3, 456.0,505.0,-1
3, 13, 328.0,435.0,-1
13, 3, 328.0,435.0,-1
3, 14, 125.0,176.0,-1
14, 3, 125.0,176.0,-1
3, 15, 236.0,276.0,-1
15, 3, 236.0,276.0,-1
3, 16, 44.0,56.0,1
16, 3, 44.0,56.0,1
3, 3, 0.0,0.0,1
4, 5, 578.0,815.0,1
5, 4, 578.0,815.0,1
4, 6, 296.0,301.0,-1
6, 4, 296.0,301.0,-1
4, 7, 391.0,550.0,1
7, 4, 391.0,550.0,1
4, 8, 598.0,653.0,-1
8, 4, 598.0,653.0,-1
4, 9, 463.0,623.0,-1
9, 4, 463.0,623.0,-1
4, 10, 373.0,464.0,-1
10, 4, 373.0,464.0,-1
4, 11, 436.0,451.0,1
11, 4, 436.0,451.0,1
4, 12, 433.0,591.0,-1
12, 4, 433.0,591.0,-1
4, 13, 223.0,248.0,1
13, 4, 223.0,248.0,1
4, 14, 85.0,102.0,1
14, 4, 85.0,102.0,1
4, 15, 396.0,427.0,1
15, 4, 396.0,427.0,1
4, 16, 212.0,294.0,-1
16, 4, 212.0,294.0,-1
4, 4, 0.0,0.0,1
5, 6, 399.0,514.0,1
6, 5, 399.0,514.0,1
5, 7, 206.0,265.0,-1
7, 5, 206.0,265.0,-1
5, 8, 434.0,592.0,1
8, 5, 434.0,592.0,1
5, 9, 170.0,192.0,-1
9, 5, 170.0,192.0,-1
5, 10, 492.0,564.0,-1
10, 5, 492.0,564.0,-1
5, 11, 455.0,508.0,-1
11, 5, 455.0,508.0,-1
5, 12, 828.0,977.0,-1
12, 5, 828.0,977.0,-1
5, 13, 746.0,1010.0,-1
13, 5, 746.0,1010.0,-1
5, 14, 543.0,751.0,-1
14, 5, 543.0,751.0,-1
5, 15, 403.0,418.0,-1
15, 5, 403.0,418.0,-1
5, 16, 377.0,521.0,-1
16, 5, 377.0,521.0,-1
5, 5, 0.0,0.0,1
6, 7, 305.0,352.0,1
7, 6, 305.0,352.0,1
6, 8, 635.0,826.0,-1
8, 6, 635.0,826.0,-1
6, 9, 237.0,322.0,-1
9, 6, 237.0,322.0,-1
6, 10, 128.0,174.0,-1
10, 6, 128.0,174.0,-1
6, 11, 531.0,741.0,-1
11, 6, 531.0,741.0,-1
6, 12, 703.0,880.0,-1
12, 6, 703.0,880.0,-1
6, 13, 518.0,538.0,-1
13, 6, 518.0,538.0,-1
6, 14, 324.0,391.0,-1
14, 6, 324.0,391.0,-1
6, 15, 469.0,652.0,-1
15, 6, 469.0,652.0,-1
6, 16, 247.0,349.0,-1
16, 6, 247.0,349.0,-1
6, 6, 0.0,0.0,1
7, 8, 343.0,474.0,-1
8, 7, 343.0,474.0,-1
7, 9, 193.0,262.0,-1
9, 7, 193.0,262.0,-1
7, 10, 428.0,526.0,1
10, 7, 428.0,526.0,1
7, 11, 291.0,390.0,-1
11, 7, 291.0,390.0,-1
7, 12, 627.0,712.0,-1
12, 7, 627.0,712.0,-1
7, 13, 543.0,745.0,-1
13, 7, 543.0,745.0,-1
7, 14, 345.0,486.0,1
14, 7, 345.0,486.0,1
7, 15, 229.0,300.0,1
15, 7, 229.0,300.0,1
7, 16, 181.0,256.0,-1
16, 7, 181.0,256.0,-1
7, 7, 0.0,0.0,1
8, 9, 521.0,736.0,1
9, 8, 521.0,736.0,1
8, 10, 762.0,999.0,-1
10, 8, 762.0,999.0,-1
8, 11, 176.0,234.0,1
11, 8, 176.0,234.0,1
8, 12, 578.0,815.0,-1
12, 8, 578.0,815.0,-1
8, 13, 634.0,849.0,-1
13, 8, 634.0,849.0,-1
8, 14, 518.0,590.0,1
14, 8, 518.0,590.0,1
8, 15, 202.0,226.0,-1
15, 8, 202.0,226.0,-1
8, 16, 422.0,477.0,-1
16, 8, 422.0,477.0,-1
8, 8, 0.0,0.0,1
9, 10, 323.0,372.0,-1
10, 9, 323.0,372.0,-1
9, 11, 482.0,651.0,-1
11, 9, 482.0,651.0,-1
9, 12, 788.0,790.0,-1
12, 9, 788.0,790.0,-1
9, 13, 660.0,818.0,-1
13, 9, 660.0,818.0,-1
9, 14, 449.0,559.0,1
14, 9, 449.0,559.0,1
9, 15, 421.0,562.0,-1
15, 9, 421.0,562.0,-1
9, 16, 296.0,329.0,-1
16, 9, 296.0,329.0,-1
9, 9, 0.0,0.0,1
10, 11, 658.0,915.0,1
11, 10, 658.0,915.0,1
10, 12, 800.0,1054.0,1
12, 10, 800.0,1054.0,1
10, 13, 594.0,711.0,-1
13, 10, 594.0,711.0,-1
10, 14, 421.0,565.0,-1
14, 10, 421.0,565.0,-1
10, 15, 597.0,825.0,-1
15, 10, 597.0,825.0,-1
10, 16, 371.0,523.0,1
16, 10, 371.0,523.0,1
10, 10, 0.0,0.0,1
11, 12, 423.0,582.0,-1
12, 11, 423.0,582.0,-1
11, 13, 458.0,615.0,-1
13, 11, 458.0,615.0,-1
11, 14, 353.0,356.0,-1
14, 11, 353.0,356.0,-1
11, 15, 64.0,90.0,-1
15, 11, 64.0,90.0,-1
11, 16, 292.0,393.0,-1
16, 11, 292.0,393.0,-1
11, 11, 0.0,0.0,1
12, 13, 244.0,343.0,1
13, 12, 244.0,343.0,1
12, 14, 381.0,489.0,1
14, 12, 381.0,489.0,1
12, 15, 447.0,589.0,1
15, 12, 447.0,589.0,1
12, 16, 495.0,532.0,-1
16, 12, 495.0,532.0,-1
12, 12, 0.0,0.0,1
13, 14, 211.0,259.0,1
14, 13, 211.0,259.0,1
13, 15, 448.0,623.0,-1
15, 13, 448.0,623.0,-1
13, 16, 371.0,490.0,-1
16, 13, 371.0,490.0,-1
13, 13, 0.0,0.0,1
14, 15, 316.0,364.0,1
15, 14, 316.0,364.0,1
14, 16, 166.0,231.0,-1
16, 14, 166.0,231.0,-1
14, 14, 0.0,0.0,1
15, 16, 234.0,303.0,-1
16, 15, 234.0,303.0,-1
15, 15, 0.0,0.0,1
16, 16, 0.0,0.0,1


<end>