<number of nodes>
16

<ratio of available edges>
0.3

<max length of the drone flight>
100000 

<D 2/3>
1, 2, 4, 5, 6, 7, 10, 13, 14, 15, 16

<V>
6, 7, 13, 15, 16

<coordinates X,Y>
940.7771260777554, 700.9640150211629
758.0756460974294, 489.4473517777453
698.1731519071328, 864.4511989950803
369.8028687244365, 444.497737948461
804.4412209602876, 806.5694652190704
629.7991683080955, 393.6014027488638
781.9046071019688, 361.9345288066834
669.1807826103402, 631.4593286949298
800.1502725084273, 634.1249878109298
230.5140951403711, 425.417389662172
708.6085120513101, 619.559320456649
475.849513318699, 520.9810088909411
300.6766902872603, 115.94580977749982
744.3191774676563, 805.633163988237
463.1832045417353, 71.65077819190151
919.1610760612269, 136.76287128412454

<adjacency matrix with truck distances>
1, 2, 280.0,395.0,-1
2, 1, 280.0,395.0,-1
1, 3, 293.0,407.0,-1
3, 1, 293.0,407.0,-1
1, 4, 626.0,828.0,-1
4, 1, 626.0,828.0,-1
1, 5, 173.0,242.0,-1
5, 1, 173.0,242.0,-1
1, 6, 438.0,619.0,1
6, 1, 438.0,619.0,1
1, 7, 375.0,498.0,-1
7, 1, 375.0,498.0,-1
1, 8, 281.0,342.0,-1
8, 1, 281.0,342.0,-1
1, 9, 156.0,208.0,-1
9, 1, 156.0,208.0,-1
1, 10, 762.0,986.0,-1
10, 1, 762.0,986.0,-1
1, 11, 247.0,314.0,1
11, 1, 247.0,314.0,1
1, 12, 499.0,645.0,-1
12, 1, 499.0,645.0,-1
1, 13, 868.0,1226.0,-1
13, 1, 868.0,1226.0,-1
1, 14, 223.0,302.0,1
14, 1, 223.0,302.0,1
1, 15, 791.0,1107.0,-1
15, 1, 791.0,1107.0,-1
1, 16, 565.0,586.0,-1
16, 1, 565.0,586.0,-1
1, 1, 0.0,0.0,1
2, 3, 380.0,435.0,1
3, 2, 380.0,435.0,1
2, 4, 391.0,434.0,1
4, 2, 391.0,434.0,1
2, 5, 321.0,364.0,-1
5, 2, 321.0,364.0,-1
2, 6, 161.0,225.0,-1
6, 2, 161.0,225.0,-1
2, 7, 130.0,152.0,-1
7, 2, 130.0,152.0,-1
2, 8, 168.0,231.0,-1
8, 2, 168.0,231.0,-1
2, 9, 151.0,187.0,-1
9, 2, 151.0,187.0,-1
2, 10, 532.0,592.0,-1
10, 2, 532.0,592.0,-1
2, 11, 140.0,180.0,1
11, 2, 140.0,180.0,1
2, 12, 284.0,314.0,1
12, 2, 284.0,314.0,1
2, 13, 591.0,831.0,1
13, 2, 591.0,831.0,1
2, 14, 317.0,330.0,1
14, 2, 317.0,330.0,1
2, 15, 512.0,713.0,-1
15, 2, 512.0,713.0,-1
2, 16, 388.0,514.0,-1
16, 2, 388.0,514.0,-1
2, 2, 0.0,0.0,1
3, 4, 534.0,749.0,-1
4, 3, 534.0,749.0,-1
3, 5, 122.0,165.0,-1
5, 3, 122.0,165.0,-1
3, 6, 476.0,540.0,-1
6, 3, 476.0,540.0,-1
3, 7, 510.0,587.0,-1
7, 3, 510.0,587.0,-1
3, 8, 235.0,262.0,1
8, 3, 235.0,262.0,1
3, 9, 252.0,333.0,1
9, 3, 252.0,333.0,1
3, 10, 642.0,907.0,-1
10, 3, 642.0,907.0,-1
3, 11, 246.0,256.0,-1
11, 3, 246.0,256.0,-1
3, 12, 410.0,566.0,1
12, 3, 410.0,566.0,1
3, 13, 848.0,1147.0,-1
13, 3, 848.0,1147.0,-1
3, 14, 75.0,105.0,-1
14, 3, 75.0,105.0,-1
3, 15, 827.0,1028.0,-1
15, 3, 827.0,1028.0,-1
3, 16, 761.0,949.0,1
16, 3, 761.0,949.0,1
3, 3, 0.0,0.0,1
4, 5, 566.0,797.0,1
5, 4, 566.0,797.0,1
4, 6, 265.0,311.0,1
6, 4, 265.0,311.0,1
4, 7, 421.0,495.0,-1
7, 4, 421.0,495.0,-1
4, 8, 353.0,487.0,-1
8, 4, 353.0,487.0,-1
4, 9, 471.0,620.0,-1
9, 4, 471.0,620.0,-1
4, 10, 141.0,159.0,-1
10, 4, 141.0,159.0,-1
4, 11, 382.0,514.0,-1
11, 4, 382.0,514.0,-1
4, 12, 131.0,183.0,-1
12, 4, 131.0,183.0,-1
4, 13, 336.0,398.0,1
13, 4, 336.0,398.0,1
4, 14, 521.0,736.0,-1
14, 4, 521.0,736.0,-1
4, 15, 385.0,467.0,-1
15, 4, 385.0,467.0,-1
4, 16, 630.0,858.0,-1
16, 4, 630.0,858.0,-1
4, 4, 0.0,0.0,1
5, 6, 449.0,588.0,-1
6, 5, 449.0,588.0,-1
5, 7, 446.0,468.0,-1
7, 5, 446.0,468.0,-1
5, 8, 222.0,311.0,1
8, 5, 222.0,311.0,1
5, 9, 173.0,177.0,1
9, 5, 173.0,177.0,1
5, 10, 689.0,956.0,1
10, 5, 689.0,956.0,1
5, 11, 211.0,283.0,1
11, 5, 211.0,283.0,1
5, 12, 436.0,615.0,1
12, 5, 436.0,615.0,1
5, 13, 855.0,1195.0,1
13, 5, 855.0,1195.0,1
5, 14, 61.0,62.0,-1
14, 5, 61.0,62.0,-1
5, 15, 811.0,1077.0,-1
15, 5, 811.0,1077.0,-1
5, 16, 680.0,785.0,-1
16, 5, 680.0,785.0,-1
5, 5, 0.0,0.0,1
6, 7, 156.0,184.0,1
7, 6, 156.0,184.0,1
6, 8, 242.0,278.0,1
8, 6, 242.0,278.0,1
6, 9, 295.0,411.0,-1
9, 6, 295.0,411.0,-1
6, 10, 401.0,432.0,-1
10, 6, 401.0,432.0,-1
6, 11, 240.0,305.0,-1
11, 6, 240.0,305.0,-1
6, 12, 200.0,282.0,-1
12, 6, 200.0,282.0,-1
6, 13, 431.0,607.0,-1
13, 6, 431.0,607.0,-1
6, 14, 428.0,527.0,-1
14, 6, 428.0,527.0,-1
6, 15, 363.0,489.0,-1
15, 6, 363.0,489.0,-1
6, 16, 387.0,547.0,-1
16, 6, 387.0,547.0,-1
6, 6, 0.0,0.0,1
7, 8, 293.0,383.0,1
8, 7, 293.0,383.0,1
7, 9, 273.0,291.0,-1
9, 7, 273.0,291.0,-1
7, 10, 556.0,615.0,-1
10, 7, 556.0,615.0,-1
7, 11, 268.0,331.0,-1
11, 7, 268.0,331.0,-1
7, 12, 345.0,466.0,1
12, 7, 345.0,466.0,1
7, 13, 541.0,728.0,-1
13, 7, 541.0,728.0,-1
7, 14, 446.0,482.0,-1
14, 7, 446.0,482.0,-1
7, 15, 432.0,610.0,-1
15, 7, 432.0,610.0,-1
7, 16, 264.0,363.0,1
16, 7, 264.0,363.0,1
7, 7, 0.0,0.0,1
8, 9, 131.0,134.0,-1
9, 8, 131.0,134.0,-1
8, 10, 485.0,645.0,1
10, 8, 485.0,645.0,1
8, 11, 42.0,52.0,-1
11, 8, 42.0,52.0,-1
8, 12, 223.0,304.0,1
12, 8, 223.0,304.0,1
8, 13, 634.0,885.0,-1
13, 8, 634.0,885.0,-1
8, 14, 190.0,250.0,1
14, 8, 190.0,250.0,1
8, 15, 597.0,766.0,-1
15, 8, 597.0,766.0,-1
8, 16, 555.0,745.0,-1
16, 8, 555.0,745.0,-1
8, 8, 0.0,0.0,1
9, 10, 607.0,779.0,-1
10, 9, 607.0,779.0,-1
9, 11, 93.0,107.0,-1
11, 9, 93.0,107.0,-1
9, 12, 344.0,438.0,-1
12, 9, 344.0,438.0,-1
9, 13, 720.0,1018.0,-1
13, 9, 720.0,1018.0,-1
9, 14, 181.0,228.0,1
14, 9, 181.0,228.0,1
9, 15, 656.0,900.0,1
15, 9, 656.0,900.0,1
9, 16, 512.0,617.0,-1
16, 9, 512.0,617.0,-1
9, 9, 0.0,0.0,1
10, 11, 517.0,673.0,-1
11, 10, 517.0,673.0,-1
10, 12, 264.0,341.0,-1
12, 10, 264.0,341.0,-1
10, 13, 318.0,380.0,1
13, 10, 318.0,380.0,1
10, 14, 640.0,895.0,-1
14, 10, 640.0,895.0,-1
10, 15, 424.0,587.0,-1
15, 10, 424.0,587.0,-1
10, 16, 747.0,978.0,-1
16, 10, 747.0,978.0,-1
10, 10, 0.0,0.0,1
11, 12, 253.0,332.0,-1
12, 11, 253.0,332.0,-1
11, 13, 649.0,912.0,-1
13, 11, 649.0,912.0,-1
11, 14, 190.0,222.0,-1
14, 11, 190.0,222.0,-1
11, 15, 601.0,794.0,1
15, 11, 601.0,794.0,1
11, 16, 527.0,694.0,-1
16, 11, 527.0,694.0,-1
11, 11, 0.0,0.0,1
12, 13, 442.0,581.0,-1
13, 12, 442.0,581.0,-1
12, 14, 392.0,554.0,-1
14, 12, 392.0,554.0,-1
12, 15, 450.0,462.0,1
15, 12, 450.0,462.0,1
12, 16, 587.0,828.0,-1
16, 12, 587.0,828.0,-1
12, 12, 0.0,0.0,1
13, 14, 821.0,1134.0,-1
14, 13, 821.0,1134.0,-1
13, 15, 169.0,207.0,-1
15, 13, 169.0,207.0,-1
13, 16, 619.0,640.0,-1
16, 13, 619.0,640.0,-1
13, 13, 0.0,0.0,1
14, 15, 786.0,1016.0,-1
15, 14, 786.0,1016.0,-1
14, 16, 692.0,844.0,1
16, 14, 692.0,844.0,1
14, 14, 0.0,0.0,1
15, 16, 461.0,522.0,-1
16, 15, 461.0,522.0,-1
15, 15, 0.0,0.0,1
16, 16, 0.0,0.0,1


<end>