<number of nodes>
16

<ratio of available edges>
0.3

<max length of the drone flight>
100000 

<D 2/3>
1, 2, 3, 5, 6, 7, 8, 10, 14, 15, 16

<V>
3, 5, 7, 10, 16

<coordinates X,Y>
817.1396041744401, 812.2873450092012
188.06983578669676, 744.7728419317627
340.1270262955842, 8.520826431761412
129.85778627874652, 594.5154543921643
904.9252765481831, 749.3100733931342
979.4447977626411, 189.37865589454296
357.32092268219805, 880.1539333493857
151.07154196396448, 250.9658441407117
831.5878970719359, 652.4954920651135
912.6120455621672, 574.1979061169573
28.076241145959717, 172.92441452810328
485.2786843687682, 686.9067826795383
189.5496293595649, 240.36837360447026
677.2438997352409, 583.1777973521309
491.3807943049449, 404.8461214068495
83.8141107878927, 321.4942363197894

<adjacency matrix with truck distances>
1, 2, 633.0,697.0,-1
2, 1, 633.0,697.0,-1
1, 3, 935.0,1281.0,1
3, 1, 935.0,1281.0,1
1, 4, 721.0,906.0,-1
4, 1, 721.0,906.0,-1
1, 5, 109.0,151.0,-1
5, 1, 109.0,151.0,-1
1, 6, 644.0,786.0,-1
6, 1, 644.0,786.0,-1
1, 7, 465.0,528.0,-1
7, 1, 465.0,528.0,-1
1, 8, 872.0,1228.0,-1
8, 1, 872.0,1228.0,-1
1, 9, 161.0,175.0,-1
9, 1, 161.0,175.0,-1
1, 10, 257.0,334.0,-1
10, 1, 257.0,334.0,-1
1, 11, 1016.0,1429.0,-1
11, 1, 1016.0,1429.0,-1
1, 12, 355.0,458.0,-1
12, 1, 355.0,458.0,-1
1, 13, 850.0,1200.0,-1
13, 1, 850.0,1200.0,-1
1, 14, 269.0,370.0,-1
14, 1, 269.0,370.0,-1
1, 15, 522.0,734.0,1
15, 1, 522.0,734.0,1
1, 16, 883.0,1225.0,1
16, 1, 883.0,1225.0,1
1, 1, 0.0,0.0,1
2, 3, 752.0,889.0,-1
3, 2, 752.0,889.0,-1
2, 4, 162.0,209.0,-1
4, 2, 162.0,209.0,-1
2, 5, 717.0,722.0,1
5, 2, 717.0,722.0,1
2, 6, 967.0,1347.0,-1
6, 2, 967.0,1347.0,-1
2, 7, 217.0,305.0,-1
7, 2, 217.0,305.0,-1
2, 8, 496.0,531.0,-1
8, 2, 496.0,531.0,-1
2, 9, 651.0,736.0,-1
9, 2, 651.0,736.0,-1
2, 10, 745.0,896.0,-1
10, 2, 745.0,896.0,-1
2, 11, 594.0,732.0,-1
11, 2, 594.0,732.0,-1
2, 12, 303.0,356.0,1
12, 2, 303.0,356.0,1
2, 13, 505.0,506.0,-1
13, 2, 505.0,506.0,-1
2, 14, 516.0,651.0,1
14, 2, 516.0,651.0,1
2, 15, 456.0,644.0,-1
15, 2, 456.0,644.0,-1
2, 16, 436.0,528.0,-1
16, 2, 436.0,528.0,-1
2, 2, 0.0,0.0,1
3, 4, 623.0,797.0,-1
4, 3, 623.0,797.0,-1
3, 5, 932.0,1306.0,1
5, 3, 932.0,1306.0,1
3, 6, 665.0,821.0,-1
6, 3, 665.0,821.0,-1
3, 7, 872.0,889.0,-1
7, 3, 872.0,889.0,-1
3, 8, 308.0,432.0,-1
8, 3, 308.0,432.0,-1
3, 9, 811.0,1136.0,-1
9, 3, 811.0,1136.0,-1
3, 10, 805.0,1139.0,-1
10, 3, 805.0,1139.0,-1
3, 11, 353.0,477.0,1
11, 3, 353.0,477.0,1
3, 12, 694.0,824.0,-1
12, 3, 694.0,824.0,-1
3, 13, 277.0,383.0,-1
13, 3, 277.0,383.0,-1
3, 14, 667.0,912.0,-1
14, 3, 667.0,912.0,-1
3, 15, 425.0,548.0,-1
15, 3, 425.0,548.0,-1
3, 16, 405.0,570.0,-1
16, 3, 405.0,570.0,-1
3, 3, 0.0,0.0,1
4, 5, 791.0,930.0,1
5, 4, 791.0,930.0,1
4, 6, 942.0,1255.0,1
6, 4, 942.0,1255.0,1
4, 7, 366.0,514.0,-1
7, 4, 366.0,514.0,-1
4, 8, 345.0,365.0,-1
8, 4, 345.0,365.0,-1
4, 9, 705.0,760.0,1
9, 4, 705.0,760.0,1
4, 10, 784.0,804.0,-1
10, 4, 784.0,804.0,-1
4, 11, 434.0,524.0,-1
11, 4, 434.0,524.0,-1
4, 12, 368.0,448.0,-1
12, 4, 368.0,448.0,-1
4, 13, 360.0,414.0,-1
13, 4, 360.0,414.0,-1
4, 14, 548.0,559.0,-1
14, 4, 548.0,559.0,-1
4, 15, 409.0,552.0,-1
15, 4, 409.0,552.0,-1
4, 16, 277.0,320.0,-1
16, 4, 277.0,320.0,-1
4, 4, 0.0,0.0,1
5, 6, 565.0,635.0,1
6, 5, 565.0,635.0,1
5, 7, 564.0,679.0,-1
7, 5, 564.0,679.0,-1
5, 8, 904.0,1253.0,-1
8, 5, 904.0,1253.0,-1
5, 9, 122.0,171.0,1
9, 5, 122.0,171.0,1
5, 10, 176.0,183.0,1
10, 5, 176.0,183.0,1
5, 11, 1050.0,1454.0,-1
11, 5, 1050.0,1454.0,-1
5, 12, 425.0,483.0,-1
12, 5, 425.0,483.0,-1
5, 13, 878.0,1225.0,-1
13, 5, 878.0,1225.0,-1
5, 14, 282.0,394.0,1
14, 5, 282.0,394.0,1
5, 15, 539.0,759.0,-1
15, 5, 539.0,759.0,-1
5, 16, 926.0,1249.0,1
16, 5, 926.0,1249.0,1
5, 5, 0.0,0.0,1
6, 7, 930.0,1313.0,-1
7, 6, 930.0,1313.0,-1
6, 8, 831.0,890.0,-1
8, 6, 831.0,890.0,-1
6, 9, 487.0,611.0,-1
9, 6, 487.0,611.0,-1
6, 10, 391.0,452.0,1
10, 6, 391.0,452.0,1
6, 11, 952.0,968.0,-1
11, 6, 952.0,968.0,-1
6, 12, 702.0,992.0,-1
12, 6, 702.0,992.0,-1
6, 13, 792.0,841.0,1
13, 6, 792.0,841.0,1
6, 14, 497.0,697.0,1
14, 6, 497.0,697.0,1
6, 15, 534.0,704.0,-1
15, 6, 534.0,704.0,-1
6, 16, 906.0,1028.0,-1
16, 6, 906.0,1028.0,-1
6, 6, 0.0,0.0,1
7, 8, 663.0,836.0,1
8, 7, 663.0,836.0,1
7, 9, 527.0,702.0,-1
9, 7, 527.0,702.0,-1
7, 10, 635.0,862.0,-1
10, 7, 635.0,862.0,-1
7, 11, 781.0,1037.0,-1
11, 7, 781.0,1037.0,-1
7, 12, 232.0,322.0,1
12, 7, 232.0,322.0,1
7, 13, 662.0,808.0,1
13, 7, 662.0,808.0,1
7, 14, 437.0,617.0,-1
14, 7, 437.0,617.0,-1
7, 15, 494.0,610.0,-1
15, 7, 494.0,610.0,-1
7, 16, 623.0,833.0,-1
16, 7, 623.0,833.0,-1
7, 7, 0.0,0.0,1
8, 9, 791.0,1083.0,1
9, 8, 791.0,1083.0,1
8, 10, 828.0,1085.0,-1
10, 8, 828.0,1085.0,-1
8, 11, 146.0,202.0,1
11, 8, 146.0,202.0,1
8, 12, 550.0,771.0,-1
12, 8, 550.0,771.0,-1
8, 13, 40.0,50.0,1
13, 8, 40.0,50.0,1
8, 14, 623.0,859.0,1
14, 8, 623.0,859.0,1
8, 15, 374.0,495.0,-1
15, 8, 374.0,495.0,-1
8, 16, 98.0,138.0,1
16, 8, 98.0,138.0,1
8, 8, 0.0,0.0,1
9, 10, 113.0,160.0,1
10, 9, 113.0,160.0,1
9, 11, 936.0,1284.0,1
11, 9, 936.0,1284.0,1
9, 12, 349.0,381.0,-1
12, 9, 349.0,381.0,-1
9, 13, 763.0,1055.0,-1
13, 9, 763.0,1055.0,-1
9, 14, 170.0,224.0,1
14, 9, 170.0,224.0,1
9, 15, 421.0,588.0,1
15, 9, 421.0,588.0,1
9, 16, 818.0,1079.0,-1
16, 9, 818.0,1079.0,-1
9, 9, 0.0,0.0,1
10, 11, 972.0,1286.0,1
11, 10, 972.0,1286.0,1
10, 12, 442.0,541.0,1
12, 10, 442.0,541.0,1
10, 13, 797.0,1057.0,-1
13, 10, 797.0,1057.0,-1
10, 14, 236.0,245.0,-1
14, 10, 236.0,245.0,-1
10, 15, 454.0,591.0,-1
15, 10, 454.0,591.0,-1
10, 16, 867.0,1082.0,1
16, 10, 867.0,1082.0,1
10, 10, 0.0,0.0,1
11, 12, 688.0,972.0,-1
12, 11, 688.0,972.0,-1
11, 13, 175.0,229.0,-1
13, 11, 175.0,229.0,-1
11, 14, 768.0,1060.0,1
14, 11, 768.0,1060.0,1
11, 15, 519.0,696.0,-1
15, 11, 519.0,696.0,-1
11, 16, 159.0,205.0,1
16, 11, 159.0,205.0,1
11, 11, 0.0,0.0,1
12, 13, 536.0,743.0,-1
13, 12, 536.0,743.0,-1
12, 14, 219.0,296.0,-1
14, 12, 219.0,296.0,-1
12, 15, 283.0,289.0,-1
15, 12, 283.0,289.0,-1
12, 16, 543.0,767.0,-1
16, 12, 543.0,767.0,-1
12, 12, 0.0,0.0,1
13, 14, 597.0,831.0,-1
14, 13, 597.0,831.0,-1
13, 15, 344.0,467.0,-1
15, 13, 344.0,467.0,-1
13, 16, 134.0,187.0,-1
16, 13, 134.0,187.0,-1
13, 13, 0.0,0.0,1
14, 15, 258.0,365.0,-1
15, 14, 258.0,365.0,-1
14, 16, 649.0,856.0,-1
16, 14, 649.0,856.0,-1
14, 14, 0.0,0.0,1
15, 16, 417.0,491.0,-1
16, 15, 417.0,491.0,-1
15, 15, 0.0,0.0,1
16, 16, 0.0,0.0,1


<end>