<number of nodes>
16

<ratio of available edges>
0.3

<max length of the drone flight>
100000 

<D 2/3>
1, 2, 3, 6, 7, 9, 10, 11, 12, 15, 16

<V>
3, 6, 9, 12, 15

<coordinates X,Y>
585.071226029469, 39.397824443458326
9.860184243054393, 25.753610617505206
405.12439286848917, 487.32504595241136
297.39564140462596, 586.2065746308818
233.3703843909123, 638.4632682186831
22.843388985904063, 984.4282877684792
555.2445399258405, 537.001918991671
323.204329158269, 755.7796990357537
548.4171928041791, 428.4351058903102
493.2134318554052, 574.7349899394497
685.6344462773827, 906.0896795892046
375.20255004459386, 128.88174199805175
408.5897174483309, 872.1600320320129
257.5647020679544, 380.9149318488785
858.7550604716049, 708.7937491488854
14.192661748073771, 924.4201954362318

<adjacency matrix with truck distances>
1, 2, 576.0,589.0,-1
2, 1, 576.0,589.0,-1
1, 3, 483.0,628.0,-1
3, 1, 483.0,628.0,-1
1, 4, 618.0,835.0,-1
4, 1, 618.0,835.0,-1
1, 5, 695.0,951.0,-1
5, 1, 695.0,951.0,-1
1, 6, 1100.0,1508.0,-1
6, 1, 1100.0,1508.0,-1
1, 7, 499.0,528.0,1
7, 1, 499.0,528.0,1
1, 8, 763.0,979.0,-1
8, 1, 763.0,979.0,-1
1, 9, 391.0,426.0,1
9, 1, 391.0,426.0,1
1, 10, 544.0,628.0,1
10, 1, 544.0,628.0,1
1, 11, 873.0,968.0,-1
11, 1, 873.0,968.0,-1
1, 12, 229.0,300.0,1
12, 1, 229.0,300.0,1
1, 13, 852.0,1010.0,-1
13, 1, 852.0,1010.0,-1
1, 14, 474.0,670.0,-1
14, 1, 474.0,670.0,-1
1, 15, 724.0,944.0,-1
15, 1, 724.0,944.0,-1
1, 16, 1054.0,1456.0,-1
16, 1, 1054.0,1456.0,-1
1, 1, 0.0,0.0,1
2, 3, 608.0,857.0,-1
3, 2, 608.0,857.0,-1
2, 4, 630.0,848.0,-1
4, 2, 630.0,848.0,-1
2, 5, 653.0,837.0,-1
5, 2, 653.0,837.0,-1
2, 6, 959.0,972.0,-1
6, 2, 959.0,972.0,-1
2, 7, 748.0,1057.0,1
7, 2, 748.0,1057.0,1
2, 8, 795.0,1044.0,-1
8, 2, 795.0,1044.0,-1
2, 9, 673.0,942.0,-1
9, 2, 673.0,942.0,-1
2, 10, 732.0,1033.0,-1
10, 2, 732.0,1033.0,-1
2, 11, 1110.0,1557.0,1
11, 2, 1110.0,1557.0,1
2, 12, 380.0,469.0,1
12, 2, 380.0,469.0,1
2, 13, 936.0,1246.0,1
13, 2, 936.0,1246.0,1
2, 14, 434.0,603.0,-1
14, 2, 434.0,603.0,-1
2, 15, 1090.0,1532.0,-1
15, 2, 1090.0,1532.0,-1
2, 16, 899.0,903.0,1
16, 2, 899.0,903.0,1
2, 2, 0.0,0.0,1
3, 4, 147.0,207.0,-1
4, 3, 147.0,207.0,-1
3, 5, 229.0,323.0,-1
5, 3, 229.0,323.0,-1
3, 6, 628.0,880.0,1
6, 3, 628.0,880.0,1
3, 7, 159.0,200.0,1
7, 3, 159.0,200.0,1
3, 8, 281.0,351.0,-1
8, 3, 281.0,351.0,-1
3, 9, 155.0,203.0,1
9, 3, 155.0,203.0,1
3, 10, 125.0,176.0,1
10, 3, 125.0,176.0,1
3, 11, 505.0,700.0,-1
11, 3, 505.0,700.0,-1
3, 12, 360.0,389.0,-1
12, 3, 360.0,389.0,-1
3, 13, 385.0,389.0,1
13, 3, 385.0,389.0,1
3, 14, 182.0,254.0,1
14, 3, 182.0,254.0,1
3, 15, 505.0,676.0,1
15, 3, 505.0,676.0,1
3, 16, 587.0,829.0,-1
16, 3, 587.0,829.0,-1
3, 3, 0.0,0.0,1
4, 5, 83.0,117.0,-1
5, 4, 83.0,117.0,-1
4, 6, 484.0,673.0,-1
6, 4, 484.0,673.0,-1
4, 7, 263.0,308.0,1
7, 4, 263.0,308.0,1
4, 8, 172.0,196.0,-1
8, 4, 172.0,196.0,-1
4, 9, 297.0,409.0,-1
9, 4, 297.0,409.0,-1
4, 10, 197.0,208.0,-1
10, 4, 197.0,208.0,-1
4, 11, 504.0,709.0,-1
11, 4, 504.0,709.0,-1
4, 12, 464.0,536.0,-1
12, 4, 464.0,536.0,-1
4, 13, 307.0,398.0,1
13, 4, 307.0,398.0,1
4, 14, 210.0,246.0,-1
14, 4, 210.0,246.0,-1
4, 15, 575.0,684.0,-1
15, 4, 575.0,684.0,-1
4, 16, 442.0,622.0,-1
16, 4, 442.0,622.0,-1
4, 4, 0.0,0.0,1
5, 6, 405.0,557.0,1
6, 5, 405.0,557.0,1
5, 7, 338.0,424.0,-1
7, 5, 338.0,424.0,-1
5, 8, 148.0,208.0,-1
8, 5, 148.0,208.0,-1
5, 9, 379.0,526.0,-1
9, 5, 379.0,526.0,-1
5, 10, 268.0,324.0,-1
10, 5, 268.0,324.0,-1
5, 11, 526.0,720.0,-1
11, 5, 526.0,720.0,-1
5, 12, 529.0,652.0,-1
12, 5, 529.0,652.0,-1
5, 13, 293.0,409.0,1
13, 5, 293.0,409.0,1
5, 14, 259.0,282.0,1
14, 5, 259.0,282.0,1
5, 15, 630.0,696.0,-1
15, 5, 630.0,696.0,-1
5, 16, 361.0,506.0,-1
16, 5, 361.0,506.0,-1
5, 5, 0.0,0.0,1
6, 7, 696.0,980.0,1
7, 6, 696.0,980.0,1
6, 8, 378.0,530.0,1
8, 6, 378.0,530.0,1
6, 9, 766.0,1082.0,-1
9, 6, 766.0,1082.0,-1
6, 10, 624.0,881.0,-1
10, 6, 624.0,881.0,-1
6, 11, 668.0,742.0,-1
11, 6, 668.0,742.0,-1
6, 12, 926.0,1208.0,-1
12, 6, 926.0,1208.0,-1
6, 13, 402.0,499.0,1
13, 6, 402.0,499.0,1
6, 14, 648.0,839.0,-1
14, 6, 648.0,839.0,-1
6, 15, 881.0,1112.0,1
15, 6, 881.0,1112.0,1
6, 16, 61.0,69.0,1
16, 6, 61.0,69.0,1
6, 6, 0.0,0.0,1
7, 8, 319.0,451.0,-1
8, 7, 319.0,451.0,-1
7, 9, 109.0,116.0,-1
9, 7, 109.0,116.0,-1
7, 10, 73.0,100.0,-1
10, 7, 73.0,100.0,-1
7, 11, 392.0,500.0,-1
11, 7, 392.0,500.0,-1
7, 12, 447.0,589.0,-1
12, 7, 447.0,589.0,-1
7, 13, 366.0,482.0,1
13, 7, 366.0,482.0,1
7, 14, 337.0,454.0,1
14, 7, 337.0,454.0,1
7, 15, 349.0,476.0,-1
15, 7, 349.0,476.0,-1
7, 16, 666.0,929.0,-1
16, 7, 666.0,929.0,-1
7, 7, 0.0,0.0,1
8, 9, 398.0,553.0,-1
9, 8, 398.0,553.0,-1
8, 10, 249.0,352.0,1
10, 8, 249.0,352.0,1
8, 11, 393.0,513.0,-1
11, 8, 393.0,513.0,-1
8, 12, 630.0,679.0,1
12, 8, 630.0,679.0,1
8, 13, 145.0,202.0,-1
13, 8, 145.0,202.0,-1
8, 14, 381.0,441.0,-1
14, 8, 381.0,441.0,-1
8, 15, 538.0,583.0,1
15, 8, 538.0,583.0,1
8, 16, 353.0,478.0,-1
16, 8, 353.0,478.0,-1
8, 8, 0.0,0.0,1
9, 10, 157.0,202.0,-1
10, 9, 157.0,202.0,-1
9, 11, 497.0,615.0,-1
11, 9, 497.0,615.0,-1
9, 12, 347.0,473.0,-1
12, 9, 347.0,473.0,-1
9, 13, 466.0,584.0,-1
13, 9, 466.0,584.0,-1
9, 14, 295.0,339.0,-1
14, 9, 295.0,339.0,-1
9, 15, 419.0,591.0,-1
15, 9, 419.0,591.0,-1
9, 16, 729.0,1031.0,1
16, 9, 729.0,1031.0,1
9, 9, 0.0,0.0,1
10, 11, 384.0,524.0,-1
11, 10, 384.0,524.0,-1
10, 12, 462.0,564.0,-1
12, 10, 462.0,564.0,-1
10, 13, 310.0,383.0,1
13, 10, 310.0,383.0,1
10, 14, 306.0,430.0,-1
14, 10, 306.0,430.0,-1
10, 15, 390.0,500.0,-1
15, 10, 390.0,500.0,-1
10, 16, 594.0,829.0,1
16, 10, 594.0,829.0,1
10, 10, 0.0,0.0,1
11, 12, 837.0,1088.0,-1
12, 11, 837.0,1088.0,-1
11, 13, 280.0,311.0,-1
13, 11, 280.0,311.0,-1
11, 14, 678.0,954.0,-1
14, 11, 678.0,954.0,-1
11, 15, 263.0,371.0,-1
15, 11, 263.0,371.0,-1
11, 16, 672.0,690.0,-1
16, 11, 672.0,690.0,-1
11, 11, 0.0,0.0,1
12, 13, 745.0,777.0,1
13, 12, 745.0,777.0,1
12, 14, 279.0,370.0,-1
14, 12, 279.0,370.0,-1
12, 15, 756.0,1064.0,-1
15, 12, 756.0,1064.0,-1
12, 16, 874.0,1157.0,-1
16, 12, 874.0,1157.0,-1
12, 12, 0.0,0.0,1
13, 14, 514.0,643.0,-1
14, 13, 514.0,643.0,-1
13, 15, 479.0,614.0,-1
15, 13, 479.0,614.0,-1
13, 16, 398.0,447.0,-1
16, 13, 398.0,447.0,-1
13, 13, 0.0,0.0,1
14, 15, 685.0,930.0,-1
15, 14, 685.0,930.0,-1
14, 16, 596.0,787.0,1
16, 14, 596.0,787.0,1
14, 14, 0.0,0.0,1
15, 16, 872.0,1061.0,-1
16, 15, 872.0,1061.0,-1
15, 15, 0.0,0.0,1
16, 16, 0.0,0.0,1


<end>