<number of nodes>
16

<ratio of available edges>
0.3

<max length of the drone flight>
100000 

<D 2/3>
1, 2, 5, 6, 8, 9, 11, 13, 14, 15, 16

<V>
2, 8, 9, 14, 16

<coordinates X,Y>
15.339292815980178, 85.82295489042738
197.1362854480247, 94.38777709224182
745.6566704954251, 226.98635883829243
313.96520371164854, 608.0642923707746
45.60914986147472, 34.08551795235288
102.13863104540499, 790.0010682007764
315.58298625763086, 612.026115690147
681.9961827456381, 986.8650524458483
804.072630748183, 852.4454342286627
372.8882757324514, 439.7417981208167
130.40619302699696, 955.6431732557762
712.3997795583982, 239.44824502600062
910.2030370063028, 928.2864011127311
531.1044258276931, 157.04271631045432
428.25453655890516, 486.5453123408322
429.94466053151035, 770.5852724744079

<adjacency matrix with truck distances>
1, 2, 182.0,191.0,-1
2, 1, 182.0,191.0,-1
1, 3, 744.0,872.0,-1
3, 1, 744.0,872.0,-1
1, 4, 602.0,821.0,-1
4, 1, 602.0,821.0,-1
1, 5, 60.0,83.0,1
5, 1, 60.0,83.0,1
1, 6, 710.0,791.0,-1
6, 1, 710.0,791.0,-1
1, 7, 606.0,827.0,1
7, 1, 606.0,827.0,1
1, 8, 1121.0,1568.0,1
8, 1, 1121.0,1568.0,1
1, 9, 1100.0,1556.0,-1
9, 1, 1100.0,1556.0,-1
1, 10, 504.0,712.0,1
10, 1, 504.0,712.0,1
1, 11, 878.0,985.0,-1
11, 1, 878.0,985.0,-1
1, 12, 714.0,851.0,-1
12, 1, 714.0,851.0,-1
1, 13, 1230.0,1738.0,-1
13, 1, 1230.0,1738.0,-1
1, 14, 521.0,587.0,1
14, 1, 521.0,587.0,1
1, 15, 576.0,814.0,-1
15, 1, 576.0,814.0,-1
1, 16, 801.0,1100.0,-1
16, 1, 801.0,1100.0,-1
1, 1, 0.0,0.0,1
2, 3, 565.0,682.0,-1
3, 2, 565.0,682.0,-1
2, 4, 527.0,631.0,-1
4, 2, 527.0,631.0,-1
2, 5, 164.0,212.0,-1
5, 2, 164.0,212.0,-1
2, 6, 703.0,791.0,-1
6, 2, 703.0,791.0,-1
2, 7, 532.0,637.0,-1
7, 2, 532.0,637.0,-1
2, 8, 1016.0,1378.0,-1
8, 2, 1016.0,1378.0,-1
2, 9, 972.0,1365.0,1
9, 2, 972.0,1365.0,1
2, 10, 388.0,522.0,-1
10, 2, 388.0,522.0,-1
2, 11, 864.0,928.0,1
11, 2, 864.0,928.0,1
2, 12, 536.0,661.0,1
12, 2, 536.0,661.0,1
2, 13, 1098.0,1547.0,-1
13, 2, 1098.0,1547.0,-1
2, 14, 340.0,397.0,1
14, 2, 340.0,397.0,1
2, 15, 456.0,624.0,-1
15, 2, 456.0,624.0,-1
2, 16, 716.0,910.0,-1
16, 2, 716.0,910.0,-1
2, 2, 0.0,0.0,1
3, 4, 576.0,813.0,1
4, 3, 576.0,813.0,1
3, 5, 727.0,893.0,1
5, 3, 727.0,893.0,1
3, 6, 856.0,1207.0,1
6, 3, 856.0,1207.0,1
3, 7, 578.0,816.0,-1
7, 3, 578.0,816.0,-1
3, 8, 763.0,824.0,-1
8, 3, 763.0,824.0,-1
3, 9, 629.0,684.0,1
9, 3, 629.0,684.0,1
3, 10, 430.0,586.0,-1
10, 3, 430.0,586.0,-1
3, 11, 954.0,1344.0,-1
11, 3, 954.0,1344.0,-1
3, 12, 36.0,46.0,1
12, 3, 36.0,46.0,1
3, 13, 721.0,866.0,-1
13, 3, 721.0,866.0,-1
3, 14, 226.0,285.0,-1
14, 3, 226.0,285.0,-1
3, 15, 411.0,577.0,1
15, 3, 411.0,577.0,1
3, 16, 629.0,860.0,-1
16, 3, 629.0,860.0,-1
3, 3, 0.0,0.0,1
4, 5, 634.0,843.0,-1
5, 4, 634.0,843.0,-1
4, 6, 280.0,394.0,-1
6, 4, 280.0,394.0,-1
4, 7, 5.0,6.0,1
7, 4, 5.0,6.0,1
4, 8, 529.0,747.0,-1
8, 4, 529.0,747.0,-1
4, 9, 548.0,735.0,1
9, 4, 548.0,735.0,1
4, 10, 179.0,228.0,-1
10, 4, 179.0,228.0,-1
4, 11, 394.0,532.0,-1
11, 4, 394.0,532.0,-1
4, 12, 543.0,768.0,-1
12, 4, 543.0,768.0,-1
4, 13, 677.0,917.0,-1
13, 4, 677.0,917.0,-1
4, 14, 501.0,669.0,1
14, 4, 501.0,669.0,1
4, 15, 167.0,236.0,-1
15, 4, 167.0,236.0,-1
4, 16, 200.0,279.0,-1
16, 4, 200.0,279.0,-1
4, 4, 0.0,0.0,1
5, 6, 759.0,813.0,-1
6, 5, 759.0,813.0,-1
5, 7, 638.0,848.0,-1
7, 5, 638.0,848.0,-1
5, 8, 1146.0,1590.0,-1
8, 5, 1146.0,1590.0,-1
5, 9, 1116.0,1577.0,-1
9, 5, 1116.0,1577.0,-1
5, 10, 522.0,733.0,1
10, 5, 522.0,733.0,1
5, 11, 926.0,1007.0,-1
11, 5, 926.0,1007.0,-1
5, 12, 698.0,873.0,-1
12, 5, 698.0,873.0,-1
5, 13, 1244.0,1759.0,-1
13, 5, 1244.0,1759.0,-1
5, 14, 501.0,609.0,-1
14, 5, 501.0,609.0,-1
5, 15, 593.0,836.0,-1
15, 5, 593.0,836.0,-1
5, 16, 831.0,1121.0,-1
16, 5, 831.0,1121.0,-1
5, 5, 0.0,0.0,1
6, 7, 278.0,392.0,-1
7, 6, 278.0,392.0,-1
6, 8, 613.0,777.0,-1
8, 6, 613.0,777.0,-1
6, 9, 705.0,765.0,1
9, 6, 705.0,765.0,1
6, 10, 443.0,622.0,-1
10, 6, 443.0,622.0,-1
6, 11, 169.0,194.0,1
11, 6, 169.0,194.0,1
6, 12, 822.0,1161.0,1
12, 6, 822.0,1161.0,1
6, 13, 820.0,947.0,-1
13, 6, 820.0,947.0,-1
6, 14, 765.0,1062.0,1
14, 6, 765.0,1062.0,1
6, 15, 446.0,630.0,-1
15, 6, 446.0,630.0,-1
6, 16, 329.0,348.0,-1
16, 6, 329.0,348.0,-1
6, 6, 0.0,0.0,1
7, 8, 525.0,742.0,-1
8, 7, 525.0,742.0,-1
7, 9, 545.0,729.0,1
9, 7, 545.0,729.0,1
7, 10, 182.0,230.0,-1
10, 7, 182.0,230.0,-1
7, 11, 391.0,529.0,1
11, 7, 391.0,529.0,1
7, 12, 545.0,770.0,-1
12, 7, 545.0,770.0,-1
7, 13, 674.0,911.0,-1
13, 7, 674.0,911.0,-1
7, 14, 504.0,671.0,-1
14, 7, 504.0,671.0,-1
7, 15, 169.0,239.0,1
15, 7, 169.0,239.0,1
7, 16, 196.0,273.0,1
16, 7, 196.0,273.0,1
7, 7, 0.0,0.0,1
8, 9, 182.0,257.0,-1
9, 8, 182.0,257.0,-1
8, 10, 629.0,857.0,-1
10, 8, 629.0,857.0,-1
8, 11, 553.0,583.0,-1
11, 8, 553.0,583.0,-1
8, 12, 749.0,778.0,-1
12, 8, 749.0,778.0,-1
8, 13, 236.0,287.0,-1
13, 8, 236.0,287.0,-1
8, 14, 844.0,981.0,1
14, 8, 844.0,981.0,1
8, 15, 561.0,755.0,-1
15, 8, 561.0,755.0,-1
8, 16, 333.0,469.0,-1
16, 8, 333.0,469.0,-1
8, 8, 0.0,0.0,1
9, 10, 597.0,844.0,-1
10, 9, 597.0,844.0,-1
9, 11, 682.0,777.0,1
11, 9, 682.0,777.0,1
9, 12, 620.0,705.0,-1
12, 9, 620.0,705.0,-1
9, 13, 131.0,182.0,-1
13, 9, 131.0,182.0,-1
9, 14, 748.0,969.0,-1
14, 9, 748.0,969.0,-1
9, 15, 525.0,742.0,1
15, 9, 525.0,742.0,1
9, 16, 383.0,456.0,1
16, 9, 383.0,456.0,1
9, 9, 0.0,0.0,1
10, 11, 571.0,759.0,-1
11, 10, 571.0,759.0,-1
10, 12, 395.0,540.0,-1
12, 10, 395.0,540.0,-1
10, 13, 727.0,1026.0,-1
13, 10, 727.0,1026.0,-1
10, 14, 324.0,441.0,-1
14, 10, 324.0,441.0,-1
10, 15, 73.0,103.0,1
15, 10, 73.0,103.0,1
10, 16, 336.0,388.0,-1
16, 10, 336.0,388.0,-1
10, 10, 0.0,0.0,1
11, 12, 923.0,1299.0,-1
12, 11, 923.0,1299.0,-1
11, 13, 781.0,808.0,-1
13, 11, 781.0,808.0,-1
11, 14, 894.0,1200.0,1
14, 11, 894.0,1200.0,1
11, 15, 556.0,767.0,-1
15, 11, 556.0,767.0,-1
11, 16, 353.0,485.0,-1
16, 11, 353.0,485.0,-1
11, 11, 0.0,0.0,1
12, 13, 717.0,887.0,1
13, 12, 717.0,887.0,1
12, 14, 200.0,264.0,-1
14, 12, 200.0,264.0,-1
12, 15, 377.0,532.0,-1
15, 12, 377.0,532.0,-1
12, 16, 602.0,814.0,1
16, 12, 602.0,814.0,1
12, 12, 0.0,0.0,1
13, 14, 860.0,1151.0,-1
14, 13, 860.0,1151.0,-1
13, 15, 654.0,924.0,-1
15, 13, 654.0,924.0,-1
13, 16, 506.0,638.0,-1
16, 13, 506.0,638.0,-1
13, 13, 0.0,0.0,1
14, 15, 346.0,433.0,1
15, 14, 346.0,433.0,1
14, 16, 622.0,715.0,-1
16, 14, 622.0,715.0,-1
14, 14, 0.0,0.0,1
15, 16, 285.0,286.0,-1
16, 15, 285.0,286.0,-1
15, 15, 0.0,0.0,1
16, 16, 0.0,0.0,1


<end>