<number of nodes>
16

<ratio of available edges>
0.3

<max length of the drone flight>
100000 

<D 2/3>
1, 2, 3, 4, 5, 6, 10, 11, 13, 15, 16

<V>
3, 4, 6, 10, 13

<coordinates X,Y>
677.2294444200265, 682.4447936055367
269.79840351450355, 175.95239837614196
641.2600164846338, 361.9037117247288
576.9501625295853, 983.3600579068108
514.7886824991791, 105.72301346823356
65.67906932754686, 800.2692080346569
410.1224940600849, 933.3881222916579
392.70689827901236, 175.67288887988002
-1.8927580953230434, 856.3210034364056
248.9526867576511, 778.099126521816
126.83792942236497, 108.55033128634003
988.9189956042601, 354.99008244399084
817.3837584284597, 878.1633541417598
213.85287188181061, 720.0691361999786
123.05890504633544, 913.490775610014
249.68928309361706, 119.37570127841506

<adjacency matrix with truck distances>
1, 2, 651.0,914.0,-1
2, 1, 651.0,914.0,-1
1, 3, 323.0,357.0,-1
3, 1, 323.0,357.0,-1
1, 4, 318.0,402.0,1
4, 1, 318.0,402.0,1
1, 5, 600.0,740.0,-1
5, 1, 600.0,740.0,-1
1, 6, 623.0,730.0,-1
6, 1, 623.0,730.0,-1
1, 7, 367.0,519.0,1
7, 1, 367.0,519.0,1
1, 8, 582.0,792.0,-1
8, 1, 582.0,792.0,-1
1, 9, 702.0,853.0,-1
9, 1, 702.0,853.0,-1
1, 10, 439.0,524.0,-1
10, 1, 439.0,524.0,-1
1, 11, 796.0,1125.0,1
11, 1, 796.0,1125.0,1
1, 12, 453.0,640.0,-1
12, 1, 453.0,640.0,-1
1, 13, 241.0,336.0,-1
13, 1, 241.0,336.0,-1
1, 14, 465.0,502.0,-1
14, 1, 465.0,502.0,-1
1, 15, 601.0,786.0,-1
15, 1, 601.0,786.0,-1
1, 16, 707.0,991.0,-1
16, 1, 707.0,991.0,-1
1, 1, 0.0,0.0,1
2, 3, 416.0,558.0,-1
3, 2, 416.0,558.0,-1
2, 4, 864.0,1115.0,-1
4, 2, 864.0,1115.0,-1
2, 5, 255.0,316.0,-1
5, 2, 255.0,316.0,-1
2, 6, 657.0,829.0,-1
6, 2, 657.0,829.0,-1
2, 7, 771.0,898.0,-1
7, 2, 771.0,898.0,-1
2, 8, 123.0,124.0,1
8, 2, 123.0,124.0,1
2, 9, 733.0,953.0,-1
9, 2, 733.0,953.0,-1
2, 10, 603.0,623.0,-1
10, 2, 603.0,623.0,-1
2, 11, 159.0,211.0,-1
11, 2, 159.0,211.0,-1
2, 12, 742.0,899.0,1
12, 2, 742.0,899.0,1
2, 13, 891.0,1250.0,-1
13, 2, 891.0,1250.0,-1
2, 14, 547.0,601.0,1
14, 2, 547.0,601.0,1
2, 15, 752.0,885.0,-1
15, 2, 752.0,885.0,-1
2, 16, 61.0,77.0,1
16, 2, 61.0,77.0,1
2, 2, 0.0,0.0,1
3, 4, 625.0,686.0,1
4, 3, 625.0,686.0,1
3, 5, 286.0,383.0,1
5, 3, 286.0,383.0,1
3, 6, 724.0,1014.0,1
6, 3, 724.0,1014.0,1
3, 7, 617.0,803.0,-1
7, 3, 617.0,803.0,-1
3, 8, 311.0,435.0,1
8, 3, 311.0,435.0,1
3, 9, 812.0,1138.0,1
9, 3, 812.0,1138.0,1
3, 10, 572.0,809.0,1
10, 3, 572.0,809.0,1
3, 11, 574.0,768.0,-1
11, 3, 574.0,768.0,-1
3, 12, 348.0,355.0,-1
12, 3, 348.0,355.0,-1
3, 13, 546.0,693.0,-1
13, 3, 546.0,693.0,-1
3, 14, 558.0,786.0,-1
14, 3, 558.0,786.0,-1
3, 15, 757.0,1070.0,1
15, 3, 757.0,1070.0,1
3, 16, 461.0,635.0,1
16, 3, 461.0,635.0,1
3, 3, 0.0,0.0,1
4, 5, 880.0,940.0,1
5, 4, 880.0,940.0,1
4, 6, 544.0,695.0,-1
6, 4, 544.0,695.0,-1
4, 7, 175.0,217.0,-1
7, 4, 175.0,217.0,-1
4, 8, 829.0,992.0,1
8, 4, 829.0,992.0,1
4, 9, 593.0,706.0,1
9, 4, 593.0,706.0,1
4, 10, 387.0,534.0,1
10, 4, 387.0,534.0,1
4, 11, 984.0,1325.0,1
11, 4, 984.0,1325.0,1
4, 12, 752.0,1041.0,-1
12, 4, 752.0,1041.0,-1
4, 13, 263.0,346.0,-1
13, 4, 263.0,346.0,-1
4, 14, 449.0,627.0,-1
14, 4, 449.0,627.0,-1
4, 15, 460.0,524.0,-1
15, 4, 460.0,524.0,-1
4, 16, 924.0,1192.0,-1
16, 4, 924.0,1192.0,-1
4, 4, 0.0,0.0,1
5, 6, 828.0,1144.0,-1
6, 5, 828.0,1144.0,-1
5, 7, 835.0,933.0,-1
7, 5, 835.0,933.0,-1
5, 8, 141.0,193.0,-1
8, 5, 141.0,193.0,-1
5, 9, 912.0,1268.0,1
9, 5, 912.0,1268.0,1
5, 10, 724.0,939.0,1
10, 5, 724.0,939.0,1
5, 11, 388.0,391.0,-1
11, 5, 388.0,391.0,-1
5, 12, 536.0,724.0,1
12, 5, 536.0,724.0,1
5, 13, 830.0,1076.0,-1
13, 5, 830.0,1076.0,-1
5, 14, 685.0,916.0,-1
14, 5, 685.0,916.0,-1
5, 15, 898.0,1200.0,-1
15, 5, 898.0,1200.0,-1
5, 16, 266.0,279.0,-1
16, 5, 266.0,279.0,-1
5, 5, 0.0,0.0,1
6, 7, 370.0,478.0,-1
7, 6, 370.0,478.0,-1
6, 8, 706.0,952.0,1
8, 6, 706.0,952.0,1
6, 9, 88.0,124.0,-1
9, 6, 88.0,124.0,-1
6, 10, 185.0,206.0,-1
10, 6, 185.0,206.0,-1
6, 11, 695.0,753.0,-1
11, 6, 695.0,753.0,-1
6, 12, 1026.0,1369.0,-1
12, 6, 1026.0,1369.0,-1
6, 13, 756.0,830.0,-1
13, 6, 756.0,830.0,-1
6, 14, 169.0,229.0,-1
14, 6, 169.0,229.0,-1
6, 15, 127.0,171.0,-1
15, 6, 127.0,171.0,-1
6, 16, 706.0,865.0,1
16, 6, 706.0,865.0,1
6, 6, 0.0,0.0,1
7, 8, 758.0,776.0,1
8, 7, 758.0,776.0,1
7, 9, 420.0,490.0,-1
9, 7, 420.0,490.0,-1
7, 10, 224.0,317.0,-1
10, 7, 224.0,317.0,-1
7, 11, 873.0,1109.0,1
11, 7, 873.0,1109.0,1
7, 12, 819.0,1158.0,-1
12, 7, 819.0,1158.0,-1
7, 13, 411.0,463.0,-1
13, 7, 411.0,463.0,-1
7, 14, 290.0,410.0,-1
14, 7, 290.0,410.0,-1
7, 15, 288.0,307.0,-1
15, 7, 288.0,307.0,-1
7, 16, 830.0,975.0,-1
16, 7, 830.0,975.0,-1
7, 7, 0.0,0.0,1
8, 9, 787.0,1076.0,-1
9, 8, 787.0,1076.0,-1
8, 10, 620.0,747.0,-1
10, 8, 620.0,747.0,-1
8, 11, 275.0,333.0,1
11, 8, 275.0,333.0,1
8, 12, 623.0,776.0,-1
12, 8, 623.0,776.0,-1
8, 13, 821.0,1128.0,-1
13, 8, 821.0,1128.0,-1
8, 14, 574.0,724.0,-1
14, 8, 574.0,724.0,-1
8, 15, 786.0,1008.0,1
15, 8, 786.0,1008.0,1
8, 16, 154.0,200.0,-1
16, 8, 154.0,200.0,-1
8, 8, 0.0,0.0,1
9, 10, 263.0,330.0,-1
10, 9, 263.0,330.0,-1
9, 11, 759.0,877.0,-1
11, 9, 759.0,877.0,-1
9, 12, 1111.0,1493.0,-1
12, 9, 1111.0,1493.0,-1
9, 13, 820.0,842.0,-1
13, 9, 820.0,842.0,-1
9, 14, 256.0,352.0,-1
14, 9, 256.0,352.0,-1
9, 15, 138.0,183.0,-1
15, 9, 138.0,183.0,-1
9, 16, 779.0,989.0,-1
16, 9, 779.0,989.0,-1
9, 9, 0.0,0.0,1
10, 11, 681.0,792.0,-1
11, 10, 681.0,792.0,-1
10, 12, 853.0,1164.0,-1
12, 10, 853.0,1164.0,-1
10, 13, 578.0,669.0,-1
13, 10, 578.0,669.0,-1
10, 14, 68.0,94.0,1
14, 10, 68.0,94.0,1
10, 15, 185.0,262.0,-1
15, 10, 185.0,262.0,-1
10, 16, 659.0,660.0,1
16, 10, 659.0,660.0,1
10, 10, 0.0,0.0,1
11, 12, 897.0,1109.0,1
12, 11, 897.0,1109.0,1
11, 13, 1035.0,1461.0,1
13, 11, 1035.0,1461.0,1
11, 14, 618.0,699.0,-1
14, 11, 618.0,699.0,-1
11, 15, 805.0,809.0,1
15, 11, 805.0,809.0,1
11, 16, 124.0,134.0,-1
16, 11, 124.0,134.0,-1
11, 11, 0.0,0.0,1
12, 13, 551.0,695.0,1
13, 12, 551.0,695.0,1
12, 14, 857.0,1141.0,-1
14, 12, 857.0,1141.0,-1
12, 15, 1031.0,1425.0,-1
15, 12, 1031.0,1425.0,-1
12, 16, 776.0,975.0,-1
16, 12, 776.0,975.0,-1
12, 12, 0.0,0.0,1
13, 14, 624.0,762.0,-1
14, 13, 624.0,762.0,-1
13, 15, 696.0,730.0,-1
15, 13, 696.0,730.0,-1
13, 16, 948.0,1327.0,-1
16, 13, 948.0,1327.0,-1
13, 13, 0.0,0.0,1
14, 15, 214.0,285.0,-1
15, 14, 214.0,285.0,-1
14, 16, 602.0,637.0,-1
16, 14, 602.0,637.0,-1
14, 14, 0.0,0.0,1
15, 16, 805.0,921.0,1
16, 15, 805.0,921.0,1
15, 15, 0.0,0.0,1
16, 16, 0.0,0.0,1


<end>