<number of nodes>
16

<ratio of available edges>
0.3

<max length of the drone flight>
100000 

<D 2/3>
1, 2, 6, 7, 8, 9, 11, 13, 14, 15, 16

<V>
2, 7, 8, 13, 14

<coordinates X,Y>
898.384989651792, 995.3907686280075
142.96703565026365, 815.9706520014223
339.5373163953531, 251.20027572806381
9.94104500437177, 227.37790304029417
475.74025292028716, 78.59402588308087
182.6452042565389, 401.00733135746486
113.91936896612653, 967.3114812705937
898.7006194845806, 276.7651287124224
456.81045359692587, 469.8858126270711
223.77930489338587, 348.25332000562514
154.68887650208774, 524.8261808041299
193.6657329012764, 773.2536748457657
610.9888397938416, 594.0889392104474
48.3319067118594, 5.85566425628603
276.3047385499512, 339.6666232346076
180.6684199502808, 909.8702134341726

<adjacency matrix with truck distances>
1, 2, 777.0,935.0,-1
2, 1, 777.0,935.0,-1
1, 3, 931.0,1304.0,1
3, 1, 931.0,1304.0,1
1, 4, 1175.0,1657.0,-1
4, 1, 1175.0,1657.0,-1
1, 5, 1010.0,1340.0,1
5, 1, 1010.0,1340.0,1
1, 6, 931.0,1311.0,-1
6, 1, 931.0,1311.0,-1
1, 7, 785.0,813.0,-1
7, 1, 785.0,813.0,-1
1, 8, 719.0,719.0,-1
8, 1, 719.0,719.0,-1
1, 9, 687.0,968.0,-1
9, 1, 687.0,968.0,-1
1, 10, 935.0,1322.0,-1
10, 1, 935.0,1322.0,-1
1, 11, 881.0,1215.0,-1
11, 1, 881.0,1215.0,-1
1, 12, 739.0,927.0,1
12, 1, 739.0,927.0,1
1, 13, 494.0,689.0,-1
13, 1, 494.0,689.0,-1
1, 14, 1305.0,1840.0,-1
14, 1, 1305.0,1840.0,-1
1, 15, 904.0,1278.0,1
15, 1, 904.0,1278.0,1
1, 16, 723.0,804.0,-1
16, 1, 723.0,804.0,-1
1, 1, 0.0,0.0,1
2, 3, 599.0,762.0,1
3, 2, 599.0,762.0,1
2, 4, 604.0,722.0,1
4, 2, 604.0,722.0,1
2, 5, 809.0,1071.0,1
5, 2, 809.0,1071.0,1
2, 6, 417.0,455.0,-1
6, 2, 417.0,455.0,-1
2, 7, 155.0,181.0,-1
7, 2, 155.0,181.0,-1
2, 8, 929.0,1295.0,-1
8, 2, 929.0,1295.0,-1
2, 9, 468.0,660.0,-1
9, 2, 468.0,660.0,-1
2, 10, 475.0,549.0,-1
10, 2, 475.0,549.0,-1
2, 11, 292.0,303.0,-1
11, 2, 292.0,303.0,-1
2, 12, 67.0,94.0,1
12, 2, 67.0,94.0,1
2, 13, 518.0,690.0,-1
13, 2, 518.0,690.0,-1
2, 14, 816.0,905.0,-1
14, 2, 816.0,905.0,-1
2, 15, 495.0,610.0,1
15, 2, 495.0,610.0,1
2, 16, 102.0,132.0,-1
16, 2, 102.0,132.0,-1
2, 2, 0.0,0.0,1
3, 4, 331.0,354.0,1
4, 3, 331.0,354.0,1
3, 5, 220.0,309.0,1
5, 3, 220.0,309.0,1
3, 6, 217.0,307.0,-1
6, 3, 217.0,307.0,-1
3, 7, 751.0,942.0,-1
7, 3, 751.0,942.0,-1
3, 8, 560.0,585.0,-1
8, 3, 560.0,585.0,-1
3, 9, 249.0,336.0,-1
9, 3, 249.0,336.0,-1
3, 10, 152.0,213.0,1
10, 3, 152.0,213.0,1
3, 11, 331.0,459.0,-1
11, 3, 331.0,459.0,-1
3, 12, 543.0,668.0,-1
12, 3, 543.0,668.0,-1
3, 13, 438.0,615.0,-1
13, 3, 438.0,615.0,-1
3, 14, 381.0,537.0,1
14, 3, 381.0,537.0,1
3, 15, 109.0,152.0,-1
15, 3, 109.0,152.0,-1
3, 16, 678.0,818.0,-1
16, 3, 678.0,818.0,-1
3, 3, 0.0,0.0,1
4, 5, 489.0,615.0,-1
5, 4, 489.0,615.0,-1
4, 6, 245.0,347.0,1
6, 4, 245.0,347.0,1
4, 7, 748.0,844.0,-1
7, 4, 748.0,844.0,-1
4, 8, 891.0,939.0,-1
8, 4, 891.0,939.0,-1
4, 9, 509.0,690.0,-1
9, 4, 509.0,690.0,-1
4, 10, 246.0,335.0,-1
10, 4, 246.0,335.0,-1
4, 11, 331.0,443.0,-1
11, 4, 331.0,443.0,-1
4, 12, 576.0,730.0,-1
12, 4, 576.0,730.0,-1
4, 13, 705.0,968.0,-1
13, 4, 705.0,968.0,-1
4, 14, 225.0,260.0,-1
14, 4, 225.0,260.0,-1
4, 15, 290.0,379.0,1
15, 4, 290.0,379.0,1
4, 16, 704.0,854.0,-1
16, 4, 704.0,854.0,-1
4, 4, 0.0,0.0,1
5, 6, 436.0,616.0,-1
6, 5, 436.0,616.0,-1
5, 7, 960.0,1251.0,-1
7, 5, 960.0,1251.0,-1
5, 8, 468.0,622.0,-1
8, 5, 468.0,622.0,-1
5, 9, 392.0,411.0,-1
9, 5, 392.0,411.0,-1
5, 10, 370.0,522.0,-1
10, 5, 370.0,522.0,-1
5, 11, 550.0,768.0,1
11, 5, 550.0,768.0,1
5, 12, 750.0,977.0,-1
12, 5, 750.0,977.0,-1
5, 13, 533.0,651.0,-1
13, 5, 533.0,651.0,-1
5, 14, 434.0,501.0,1
14, 5, 434.0,501.0,1
5, 15, 329.0,461.0,-1
15, 5, 329.0,461.0,-1
5, 16, 883.0,1127.0,-1
16, 5, 883.0,1127.0,-1
5, 5, 0.0,0.0,1
6, 7, 571.0,636.0,-1
7, 6, 571.0,636.0,-1
6, 8, 727.0,841.0,-1
8, 6, 727.0,841.0,-1
6, 9, 283.0,344.0,1
9, 6, 283.0,344.0,1
6, 10, 67.0,94.0,-1
10, 6, 67.0,94.0,-1
6, 11, 127.0,152.0,-1
11, 6, 127.0,152.0,-1
6, 12, 373.0,384.0,-1
12, 6, 373.0,384.0,-1
6, 13, 470.0,622.0,-1
13, 6, 470.0,622.0,-1
6, 14, 418.0,530.0,-1
14, 6, 418.0,530.0,-1
6, 15, 112.0,156.0,-1
15, 6, 112.0,156.0,-1
6, 16, 509.0,511.0,-1
16, 6, 509.0,511.0,-1
6, 6, 0.0,0.0,1
7, 8, 1046.0,1476.0,-1
8, 7, 1046.0,1476.0,-1
7, 9, 605.0,841.0,-1
9, 7, 605.0,841.0,-1
7, 10, 629.0,729.0,1
10, 7, 629.0,729.0,1
7, 11, 445.0,484.0,-1
11, 7, 445.0,484.0,-1
7, 12, 210.0,274.0,-1
12, 7, 210.0,274.0,-1
7, 13, 622.0,871.0,1
13, 7, 622.0,871.0,1
7, 14, 964.0,1028.0,-1
14, 7, 964.0,1028.0,-1
7, 15, 649.0,791.0,-1
15, 7, 649.0,791.0,-1
7, 16, 89.0,125.0,-1
16, 7, 89.0,125.0,-1
7, 7, 0.0,0.0,1
8, 9, 483.0,636.0,1
9, 8, 483.0,636.0,1
8, 10, 679.0,747.0,1
10, 8, 679.0,747.0,1
8, 11, 785.0,993.0,-1
11, 8, 785.0,993.0,-1
8, 12, 863.0,1202.0,1
12, 8, 863.0,1202.0,1
8, 13, 429.0,606.0,1
13, 8, 429.0,606.0,1
8, 14, 893.0,1122.0,-1
14, 8, 893.0,1122.0,-1
8, 15, 626.0,686.0,1
15, 8, 626.0,686.0,1
8, 16, 958.0,1352.0,-1
16, 8, 958.0,1352.0,-1
8, 8, 0.0,0.0,1
9, 10, 263.0,355.0,-1
10, 9, 263.0,355.0,-1
9, 11, 308.0,358.0,-1
11, 9, 308.0,358.0,-1
9, 12, 402.0,567.0,1
12, 9, 402.0,567.0,1
9, 13, 198.0,279.0,-1
13, 9, 198.0,279.0,-1
9, 14, 619.0,873.0,-1
14, 9, 619.0,873.0,-1
9, 15, 223.0,311.0,1
15, 9, 223.0,311.0,1
9, 16, 520.0,717.0,-1
16, 9, 520.0,717.0,-1
9, 9, 0.0,0.0,1
10, 11, 190.0,246.0,-1
11, 10, 190.0,246.0,-1
10, 12, 427.0,456.0,-1
12, 10, 427.0,456.0,-1
10, 13, 459.0,634.0,-1
13, 10, 459.0,634.0,-1
10, 14, 385.0,518.0,-1
14, 10, 385.0,518.0,-1
10, 15, 54.0,62.0,-1
15, 10, 54.0,62.0,-1
10, 16, 564.0,605.0,-1
16, 10, 564.0,605.0,-1
10, 10, 0.0,0.0,1
11, 12, 252.0,288.0,1
12, 11, 252.0,288.0,1
11, 13, 462.0,526.0,-1
13, 11, 462.0,526.0,-1
11, 14, 530.0,626.0,1
14, 11, 530.0,626.0,1
11, 15, 222.0,307.0,-1
15, 11, 222.0,307.0,-1
11, 16, 386.0,412.0,1
16, 11, 386.0,412.0,1
11, 11, 0.0,0.0,1
12, 13, 455.0,597.0,1
13, 12, 455.0,597.0,1
12, 14, 782.0,913.0,-1
14, 12, 782.0,913.0,-1
12, 15, 442.0,517.0,1
15, 12, 442.0,517.0,1
12, 16, 138.0,150.0,1
16, 12, 138.0,150.0,1
12, 12, 0.0,0.0,1
13, 14, 815.0,1151.0,1
14, 13, 815.0,1151.0,1
13, 15, 421.0,590.0,1
15, 13, 421.0,590.0,1
13, 16, 534.0,747.0,1
16, 13, 534.0,747.0,1
13, 13, 0.0,0.0,1
14, 15, 405.0,562.0,-1
15, 14, 405.0,562.0,-1
14, 16, 914.0,1037.0,-1
16, 14, 914.0,1037.0,-1
14, 14, 0.0,0.0,1
15, 16, 579.0,666.0,-1
16, 15, 579.0,666.0,-1
15, 15, 0.0,0.0,1
16, 16, 0.0,0.0,1


<end>