<number of nodes>
16

<ratio of available edges>
0.3

<max length of the drone flight>
100000 

<D 2/3>
1, 2, 3, 4, 6, 10, 11, 12, 14, 15, 16

<V>
2, 4, 10, 11, 14

<coordinates X,Y>
899.3039096168019, 201.01201708671357
994.9218085538724, 549.7143564630887
248.408327707974, 137.1730725131158
430.48412514559976, 149.79301869959275
938.1350793333571, 344.8120346925536
917.3722689359869, 819.682253895982
659.3380154350378, 863.8435929296111
961.1068966238421, 372.33719578288185
243.8298284323188, 600.9718317900929
175.69861582545084, 637.8691236843572
657.3587275174075, 203.04435367157086
809.0550039544005, 991.1951610956685
819.1329780551108, 549.0427922910795
152.5963630555639, 595.1849329345769
550.2140144822022, 853.7707453055843
676.4138172738327, 411.9062821739803

<adjacency matrix with truck distances>
1, 2, 362.0,445.0,-1
2, 1, 362.0,445.0,-1
1, 3, 655.0,715.0,-1
3, 1, 655.0,715.0,-1
1, 4, 472.0,521.0,-1
4, 1, 472.0,521.0,-1
1, 5, 149.0,183.0,1
5, 1, 149.0,183.0,1
1, 6, 619.0,637.0,-1
6, 1, 619.0,637.0,-1
1, 7, 705.0,903.0,1
7, 1, 705.0,903.0,1
1, 8, 183.0,234.0,-1
8, 1, 183.0,234.0,-1
1, 9, 768.0,1056.0,-1
9, 1, 768.0,1056.0,-1
1, 10, 846.0,1161.0,-1
10, 1, 846.0,1161.0,-1
1, 11, 242.0,244.0,-1
11, 1, 242.0,244.0,-1
1, 12, 796.0,881.0,-1
12, 1, 796.0,881.0,-1
1, 13, 358.0,429.0,-1
13, 1, 358.0,429.0,-1
1, 14, 845.0,1141.0,-1
14, 1, 845.0,1141.0,-1
1, 15, 741.0,1002.0,-1
15, 1, 741.0,1002.0,-1
1, 16, 307.0,434.0,-1
16, 1, 307.0,434.0,-1
1, 1, 0.0,0.0,1
2, 3, 853.0,1160.0,1
3, 2, 853.0,1160.0,1
2, 4, 692.0,965.0,1
4, 2, 692.0,965.0,1
2, 5, 213.0,262.0,1
5, 2, 213.0,262.0,1
2, 6, 281.0,348.0,-1
6, 2, 281.0,348.0,-1
2, 7, 460.0,650.0,-1
7, 2, 460.0,650.0,-1
2, 8, 181.0,212.0,-1
8, 2, 181.0,212.0,-1
2, 9, 753.0,803.0,1
9, 2, 753.0,803.0,1
2, 10, 824.0,908.0,-1
10, 2, 824.0,908.0,-1
2, 11, 484.0,685.0,-1
11, 2, 484.0,685.0,-1
2, 12, 480.0,628.0,1
12, 2, 480.0,628.0,1
2, 13, 176.0,177.0,-1
13, 2, 176.0,177.0,-1
2, 14, 844.0,888.0,1
14, 2, 844.0,888.0,1
2, 15, 539.0,749.0,-1
15, 2, 539.0,749.0,-1
2, 16, 348.0,457.0,1
16, 2, 348.0,457.0,1
2, 2, 0.0,0.0,1
3, 4, 183.0,195.0,1
4, 3, 183.0,195.0,1
3, 5, 721.0,898.0,1
5, 3, 721.0,898.0,1
3, 6, 956.0,1352.0,-1
6, 3, 956.0,1352.0,-1
3, 7, 835.0,1138.0,1
7, 3, 835.0,1138.0,1
3, 8, 751.0,948.0,-1
8, 3, 751.0,948.0,-1
3, 9, 464.0,469.0,-1
9, 3, 464.0,469.0,-1
3, 10, 506.0,574.0,-1
10, 3, 506.0,574.0,-1
3, 11, 415.0,475.0,-1
11, 3, 415.0,475.0,-1
3, 12, 1022.0,1415.0,-1
12, 3, 1022.0,1415.0,-1
3, 13, 704.0,983.0,-1
13, 3, 704.0,983.0,-1
3, 14, 468.0,554.0,-1
14, 3, 468.0,554.0,-1
3, 15, 778.0,1019.0,-1
15, 3, 778.0,1019.0,-1
3, 16, 509.0,703.0,-1
16, 3, 509.0,703.0,-1
3, 3, 0.0,0.0,1
4, 5, 544.0,703.0,1
5, 4, 544.0,703.0,1
4, 6, 829.0,1157.0,1
6, 4, 829.0,1157.0,1
4, 7, 750.0,943.0,1
7, 4, 750.0,943.0,1
4, 8, 576.0,754.0,-1
8, 4, 576.0,754.0,-1
4, 9, 489.0,638.0,1
9, 4, 489.0,638.0,1
4, 10, 551.0,743.0,-1
10, 4, 551.0,743.0,-1
4, 11, 234.0,281.0,-1
11, 4, 234.0,281.0,-1
4, 12, 923.0,1220.0,-1
12, 4, 923.0,1220.0,-1
4, 13, 558.0,788.0,1
13, 4, 558.0,788.0,1
4, 14, 525.0,724.0,1
14, 4, 525.0,724.0,1
4, 15, 715.0,824.0,-1
15, 4, 715.0,824.0,-1
4, 16, 360.0,509.0,-1
16, 4, 360.0,509.0,-1
4, 4, 0.0,0.0,1
5, 6, 476.0,496.0,-1
6, 5, 476.0,496.0,-1
5, 7, 590.0,798.0,-1
7, 5, 590.0,798.0,-1
5, 8, 36.0,51.0,-1
8, 5, 36.0,51.0,-1
5, 9, 741.0,951.0,1
9, 5, 741.0,951.0,1
5, 10, 817.0,1056.0,-1
10, 5, 817.0,1056.0,-1
5, 11, 315.0,423.0,-1
11, 5, 315.0,423.0,-1
5, 12, 660.0,776.0,-1
12, 5, 660.0,776.0,-1
5, 13, 237.0,324.0,-1
13, 5, 237.0,324.0,-1
5, 14, 825.0,1036.0,-1
14, 5, 825.0,1036.0,-1
5, 15, 640.0,897.0,1
15, 5, 640.0,897.0,1
5, 16, 271.0,329.0,-1
16, 5, 271.0,329.0,-1
5, 5, 0.0,0.0,1
6, 7, 262.0,303.0,-1
7, 6, 262.0,303.0,-1
6, 8, 450.0,492.0,1
8, 6, 450.0,492.0,1
6, 9, 709.0,893.0,1
9, 6, 709.0,893.0,1
6, 10, 764.0,924.0,-1
10, 6, 764.0,924.0,-1
6, 11, 670.0,877.0,1
11, 6, 670.0,877.0,1
6, 12, 203.0,280.0,-1
12, 6, 203.0,280.0,-1
6, 13, 288.0,369.0,-1
13, 6, 288.0,369.0,-1
6, 14, 798.0,990.0,1
14, 6, 798.0,990.0,1
6, 15, 369.0,402.0,-1
15, 6, 369.0,402.0,-1
6, 16, 474.0,649.0,-1
16, 6, 474.0,649.0,-1
6, 6, 0.0,0.0,1
7, 8, 577.0,794.0,-1
8, 7, 577.0,794.0,-1
7, 9, 492.0,679.0,1
9, 7, 492.0,679.0,1
7, 10, 534.0,710.0,-1
10, 7, 534.0,710.0,-1
7, 11, 661.0,663.0,-1
11, 7, 661.0,663.0,-1
7, 12, 197.0,278.0,-1
12, 7, 197.0,278.0,-1
7, 13, 354.0,475.0,-1
13, 7, 354.0,475.0,-1
7, 14, 574.0,776.0,-1
14, 7, 574.0,776.0,-1
7, 15, 110.0,120.0,-1
15, 7, 110.0,120.0,-1
7, 16, 453.0,470.0,1
16, 7, 453.0,470.0,1
7, 7, 0.0,0.0,1
8, 9, 753.0,946.0,-1
9, 8, 753.0,946.0,-1
8, 10, 830.0,1051.0,-1
10, 8, 830.0,1051.0,-1
8, 11, 348.0,474.0,1
11, 8, 348.0,474.0,1
8, 12, 638.0,771.0,-1
12, 8, 638.0,771.0,-1
8, 13, 227.0,319.0,-1
13, 8, 227.0,319.0,-1
8, 14, 839.0,1032.0,-1
14, 8, 839.0,1032.0,-1
8, 15, 633.0,893.0,-1
15, 8, 633.0,893.0,-1
8, 16, 288.0,325.0,1
16, 8, 288.0,325.0,1
8, 8, 0.0,0.0,1
9, 10, 78.0,106.0,1
10, 9, 78.0,106.0,1
9, 11, 574.0,812.0,-1
11, 9, 574.0,812.0,-1
9, 12, 687.0,956.0,-1
12, 9, 687.0,956.0,-1
9, 13, 578.0,628.0,1
13, 9, 578.0,628.0,1
9, 14, 92.0,98.0,-1
14, 9, 92.0,98.0,-1
9, 15, 398.0,560.0,-1
15, 9, 398.0,560.0,-1
9, 16, 473.0,622.0,-1
16, 9, 473.0,622.0,-1
9, 9, 0.0,0.0,1
10, 11, 649.0,917.0,-1
11, 10, 649.0,917.0,-1
10, 12, 726.0,987.0,-1
12, 10, 726.0,987.0,-1
10, 13, 650.0,733.0,-1
13, 10, 650.0,733.0,-1
10, 14, 49.0,66.0,-1
14, 10, 49.0,66.0,-1
10, 15, 433.0,591.0,-1
15, 10, 433.0,591.0,-1
10, 16, 550.0,727.0,1
16, 10, 550.0,727.0,1
10, 10, 0.0,0.0,1
11, 12, 803.0,940.0,-1
12, 11, 803.0,940.0,-1
11, 13, 382.0,508.0,1
13, 11, 382.0,508.0,1
11, 14, 640.0,897.0,-1
14, 11, 640.0,897.0,-1
11, 15, 660.0,758.0,1
15, 11, 660.0,758.0,1
11, 16, 210.0,228.0,1
16, 11, 210.0,228.0,1
11, 11, 0.0,0.0,1
12, 13, 443.0,453.0,-1
13, 12, 443.0,453.0,-1
12, 14, 767.0,1053.0,1
14, 12, 767.0,1053.0,1
12, 15, 294.0,397.0,1
15, 12, 294.0,397.0,1
12, 16, 595.0,712.0,-1
16, 12, 595.0,712.0,-1
12, 12, 0.0,0.0,1
13, 14, 669.0,713.0,-1
14, 13, 669.0,713.0,-1
13, 15, 407.0,574.0,-1
15, 13, 407.0,574.0,-1
13, 16, 198.0,280.0,-1
16, 13, 198.0,280.0,-1
13, 13, 0.0,0.0,1
14, 15, 475.0,657.0,-1
15, 14, 475.0,657.0,-1
14, 16, 555.0,708.0,-1
16, 14, 555.0,708.0,-1
14, 14, 0.0,0.0,1
15, 16, 460.0,569.0,-1
16, 15, 460.0,569.0,-1
15, 15, 0.0,0.0,1
16, 16, 0.0,0.0,1


<end>