<number of nodes>
16

<ratio of available edges>
0.3

<max length of the drone flight>
100000 

<D 2/3>
1, 4, 5, 7, 8, 9, 10, 12, 13, 14, 16

<V>
4, 8, 10, 12, 13

<coordinates X,Y>
260.5648899701767, 60.79629267141056
526.2966773004698, 227.46605902703268
339.16396141866187, 659.7822358553618
569.0453171659846, 158.58303568581243
643.1056805034481, 388.3880493258331
165.47740347756118, 883.7269678899115
383.51848236020174, 780.5528678337051
517.1306953523367, 164.95966309651382
914.0400675622631, 451.54666482526403
890.5992322004881, 697.9319764293036
482.6134430118879, 257.0493663340987
116.40175870144341, 967.790793658704
244.73395916855515, 116.4540561758963
486.557829686856, 260.11039430497163
650.8883514516766, 585.0776968932832
977.6110054460737, 124.66278202363189

<adjacency matrix with truck distances>
1, 2, 314.0,433.0,-1
2, 1, 314.0,433.0,-1
1, 3, 605.0,678.0,-1
3, 1, 605.0,678.0,-1
1, 4, 324.0,407.0,1
4, 1, 324.0,407.0,1
1, 5, 504.0,711.0,1
5, 1, 504.0,711.0,1
1, 6, 829.0,919.0,-1
6, 1, 829.0,919.0,-1
1, 7, 731.0,843.0,1
7, 1, 731.0,843.0,1
1, 8, 277.0,361.0,1
8, 1, 277.0,361.0,1
1, 9, 762.0,1045.0,-1
9, 1, 762.0,1045.0,-1
1, 10, 897.0,1268.0,1
10, 1, 897.0,1268.0,1
1, 11, 297.0,419.0,-1
11, 1, 297.0,419.0,-1
1, 12, 919.0,1052.0,1
12, 1, 919.0,1052.0,1
1, 13, 58.0,72.0,-1
13, 1, 58.0,72.0,-1
1, 14, 302.0,426.0,-1
14, 1, 302.0,426.0,-1
1, 15, 654.0,915.0,1
15, 1, 654.0,915.0,1
1, 16, 720.0,781.0,-1
16, 1, 720.0,781.0,-1
1, 1, 0.0,0.0,1
2, 3, 472.0,620.0,1
3, 2, 472.0,620.0,1
2, 4, 82.0,112.0,-1
4, 2, 82.0,112.0,-1
2, 5, 199.0,278.0,-1
5, 2, 199.0,278.0,-1
2, 6, 749.0,1018.0,-1
6, 2, 749.0,1018.0,-1
2, 7, 572.0,696.0,-1
7, 2, 572.0,696.0,-1
2, 8, 64.0,72.0,-1
8, 2, 64.0,72.0,-1
2, 9, 448.0,612.0,-1
9, 2, 448.0,612.0,-1
2, 10, 596.0,835.0,-1
10, 2, 596.0,835.0,-1
2, 11, 53.0,74.0,-1
11, 2, 53.0,74.0,-1
2, 12, 847.0,1151.0,1
12, 2, 847.0,1151.0,1
2, 13, 303.0,393.0,1
13, 2, 303.0,393.0,1
2, 14, 52.0,73.0,1
14, 2, 52.0,73.0,1
2, 15, 379.0,483.0,-1
15, 2, 379.0,483.0,-1
2, 16, 463.0,555.0,1
16, 2, 463.0,555.0,1
2, 2, 0.0,0.0,1
3, 4, 552.0,732.0,-1
4, 3, 552.0,732.0,-1
3, 5, 408.0,576.0,1
5, 3, 408.0,576.0,1
3, 6, 284.0,398.0,-1
6, 3, 284.0,398.0,-1
3, 7, 129.0,166.0,-1
7, 3, 129.0,166.0,-1
3, 8, 526.0,673.0,-1
8, 3, 526.0,673.0,-1
3, 9, 612.0,784.0,-1
9, 3, 612.0,784.0,-1
3, 10, 553.0,590.0,1
10, 3, 553.0,590.0,1
3, 11, 428.0,547.0,-1
11, 3, 428.0,547.0,-1
3, 12, 381.0,531.0,-1
12, 3, 381.0,531.0,-1
3, 13, 552.0,638.0,-1
13, 3, 552.0,638.0,-1
3, 14, 426.0,548.0,-1
14, 3, 426.0,548.0,-1
3, 15, 321.0,387.0,-1
15, 3, 321.0,387.0,-1
3, 16, 834.0,1174.0,-1
16, 3, 834.0,1174.0,-1
3, 3, 0.0,0.0,1
4, 5, 242.0,304.0,-1
5, 4, 242.0,304.0,-1
4, 6, 830.0,1129.0,-1
6, 4, 830.0,1129.0,-1
4, 7, 650.0,808.0,-1
7, 4, 650.0,808.0,-1
4, 8, 53.0,59.0,-1
8, 4, 53.0,59.0,-1
4, 9, 453.0,638.0,1
9, 4, 453.0,638.0,1
4, 10, 628.0,861.0,-1
10, 4, 628.0,861.0,-1
4, 11, 132.0,185.0,-1
11, 4, 132.0,185.0,-1
4, 12, 928.0,1262.0,1
12, 4, 928.0,1262.0,1
4, 13, 328.0,367.0,-1
13, 4, 328.0,367.0,-1
4, 14, 131.0,185.0,-1
14, 4, 131.0,185.0,-1
4, 15, 435.0,509.0,-1
15, 4, 435.0,509.0,-1
4, 16, 410.0,443.0,-1
16, 4, 410.0,443.0,-1
4, 4, 0.0,0.0,1
5, 6, 689.0,973.0,1
6, 5, 689.0,973.0,1
5, 7, 471.0,652.0,-1
7, 5, 471.0,652.0,-1
5, 8, 257.0,350.0,-1
8, 5, 257.0,350.0,-1
5, 9, 279.0,335.0,-1
9, 5, 279.0,335.0,-1
5, 10, 397.0,558.0,-1
10, 5, 397.0,558.0,-1
5, 11, 208.0,292.0,-1
11, 5, 208.0,292.0,-1
5, 12, 784.0,1107.0,-1
12, 5, 784.0,1107.0,-1
5, 13, 483.0,671.0,1
13, 5, 483.0,671.0,1
5, 14, 203.0,285.0,-1
14, 5, 203.0,285.0,-1
5, 15, 197.0,205.0,-1
15, 5, 197.0,205.0,-1
5, 16, 426.0,599.0,-1
16, 5, 426.0,599.0,-1
5, 5, 0.0,0.0,1
6, 7, 242.0,322.0,1
7, 6, 242.0,322.0,1
6, 8, 801.0,1071.0,-1
8, 6, 801.0,1071.0,-1
6, 9, 865.0,1181.0,1
9, 6, 865.0,1181.0,1
6, 10, 749.0,911.0,-1
10, 6, 749.0,911.0,-1
6, 11, 703.0,944.0,1
11, 6, 703.0,944.0,1
6, 12, 98.0,134.0,-1
12, 6, 98.0,134.0,-1
6, 13, 772.0,847.0,-1
13, 6, 772.0,847.0,-1
6, 14, 702.0,945.0,-1
14, 6, 702.0,945.0,-1
6, 15, 570.0,785.0,-1
15, 6, 570.0,785.0,-1
6, 16, 1112.0,1572.0,-1
16, 6, 1112.0,1572.0,-1
6, 6, 0.0,0.0,1
7, 8, 630.0,750.0,-1
8, 7, 630.0,750.0,-1
7, 9, 625.0,860.0,1
9, 7, 625.0,860.0,1
7, 10, 514.0,590.0,-1
10, 7, 514.0,590.0,-1
7, 11, 533.0,623.0,1
11, 7, 533.0,623.0,1
7, 12, 327.0,455.0,1
12, 7, 327.0,455.0,1
7, 13, 679.0,803.0,-1
13, 7, 679.0,803.0,-1
7, 14, 531.0,624.0,-1
14, 7, 531.0,624.0,-1
7, 15, 332.0,463.0,-1
15, 7, 332.0,463.0,-1
7, 16, 885.0,1250.0,-1
16, 7, 885.0,1250.0,-1
7, 7, 0.0,0.0,1
8, 9, 490.0,684.0,-1
9, 8, 490.0,684.0,-1
8, 10, 651.0,907.0,1
10, 8, 651.0,907.0,1
8, 11, 99.0,127.0,-1
11, 8, 99.0,127.0,-1
8, 12, 898.0,1204.0,-1
12, 8, 898.0,1204.0,-1
8, 13, 277.0,321.0,-1
13, 8, 277.0,321.0,-1
8, 14, 100.0,126.0,1
14, 8, 100.0,126.0,1
8, 15, 441.0,554.0,1
15, 8, 441.0,554.0,1
8, 16, 463.0,501.0,-1
16, 8, 463.0,501.0,-1
8, 8, 0.0,0.0,1
9, 10, 248.0,270.0,-1
10, 9, 248.0,270.0,-1
9, 11, 474.0,626.0,-1
11, 9, 474.0,626.0,-1
9, 12, 951.0,1314.0,-1
12, 9, 951.0,1314.0,-1
9, 13, 749.0,1005.0,-1
13, 9, 749.0,1005.0,-1
9, 14, 469.0,619.0,1
14, 9, 469.0,619.0,1
9, 15, 296.0,397.0,1
15, 9, 296.0,397.0,1
9, 16, 334.0,391.0,-1
16, 9, 334.0,391.0,-1
9, 9, 0.0,0.0,1
10, 11, 601.0,849.0,-1
11, 10, 601.0,849.0,-1
10, 12, 820.0,1045.0,-1
12, 10, 820.0,1045.0,-1
10, 13, 870.0,1228.0,-1
13, 10, 870.0,1228.0,-1
10, 14, 596.0,842.0,1
14, 10, 596.0,842.0,1
10, 15, 265.0,353.0,-1
15, 10, 265.0,353.0,-1
10, 16, 580.0,661.0,-1
16, 10, 580.0,661.0,-1
10, 10, 0.0,0.0,1
11, 12, 800.0,1077.0,1
12, 11, 800.0,1077.0,1
11, 13, 277.0,379.0,-1
13, 11, 277.0,379.0,-1
11, 14, 5.0,8.0,1
14, 11, 5.0,8.0,1
11, 15, 369.0,497.0,-1
15, 11, 369.0,497.0,-1
11, 16, 513.0,628.0,-1
16, 11, 513.0,628.0,-1
11, 11, 0.0,0.0,1
12, 13, 861.0,980.0,-1
13, 12, 861.0,980.0,-1
12, 14, 799.0,1078.0,-1
14, 12, 799.0,1078.0,-1
12, 15, 658.0,918.0,1
15, 12, 658.0,918.0,1
12, 16, 1206.0,1705.0,-1
16, 12, 1206.0,1705.0,-1
12, 12, 0.0,0.0,1
13, 14, 282.0,386.0,-1
14, 13, 282.0,386.0,-1
13, 15, 621.0,875.0,1
15, 13, 621.0,875.0,1
13, 16, 733.0,742.0,1
16, 13, 733.0,742.0,1
13, 13, 0.0,0.0,1
14, 15, 365.0,490.0,-1
15, 14, 365.0,490.0,-1
14, 16, 510.0,627.0,-1
16, 14, 510.0,627.0,-1
14, 14, 0.0,0.0,1
15, 16, 565.0,788.0,1
16, 15, 565.0,788.0,1
15, 15, 0.0,0.0,1
16, 16, 0.0,0.0,1


<end>