<number of nodes>
16

<ratio of available edges>
0.3

<max length of the drone flight>
100000 

<D 2/3>
1, 2, 5, 6, 8, 9, 11, 12, 13, 14, 15

<V>
5, 8, 11, 13, 14

<coordinates X,Y>
764.8103394025194, 147.69007526096848
173.7390703955494, 889.0131351130052
893.4699390997882, 549.6092581081308
75.73135015361787, 281.60939489434634
972.0445383508601, 651.041540228139
265.7208901290236, 257.4683941714315
454.43525497534677, 734.8899110294298
716.4751497522324, 838.0338852719303
164.66025259829618, 981.7338719491571
875.6768983088874, 171.72989281180907
125.89015206640867, 73.33081990782587
157.11168659153142, 49.12239318532918
826.9845876371294, 270.2292013796587
9.785573922410258, 604.2273305027558
118.57775551257431, 99.17704186565281
278.21498568387045, 881.9534457741514

<adjacency matrix with truck distances>
1, 2, 949.0,1333.0,1
2, 1, 949.0,1333.0,1
1, 3, 423.0,531.0,-1
3, 1, 423.0,531.0,-1
1, 4, 702.0,823.0,-1
4, 1, 702.0,823.0,-1
1, 5, 545.0,711.0,1
5, 1, 545.0,711.0,1
1, 6, 512.0,609.0,-1
6, 1, 512.0,609.0,-1
1, 7, 665.0,898.0,1
7, 1, 665.0,898.0,1
1, 8, 693.0,739.0,-1
8, 1, 693.0,739.0,-1
1, 9, 1028.0,1435.0,-1
9, 1, 1028.0,1435.0,-1
1, 10, 114.0,135.0,-1
10, 1, 114.0,135.0,-1
1, 11, 644.0,714.0,-1
11, 1, 644.0,714.0,-1
1, 12, 616.0,707.0,-1
12, 1, 616.0,707.0,-1
1, 13, 138.0,185.0,-1
13, 1, 138.0,185.0,-1
1, 14, 883.0,1212.0,1
14, 1, 883.0,1212.0,1
1, 15, 649.0,695.0,1
15, 1, 649.0,695.0,1
1, 16, 881.0,1221.0,-1
16, 1, 881.0,1221.0,-1
1, 1, 0.0,0.0,1
2, 3, 796.0,1060.0,-1
3, 2, 796.0,1060.0,-1
2, 4, 616.0,706.0,-1
4, 2, 616.0,706.0,-1
2, 5, 834.0,1037.0,-1
5, 2, 834.0,1037.0,-1
2, 6, 639.0,724.0,-1
6, 2, 639.0,724.0,-1
2, 7, 321.0,435.0,1
7, 2, 321.0,435.0,1
2, 8, 546.0,594.0,-1
8, 2, 546.0,594.0,-1
2, 9, 94.0,102.0,-1
9, 2, 94.0,102.0,-1
2, 10, 1004.0,1420.0,1
10, 2, 1004.0,1420.0,1
2, 11, 818.0,864.0,-1
11, 2, 818.0,864.0,-1
2, 12, 841.0,857.0,-1
12, 2, 841.0,857.0,-1
2, 13, 900.0,1273.0,-1
13, 2, 900.0,1273.0,-1
2, 14, 329.0,449.0,-1
14, 2, 329.0,449.0,-1
2, 15, 792.0,845.0,-1
15, 2, 792.0,845.0,-1
2, 16, 105.0,112.0,-1
16, 2, 105.0,112.0,-1
2, 2, 0.0,0.0,1
3, 4, 861.0,1086.0,-1
4, 3, 861.0,1086.0,-1
3, 5, 129.0,181.0,1
5, 3, 129.0,181.0,1
3, 6, 693.0,920.0,-1
6, 3, 693.0,920.0,-1
3, 7, 477.0,625.0,-1
7, 3, 477.0,625.0,-1
3, 8, 339.0,466.0,-1
8, 3, 339.0,466.0,-1
3, 9, 848.0,1161.0,1
9, 3, 848.0,1161.0,1
3, 10, 379.0,396.0,-1
10, 3, 379.0,396.0,-1
3, 11, 904.0,1244.0,-1
11, 3, 904.0,1244.0,-1
3, 12, 891.0,1237.0,-1
12, 3, 891.0,1237.0,-1
3, 13, 288.0,346.0,-1
13, 3, 288.0,346.0,-1
3, 14, 886.0,939.0,-1
14, 3, 886.0,939.0,-1
3, 15, 897.0,1226.0,-1
15, 3, 897.0,1226.0,-1
3, 16, 700.0,948.0,-1
16, 3, 700.0,948.0,-1
3, 3, 0.0,0.0,1
4, 5, 970.0,1266.0,-1
5, 4, 970.0,1266.0,-1
4, 6, 192.0,215.0,1
6, 4, 192.0,215.0,1
4, 7, 591.0,832.0,-1
7, 4, 591.0,832.0,-1
4, 8, 849.0,1198.0,1
8, 4, 849.0,1198.0,1
4, 9, 706.0,790.0,-1
9, 4, 706.0,790.0,-1
4, 10, 808.0,910.0,-1
10, 4, 808.0,910.0,-1
4, 11, 215.0,259.0,-1
11, 4, 215.0,259.0,-1
4, 12, 247.0,314.0,1
12, 4, 247.0,314.0,1
4, 13, 752.0,763.0,1
13, 4, 752.0,763.0,1
4, 14, 330.0,389.0,-1
14, 4, 330.0,389.0,-1
4, 15, 188.0,226.0,1
15, 4, 188.0,226.0,1
4, 16, 634.0,803.0,-1
16, 4, 634.0,803.0,-1
4, 4, 0.0,0.0,1
5, 6, 809.0,1100.0,-1
6, 5, 809.0,1100.0,-1
5, 7, 525.0,602.0,-1
7, 5, 525.0,602.0,-1
5, 8, 317.0,443.0,1
8, 5, 317.0,443.0,1
5, 9, 873.0,1139.0,-1
9, 5, 873.0,1139.0,-1
5, 10, 489.0,576.0,1
10, 5, 489.0,576.0,1
5, 11, 1025.0,1424.0,-1
11, 5, 1025.0,1424.0,-1
5, 12, 1014.0,1417.0,-1
12, 5, 1014.0,1417.0,-1
5, 13, 408.0,526.0,1
13, 5, 408.0,526.0,1
5, 14, 964.0,1010.0,-1
14, 5, 964.0,1010.0,-1
5, 15, 1017.0,1406.0,1
15, 5, 1017.0,1406.0,1
5, 16, 732.0,925.0,1
16, 5, 732.0,925.0,1
5, 5, 0.0,0.0,1
6, 7, 514.0,667.0,-1
7, 6, 514.0,667.0,-1
6, 8, 736.0,1032.0,1
8, 6, 736.0,1032.0,1
6, 9, 732.0,826.0,1
9, 6, 732.0,826.0,1
6, 10, 616.0,696.0,1
10, 6, 616.0,696.0,1
6, 11, 232.0,324.0,1
11, 6, 232.0,324.0,1
6, 12, 235.0,317.0,-1
12, 6, 235.0,317.0,-1
6, 13, 562.0,575.0,-1
13, 6, 562.0,575.0,-1
6, 14, 431.0,603.0,-1
14, 6, 431.0,603.0,-1
6, 15, 217.0,306.0,-1
15, 6, 217.0,306.0,-1
6, 16, 625.0,637.0,-1
16, 6, 625.0,637.0,-1
6, 6, 0.0,0.0,1
7, 8, 282.0,366.0,-1
8, 7, 282.0,366.0,-1
7, 9, 381.0,537.0,-1
9, 7, 381.0,537.0,-1
7, 10, 704.0,985.0,-1
10, 7, 704.0,985.0,-1
7, 11, 739.0,991.0,-1
11, 7, 739.0,991.0,-1
7, 12, 748.0,984.0,1
12, 7, 748.0,984.0,1
7, 13, 596.0,838.0,-1
13, 7, 596.0,838.0,-1
7, 14, 464.0,576.0,1
14, 7, 464.0,576.0,1
7, 15, 719.0,972.0,-1
15, 7, 719.0,972.0,-1
7, 16, 230.0,324.0,-1
16, 7, 230.0,324.0,-1
7, 7, 0.0,0.0,1
8, 9, 571.0,696.0,-1
9, 8, 571.0,696.0,-1
8, 10, 686.0,826.0,-1
10, 8, 686.0,826.0,-1
8, 11, 967.0,1356.0,-1
11, 8, 967.0,1356.0,-1
8, 12, 968.0,1349.0,1
12, 8, 968.0,1349.0,1
8, 13, 579.0,679.0,-1
13, 8, 579.0,679.0,-1
8, 14, 745.0,941.0,-1
14, 8, 745.0,941.0,-1
8, 15, 951.0,1337.0,-1
15, 8, 951.0,1337.0,-1
8, 16, 441.0,483.0,-1
16, 8, 441.0,483.0,-1
8, 8, 0.0,0.0,1
9, 10, 1078.0,1522.0,-1
10, 9, 1078.0,1522.0,-1
9, 11, 910.0,948.0,-1
11, 9, 910.0,948.0,-1
9, 12, 933.0,941.0,1
12, 9, 933.0,941.0,1
9, 13, 973.0,1374.0,-1
13, 9, 973.0,1374.0,-1
9, 14, 409.0,533.0,-1
14, 9, 409.0,533.0,-1
9, 15, 884.0,929.0,-1
15, 9, 884.0,929.0,-1
9, 16, 152.0,214.0,-1
16, 9, 152.0,214.0,-1
9, 9, 0.0,0.0,1
10, 11, 757.0,849.0,-1
11, 10, 757.0,849.0,-1
10, 12, 729.0,842.0,-1
12, 10, 729.0,842.0,-1
10, 13, 110.0,148.0,1
13, 10, 110.0,148.0,1
10, 14, 968.0,1299.0,-1
14, 10, 968.0,1299.0,-1
10, 15, 761.0,830.0,-1
15, 10, 761.0,830.0,-1
10, 16, 929.0,1308.0,-1
16, 10, 929.0,1308.0,-1
10, 10, 0.0,0.0,1
11, 12, 40.0,56.0,-1
12, 11, 40.0,56.0,-1
11, 13, 729.0,898.0,1
13, 11, 729.0,898.0,1
11, 14, 544.0,648.0,1
14, 11, 544.0,648.0,1
11, 15, 27.0,34.0,1
15, 11, 27.0,34.0,1
11, 16, 823.0,961.0,-1
16, 11, 823.0,961.0,-1
11, 11, 0.0,0.0,1
12, 13, 706.0,891.0,1
13, 12, 706.0,891.0,1
12, 14, 575.0,703.0,1
14, 12, 575.0,703.0,1
12, 15, 64.0,89.0,1
15, 12, 64.0,89.0,1
12, 16, 842.0,954.0,1
16, 12, 842.0,954.0,1
12, 12, 0.0,0.0,1
13, 14, 883.0,1152.0,-1
14, 13, 883.0,1152.0,-1
13, 15, 729.0,880.0,-1
15, 13, 729.0,880.0,-1
13, 16, 822.0,1161.0,-1
16, 13, 822.0,1161.0,-1
13, 13, 0.0,0.0,1
14, 15, 517.0,614.0,-1
15, 14, 517.0,614.0,-1
14, 16, 387.0,547.0,1
16, 14, 387.0,547.0,1
14, 14, 0.0,0.0,1
15, 16, 799.0,943.0,-1
16, 15, 799.0,943.0,-1
15, 15, 0.0,0.0,1
16, 16, 0.0,0.0,1


<end>