<number of nodes>
16

<ratio of available edges>
0.3

<max length of the drone flight>
100000 

<D 2/3>
1, 3, 4, 6, 7, 8, 10, 11, 14, 15, 16

<V>
7, 8, 10, 15, 16

<coordinates X,Y>
409.25292709415714, 777.766224685772
172.27792705000192, 600.415197278201
434.95620097776157, 549.7270264687008
388.2096555918221, 46.043940407224405
620.7277719063712, 799.6474170714691
697.3459884262195, 772.5489392352086
449.467032594771, 916.0276824456462
86.51097745430992, 351.60509252275864
690.1290585968218, 638.6782065562157
446.84688500786984, 934.5024082806516
110.37760188807837, 627.8753779421485
817.9195560370774, 274.46464423620614
62.58528952651255, 542.0267879220303
408.13202774608453, 563.6226813676942
630.6302346855695, 161.00345705427324
463.5935671625565, 346.7228780968198

<adjacency matrix with truck distances>
1, 2, 296.0,415.0,-1
2, 1, 296.0,415.0,-1
1, 3, 230.0,254.0,-1
3, 1, 230.0,254.0,-1
1, 4, 733.0,753.0,-1
4, 1, 733.0,753.0,-1
1, 5, 213.0,234.0,-1
5, 1, 213.0,234.0,-1
1, 6, 289.0,294.0,-1
6, 1, 289.0,294.0,-1
1, 7, 144.0,179.0,-1
7, 1, 144.0,179.0,-1
1, 8, 535.0,749.0,-1
8, 1, 535.0,749.0,-1
1, 9, 314.0,420.0,-1
9, 1, 314.0,420.0,-1
1, 10, 162.0,195.0,-1
10, 1, 162.0,195.0,-1
1, 11, 335.0,449.0,-1
11, 1, 335.0,449.0,-1
1, 12, 649.0,912.0,-1
12, 1, 649.0,912.0,-1
1, 13, 420.0,583.0,-1
13, 1, 420.0,583.0,-1
1, 14, 215.0,216.0,1
14, 1, 215.0,216.0,1
1, 15, 656.0,839.0,1
15, 1, 656.0,839.0,1
1, 16, 435.0,486.0,-1
16, 1, 435.0,486.0,-1
1, 1, 0.0,0.0,1
2, 3, 268.0,314.0,-1
3, 2, 268.0,314.0,-1
2, 4, 595.0,771.0,1
4, 2, 595.0,771.0,1
2, 5, 491.0,648.0,-1
5, 2, 491.0,648.0,-1
2, 6, 553.0,698.0,1
6, 2, 553.0,698.0,1
2, 7, 421.0,593.0,-1
7, 2, 421.0,593.0,-1
2, 8, 264.0,335.0,-1
8, 2, 264.0,335.0,-1
2, 9, 520.0,557.0,1
9, 2, 520.0,557.0,1
2, 10, 433.0,609.0,-1
10, 2, 433.0,609.0,-1
2, 11, 68.0,90.0,-1
11, 2, 68.0,90.0,-1
2, 12, 724.0,972.0,1
12, 2, 724.0,972.0,1
2, 13, 125.0,169.0,-1
13, 2, 125.0,169.0,-1
2, 14, 239.0,273.0,-1
14, 2, 239.0,273.0,-1
2, 15, 635.0,898.0,-1
15, 2, 635.0,898.0,-1
2, 16, 387.0,546.0,-1
16, 2, 387.0,546.0,-1
2, 2, 0.0,0.0,1
3, 4, 506.0,551.0,-1
4, 3, 506.0,551.0,-1
3, 5, 312.0,436.0,-1
5, 3, 312.0,436.0,-1
3, 6, 345.0,486.0,1
6, 3, 345.0,486.0,1
3, 7, 367.0,381.0,1
7, 3, 367.0,381.0,1
3, 8, 401.0,547.0,-1
8, 3, 401.0,547.0,-1
3, 9, 271.0,345.0,-1
9, 3, 271.0,345.0,-1
3, 10, 385.0,397.0,1
10, 3, 385.0,397.0,1
3, 11, 334.0,403.0,1
11, 3, 334.0,403.0,1
3, 12, 472.0,659.0,-1
12, 3, 472.0,659.0,-1
3, 13, 373.0,381.0,-1
13, 3, 373.0,381.0,-1
3, 14, 31.0,41.0,-1
14, 3, 31.0,41.0,-1
3, 15, 436.0,585.0,1
15, 3, 436.0,585.0,1
3, 16, 206.0,232.0,-1
16, 3, 206.0,232.0,-1
3, 3, 0.0,0.0,1
4, 5, 789.0,987.0,1
5, 4, 789.0,987.0,1
4, 6, 790.0,1036.0,-1
6, 4, 790.0,1036.0,-1
4, 7, 873.0,932.0,-1
7, 4, 873.0,932.0,-1
4, 8, 430.0,608.0,1
8, 4, 430.0,608.0,1
4, 9, 666.0,895.0,-1
9, 4, 666.0,895.0,-1
4, 10, 891.0,948.0,-1
10, 4, 891.0,948.0,-1
4, 11, 645.0,860.0,-1
11, 4, 645.0,860.0,-1
4, 12, 487.0,659.0,-1
12, 4, 487.0,659.0,-1
4, 13, 594.0,822.0,1
13, 4, 594.0,822.0,1
4, 14, 518.0,538.0,1
14, 4, 518.0,538.0,1
4, 15, 269.0,358.0,-1
15, 4, 269.0,358.0,-1
4, 16, 310.0,377.0,-1
16, 4, 310.0,377.0,-1
4, 4, 0.0,0.0,1
5, 6, 82.0,104.0,-1
6, 5, 82.0,104.0,-1
5, 7, 208.0,288.0,1
7, 5, 208.0,288.0,1
5, 8, 698.0,983.0,1
8, 5, 698.0,983.0,1
5, 9, 176.0,231.0,-1
9, 5, 176.0,231.0,-1
5, 10, 221.0,309.0,-1
10, 5, 221.0,309.0,-1
5, 11, 539.0,683.0,1
11, 5, 539.0,683.0,1
5, 12, 561.0,723.0,-1
12, 5, 561.0,723.0,-1
5, 13, 615.0,816.0,-1
13, 5, 615.0,816.0,-1
5, 14, 318.0,449.0,-1
14, 5, 318.0,449.0,-1
5, 15, 639.0,649.0,-1
15, 5, 639.0,649.0,-1
5, 16, 480.0,611.0,-1
16, 5, 480.0,611.0,-1
5, 5, 0.0,0.0,1
6, 7, 287.0,392.0,-1
7, 6, 287.0,392.0,-1
6, 8, 742.0,1032.0,-1
8, 6, 742.0,1032.0,-1
6, 9, 135.0,142.0,-1
9, 6, 135.0,142.0,-1
6, 10, 299.0,413.0,-1
10, 6, 299.0,413.0,-1
6, 11, 605.0,732.0,1
11, 6, 605.0,732.0,1
6, 12, 513.0,619.0,-1
12, 6, 513.0,619.0,-1
6, 13, 676.0,866.0,-1
13, 6, 676.0,866.0,-1
6, 14, 357.0,499.0,-1
14, 6, 357.0,499.0,-1
6, 15, 616.0,679.0,-1
15, 6, 616.0,679.0,-1
6, 16, 486.0,660.0,-1
16, 6, 486.0,660.0,-1
6, 6, 0.0,0.0,1
7, 8, 672.0,928.0,1
8, 7, 672.0,928.0,1
7, 9, 368.0,519.0,-1
9, 7, 368.0,519.0,-1
7, 10, 19.0,22.0,1
10, 7, 19.0,22.0,1
7, 11, 445.0,628.0,-1
11, 7, 445.0,628.0,-1
7, 12, 740.0,1011.0,-1
12, 7, 740.0,1011.0,-1
7, 13, 539.0,761.0,1
13, 7, 539.0,761.0,1
7, 14, 355.0,394.0,-1
14, 7, 355.0,394.0,-1
7, 15, 777.0,937.0,1
15, 7, 777.0,937.0,1
7, 16, 570.0,584.0,-1
16, 7, 570.0,584.0,-1
7, 7, 0.0,0.0,1
8, 9, 669.0,891.0,1
9, 8, 669.0,891.0,1
8, 10, 686.0,944.0,-1
10, 8, 686.0,944.0,-1
8, 11, 278.0,301.0,-1
11, 8, 278.0,301.0,-1
8, 12, 736.0,809.0,1
12, 8, 736.0,809.0,1
8, 13, 192.0,215.0,-1
13, 8, 192.0,215.0,-1
8, 14, 386.0,534.0,1
14, 8, 386.0,534.0,1
8, 15, 577.0,735.0,-1
15, 8, 577.0,735.0,-1
8, 16, 378.0,382.0,1
16, 8, 378.0,382.0,1
8, 8, 0.0,0.0,1
9, 10, 384.0,540.0,-1
10, 9, 384.0,540.0,-1
9, 11, 580.0,591.0,-1
11, 9, 580.0,591.0,-1
9, 12, 386.0,493.0,1
12, 9, 386.0,493.0,1
9, 13, 635.0,725.0,1
13, 9, 635.0,725.0,1
9, 14, 292.0,358.0,-1
14, 9, 292.0,358.0,-1
9, 15, 482.0,538.0,-1
15, 9, 482.0,538.0,-1
9, 16, 370.0,519.0,-1
16, 9, 370.0,519.0,-1
9, 9, 0.0,0.0,1
10, 11, 456.0,644.0,1
11, 10, 456.0,644.0,1
10, 12, 758.0,1032.0,-1
12, 10, 758.0,1032.0,-1
10, 13, 550.0,777.0,-1
13, 10, 550.0,777.0,-1
10, 14, 373.0,410.0,1
14, 10, 373.0,410.0,1
10, 15, 796.0,958.0,1
15, 10, 796.0,958.0,1
10, 16, 589.0,605.0,-1
16, 10, 589.0,605.0,-1
10, 10, 0.0,0.0,1
11, 12, 791.0,1061.0,-1
12, 11, 791.0,1061.0,-1
11, 13, 99.0,134.0,1
13, 11, 99.0,134.0,1
11, 14, 305.0,363.0,-1
14, 11, 305.0,363.0,-1
11, 15, 700.0,988.0,-1
15, 11, 700.0,988.0,-1
11, 16, 452.0,635.0,-1
16, 11, 452.0,635.0,-1
11, 11, 0.0,0.0,1
12, 13, 802.0,1023.0,-1
13, 12, 802.0,1023.0,-1
12, 14, 502.0,699.0,-1
14, 12, 502.0,699.0,-1
12, 15, 219.0,301.0,-1
15, 12, 219.0,301.0,-1
12, 16, 362.0,427.0,-1
16, 12, 362.0,427.0,-1
12, 12, 0.0,0.0,1
13, 14, 347.0,368.0,1
14, 13, 347.0,368.0,1
13, 15, 684.0,950.0,-1
15, 13, 684.0,950.0,-1
13, 16, 447.0,597.0,1
16, 13, 447.0,597.0,1
13, 13, 0.0,0.0,1
14, 15, 461.0,626.0,-1
15, 14, 461.0,626.0,-1
14, 16, 224.0,273.0,1
16, 14, 224.0,273.0,1
14, 14, 0.0,0.0,1
15, 16, 250.0,353.0,-1
16, 15, 250.0,353.0,-1
15, 15, 0.0,0.0,1
16, 16, 0.0,0.0,1


<end>