<number of nodes>
16

<ratio of available edges>
0.3

<max length of the drone flight>
100000 

<D 2/3>
1, 2, 4, 5, 6, 7, 9, 10, 11, 14, 15

<V>
2, 5, 7, 9, 10

<coordinates X,Y>
549.0572154000766, 965.8548618650002
504.0124705269819, 182.93969632015398
304.5872030017751, 30.958585697245297
373.1873732893552, 66.76340365686296
334.64980251380894, 984.0629528404316
278.47688012911857, 322.7574085689323
346.2191443729048, 694.5329870450446
183.88407875726548, 456.6695574482814
3.880399805749364, 130.70778647954063
119.89282179721344, 47.166294216738144
223.03875643436677, 436.1579017502705
219.07456265562595, 297.359410222398
236.3481579749703, 670.7477709085802
515.6367159190803, 353.97893898246906
735.7471547358572, 643.348726654379
590.4108731838629, 663.2866344613932

<adjacency matrix with truck distances>
1, 2, 785.0,828.0,-1
2, 1, 785.0,828.0,-1
1, 3, 967.0,1180.0,-1
3, 1, 967.0,1180.0,-1
1, 4, 917.0,1075.0,-1
4, 1, 917.0,1075.0,-1
1, 5, 216.0,233.0,-1
5, 1, 216.0,233.0,-1
1, 6, 698.0,914.0,-1
6, 1, 698.0,914.0,-1
1, 7, 339.0,475.0,-1
7, 1, 339.0,475.0,-1
1, 8, 627.0,875.0,1
8, 1, 627.0,875.0,1
1, 9, 998.0,1381.0,1
9, 1, 998.0,1381.0,1
1, 10, 1014.0,1348.0,-1
10, 1, 1014.0,1348.0,-1
1, 11, 622.0,856.0,-1
11, 1, 622.0,856.0,-1
1, 12, 746.0,999.0,-1
12, 1, 746.0,999.0,-1
1, 13, 430.0,608.0,1
13, 1, 430.0,608.0,1
1, 14, 613.0,646.0,-1
14, 1, 613.0,646.0,-1
1, 15, 373.0,510.0,1
15, 1, 373.0,510.0,1
1, 16, 306.0,344.0,-1
16, 1, 306.0,344.0,-1
1, 1, 0.0,0.0,1
2, 3, 251.0,352.0,-1
3, 2, 251.0,352.0,-1
2, 4, 175.0,248.0,-1
4, 2, 175.0,248.0,-1
2, 5, 819.0,971.0,-1
5, 2, 819.0,971.0,-1
2, 6, 266.0,366.0,1
6, 2, 266.0,366.0,1
2, 7, 536.0,670.0,-1
7, 2, 536.0,670.0,-1
2, 8, 422.0,594.0,-1
8, 2, 422.0,594.0,-1
2, 9, 503.0,553.0,1
9, 2, 503.0,553.0,1
2, 10, 408.0,520.0,-1
10, 2, 408.0,520.0,-1
2, 11, 379.0,535.0,-1
11, 2, 379.0,535.0,-1
2, 12, 308.0,400.0,1
12, 2, 308.0,400.0,1
2, 13, 557.0,756.0,1
13, 2, 557.0,756.0,1
2, 14, 172.0,183.0,-1
14, 2, 172.0,183.0,-1
2, 15, 516.0,693.0,1
15, 2, 516.0,693.0,1
2, 16, 489.0,567.0,1
16, 2, 489.0,567.0,1
2, 2, 0.0,0.0,1
3, 4, 78.0,105.0,-1
4, 3, 78.0,105.0,-1
3, 5, 954.0,984.0,-1
5, 3, 954.0,984.0,-1
3, 6, 293.0,318.0,-1
6, 3, 293.0,318.0,-1
3, 7, 665.0,706.0,1
7, 3, 665.0,706.0,1
3, 8, 443.0,547.0,-1
8, 3, 443.0,547.0,-1
3, 9, 317.0,401.0,-1
9, 3, 317.0,401.0,-1
3, 10, 186.0,201.0,-1
10, 3, 186.0,201.0,-1
3, 11, 414.0,487.0,1
11, 3, 414.0,487.0,1
3, 12, 280.0,352.0,-1
12, 3, 280.0,352.0,-1
3, 13, 644.0,709.0,-1
13, 3, 644.0,709.0,-1
3, 14, 386.0,535.0,-1
14, 3, 386.0,535.0,-1
3, 15, 749.0,1044.0,-1
15, 3, 749.0,1044.0,-1
3, 16, 694.0,919.0,-1
16, 3, 694.0,919.0,-1
3, 3, 0.0,0.0,1
4, 5, 919.0,956.0,1
5, 4, 919.0,956.0,1
4, 6, 273.0,351.0,-1
6, 4, 273.0,351.0,-1
4, 7, 629.0,655.0,-1
7, 4, 629.0,655.0,-1
4, 8, 434.0,580.0,-1
8, 4, 434.0,580.0,-1
4, 9, 375.0,434.0,-1
9, 4, 375.0,434.0,-1
4, 10, 255.0,273.0,-1
10, 4, 255.0,273.0,-1
4, 11, 399.0,520.0,-1
11, 4, 399.0,520.0,-1
4, 12, 278.0,385.0,1
12, 4, 278.0,385.0,1
4, 13, 620.0,741.0,-1
13, 4, 620.0,741.0,-1
4, 14, 321.0,430.0,1
14, 4, 321.0,430.0,1
4, 15, 682.0,940.0,-1
15, 4, 682.0,940.0,-1
4, 16, 635.0,814.0,-1
16, 4, 635.0,814.0,-1
4, 4, 0.0,0.0,1
5, 6, 664.0,718.0,-1
6, 5, 664.0,718.0,-1
5, 7, 290.0,302.0,-1
7, 5, 290.0,302.0,-1
5, 8, 549.0,679.0,-1
8, 5, 549.0,679.0,-1
5, 9, 916.0,1185.0,-1
9, 5, 916.0,1185.0,-1
5, 10, 962.0,1152.0,1
10, 5, 962.0,1152.0,1
5, 11, 560.0,660.0,-1
11, 5, 560.0,660.0,-1
5, 12, 697.0,803.0,1
12, 5, 697.0,803.0,1
5, 13, 329.0,412.0,1
13, 5, 329.0,412.0,1
5, 14, 656.0,812.0,1
14, 5, 656.0,812.0,1
5, 15, 527.0,742.0,-1
15, 5, 527.0,742.0,-1
5, 16, 411.0,577.0,-1
16, 5, 411.0,577.0,-1
5, 5, 0.0,0.0,1
6, 7, 378.0,440.0,-1
7, 6, 378.0,440.0,-1
6, 8, 164.0,229.0,1
8, 6, 164.0,229.0,1
6, 9, 336.0,467.0,-1
9, 6, 336.0,467.0,-1
6, 10, 318.0,435.0,-1
10, 6, 318.0,435.0,-1
6, 11, 127.0,169.0,1
11, 6, 127.0,169.0,1
6, 12, 65.0,85.0,-1
12, 6, 65.0,85.0,-1
6, 13, 351.0,391.0,-1
13, 6, 351.0,391.0,-1
6, 14, 240.0,269.0,-1
14, 6, 240.0,269.0,-1
6, 15, 559.0,778.0,-1
15, 6, 559.0,778.0,-1
6, 16, 462.0,653.0,-1
16, 6, 462.0,653.0,-1
6, 6, 0.0,0.0,1
7, 8, 288.0,401.0,-1
8, 7, 288.0,401.0,-1
7, 9, 660.0,907.0,-1
9, 7, 660.0,907.0,-1
7, 10, 686.0,874.0,-1
10, 7, 686.0,874.0,-1
7, 11, 287.0,382.0,1
11, 7, 287.0,382.0,1
7, 12, 418.0,525.0,-1
12, 7, 418.0,525.0,-1
7, 13, 113.0,134.0,-1
13, 7, 113.0,134.0,-1
7, 14, 381.0,510.0,-1
14, 7, 381.0,510.0,-1
7, 15, 393.0,441.0,1
15, 7, 393.0,441.0,1
7, 16, 247.0,276.0,-1
16, 7, 247.0,276.0,-1
7, 7, 0.0,0.0,1
8, 9, 373.0,506.0,-1
9, 8, 373.0,506.0,-1
8, 10, 415.0,474.0,-1
10, 8, 415.0,474.0,-1
8, 11, 45.0,60.0,-1
11, 8, 45.0,60.0,-1
8, 12, 164.0,195.0,-1
12, 8, 164.0,195.0,-1
8, 13, 221.0,267.0,-1
13, 8, 221.0,267.0,-1
8, 14, 348.0,435.0,-1
14, 8, 348.0,435.0,-1
8, 15, 583.0,739.0,-1
15, 8, 583.0,739.0,-1
8, 16, 457.0,614.0,1
16, 8, 457.0,614.0,1
8, 8, 0.0,0.0,1
9, 10, 143.0,200.0,-1
10, 9, 143.0,200.0,-1
9, 11, 376.0,525.0,-1
11, 9, 376.0,525.0,-1
9, 12, 273.0,382.0,-1
12, 9, 273.0,382.0,-1
9, 13, 588.0,773.0,-1
13, 9, 588.0,773.0,-1
9, 14, 559.0,736.0,-1
14, 9, 559.0,736.0,-1
9, 15, 894.0,1245.0,-1
15, 9, 894.0,1245.0,-1
9, 16, 793.0,1120.0,1
16, 9, 793.0,1120.0,1
9, 9, 0.0,0.0,1
10, 11, 403.0,493.0,1
11, 10, 403.0,493.0,1
10, 12, 270.0,350.0,1
12, 10, 270.0,350.0,1
10, 13, 635.0,741.0,-1
13, 10, 635.0,741.0,-1
10, 14, 501.0,703.0,1
14, 10, 501.0,703.0,1
10, 15, 858.0,1213.0,1
15, 10, 858.0,1213.0,1
10, 16, 776.0,1087.0,-1
16, 10, 776.0,1087.0,-1
10, 10, 0.0,0.0,1
11, 12, 139.0,143.0,1
12, 11, 139.0,143.0,1
11, 13, 235.0,248.0,1
13, 11, 235.0,248.0,1
11, 14, 304.0,375.0,-1
14, 11, 304.0,375.0,-1
11, 15, 553.0,720.0,-1
15, 11, 553.0,720.0,-1
11, 16, 432.0,595.0,-1
16, 11, 432.0,595.0,-1
11, 11, 0.0,0.0,1
12, 13, 374.0,391.0,1
13, 12, 374.0,391.0,1
12, 14, 302.0,354.0,1
14, 12, 302.0,354.0,1
12, 15, 622.0,863.0,-1
15, 12, 622.0,863.0,-1
12, 16, 522.0,738.0,-1
16, 12, 522.0,738.0,-1
12, 12, 0.0,0.0,1
13, 14, 423.0,597.0,-1
14, 13, 423.0,597.0,-1
13, 15, 501.0,527.0,1
15, 13, 501.0,527.0,1
13, 16, 355.0,362.0,1
16, 13, 355.0,362.0,1
13, 13, 0.0,0.0,1
14, 15, 364.0,510.0,-1
15, 14, 364.0,510.0,-1
14, 16, 319.0,385.0,-1
16, 14, 319.0,385.0,-1
14, 14, 0.0,0.0,1
15, 16, 147.0,166.0,1
16, 15, 147.0,166.0,1
15, 15, 0.0,0.0,1
16, 16, 0.0,0.0,1


<end>