<number of nodes>
16

<ratio of available edges>
0.3

<max length of the drone flight>
100000 

<D 2/3>
1, 3, 4, 6, 7, 8, 9, 12, 13, 14, 15

<V>
4, 6, 8, 14, 15

<coordinates X,Y>
46.93369641361904, 545.9950703839203
221.55291327120517, 507.585705261703
394.04882734767745, 668.0323921523578
535.9392209042903, 716.0279911958734
483.81130661436725, 168.235403947965
528.5429738746161, 782.2479169903355
768.1386535554276, 159.0424470341064
559.4143026555779, 485.0635580137072
698.5528313112567, 710.7222386391328
856.972524609511, 210.4951258492177
284.54501357076595, 139.44309049118598
318.8807646927106, 374.37956271679366
832.5120246958317, 332.8228275866552
179.7961719401175, 941.4279836255502
314.0183784268258, 267.41907650700733
733.425068492576, 296.849535146734

<adjacency matrix with truck distances>
1, 2, 179.0,214.0,1
2, 1, 179.0,214.0,1
1, 3, 368.0,470.0,-1
3, 1, 368.0,470.0,-1
1, 4, 518.0,660.0,-1
4, 1, 518.0,660.0,-1
1, 5, 578.0,815.0,-1
5, 1, 578.0,815.0,-1
1, 6, 537.0,718.0,-1
6, 1, 537.0,718.0,-1
1, 7, 819.0,1109.0,-1
7, 1, 819.0,1109.0,-1
1, 8, 517.0,574.0,1
8, 1, 517.0,574.0,1
1, 9, 673.0,817.0,-1
9, 1, 673.0,817.0,-1
1, 10, 877.0,1146.0,1
10, 1, 877.0,1146.0,1
1, 11, 471.0,645.0,-1
11, 1, 471.0,645.0,-1
1, 12, 322.0,444.0,-1
12, 1, 322.0,444.0,-1
1, 13, 814.0,999.0,-1
13, 1, 814.0,999.0,-1
1, 14, 418.0,529.0,-1
14, 1, 418.0,529.0,-1
1, 15, 386.0,546.0,-1
15, 1, 386.0,546.0,-1
1, 16, 731.0,936.0,-1
16, 1, 731.0,936.0,-1
1, 1, 0.0,0.0,1
2, 3, 236.0,333.0,-1
3, 2, 236.0,333.0,-1
2, 4, 378.0,523.0,-1
4, 2, 378.0,523.0,-1
2, 5, 429.0,602.0,-1
5, 2, 429.0,602.0,-1
2, 6, 412.0,582.0,1
6, 2, 412.0,582.0,1
2, 7, 649.0,896.0,-1
7, 2, 649.0,896.0,-1
2, 8, 339.0,361.0,-1
8, 2, 339.0,361.0,-1
2, 9, 519.0,681.0,1
9, 2, 519.0,681.0,1
2, 10, 702.0,933.0,-1
10, 2, 702.0,933.0,-1
2, 11, 374.0,432.0,-1
11, 2, 374.0,432.0,-1
2, 12, 165.0,231.0,1
12, 2, 165.0,231.0,1
2, 13, 636.0,786.0,-1
13, 2, 636.0,786.0,-1
2, 14, 436.0,476.0,-1
14, 2, 436.0,476.0,-1
2, 15, 258.0,333.0,1
15, 2, 258.0,333.0,1
2, 16, 554.0,723.0,-1
16, 2, 554.0,723.0,-1
2, 2, 0.0,0.0,1
3, 4, 150.0,190.0,-1
4, 3, 150.0,190.0,-1
3, 5, 508.0,590.0,-1
5, 3, 508.0,590.0,-1
3, 6, 177.0,249.0,1
6, 3, 177.0,249.0,1
3, 7, 632.0,884.0,-1
7, 3, 632.0,884.0,-1
3, 8, 247.0,349.0,1
8, 3, 247.0,349.0,1
3, 9, 308.0,348.0,-1
9, 3, 308.0,348.0,-1
3, 10, 651.0,921.0,1
10, 3, 651.0,921.0,1
3, 11, 540.0,639.0,-1
11, 3, 540.0,639.0,-1
3, 12, 304.0,369.0,-1
12, 3, 304.0,369.0,-1
3, 13, 552.0,774.0,1
13, 3, 552.0,774.0,1
3, 14, 348.0,488.0,-1
14, 3, 348.0,488.0,-1
3, 15, 409.0,481.0,-1
15, 3, 409.0,481.0,-1
3, 16, 503.0,711.0,-1
16, 3, 503.0,711.0,-1
3, 3, 0.0,0.0,1
4, 5, 551.0,600.0,-1
5, 4, 551.0,600.0,-1
4, 6, 67.0,74.0,-1
6, 4, 67.0,74.0,-1
4, 7, 604.0,790.0,-1
7, 4, 604.0,790.0,-1
4, 8, 233.0,255.0,-1
8, 4, 233.0,255.0,-1
4, 9, 163.0,168.0,-1
9, 4, 163.0,168.0,-1
4, 10, 599.0,827.0,1
10, 4, 599.0,827.0,1
4, 11, 630.0,828.0,-1
11, 4, 630.0,828.0,-1
4, 12, 405.0,559.0,1
12, 4, 405.0,559.0,1
4, 13, 485.0,680.0,-1
13, 4, 485.0,680.0,-1
4, 14, 422.0,582.0,1
14, 4, 422.0,582.0,1
4, 15, 501.0,671.0,-1
15, 4, 501.0,671.0,-1
4, 16, 464.0,617.0,1
16, 4, 464.0,617.0,1
4, 4, 0.0,0.0,1
5, 6, 616.0,659.0,1
6, 5, 616.0,659.0,1
5, 7, 285.0,294.0,1
7, 5, 285.0,294.0,1
5, 8, 326.0,393.0,1
8, 5, 326.0,393.0,1
5, 9, 584.0,758.0,1
9, 5, 584.0,758.0,1
5, 10, 376.0,416.0,-1
10, 5, 376.0,416.0,-1
5, 11, 202.0,229.0,1
11, 5, 202.0,229.0,1
5, 12, 265.0,372.0,-1
12, 5, 265.0,372.0,-1
5, 13, 386.0,514.0,1
13, 5, 386.0,514.0,1
5, 14, 831.0,1078.0,-1
14, 5, 831.0,1078.0,-1
5, 15, 197.0,269.0,1
15, 5, 197.0,269.0,1
5, 16, 281.0,379.0,1
16, 5, 281.0,379.0,1
5, 5, 0.0,0.0,1
6, 7, 668.0,863.0,1
7, 6, 668.0,863.0,1
6, 8, 299.0,329.0,-1
8, 6, 299.0,329.0,-1
6, 9, 185.0,242.0,1
9, 6, 185.0,242.0,1
6, 10, 660.0,901.0,1
10, 6, 660.0,901.0,1
6, 11, 688.0,887.0,-1
11, 6, 688.0,887.0,-1
6, 12, 459.0,618.0,-1
12, 6, 459.0,618.0,-1
6, 13, 543.0,754.0,-1
13, 6, 543.0,754.0,-1
6, 14, 384.0,508.0,-1
14, 6, 384.0,508.0,-1
6, 15, 558.0,730.0,-1
15, 6, 558.0,730.0,-1
6, 16, 527.0,691.0,-1
16, 6, 527.0,691.0,-1
6, 6, 0.0,0.0,1
7, 8, 388.0,535.0,1
8, 7, 388.0,535.0,1
7, 9, 557.0,622.0,-1
9, 7, 557.0,622.0,-1
7, 10, 103.0,141.0,-1
10, 7, 103.0,141.0,-1
7, 11, 484.0,504.0,-1
11, 7, 484.0,504.0,-1
7, 12, 499.0,665.0,-1
12, 7, 499.0,665.0,-1
7, 13, 186.0,239.0,-1
13, 7, 186.0,239.0,-1
7, 14, 979.0,1371.0,-1
14, 7, 979.0,1371.0,-1
7, 15, 467.0,563.0,-1
15, 7, 467.0,563.0,-1
7, 16, 143.0,173.0,-1
16, 7, 143.0,173.0,-1
7, 7, 0.0,0.0,1
8, 9, 266.0,365.0,-1
9, 8, 266.0,365.0,-1
8, 10, 405.0,573.0,-1
10, 8, 405.0,573.0,-1
8, 11, 442.0,621.0,-1
11, 8, 442.0,621.0,-1
8, 12, 265.0,352.0,-1
12, 8, 265.0,352.0,-1
8, 13, 313.0,426.0,-1
13, 8, 313.0,426.0,-1
8, 14, 594.0,836.0,-1
14, 8, 594.0,836.0,-1
8, 15, 329.0,464.0,1
15, 8, 329.0,464.0,1
8, 16, 257.0,363.0,-1
16, 8, 257.0,363.0,-1
8, 8, 0.0,0.0,1
9, 10, 525.0,659.0,-1
10, 9, 525.0,659.0,-1
9, 11, 706.0,986.0,1
11, 9, 706.0,986.0,1
9, 12, 508.0,717.0,-1
12, 9, 508.0,717.0,-1
9, 13, 401.0,512.0,-1
13, 9, 401.0,512.0,-1
9, 14, 568.0,750.0,1
14, 9, 568.0,750.0,1
9, 15, 587.0,828.0,1
15, 9, 587.0,828.0,1
9, 16, 416.0,449.0,-1
16, 9, 416.0,449.0,-1
9, 9, 0.0,0.0,1
10, 11, 577.0,644.0,1
11, 10, 577.0,644.0,1
10, 12, 563.0,702.0,-1
12, 10, 563.0,702.0,-1
10, 13, 125.0,147.0,-1
13, 10, 125.0,147.0,-1
10, 14, 997.0,1409.0,-1
14, 10, 997.0,1409.0,-1
10, 15, 546.0,600.0,1
15, 10, 546.0,600.0,1
10, 16, 151.0,210.0,-1
16, 10, 151.0,210.0,-1
10, 10, 0.0,0.0,1
11, 12, 238.0,270.0,1
12, 11, 238.0,270.0,1
11, 13, 582.0,742.0,-1
13, 11, 582.0,742.0,-1
11, 14, 809.0,907.0,-1
14, 11, 809.0,907.0,-1
11, 15, 132.0,158.0,-1
15, 11, 132.0,158.0,-1
11, 16, 476.0,607.0,-1
16, 11, 476.0,607.0,-1
11, 11, 0.0,0.0,1
12, 13, 516.0,556.0,-1
13, 12, 516.0,556.0,-1
12, 14, 584.0,707.0,-1
14, 12, 584.0,707.0,-1
12, 15, 108.0,112.0,-1
15, 12, 108.0,112.0,-1
12, 16, 422.0,493.0,1
16, 12, 422.0,493.0,1
12, 12, 0.0,0.0,1
13, 14, 893.0,1262.0,-1
14, 13, 893.0,1262.0,-1
13, 15, 523.0,584.0,-1
15, 13, 523.0,584.0,-1
13, 16, 106.0,136.0,-1
16, 13, 106.0,136.0,-1
13, 13, 0.0,0.0,1
14, 15, 688.0,809.0,-1
15, 14, 688.0,809.0,-1
14, 16, 850.0,1199.0,-1
16, 14, 850.0,1199.0,-1
14, 14, 0.0,0.0,1
15, 16, 421.0,449.0,1
16, 15, 421.0,449.0,1
15, 15, 0.0,0.0,1
16, 16, 0.0,0.0,1


<end>