<number of nodes>
16

<ratio of available edges>
0.3

<max length of the drone flight>
100000 

<D 2/3>
1, 2, 5, 6, 8, 10, 11, 12, 14, 15, 16

<V>
2, 10, 11, 12, 14

<coordinates X,Y>
711.464308875316, 216.15342359151154
738.3897916467354, 432.2651022435056
159.88346101864397, 110.22708593382731
419.60474126714684, 574.3994742038549
888.817457680786, 78.45071486776826
566.9859267588179, 285.84919916875504
678.9949174996268, 899.54479165514
195.2740268368959, 95.09430598942032
328.2251457292676, 291.6792900206411
817.6512055424525, 97.87323406832968
454.5342374975003, 397.92212043267205
534.8445568288622, 331.07505113786465
912.303917095819, 262.0139216881073
386.4147199157413, 482.1284902172408
414.73591257069694, 525.5974845960525
13.526984410717775, 177.43053676670925

<adjacency matrix with truck distances>
1, 2, 218.0,244.0,-1
2, 1, 218.0,244.0,-1
1, 3, 562.0,658.0,1
3, 1, 562.0,658.0,1
1, 4, 463.0,651.0,1
4, 1, 463.0,651.0,1
1, 5, 225.0,316.0,-1
5, 1, 225.0,316.0,-1
1, 6, 161.0,215.0,1
6, 1, 161.0,215.0,1
1, 7, 685.0,716.0,-1
7, 1, 685.0,716.0,-1
1, 8, 531.0,638.0,-1
8, 1, 531.0,638.0,-1
1, 9, 391.0,459.0,1
9, 1, 391.0,459.0,1
1, 10, 159.0,225.0,1
10, 1, 159.0,225.0,1
1, 11, 315.0,439.0,-1
11, 1, 315.0,439.0,-1
1, 12, 211.0,292.0,1
12, 1, 211.0,292.0,1
1, 13, 207.0,247.0,1
13, 1, 207.0,247.0,1
1, 14, 420.0,592.0,-1
14, 1, 420.0,592.0,-1
1, 15, 429.0,607.0,-1
15, 1, 429.0,607.0,-1
1, 16, 700.0,737.0,-1
16, 1, 700.0,737.0,-1
1, 1, 0.0,0.0,1
2, 3, 663.0,901.0,-1
3, 2, 663.0,901.0,-1
2, 4, 350.0,461.0,-1
4, 2, 350.0,461.0,-1
2, 5, 385.0,505.0,-1
5, 2, 385.0,505.0,-1
2, 6, 226.0,318.0,-1
6, 2, 226.0,318.0,-1
2, 7, 472.0,527.0,-1
7, 2, 472.0,527.0,-1
2, 8, 640.0,881.0,-1
8, 2, 640.0,881.0,-1
2, 9, 434.0,551.0,-1
9, 2, 434.0,551.0,-1
2, 10, 344.0,414.0,-1
10, 2, 344.0,414.0,-1
2, 11, 286.0,319.0,1
11, 2, 286.0,319.0,1
2, 12, 228.0,305.0,1
12, 2, 228.0,305.0,1
2, 13, 244.0,345.0,-1
13, 2, 244.0,345.0,-1
2, 14, 356.0,402.0,-1
14, 2, 356.0,402.0,-1
2, 15, 337.0,417.0,-1
15, 2, 337.0,417.0,-1
2, 16, 769.0,980.0,-1
16, 2, 769.0,980.0,-1
2, 2, 0.0,0.0,1
3, 4, 532.0,724.0,-1
4, 3, 532.0,724.0,-1
3, 5, 730.0,761.0,-1
5, 3, 730.0,761.0,-1
3, 6, 444.0,583.0,-1
6, 3, 444.0,583.0,-1
3, 7, 945.0,1309.0,-1
7, 3, 945.0,1309.0,-1
3, 8, 39.0,51.0,-1
8, 3, 39.0,51.0,-1
3, 9, 248.0,350.0,1
9, 3, 248.0,350.0,1
3, 10, 658.0,671.0,1
10, 3, 658.0,671.0,1
3, 11, 412.0,583.0,1
11, 3, 412.0,583.0,1
3, 12, 436.0,596.0,-1
12, 3, 436.0,596.0,-1
3, 13, 768.0,905.0,1
13, 3, 768.0,905.0,1
3, 14, 436.0,599.0,1
14, 3, 436.0,599.0,1
3, 15, 488.0,671.0,-1
15, 3, 488.0,671.0,-1
3, 16, 162.0,214.0,-1
16, 3, 162.0,214.0,-1
3, 3, 0.0,0.0,1
4, 5, 683.0,966.0,1
5, 4, 683.0,966.0,1
4, 6, 325.0,436.0,-1
6, 4, 325.0,436.0,-1
4, 7, 416.0,585.0,-1
7, 4, 416.0,585.0,-1
4, 8, 530.0,704.0,-1
8, 4, 530.0,704.0,-1
4, 9, 298.0,375.0,-1
9, 4, 298.0,375.0,-1
4, 10, 621.0,875.0,-1
10, 4, 621.0,875.0,-1
4, 11, 180.0,212.0,-1
11, 4, 180.0,212.0,-1
4, 12, 270.0,359.0,-1
12, 4, 270.0,359.0,-1
4, 13, 584.0,806.0,-1
13, 4, 584.0,806.0,-1
4, 14, 99.0,126.0,-1
14, 4, 99.0,126.0,-1
4, 15, 50.0,54.0,-1
15, 4, 50.0,54.0,-1
4, 16, 568.0,804.0,-1
16, 4, 568.0,804.0,-1
4, 4, 0.0,0.0,1
5, 6, 383.0,530.0,-1
6, 5, 383.0,530.0,-1
5, 7, 848.0,1031.0,-1
7, 5, 848.0,1031.0,-1
5, 8, 694.0,711.0,1
8, 5, 694.0,711.0,1
5, 9, 600.0,774.0,-1
9, 5, 600.0,774.0,-1
5, 10, 74.0,91.0,1
10, 5, 74.0,91.0,1
5, 11, 540.0,754.0,-1
11, 5, 540.0,754.0,-1
5, 12, 435.0,607.0,-1
12, 5, 435.0,607.0,-1
5, 13, 186.0,208.0,-1
13, 5, 186.0,208.0,-1
5, 14, 645.0,907.0,-1
14, 5, 645.0,907.0,-1
5, 15, 652.0,922.0,-1
15, 5, 652.0,922.0,-1
5, 16, 881.0,975.0,-1
16, 5, 881.0,975.0,-1
5, 5, 0.0,0.0,1
6, 7, 624.0,726.0,-1
7, 6, 624.0,726.0,-1
6, 8, 418.0,563.0,-1
8, 6, 418.0,563.0,-1
6, 9, 239.0,245.0,1
9, 6, 239.0,245.0,1
6, 10, 314.0,439.0,1
10, 6, 314.0,439.0,1
6, 11, 159.0,225.0,1
11, 6, 159.0,225.0,1
6, 12, 56.0,78.0,1
12, 6, 56.0,78.0,1
6, 13, 347.0,370.0,-1
13, 6, 347.0,370.0,-1
6, 14, 267.0,377.0,-1
14, 6, 267.0,377.0,-1
6, 15, 285.0,392.0,1
15, 6, 285.0,392.0,1
6, 16, 564.0,662.0,-1
16, 6, 564.0,662.0,-1
6, 6, 0.0,0.0,1
7, 8, 939.0,1289.0,-1
8, 7, 939.0,1289.0,-1
7, 9, 702.0,959.0,-1
9, 7, 702.0,959.0,-1
7, 10, 814.0,941.0,-1
10, 7, 814.0,941.0,-1
7, 11, 550.0,727.0,-1
11, 7, 550.0,727.0,-1
7, 12, 587.0,713.0,-1
12, 7, 587.0,713.0,-1
7, 13, 679.0,871.0,1
13, 7, 679.0,871.0,1
7, 14, 510.0,710.0,-1
14, 7, 510.0,710.0,-1
7, 15, 458.0,639.0,1
15, 7, 458.0,639.0,1
7, 16, 982.0,1388.0,-1
16, 7, 982.0,1388.0,-1
7, 7, 0.0,0.0,1
8, 9, 238.0,330.0,-1
9, 8, 238.0,330.0,-1
8, 10, 623.0,626.0,1
10, 8, 623.0,626.0,1
8, 11, 399.0,563.0,-1
11, 8, 399.0,563.0,-1
8, 12, 414.0,576.0,-1
12, 8, 414.0,576.0,-1
8, 13, 737.0,884.0,-1
13, 8, 737.0,884.0,-1
8, 14, 432.0,579.0,1
14, 8, 432.0,579.0,1
8, 15, 484.0,650.0,-1
15, 8, 484.0,650.0,-1
8, 16, 200.0,265.0,-1
16, 8, 200.0,265.0,-1
8, 8, 0.0,0.0,1
9, 10, 527.0,684.0,-1
10, 9, 527.0,684.0,-1
9, 11, 166.0,233.0,-1
11, 9, 166.0,233.0,-1
9, 12, 211.0,247.0,1
12, 9, 211.0,247.0,1
9, 13, 585.0,614.0,-1
13, 9, 585.0,614.0,-1
9, 14, 200.0,249.0,1
14, 9, 200.0,249.0,1
9, 15, 250.0,321.0,-1
15, 9, 250.0,321.0,-1
9, 16, 335.0,429.0,1
16, 9, 335.0,429.0,1
9, 9, 0.0,0.0,1
10, 11, 472.0,664.0,1
11, 10, 472.0,664.0,1
10, 12, 367.0,517.0,-1
12, 10, 367.0,517.0,-1
10, 13, 190.0,259.0,-1
13, 10, 190.0,259.0,-1
10, 14, 578.0,816.0,-1
14, 10, 578.0,816.0,-1
10, 15, 588.0,831.0,-1
15, 10, 588.0,831.0,-1
10, 16, 809.0,884.0,-1
16, 10, 809.0,884.0,-1
10, 10, 0.0,0.0,1
11, 12, 105.0,148.0,1
12, 11, 105.0,148.0,1
11, 13, 478.0,594.0,-1
13, 11, 478.0,594.0,-1
11, 14, 109.0,153.0,1
14, 11, 109.0,153.0,1
11, 15, 134.0,168.0,-1
15, 11, 134.0,168.0,-1
11, 16, 494.0,662.0,-1
16, 11, 494.0,662.0,-1
11, 11, 0.0,0.0,1
12, 13, 384.0,447.0,-1
13, 12, 384.0,447.0,-1
12, 14, 212.0,300.0,-1
14, 12, 212.0,300.0,-1
12, 15, 229.0,315.0,-1
15, 12, 229.0,315.0,-1
12, 16, 544.0,675.0,-1
16, 12, 544.0,675.0,-1
12, 12, 0.0,0.0,1
13, 14, 571.0,747.0,1
14, 13, 571.0,747.0,1
13, 15, 564.0,762.0,-1
15, 13, 564.0,762.0,-1
13, 16, 903.0,984.0,1
16, 13, 903.0,984.0,1
13, 13, 0.0,0.0,1
14, 15, 52.0,72.0,1
15, 14, 52.0,72.0,1
14, 16, 482.0,678.0,1
16, 14, 482.0,678.0,1
14, 14, 0.0,0.0,1
15, 16, 532.0,750.0,-1
16, 15, 532.0,750.0,-1
15, 15, 0.0,0.0,1
16, 16, 0.0,0.0,1


<end>