<number of nodes>
16

<ratio of available edges>
0.3

<max length of the drone flight>
100000 

<D 2/3>
1, 2, 3, 4, 5, 9, 10, 11, 13, 14, 15

<V>
3, 4, 5, 9, 15

<coordinates X,Y>
189.23618492756125, 982.3633972674281
306.07529363937186, 425.4814927937993
359.54862897371265, 202.35158555936798
77.92689754761507, 388.0442254855793
669.5473008713823, 715.8532681703578
535.4459284128862, 25.814880455874693
631.8974118569693, 300.2325862471474
130.90471485897808, 482.9669409693081
470.73835987638057, 432.82366631362106
802.5500409090937, 388.3849726276238
885.6561419145942, 594.650821511924
691.5100716754322, 385.1538983050711
645.857562060164, 422.10467984253216
583.7099265647214, 665.2653362481392
633.021036798431, 197.08772786954773
741.2321952443549, 780.7824156167133

<adjacency matrix with truck distances>
1, 2, 570.0,674.0,1
2, 1, 570.0,674.0,1
1, 3, 799.0,951.0,-1
3, 1, 799.0,951.0,-1
1, 4, 605.0,706.0,-1
4, 1, 605.0,706.0,-1
1, 5, 550.0,747.0,-1
5, 1, 550.0,747.0,-1
1, 6, 1018.0,1303.0,-1
6, 1, 1018.0,1303.0,-1
1, 7, 814.0,1125.0,-1
7, 1, 814.0,1125.0,-1
1, 8, 503.0,558.0,1
8, 1, 503.0,558.0,1
1, 9, 618.0,832.0,-1
9, 1, 618.0,832.0,-1
1, 10, 854.0,1208.0,-1
10, 1, 854.0,1208.0,-1
1, 11, 798.0,1085.0,-1
11, 1, 798.0,1085.0,-1
1, 12, 781.0,1100.0,-1
12, 1, 781.0,1100.0,-1
1, 13, 723.0,1017.0,-1
13, 1, 723.0,1017.0,-1
1, 14, 507.0,712.0,-1
14, 1, 507.0,712.0,-1
1, 15, 902.0,1230.0,-1
15, 1, 902.0,1230.0,-1
1, 16, 588.0,754.0,-1
16, 1, 588.0,754.0,-1
1, 1, 0.0,0.0,1
2, 3, 230.0,277.0,1
3, 2, 230.0,277.0,1
2, 4, 232.0,266.0,-1
4, 2, 232.0,266.0,-1
2, 5, 466.0,654.0,1
5, 2, 466.0,654.0,1
2, 6, 461.0,630.0,-1
6, 2, 461.0,630.0,-1
2, 7, 350.0,452.0,-1
7, 2, 350.0,452.0,-1
2, 8, 185.0,233.0,-1
8, 2, 185.0,233.0,-1
2, 9, 165.0,173.0,1
9, 2, 165.0,173.0,1
2, 10, 498.0,534.0,-1
10, 2, 498.0,534.0,-1
2, 11, 604.0,749.0,-1
11, 2, 604.0,749.0,-1
2, 12, 388.0,426.0,-1
12, 2, 388.0,426.0,-1
2, 13, 340.0,344.0,-1
13, 2, 340.0,344.0,-1
2, 14, 367.0,518.0,-1
14, 2, 367.0,518.0,-1
2, 15, 399.0,556.0,1
15, 2, 399.0,556.0,1
2, 16, 562.0,791.0,1
16, 2, 562.0,791.0,1
2, 2, 0.0,0.0,1
3, 4, 338.0,468.0,-1
4, 3, 338.0,468.0,-1
3, 5, 600.0,824.0,1
5, 3, 600.0,824.0,1
3, 6, 250.0,353.0,1
6, 3, 250.0,353.0,1
3, 7, 290.0,371.0,-1
7, 3, 290.0,371.0,-1
3, 8, 362.0,510.0,-1
8, 3, 362.0,510.0,-1
3, 9, 256.0,342.0,-1
9, 3, 256.0,342.0,-1
3, 10, 481.0,630.0,-1
10, 3, 481.0,630.0,-1
3, 11, 657.0,919.0,-1
11, 3, 657.0,919.0,-1
3, 12, 379.0,515.0,-1
12, 3, 379.0,515.0,-1
3, 13, 361.0,507.0,-1
13, 3, 361.0,507.0,-1
3, 14, 515.0,688.0,-1
14, 3, 515.0,688.0,-1
3, 15, 274.0,279.0,1
15, 3, 274.0,279.0,1
3, 16, 694.0,961.0,-1
16, 3, 694.0,961.0,-1
3, 3, 0.0,0.0,1
4, 5, 677.0,920.0,1
5, 4, 677.0,920.0,1
4, 6, 584.0,820.0,1
6, 4, 584.0,820.0,1
4, 7, 561.0,642.0,-1
7, 4, 561.0,642.0,-1
4, 8, 109.0,148.0,-1
8, 4, 109.0,148.0,-1
4, 9, 396.0,438.0,-1
9, 4, 396.0,438.0,-1
4, 10, 725.0,725.0,-1
10, 4, 725.0,725.0,-1
4, 11, 834.0,1015.0,-1
11, 4, 834.0,1015.0,-1
4, 12, 614.0,617.0,-1
12, 4, 614.0,617.0,-1
4, 13, 569.0,602.0,-1
13, 4, 569.0,602.0,-1
4, 14, 577.0,784.0,1
14, 4, 577.0,784.0,1
4, 15, 588.0,747.0,-1
15, 4, 588.0,747.0,-1
4, 16, 771.0,1057.0,-1
16, 4, 771.0,1057.0,-1
4, 4, 0.0,0.0,1
5, 6, 703.0,825.0,-1
6, 5, 703.0,825.0,-1
5, 7, 418.0,454.0,1
7, 5, 418.0,454.0,1
5, 8, 587.0,772.0,-1
8, 5, 587.0,772.0,-1
5, 9, 346.0,482.0,-1
9, 5, 346.0,482.0,-1
5, 10, 354.0,461.0,-1
10, 5, 354.0,461.0,-1
5, 11, 248.0,338.0,1
11, 5, 248.0,338.0,1
5, 12, 332.0,353.0,-1
12, 5, 332.0,353.0,-1
5, 13, 295.0,318.0,1
13, 5, 295.0,318.0,1
5, 14, 100.0,137.0,1
14, 5, 100.0,137.0,1
5, 15, 521.0,556.0,-1
15, 5, 521.0,556.0,-1
5, 16, 97.0,137.0,-1
16, 5, 97.0,137.0,-1
5, 5, 0.0,0.0,1
6, 7, 291.0,371.0,-1
7, 6, 291.0,371.0,-1
6, 8, 611.0,862.0,-1
8, 6, 611.0,862.0,-1
6, 9, 413.0,472.0,-1
9, 6, 413.0,472.0,-1
6, 10, 451.0,630.0,-1
10, 6, 451.0,630.0,-1
6, 11, 668.0,920.0,-1
11, 6, 668.0,920.0,-1
6, 12, 392.0,516.0,-1
12, 6, 392.0,516.0,-1
6, 13, 412.0,507.0,-1
13, 6, 412.0,507.0,-1
6, 14, 642.0,688.0,-1
14, 6, 642.0,688.0,-1
6, 15, 198.0,269.0,-1
15, 6, 198.0,269.0,-1
6, 16, 783.0,961.0,1
16, 6, 783.0,961.0,1
6, 6, 0.0,0.0,1
7, 8, 534.0,684.0,-1
8, 7, 534.0,684.0,-1
7, 9, 209.0,294.0,-1
9, 7, 209.0,294.0,-1
7, 10, 193.0,259.0,1
10, 7, 193.0,259.0,1
7, 11, 389.0,549.0,-1
11, 7, 389.0,549.0,-1
7, 12, 104.0,145.0,-1
12, 7, 104.0,145.0,-1
7, 13, 123.0,136.0,-1
13, 7, 123.0,136.0,-1
7, 14, 369.0,414.0,1
14, 7, 369.0,414.0,1
7, 15, 104.0,105.0,1
15, 7, 104.0,105.0,1
7, 16, 493.0,590.0,1
16, 7, 493.0,590.0,1
7, 7, 0.0,0.0,1
8, 9, 344.0,390.0,1
9, 8, 344.0,390.0,1
8, 10, 679.0,767.0,-1
10, 8, 679.0,767.0,-1
8, 11, 763.0,867.0,-1
11, 8, 763.0,867.0,-1
8, 12, 570.0,659.0,-1
12, 8, 570.0,659.0,-1
8, 13, 519.0,576.0,-1
13, 8, 519.0,576.0,-1
8, 14, 489.0,636.0,1
14, 8, 489.0,636.0,1
8, 15, 578.0,788.0,-1
15, 8, 578.0,788.0,-1
8, 16, 680.0,909.0,1
16, 8, 680.0,909.0,1
8, 8, 0.0,0.0,1
9, 10, 335.0,377.0,-1
10, 9, 335.0,377.0,-1
9, 11, 446.0,577.0,-1
11, 9, 446.0,577.0,-1
9, 12, 226.0,269.0,-1
12, 9, 226.0,269.0,-1
9, 13, 176.0,186.0,-1
13, 9, 176.0,186.0,-1
9, 14, 259.0,346.0,1
14, 9, 259.0,346.0,1
9, 15, 287.0,399.0,-1
15, 9, 287.0,399.0,-1
9, 16, 441.0,619.0,-1
16, 9, 441.0,619.0,-1
9, 9, 0.0,0.0,1
10, 11, 223.0,290.0,-1
11, 10, 223.0,290.0,-1
10, 12, 112.0,115.0,-1
12, 10, 112.0,115.0,-1
10, 13, 161.0,191.0,1
13, 10, 161.0,191.0,1
10, 14, 353.0,496.0,1
14, 10, 353.0,496.0,1
10, 15, 256.0,361.0,1
15, 10, 256.0,361.0,1
10, 16, 398.0,454.0,-1
16, 10, 398.0,454.0,-1
10, 10, 0.0,0.0,1
11, 12, 286.0,404.0,-1
12, 11, 286.0,404.0,-1
11, 13, 296.0,413.0,-1
13, 11, 296.0,413.0,-1
11, 14, 311.0,373.0,-1
14, 11, 311.0,373.0,-1
11, 15, 472.0,651.0,1
15, 11, 472.0,651.0,1
11, 16, 236.0,331.0,1
16, 11, 236.0,331.0,1
11, 11, 0.0,0.0,1
12, 13, 59.0,83.0,1
13, 12, 59.0,83.0,1
12, 14, 301.0,388.0,1
14, 12, 301.0,388.0,1
12, 15, 197.0,247.0,-1
15, 12, 197.0,247.0,-1
12, 16, 399.0,446.0,-1
16, 12, 399.0,446.0,-1
12, 12, 0.0,0.0,1
13, 14, 251.0,306.0,1
14, 13, 251.0,306.0,1
13, 15, 226.0,238.0,-1
15, 13, 226.0,238.0,-1
13, 16, 372.0,455.0,1
16, 13, 372.0,455.0,1
13, 13, 0.0,0.0,1
14, 15, 471.0,518.0,1
15, 14, 471.0,518.0,1
14, 16, 196.0,274.0,-1
16, 14, 196.0,274.0,-1
14, 14, 0.0,0.0,1
15, 16, 594.0,692.0,-1
16, 15, 594.0,692.0,-1
15, 15, 0.0,0.0,1
16, 16, 0.0,0.0,1


<end>