<number of nodes>
16

<ratio of available edges>
0.3

<max length of the drone flight>
100000 

<D 2/3>
1, 3, 5, 6, 8, 9, 10, 11, 12, 14, 16

<V>
3, 9, 10, 11, 14

<coordinates X,Y>
207.8718350644909, 328.5301398791354
863.3382861727697, 134.1122616157773
418.0159344748789, 573.7273983564012
164.5945180073506, 733.3863848515003
730.7805490115445, 463.36471378074737
868.8234826822669, 855.7435740737748
54.146101569088245, 570.910015156821
205.71489077647715, 26.513546011413975
699.2587531162269, 505.8452329505638
683.2678095304183, 993.6099945319919
137.62713209667768, 463.69001165188575
862.7363322497679, 629.1048897276028
16.680616150366113, 296.6184264113491
703.2411478059494, 316.9228270502378
375.3342886663485, 461.8475530338645
536.2025528075386, 258.1938610460852

<adjacency matrix with truck distances>
1, 2, 684.0,850.0,-1
2, 1, 684.0,850.0,-1
1, 3, 323.0,456.0,-1
3, 1, 323.0,456.0,-1
1, 4, 408.0,449.0,1
4, 1, 408.0,449.0,1
1, 5, 541.0,658.0,-1
5, 1, 541.0,658.0,-1
1, 6, 846.0,1189.0,-1
6, 1, 846.0,1189.0,-1
1, 7, 288.0,397.0,1
7, 1, 288.0,397.0,1
1, 8, 303.0,305.0,-1
8, 1, 303.0,305.0,-1
1, 9, 523.0,669.0,-1
9, 1, 523.0,669.0,-1
1, 10, 818.0,1141.0,-1
10, 1, 818.0,1141.0,-1
1, 11, 153.0,206.0,-1
11, 1, 153.0,206.0,-1
1, 12, 721.0,956.0,1
12, 1, 721.0,956.0,1
1, 13, 194.0,224.0,1
13, 1, 194.0,224.0,1
1, 14, 496.0,507.0,1
14, 1, 496.0,507.0,1
1, 15, 215.0,301.0,1
15, 1, 215.0,301.0,1
1, 16, 336.0,399.0,-1
16, 1, 336.0,399.0,-1
1, 1, 0.0,0.0,1
2, 3, 626.0,885.0,-1
3, 2, 626.0,885.0,-1
2, 4, 921.0,1299.0,1
4, 2, 921.0,1299.0,1
2, 5, 355.0,462.0,-1
5, 2, 355.0,462.0,-1
2, 6, 722.0,728.0,-1
6, 2, 722.0,728.0,-1
2, 7, 920.0,1246.0,-1
7, 2, 920.0,1246.0,-1
2, 8, 667.0,766.0,-1
8, 2, 667.0,766.0,-1
2, 9, 407.0,536.0,-1
9, 2, 407.0,536.0,-1
2, 10, 879.0,1040.0,1
10, 2, 879.0,1040.0,1
2, 11, 798.0,1056.0,-1
11, 2, 798.0,1056.0,-1
2, 12, 495.0,496.0,-1
12, 2, 495.0,496.0,-1
2, 13, 863.0,1010.0,-1
13, 2, 863.0,1010.0,-1
2, 14, 244.0,343.0,-1
14, 2, 244.0,343.0,-1
2, 15, 588.0,816.0,1
15, 2, 588.0,816.0,1
2, 16, 350.0,452.0,1
16, 2, 350.0,452.0,1
2, 2, 0.0,0.0,1
3, 4, 300.0,414.0,1
4, 3, 300.0,414.0,1
3, 5, 332.0,424.0,1
5, 3, 332.0,424.0,1
3, 6, 532.0,733.0,-1
6, 3, 532.0,733.0,-1
3, 7, 364.0,367.0,-1
7, 3, 364.0,367.0,-1
3, 8, 587.0,760.0,-1
8, 3, 587.0,760.0,-1
3, 9, 290.0,350.0,1
9, 3, 290.0,350.0,1
3, 10, 497.0,686.0,-1
10, 3, 497.0,686.0,-1
3, 11, 302.0,391.0,-1
11, 3, 302.0,391.0,-1
3, 12, 449.0,501.0,-1
12, 3, 449.0,501.0,-1
3, 13, 488.0,679.0,-1
13, 3, 488.0,679.0,-1
3, 14, 384.0,543.0,-1
14, 3, 384.0,543.0,-1
3, 15, 120.0,155.0,-1
15, 3, 120.0,155.0,-1
3, 16, 337.0,434.0,1
16, 3, 337.0,434.0,1
3, 3, 0.0,0.0,1
4, 5, 628.0,837.0,1
5, 4, 628.0,837.0,1
4, 6, 715.0,827.0,1
6, 4, 715.0,827.0,1
4, 7, 197.0,273.0,-1
7, 4, 197.0,273.0,-1
4, 8, 709.0,748.0,-1
8, 4, 709.0,748.0,-1
4, 9, 582.0,763.0,-1
9, 4, 582.0,763.0,-1
4, 10, 581.0,779.0,1
10, 4, 581.0,779.0,1
4, 11, 272.0,297.0,-1
11, 4, 272.0,297.0,-1
4, 12, 706.0,803.0,1
12, 4, 706.0,803.0,1
4, 13, 462.0,585.0,-1
13, 4, 462.0,585.0,-1
4, 14, 681.0,956.0,-1
14, 4, 681.0,956.0,-1
4, 15, 344.0,483.0,-1
15, 4, 344.0,483.0,-1
4, 16, 604.0,847.0,-1
16, 4, 604.0,847.0,-1
4, 4, 0.0,0.0,1
5, 6, 416.0,531.0,1
6, 5, 416.0,531.0,1
5, 7, 686.0,785.0,-1
7, 5, 686.0,785.0,-1
5, 8, 684.0,962.0,-1
8, 5, 684.0,962.0,-1
5, 9, 53.0,75.0,-1
9, 5, 53.0,75.0,-1
5, 10, 533.0,578.0,-1
10, 5, 533.0,578.0,-1
5, 11, 594.0,594.0,-1
11, 5, 594.0,594.0,-1
5, 12, 212.0,298.0,-1
12, 5, 212.0,298.0,-1
5, 13, 734.0,881.0,-1
13, 5, 734.0,881.0,-1
5, 14, 150.0,174.0,1
14, 5, 150.0,174.0,1
5, 15, 356.0,357.0,-1
15, 5, 356.0,357.0,-1
5, 16, 283.0,400.0,-1
16, 5, 283.0,400.0,-1
5, 5, 0.0,0.0,1
6, 7, 864.0,1100.0,-1
7, 6, 864.0,1100.0,-1
6, 8, 1062.0,1493.0,-1
8, 6, 1062.0,1493.0,-1
6, 9, 389.0,520.0,-1
9, 6, 389.0,520.0,-1
6, 10, 232.0,324.0,1
10, 6, 232.0,324.0,1
6, 11, 830.0,1124.0,-1
11, 6, 830.0,1124.0,-1
6, 12, 227.0,233.0,-1
12, 6, 227.0,233.0,-1
6, 13, 1020.0,1412.0,-1
13, 6, 1020.0,1412.0,-1
6, 14, 564.0,705.0,-1
14, 6, 564.0,705.0,-1
6, 15, 632.0,888.0,1
15, 6, 632.0,888.0,1
6, 16, 684.0,931.0,-1
16, 6, 684.0,931.0,-1
6, 6, 0.0,0.0,1
7, 8, 566.0,696.0,-1
8, 7, 566.0,696.0,-1
7, 9, 649.0,711.0,-1
9, 7, 649.0,711.0,-1
7, 10, 758.0,1052.0,-1
10, 7, 758.0,1052.0,-1
7, 11, 136.0,191.0,-1
11, 7, 136.0,191.0,-1
7, 12, 811.0,867.0,-1
12, 7, 811.0,867.0,-1
7, 13, 277.0,312.0,-1
13, 7, 277.0,312.0,-1
7, 14, 698.0,904.0,-1
14, 7, 698.0,904.0,-1
7, 15, 340.0,431.0,-1
15, 7, 340.0,431.0,-1
7, 16, 575.0,795.0,1
16, 7, 575.0,795.0,1
7, 7, 0.0,0.0,1
8, 9, 689.0,973.0,1
9, 8, 689.0,973.0,1
8, 10, 1079.0,1445.0,-1
10, 8, 1079.0,1445.0,-1
8, 11, 443.0,506.0,-1
11, 8, 443.0,506.0,-1
8, 12, 892.0,1260.0,-1
12, 8, 892.0,1260.0,-1
8, 13, 330.0,460.0,-1
13, 8, 330.0,460.0,-1
8, 14, 577.0,788.0,1
14, 8, 577.0,788.0,1
8, 15, 468.0,605.0,1
15, 8, 468.0,605.0,1
8, 16, 404.0,563.0,-1
16, 8, 404.0,563.0,-1
8, 8, 0.0,0.0,1
9, 10, 489.0,504.0,1
10, 9, 489.0,504.0,1
9, 11, 564.0,604.0,-1
11, 9, 564.0,604.0,-1
9, 12, 205.0,287.0,-1
12, 9, 205.0,287.0,-1
9, 13, 714.0,892.0,1
13, 9, 714.0,892.0,1
9, 14, 189.0,193.0,1
14, 9, 189.0,193.0,1
9, 15, 327.0,368.0,-1
15, 9, 327.0,368.0,-1
9, 16, 297.0,411.0,1
16, 9, 297.0,411.0,1
9, 9, 0.0,0.0,1
10, 11, 761.0,1076.0,-1
11, 10, 761.0,1076.0,-1
10, 12, 407.0,544.0,1
12, 10, 407.0,544.0,1
10, 13, 965.0,1364.0,1
13, 10, 965.0,1364.0,1
10, 14, 677.0,697.0,-1
14, 10, 677.0,697.0,-1
10, 15, 615.0,840.0,-1
15, 10, 615.0,840.0,-1
10, 16, 750.0,883.0,-1
16, 10, 750.0,883.0,-1
10, 10, 0.0,0.0,1
11, 12, 744.0,891.0,-1
12, 11, 744.0,891.0,-1
11, 13, 207.0,289.0,-1
13, 11, 207.0,289.0,-1
11, 14, 585.0,713.0,-1
14, 11, 585.0,713.0,-1
11, 15, 238.0,240.0,1
15, 11, 238.0,240.0,1
11, 16, 449.0,605.0,-1
16, 11, 449.0,605.0,-1
11, 11, 0.0,0.0,1
12, 13, 910.0,1179.0,-1
13, 12, 910.0,1179.0,-1
12, 14, 351.0,472.0,-1
14, 12, 351.0,472.0,-1
12, 15, 516.0,655.0,1
15, 12, 516.0,655.0,1
12, 16, 495.0,698.0,-1
16, 12, 495.0,698.0,-1
12, 12, 0.0,0.0,1
13, 14, 687.0,707.0,1
14, 13, 687.0,707.0,1
13, 15, 395.0,524.0,1
15, 13, 395.0,524.0,1
13, 16, 521.0,558.0,-1
16, 13, 521.0,558.0,-1
13, 13, 0.0,0.0,1
14, 15, 359.0,473.0,-1
15, 14, 359.0,473.0,-1
14, 16, 178.0,226.0,-1
16, 14, 178.0,226.0,-1
14, 14, 0.0,0.0,1
15, 16, 260.0,365.0,-1
16, 15, 260.0,365.0,-1
15, 15, 0.0,0.0,1
16, 16, 0.0,0.0,1


<end>