<number of nodes>
16

<ratio of available edges>
0.3

<max length of the drone flight>
100000 

<D 2/3>
1, 3, 5, 6, 8, 9, 10, 11, 14, 15, 16

<V>
5, 6, 9, 10, 16

<coordinates X,Y>
218.6559731005976, 605.7726992498126
594.7237337466953, 417.71478103043194
832.8703313593572, 593.3489500682124
499.33940051970563, 925.4642717220964
138.92544956886567, 399.98017578342683
993.278716094858, 300.56369073349833
200.21730213915788, 873.1725859050105
588.1000535316927, 294.21420065453276
830.7121714356563, 884.0836127156696
469.10053432838396, 225.3839537692117
712.4248197873351, 873.383327784588
931.3472322494665, 757.619198429127
595.764602570814, 572.081998475425
767.7613273381763, 516.6481887480745
775.5699880354543, 466.2396132641428
506.7023068877952, 612.6941386723611

<adjacency matrix with truck distances>
1, 2, 421.0,565.0,-1
2, 1, 421.0,565.0,-1
1, 3, 615.0,627.0,-1
3, 1, 615.0,627.0,-1
1, 4, 426.0,601.0,-1
4, 1, 426.0,601.0,-1
1, 5, 221.0,286.0,-1
5, 1, 221.0,286.0,-1
1, 6, 833.0,1080.0,-1
6, 1, 833.0,1080.0,-1
1, 7, 269.0,286.0,-1
7, 1, 269.0,286.0,-1
1, 8, 484.0,682.0,-1
8, 1, 484.0,682.0,-1
1, 9, 673.0,891.0,1
9, 1, 673.0,891.0,1
1, 10, 456.0,631.0,-1
10, 1, 456.0,631.0,-1
1, 11, 562.0,762.0,1
11, 1, 562.0,762.0,1
1, 12, 729.0,865.0,-1
12, 1, 729.0,865.0,-1
1, 13, 379.0,411.0,1
13, 1, 379.0,411.0,1
1, 14, 557.0,639.0,-1
14, 1, 557.0,639.0,-1
1, 15, 575.0,697.0,-1
15, 1, 575.0,697.0,-1
1, 16, 289.0,295.0,1
16, 1, 289.0,295.0,1
1, 1, 0.0,0.0,1
2, 3, 296.0,414.0,1
3, 2, 296.0,414.0,1
2, 4, 517.0,604.0,-1
4, 2, 517.0,604.0,-1
2, 5, 457.0,474.0,1
5, 2, 457.0,474.0,1
2, 6, 416.0,516.0,-1
6, 2, 416.0,516.0,-1
2, 7, 603.0,850.0,1
7, 2, 603.0,850.0,1
2, 8, 124.0,131.0,1
8, 2, 124.0,131.0,1
2, 9, 523.0,703.0,-1
9, 2, 523.0,703.0,-1
2, 10, 230.0,318.0,-1
10, 2, 230.0,318.0,-1
2, 11, 471.0,574.0,-1
11, 2, 471.0,574.0,-1
2, 12, 479.0,677.0,-1
12, 2, 479.0,677.0,-1
2, 13, 155.0,156.0,-1
13, 2, 155.0,156.0,-1
2, 14, 200.0,272.0,-1
14, 2, 200.0,272.0,-1
2, 15, 188.0,230.0,-1
15, 2, 188.0,230.0,-1
2, 16, 214.0,284.0,-1
16, 2, 214.0,284.0,-1
2, 2, 0.0,0.0,1
3, 4, 471.0,666.0,-1
4, 3, 471.0,666.0,-1
3, 5, 721.0,888.0,-1
5, 3, 721.0,888.0,-1
3, 6, 334.0,454.0,-1
6, 3, 334.0,454.0,-1
3, 7, 692.0,913.0,-1
7, 3, 692.0,913.0,-1
3, 8, 387.0,544.0,-1
8, 3, 387.0,544.0,-1
3, 9, 291.0,293.0,-1
9, 3, 291.0,293.0,-1
3, 10, 518.0,732.0,1
10, 3, 518.0,732.0,1
3, 11, 305.0,401.0,1
11, 3, 305.0,401.0,1
3, 12, 192.0,263.0,-1
12, 3, 192.0,263.0,-1
3, 13, 239.0,259.0,-1
13, 3, 239.0,259.0,-1
3, 14, 101.0,142.0,-1
14, 3, 101.0,142.0,-1
3, 15, 140.0,185.0,-1
15, 3, 140.0,185.0,-1
3, 16, 327.0,346.0,-1
16, 3, 327.0,346.0,-1
3, 3, 0.0,0.0,1
4, 5, 638.0,886.0,-1
5, 4, 638.0,886.0,-1
4, 6, 797.0,1119.0,-1
6, 4, 797.0,1119.0,-1
4, 7, 304.0,352.0,-1
7, 4, 304.0,352.0,-1
4, 8, 638.0,721.0,1
8, 4, 638.0,721.0,1
4, 9, 334.0,373.0,1
9, 4, 334.0,373.0,1
4, 10, 701.0,731.0,-1
10, 4, 701.0,731.0,-1
4, 11, 220.0,266.0,1
11, 4, 220.0,266.0,1
4, 12, 464.0,600.0,-1
12, 4, 464.0,600.0,-1
4, 13, 367.0,450.0,1
13, 4, 367.0,450.0,1
4, 14, 490.0,678.0,-1
14, 4, 490.0,678.0,-1
4, 15, 536.0,736.0,-1
15, 4, 536.0,736.0,-1
4, 16, 313.0,321.0,-1
16, 4, 313.0,321.0,-1
4, 4, 0.0,0.0,1
5, 6, 861.0,954.0,-1
6, 5, 861.0,954.0,-1
5, 7, 478.0,535.0,-1
7, 5, 478.0,535.0,-1
5, 8, 462.0,555.0,1
8, 5, 462.0,555.0,1
5, 9, 845.0,1176.0,1
9, 5, 845.0,1176.0,1
5, 10, 374.0,505.0,-1
10, 5, 374.0,505.0,-1
5, 11, 744.0,1047.0,1
11, 5, 744.0,1047.0,1
5, 12, 870.0,1151.0,-1
12, 5, 870.0,1151.0,-1
5, 13, 489.0,629.0,1
13, 5, 489.0,629.0,1
5, 14, 640.0,746.0,-1
14, 5, 640.0,746.0,-1
5, 15, 641.0,703.0,-1
15, 5, 641.0,703.0,-1
5, 16, 425.0,581.0,-1
16, 5, 425.0,581.0,-1
5, 5, 0.0,0.0,1
6, 7, 979.0,1366.0,-1
7, 6, 979.0,1366.0,-1
6, 8, 406.0,412.0,-1
8, 6, 406.0,412.0,-1
6, 9, 606.0,747.0,-1
9, 6, 606.0,747.0,-1
6, 10, 530.0,600.0,1
10, 6, 530.0,600.0,1
6, 11, 638.0,854.0,1
11, 6, 638.0,854.0,1
6, 12, 462.0,519.0,-1
12, 6, 462.0,519.0,-1
6, 13, 482.0,670.0,-1
13, 6, 482.0,670.0,-1
6, 14, 313.0,442.0,1
14, 6, 313.0,442.0,1
6, 15, 274.0,384.0,1
15, 6, 274.0,384.0,1
6, 16, 579.0,799.0,-1
16, 6, 579.0,799.0,-1
6, 6, 0.0,0.0,1
7, 8, 697.0,967.0,-1
8, 7, 697.0,967.0,-1
7, 9, 631.0,642.0,-1
9, 7, 631.0,642.0,-1
7, 10, 702.0,917.0,1
10, 7, 702.0,917.0,1
7, 11, 513.0,513.0,-1
11, 7, 513.0,513.0,-1
7, 12, 741.0,847.0,-1
12, 7, 741.0,847.0,-1
7, 13, 498.0,697.0,-1
13, 7, 498.0,697.0,-1
7, 14, 671.0,925.0,1
14, 7, 671.0,925.0,1
7, 15, 705.0,983.0,1
15, 7, 705.0,983.0,1
7, 16, 403.0,567.0,-1
16, 7, 403.0,567.0,-1
7, 7, 0.0,0.0,1
8, 9, 638.0,833.0,-1
9, 8, 638.0,833.0,-1
8, 10, 138.0,188.0,-1
10, 8, 138.0,188.0,-1
8, 11, 593.0,704.0,1
11, 8, 593.0,704.0,1
8, 12, 577.0,807.0,1
12, 8, 577.0,807.0,1
8, 13, 278.0,286.0,-1
13, 8, 278.0,286.0,-1
8, 14, 286.0,403.0,-1
14, 8, 286.0,403.0,-1
8, 15, 255.0,360.0,1
15, 8, 255.0,360.0,1
8, 16, 329.0,400.0,-1
16, 8, 329.0,400.0,-1
8, 8, 0.0,0.0,1
9, 10, 752.0,1021.0,1
10, 9, 752.0,1021.0,1
9, 11, 119.0,129.0,-1
11, 9, 119.0,129.0,-1
9, 12, 162.0,228.0,1
12, 9, 162.0,228.0,1
9, 13, 391.0,547.0,-1
13, 9, 391.0,547.0,-1
9, 14, 373.0,431.0,1
14, 9, 373.0,431.0,1
9, 15, 422.0,473.0,-1
15, 9, 422.0,473.0,-1
9, 16, 423.0,596.0,-1
16, 9, 423.0,596.0,-1
9, 9, 0.0,0.0,1
10, 11, 693.0,892.0,-1
11, 10, 693.0,892.0,-1
10, 12, 705.0,995.0,-1
12, 10, 705.0,995.0,-1
10, 13, 370.0,474.0,-1
13, 10, 370.0,474.0,-1
10, 14, 418.0,590.0,-1
14, 10, 418.0,590.0,-1
10, 15, 390.0,548.0,-1
15, 10, 390.0,548.0,-1
10, 16, 390.0,425.0,-1
16, 10, 390.0,425.0,-1
10, 10, 0.0,0.0,1
11, 12, 248.0,335.0,-1
12, 11, 248.0,335.0,-1
11, 13, 324.0,418.0,-1
13, 11, 324.0,418.0,-1
11, 14, 362.0,413.0,-1
14, 11, 362.0,413.0,-1
11, 15, 413.0,471.0,-1
15, 11, 413.0,471.0,-1
11, 16, 333.0,467.0,-1
16, 11, 333.0,467.0,-1
11, 11, 0.0,0.0,1
12, 13, 384.0,522.0,-1
13, 12, 384.0,522.0,-1
12, 14, 292.0,405.0,-1
14, 12, 292.0,405.0,-1
12, 15, 331.0,448.0,1
15, 12, 331.0,448.0,1
12, 16, 449.0,570.0,-1
16, 12, 449.0,570.0,-1
12, 12, 0.0,0.0,1
13, 14, 181.0,228.0,1
14, 13, 181.0,228.0,1
13, 15, 209.0,286.0,1
15, 13, 209.0,286.0,1
13, 16, 98.0,130.0,1
16, 13, 98.0,130.0,1
13, 13, 0.0,0.0,1
14, 15, 52.0,59.0,-1
15, 14, 52.0,59.0,-1
14, 16, 279.0,358.0,1
16, 14, 279.0,358.0,1
14, 14, 0.0,0.0,1
15, 16, 307.0,416.0,-1
16, 15, 307.0,416.0,-1
15, 15, 0.0,0.0,1
16, 16, 0.0,0.0,1


<end>