<number of nodes>
16

<ratio of available edges>
0.3

<max length of the drone flight>
100000 

<D 2/3>
1, 2, 3, 4, 5, 6, 9, 12, 13, 15, 16

<V>
2, 4, 5, 12, 15

<coordinates X,Y>
17.771574388639582, 774.034103921315
202.40854490792327, 810.7793202311484
731.1057987504902, 732.9685946489143
591.6238833406917, 6.360688087437953
226.93709922111998, 405.7250742824351
459.47116538905664, 359.6615530834505
893.6922996904941, 345.354753486361
911.1651384040736, 561.4267108244985
174.4155260226761, 588.915233341288
966.5849305571318, 247.44577823112294
146.75878854949178, 366.20726184564245
505.043008505263, 957.5054213820223
352.4055230864004, 502.6799139842373
207.4937257854912, 260.0454858889794
721.2627258463305, 209.6343019235876
898.1502243016531, 400.0071473887975

<adjacency matrix with truck distances>
1, 2, 189.0,222.0,1
2, 1, 189.0,222.0,1
1, 3, 715.0,755.0,-1
3, 1, 715.0,755.0,-1
1, 4, 959.0,1342.0,-1
4, 1, 959.0,1342.0,-1
1, 5, 424.0,578.0,-1
5, 1, 424.0,578.0,-1
1, 6, 606.0,857.0,-1
6, 1, 606.0,857.0,-1
1, 7, 976.0,1305.0,-1
7, 1, 976.0,1305.0,-1
1, 8, 919.0,1107.0,-1
8, 1, 919.0,1107.0,-1
1, 9, 243.0,342.0,-1
9, 1, 243.0,342.0,-1
1, 10, 1086.0,1476.0,1
10, 1, 1086.0,1476.0,1
1, 11, 428.0,537.0,-1
11, 1, 428.0,537.0,-1
1, 12, 521.0,671.0,-1
12, 1, 521.0,671.0,-1
1, 13, 431.0,606.0,-1
13, 1, 431.0,606.0,-1
1, 14, 548.0,704.0,-1
14, 1, 548.0,704.0,-1
1, 15, 902.0,1268.0,-1
15, 1, 902.0,1268.0,-1
1, 16, 957.0,1255.0,-1
16, 1, 957.0,1255.0,-1
1, 1, 0.0,0.0,1
2, 3, 535.0,607.0,-1
3, 2, 535.0,607.0,-1
2, 4, 894.0,1194.0,-1
4, 2, 894.0,1194.0,-1
2, 5, 406.0,430.0,1
5, 2, 406.0,430.0,1
2, 6, 520.0,709.0,-1
6, 2, 520.0,709.0,-1
2, 7, 834.0,1157.0,1
7, 2, 834.0,1157.0,1
2, 8, 752.0,959.0,-1
8, 2, 752.0,959.0,-1
2, 9, 224.0,250.0,1
9, 2, 224.0,250.0,1
2, 10, 950.0,1328.0,1
10, 2, 950.0,1328.0,1
2, 11, 449.0,501.0,-1
11, 2, 449.0,501.0,-1
2, 12, 337.0,450.0,-1
12, 2, 337.0,450.0,-1
2, 13, 343.0,459.0,-1
13, 2, 343.0,459.0,-1
2, 14, 551.0,556.0,-1
14, 2, 551.0,556.0,-1
2, 15, 795.0,1120.0,1
15, 2, 795.0,1120.0,1
2, 16, 808.0,1107.0,1
16, 2, 808.0,1107.0,1
2, 2, 0.0,0.0,1
3, 4, 740.0,867.0,-1
4, 3, 740.0,867.0,-1
3, 5, 602.0,832.0,1
5, 3, 602.0,832.0,1
3, 6, 462.0,645.0,1
6, 3, 462.0,645.0,1
3, 7, 421.0,551.0,1
7, 3, 421.0,551.0,1
3, 8, 249.0,352.0,-1
8, 3, 249.0,352.0,-1
3, 9, 576.0,701.0,-1
9, 3, 576.0,701.0,-1
3, 10, 540.0,722.0,-1
10, 3, 540.0,722.0,-1
3, 11, 690.0,952.0,-1
11, 3, 690.0,952.0,-1
3, 12, 319.0,451.0,-1
12, 3, 319.0,451.0,-1
3, 13, 444.0,609.0,-1
13, 3, 444.0,609.0,-1
3, 14, 706.0,997.0,-1
14, 3, 706.0,997.0,-1
3, 15, 524.0,534.0,1
15, 3, 524.0,534.0,1
3, 16, 373.0,501.0,-1
16, 3, 373.0,501.0,-1
3, 3, 0.0,0.0,1
4, 5, 541.0,765.0,-1
5, 4, 541.0,765.0,-1
4, 6, 378.0,486.0,1
6, 4, 378.0,486.0,1
4, 7, 455.0,642.0,-1
7, 4, 455.0,642.0,-1
4, 8, 641.0,875.0,1
8, 4, 641.0,875.0,1
4, 9, 717.0,1000.0,-1
9, 4, 717.0,1000.0,-1
4, 10, 446.0,617.0,1
10, 4, 446.0,617.0,1
4, 11, 573.0,805.0,-1
11, 4, 573.0,805.0,-1
4, 12, 956.0,1038.0,-1
12, 4, 956.0,1038.0,-1
4, 13, 551.0,736.0,-1
13, 4, 551.0,736.0,-1
4, 14, 461.0,638.0,1
14, 4, 461.0,638.0,1
4, 15, 242.0,333.0,-1
15, 4, 242.0,333.0,-1
4, 16, 499.0,701.0,1
16, 4, 499.0,701.0,1
4, 4, 0.0,0.0,1
5, 6, 238.0,279.0,-1
6, 5, 238.0,279.0,-1
5, 7, 670.0,728.0,1
7, 5, 670.0,728.0,1
5, 8, 702.0,840.0,-1
8, 5, 702.0,840.0,-1
5, 9, 191.0,236.0,-1
9, 5, 191.0,236.0,-1
5, 10, 757.0,898.0,1
10, 5, 757.0,898.0,1
5, 11, 90.0,120.0,-1
11, 5, 90.0,120.0,-1
5, 12, 618.0,830.0,-1
12, 5, 618.0,830.0,-1
5, 13, 159.0,223.0,-1
13, 5, 159.0,223.0,-1
5, 14, 147.0,166.0,1
14, 5, 147.0,166.0,1
5, 15, 532.0,691.0,-1
15, 5, 532.0,691.0,-1
5, 16, 672.0,677.0,-1
16, 5, 672.0,677.0,-1
5, 5, 0.0,0.0,1
6, 7, 435.0,449.0,-1
7, 6, 435.0,449.0,-1
6, 8, 495.0,654.0,1
8, 6, 495.0,654.0,1
6, 9, 366.0,515.0,-1
9, 6, 366.0,515.0,-1
6, 10, 520.0,620.0,1
10, 6, 520.0,620.0,1
6, 11, 313.0,320.0,-1
11, 6, 313.0,320.0,-1
6, 12, 600.0,644.0,-1
12, 6, 600.0,644.0,-1
6, 13, 179.0,251.0,-1
13, 6, 179.0,251.0,-1
6, 14, 271.0,352.0,-1
14, 6, 271.0,352.0,-1
6, 15, 302.0,412.0,-1
15, 6, 302.0,412.0,-1
6, 16, 441.0,480.0,1
16, 6, 441.0,480.0,1
6, 6, 0.0,0.0,1
7, 8, 217.0,234.0,-1
8, 7, 217.0,234.0,-1
7, 9, 760.0,963.0,-1
9, 7, 760.0,963.0,-1
7, 10, 123.0,171.0,-1
10, 7, 123.0,171.0,-1
7, 11, 748.0,768.0,-1
11, 7, 748.0,768.0,-1
7, 12, 726.0,1001.0,-1
12, 7, 726.0,1001.0,-1
7, 13, 564.0,699.0,-1
13, 7, 564.0,699.0,-1
7, 14, 692.0,772.0,1
14, 7, 692.0,772.0,1
7, 15, 220.0,309.0,-1
15, 7, 220.0,309.0,-1
7, 16, 55.0,60.0,-1
16, 7, 55.0,60.0,-1
7, 7, 0.0,0.0,1
8, 9, 738.0,765.0,-1
9, 8, 738.0,765.0,-1
8, 10, 319.0,370.0,1
10, 8, 319.0,370.0,1
8, 11, 789.0,960.0,-1
11, 8, 789.0,960.0,-1
8, 12, 568.0,803.0,-1
12, 8, 568.0,803.0,-1
8, 13, 562.0,618.0,1
13, 8, 562.0,618.0,1
8, 14, 766.0,1006.0,-1
14, 8, 766.0,1006.0,-1
8, 15, 400.0,542.0,-1
15, 8, 400.0,542.0,-1
8, 16, 162.0,175.0,-1
16, 8, 162.0,175.0,-1
8, 8, 0.0,0.0,1
9, 10, 863.0,1134.0,-1
10, 9, 863.0,1134.0,-1
9, 11, 225.0,251.0,1
11, 9, 225.0,251.0,1
9, 12, 496.0,700.0,-1
12, 9, 496.0,700.0,-1
9, 13, 198.0,265.0,-1
13, 9, 198.0,265.0,-1
9, 14, 331.0,362.0,1
14, 9, 331.0,362.0,1
9, 15, 666.0,927.0,-1
15, 9, 666.0,927.0,-1
9, 16, 748.0,913.0,-1
16, 9, 748.0,913.0,-1
9, 9, 0.0,0.0,1
10, 11, 829.0,939.0,-1
11, 10, 829.0,939.0,-1
10, 12, 847.0,1172.0,1
12, 10, 847.0,1172.0,1
10, 13, 666.0,870.0,-1
13, 10, 666.0,870.0,-1
10, 14, 760.0,772.0,-1
14, 10, 760.0,772.0,-1
10, 15, 249.0,284.0,-1
15, 10, 249.0,284.0,-1
10, 16, 168.0,221.0,-1
16, 10, 168.0,221.0,-1
10, 10, 0.0,0.0,1
11, 12, 692.0,950.0,1
12, 11, 692.0,950.0,1
11, 13, 247.0,343.0,1
13, 11, 247.0,343.0,1
11, 14, 123.0,167.0,-1
14, 11, 123.0,167.0,-1
11, 15, 596.0,732.0,-1
15, 11, 596.0,732.0,-1
11, 16, 753.0,786.0,1
16, 11, 753.0,786.0,1
11, 11, 0.0,0.0,1
12, 13, 480.0,608.0,-1
13, 12, 480.0,608.0,-1
12, 14, 759.0,996.0,-1
14, 12, 759.0,996.0,-1
12, 15, 779.0,965.0,1
15, 12, 779.0,965.0,1
12, 16, 683.0,951.0,-1
16, 12, 683.0,951.0,-1
12, 12, 0.0,0.0,1
13, 14, 283.0,388.0,-1
14, 13, 283.0,388.0,-1
13, 15, 472.0,662.0,1
15, 13, 472.0,662.0,1
13, 16, 556.0,649.0,-1
16, 13, 556.0,649.0,-1
13, 13, 0.0,0.0,1
14, 15, 517.0,565.0,1
15, 14, 517.0,565.0,1
14, 16, 705.0,831.0,1
16, 14, 705.0,831.0,1
14, 14, 0.0,0.0,1
15, 16, 260.0,368.0,-1
16, 15, 260.0,368.0,-1
15, 15, 0.0,0.0,1
16, 16, 0.0,0.0,1


<end>