<number of nodes>
16

<ratio of available edges>
0.3

<max length of the drone flight>
100000 

<D 2/3>
1, 2, 6, 7, 8, 9, 10, 12, 14, 15, 16

<V>
2, 6, 8, 12, 16

<coordinates X,Y>
373.04630966462224, 980.8815841015241
255.27431292962004, 280.8999295374364
900.6053277112734, 344.4668416479704
96.60110118404427, 345.1753629373108
747.6701492827663, 687.397075105018
105.21244302566204, 3.7285208619069867
353.56443742944424, 959.97730063279
727.1067793809548, 303.6050478189743
844.1943244819005, 988.6516650856098
731.2252050103633, 81.12697471471786
679.102220025218, 404.52592493849403
876.4634949351022, 89.80795726105723
654.3215982548335, 292.7709710382953
86.06360250667925, 46.11787071892449
920.7970126642995, 554.0649389935543
494.73032354153827, 228.6131934559311

<adjacency matrix with truck distances>
1, 2, 710.0,818.0,1
2, 1, 710.0,818.0,1
1, 3, 827.0,1164.0,1
3, 1, 827.0,1164.0,1
1, 4, 694.0,913.0,1
4, 1, 694.0,913.0,1
1, 5, 476.0,669.0,-1
5, 1, 476.0,669.0,-1
1, 6, 1014.0,1245.0,1
6, 1, 1014.0,1245.0,1
1, 7, 29.0,41.0,-1
7, 1, 29.0,41.0,-1
1, 8, 765.0,1032.0,-1
8, 1, 765.0,1032.0,-1
1, 9, 472.0,479.0,-1
9, 1, 472.0,479.0,-1
1, 10, 969.0,1258.0,1
10, 1, 969.0,1258.0,1
1, 11, 653.0,883.0,-1
11, 1, 653.0,883.0,-1
1, 12, 1024.0,1395.0,-1
12, 1, 1024.0,1395.0,-1
1, 13, 744.0,970.0,1
13, 1, 744.0,970.0,1
1, 14, 978.0,1222.0,-1
14, 1, 978.0,1222.0,-1
1, 15, 695.0,975.0,-1
15, 1, 695.0,975.0,-1
1, 16, 763.0,874.0,1
16, 1, 763.0,874.0,1
1, 1, 0.0,0.0,1
2, 3, 649.0,709.0,-1
3, 2, 649.0,709.0,-1
2, 4, 172.0,223.0,-1
4, 2, 172.0,223.0,-1
2, 5, 639.0,899.0,-1
5, 2, 639.0,899.0,-1
2, 6, 316.0,428.0,-1
6, 2, 316.0,428.0,-1
2, 7, 687.0,778.0,1
7, 2, 687.0,778.0,1
2, 8, 473.0,495.0,-1
8, 2, 473.0,495.0,-1
2, 9, 921.0,1297.0,-1
9, 2, 921.0,1297.0,-1
2, 10, 517.0,676.0,1
10, 2, 517.0,676.0,1
2, 11, 442.0,548.0,-1
11, 2, 442.0,548.0,-1
2, 12, 650.0,813.0,1
12, 2, 650.0,813.0,1
2, 13, 400.0,411.0,-1
13, 2, 400.0,411.0,-1
2, 14, 290.0,404.0,1
14, 2, 290.0,404.0,1
2, 15, 720.0,939.0,-1
15, 2, 720.0,939.0,-1
2, 16, 246.0,292.0,-1
16, 2, 246.0,292.0,-1
2, 2, 0.0,0.0,1
3, 4, 805.0,805.0,1
4, 3, 805.0,805.0,1
3, 5, 376.0,496.0,-1
5, 3, 376.0,496.0,-1
3, 6, 866.0,1137.0,1
6, 3, 866.0,1137.0,1
3, 7, 824.0,1163.0,-1
7, 3, 824.0,1163.0,-1
3, 8, 179.0,215.0,-1
8, 3, 179.0,215.0,-1
3, 9, 647.0,701.0,1
9, 3, 647.0,701.0,1
3, 10, 314.0,433.0,1
10, 3, 314.0,433.0,1
3, 11, 230.0,282.0,-1
11, 3, 230.0,282.0,-1
3, 12, 256.0,279.0,-1
12, 3, 256.0,279.0,-1
3, 13, 252.0,298.0,1
13, 3, 252.0,298.0,1
3, 14, 868.0,1113.0,-1
14, 3, 868.0,1113.0,-1
3, 15, 211.0,230.0,1
15, 3, 211.0,230.0,1
3, 16, 423.0,522.0,1
16, 3, 423.0,522.0,1
3, 3, 0.0,0.0,1
4, 5, 736.0,994.0,1
5, 4, 736.0,994.0,1
4, 6, 342.0,351.0,-1
6, 4, 342.0,351.0,-1
4, 7, 667.0,872.0,1
7, 4, 667.0,872.0,1
4, 8, 632.0,673.0,-1
8, 4, 632.0,673.0,-1
4, 9, 987.0,1392.0,1
9, 4, 987.0,1392.0,1
4, 10, 688.0,899.0,-1
10, 4, 688.0,899.0,-1
4, 11, 586.0,642.0,-1
11, 4, 586.0,642.0,-1
4, 12, 821.0,1036.0,-1
12, 4, 821.0,1036.0,-1
4, 13, 561.0,611.0,-1
13, 4, 561.0,611.0,-1
4, 14, 300.0,310.0,-1
14, 4, 300.0,310.0,-1
4, 15, 851.0,1034.0,-1
15, 4, 851.0,1034.0,-1
4, 16, 415.0,515.0,-1
16, 4, 415.0,515.0,-1
4, 4, 0.0,0.0,1
5, 6, 939.0,1327.0,1
6, 5, 939.0,1327.0,1
5, 7, 480.0,667.0,-1
7, 5, 480.0,667.0,-1
5, 8, 385.0,405.0,-1
8, 5, 385.0,405.0,-1
5, 9, 317.0,398.0,-1
9, 5, 317.0,398.0,-1
5, 10, 607.0,623.0,1
10, 5, 607.0,623.0,1
5, 11, 292.0,352.0,-1
11, 5, 292.0,352.0,-1
5, 12, 612.0,727.0,-1
12, 5, 612.0,727.0,-1
5, 13, 406.0,488.0,-1
13, 5, 406.0,488.0,-1
5, 14, 922.0,1303.0,-1
14, 5, 922.0,1303.0,-1
5, 15, 219.0,307.0,-1
15, 5, 219.0,307.0,-1
5, 16, 524.0,712.0,1
16, 5, 524.0,712.0,1
5, 5, 0.0,0.0,1
6, 7, 988.0,1205.0,-1
7, 6, 988.0,1205.0,-1
6, 8, 691.0,922.0,-1
8, 6, 691.0,922.0,-1
6, 9, 1232.0,1724.0,-1
9, 6, 1232.0,1724.0,-1
6, 10, 631.0,704.0,1
10, 6, 631.0,704.0,1
6, 11, 700.0,975.0,1
11, 6, 700.0,975.0,1
6, 12, 777.0,858.0,-1
12, 6, 777.0,858.0,-1
6, 13, 621.0,839.0,-1
13, 6, 621.0,839.0,-1
6, 14, 47.0,62.0,-1
14, 6, 47.0,62.0,-1
6, 15, 984.0,1366.0,1
15, 6, 984.0,1366.0,1
6, 16, 450.0,615.0,-1
16, 6, 450.0,615.0,-1
6, 6, 0.0,0.0,1
7, 8, 756.0,1030.0,1
8, 7, 756.0,1030.0,1
7, 9, 492.0,520.0,1
9, 7, 492.0,520.0,1
7, 10, 957.0,1257.0,-1
10, 7, 957.0,1257.0,-1
7, 11, 644.0,881.0,-1
11, 7, 644.0,881.0,-1
7, 12, 1016.0,1394.0,-1
12, 7, 1016.0,1394.0,-1
7, 13, 732.0,968.0,-1
13, 7, 732.0,968.0,-1
7, 14, 953.0,1182.0,-1
14, 7, 953.0,1182.0,-1
7, 15, 698.0,974.0,-1
15, 7, 698.0,974.0,-1
7, 16, 745.0,873.0,-1
16, 7, 745.0,873.0,-1
7, 7, 0.0,0.0,1
8, 9, 695.0,803.0,1
9, 8, 695.0,803.0,1
8, 10, 223.0,227.0,-1
10, 8, 223.0,227.0,-1
8, 11, 112.0,149.0,1
11, 8, 112.0,149.0,1
8, 12, 261.0,364.0,-1
12, 8, 261.0,364.0,-1
8, 13, 74.0,84.0,-1
13, 8, 74.0,84.0,-1
8, 14, 691.0,899.0,1
14, 8, 691.0,899.0,1
8, 15, 317.0,445.0,-1
15, 8, 317.0,445.0,-1
8, 16, 245.0,308.0,-1
16, 8, 245.0,308.0,-1
8, 8, 0.0,0.0,1
9, 10, 915.0,1021.0,1
10, 9, 915.0,1021.0,1
9, 11, 608.0,750.0,-1
11, 9, 608.0,750.0,-1
9, 12, 900.0,932.0,-1
12, 9, 900.0,932.0,-1
9, 13, 722.0,886.0,-1
13, 9, 722.0,886.0,-1
9, 14, 1210.0,1701.0,-1
14, 9, 1210.0,1701.0,-1
9, 15, 442.0,512.0,-1
15, 9, 442.0,512.0,-1
9, 16, 837.0,1110.0,-1
16, 9, 837.0,1110.0,-1
9, 9, 0.0,0.0,1
10, 11, 328.0,376.0,1
11, 10, 328.0,376.0,1
10, 12, 146.0,154.0,-1
12, 10, 146.0,154.0,-1
10, 13, 226.0,289.0,-1
13, 10, 226.0,289.0,-1
10, 14, 647.0,681.0,-1
14, 10, 647.0,681.0,-1
10, 15, 510.0,663.0,-1
15, 10, 510.0,663.0,-1
10, 16, 279.0,384.0,-1
16, 10, 279.0,384.0,-1
10, 10, 0.0,0.0,1
11, 12, 372.0,513.0,-1
12, 11, 372.0,513.0,-1
11, 13, 115.0,137.0,-1
13, 11, 115.0,137.0,-1
11, 14, 693.0,952.0,1
14, 11, 693.0,952.0,1
11, 15, 285.0,392.0,-1
15, 11, 285.0,392.0,-1
11, 16, 255.0,361.0,-1
16, 11, 255.0,361.0,-1
11, 11, 0.0,0.0,1
12, 13, 301.0,426.0,-1
13, 12, 301.0,426.0,-1
12, 14, 792.0,835.0,-1
14, 12, 792.0,835.0,-1
12, 15, 467.0,509.0,-1
15, 12, 467.0,509.0,-1
12, 16, 407.0,521.0,-1
16, 12, 407.0,521.0,-1
12, 12, 0.0,0.0,1
13, 14, 620.0,815.0,-1
14, 13, 620.0,815.0,-1
13, 15, 374.0,528.0,1
15, 13, 374.0,528.0,1
13, 16, 173.0,224.0,-1
16, 13, 173.0,224.0,-1
13, 13, 0.0,0.0,1
14, 15, 978.0,1343.0,-1
15, 14, 978.0,1343.0,-1
14, 16, 448.0,592.0,-1
16, 14, 448.0,592.0,-1
14, 14, 0.0,0.0,1
15, 16, 537.0,752.0,-1
16, 15, 537.0,752.0,-1
15, 15, 0.0,0.0,1
16, 16, 0.0,0.0,1


<end>