<number of nodes>
16

<ratio of available edges>
0.3

<max length of the drone flight>
100000 

<D 2/3>
1, 3, 4, 6, 8, 10, 11, 12, 13, 14, 15

<V>
10, 11, 12, 14, 15

<coordinates X,Y>
926.4406365583098, 402.78976585378973
236.821860415829, 928.0233519969798
472.4996012880505, 819.5019149870177
147.31767957372355, 111.6606785905698
662.2637407411936, 275.1452555722127
317.02086239932333, 467.99152777148333
408.247123131831, 281.41301211086505
302.03664931813415, 228.09424691942246
900.7029056551124, 516.2458001358107
839.4863646287777, 713.6041044399411
774.5396634386755, 512.7190555655715
236.25960005984746, 884.0806734941916
473.6673447823654, 121.37818306005192
55.84324994595416, -0.758048903029759
215.1086010592342, 642.4301385630105
543.0089839665286, 682.256738666715

<adjacency matrix with truck distances>
1, 2, 867.0,1215.0,-1
2, 1, 867.0,1215.0,-1
1, 3, 617.0,871.0,-1
3, 1, 617.0,871.0,-1
1, 4, 832.0,1071.0,1
4, 1, 832.0,1071.0,1
1, 5, 294.0,392.0,-1
5, 1, 294.0,392.0,-1
1, 6, 613.0,675.0,1
6, 1, 613.0,675.0,1
1, 7, 533.0,640.0,-1
7, 1, 533.0,640.0,-1
1, 8, 649.0,800.0,-1
8, 1, 649.0,800.0,-1
1, 9, 117.0,140.0,1
9, 1, 117.0,140.0,1
1, 10, 323.0,398.0,-1
10, 1, 323.0,398.0,-1
1, 11, 188.0,262.0,-1
11, 1, 188.0,262.0,-1
1, 12, 842.0,1172.0,1
12, 1, 842.0,1172.0,1
1, 13, 534.0,735.0,-1
13, 1, 534.0,735.0,-1
1, 14, 960.0,1275.0,-1
14, 1, 960.0,1275.0,-1
1, 15, 751.0,951.0,-1
15, 1, 751.0,951.0,-1
1, 16, 475.0,663.0,-1
16, 1, 475.0,663.0,-1
1, 1, 0.0,0.0,1
2, 3, 260.0,345.0,-1
3, 2, 260.0,345.0,-1
2, 4, 822.0,906.0,1
4, 2, 822.0,906.0,1
2, 5, 780.0,1079.0,1
5, 2, 780.0,1079.0,1
2, 6, 467.0,541.0,-1
6, 2, 467.0,541.0,-1
2, 7, 669.0,819.0,-1
7, 2, 669.0,819.0,-1
2, 8, 703.0,766.0,1
8, 2, 703.0,766.0,1
2, 9, 782.0,1076.0,1
9, 2, 782.0,1076.0,1
2, 10, 640.0,818.0,-1
10, 2, 640.0,818.0,-1
2, 11, 680.0,954.0,-1
11, 2, 680.0,954.0,-1
2, 12, 44.0,45.0,-1
12, 2, 44.0,45.0,-1
2, 13, 841.0,1044.0,1
13, 2, 841.0,1044.0,1
2, 14, 947.0,1110.0,-1
14, 2, 947.0,1110.0,-1
2, 15, 287.0,308.0,-1
15, 2, 287.0,308.0,-1
2, 16, 393.0,552.0,-1
16, 2, 393.0,552.0,-1
2, 2, 0.0,0.0,1
3, 4, 779.0,1034.0,-1
4, 3, 779.0,1034.0,-1
3, 5, 577.0,735.0,-1
5, 3, 577.0,735.0,-1
3, 6, 385.0,507.0,-1
6, 3, 385.0,507.0,-1
3, 7, 542.0,603.0,-1
7, 3, 542.0,603.0,-1
3, 8, 616.0,762.0,1
8, 3, 616.0,762.0,1
3, 9, 525.0,732.0,-1
9, 3, 525.0,732.0,-1
3, 10, 382.0,473.0,-1
10, 3, 382.0,473.0,-1
3, 11, 431.0,609.0,-1
11, 3, 431.0,609.0,-1
3, 12, 245.0,301.0,1
12, 3, 245.0,301.0,1
3, 13, 699.0,700.0,-1
13, 3, 699.0,700.0,-1
3, 14, 921.0,1237.0,-1
14, 3, 921.0,1237.0,-1
3, 15, 313.0,435.0,1
15, 3, 313.0,435.0,1
3, 16, 155.0,208.0,-1
16, 3, 155.0,208.0,-1
3, 3, 0.0,0.0,1
4, 5, 541.0,679.0,-1
5, 4, 541.0,679.0,-1
4, 6, 395.0,527.0,1
6, 4, 395.0,527.0,1
4, 7, 312.0,431.0,1
7, 4, 312.0,431.0,1
4, 8, 194.0,272.0,-1
8, 4, 194.0,272.0,-1
4, 9, 856.0,1158.0,-1
9, 4, 856.0,1158.0,-1
4, 10, 918.0,1295.0,-1
10, 4, 918.0,1295.0,-1
4, 11, 745.0,1029.0,1
11, 4, 745.0,1029.0,1
4, 12, 778.0,862.0,-1
12, 4, 778.0,862.0,-1
4, 13, 327.0,337.0,-1
13, 4, 327.0,337.0,-1
4, 14, 145.0,204.0,-1
14, 4, 145.0,204.0,-1
4, 15, 536.0,599.0,-1
15, 4, 536.0,599.0,-1
4, 16, 695.0,967.0,-1
16, 4, 695.0,967.0,-1
4, 4, 0.0,0.0,1
5, 6, 396.0,539.0,-1
6, 5, 396.0,539.0,-1
5, 7, 255.0,261.0,-1
7, 5, 255.0,261.0,-1
5, 8, 364.0,408.0,1
8, 5, 364.0,408.0,1
5, 9, 340.0,480.0,-1
9, 5, 340.0,480.0,-1
5, 10, 473.0,616.0,-1
10, 5, 473.0,616.0,-1
5, 11, 263.0,350.0,-1
11, 5, 263.0,350.0,-1
5, 12, 744.0,1035.0,-1
12, 5, 744.0,1035.0,-1
5, 13, 244.0,343.0,1
13, 5, 244.0,343.0,1
5, 14, 667.0,883.0,1
14, 5, 667.0,883.0,1
5, 15, 579.0,815.0,-1
15, 5, 579.0,815.0,-1
5, 16, 425.0,527.0,-1
16, 5, 425.0,527.0,-1
5, 5, 0.0,0.0,1
6, 7, 208.0,278.0,1
7, 6, 208.0,278.0,1
6, 8, 241.0,255.0,1
8, 6, 241.0,255.0,1
6, 9, 586.0,632.0,-1
9, 6, 586.0,632.0,-1
6, 10, 578.0,769.0,-1
10, 6, 578.0,769.0,-1
6, 11, 460.0,503.0,-1
11, 6, 460.0,503.0,-1
6, 12, 424.0,497.0,-1
12, 6, 424.0,497.0,-1
6, 13, 381.0,504.0,-1
13, 6, 381.0,504.0,-1
6, 14, 537.0,730.0,-1
14, 6, 537.0,730.0,-1
6, 15, 203.0,277.0,-1
15, 6, 203.0,277.0,-1
6, 16, 312.0,441.0,-1
16, 6, 312.0,441.0,-1
6, 6, 0.0,0.0,1
7, 8, 119.0,160.0,-1
8, 7, 119.0,160.0,-1
7, 9, 546.0,728.0,-1
9, 7, 546.0,728.0,-1
7, 10, 611.0,864.0,-1
10, 7, 611.0,864.0,-1
7, 11, 434.0,598.0,-1
11, 7, 434.0,598.0,-1
7, 12, 627.0,775.0,-1
12, 7, 627.0,775.0,-1
7, 13, 173.0,226.0,-1
13, 7, 173.0,226.0,-1
7, 14, 452.0,635.0,1
14, 7, 452.0,635.0,1
7, 15, 410.0,555.0,-1
15, 7, 410.0,555.0,-1
7, 16, 423.0,536.0,1
16, 7, 423.0,536.0,1
7, 7, 0.0,0.0,1
8, 9, 665.0,887.0,-1
9, 8, 665.0,887.0,-1
8, 10, 725.0,1023.0,1
10, 8, 725.0,1023.0,1
8, 11, 552.0,758.0,-1
11, 8, 552.0,758.0,-1
8, 12, 660.0,722.0,-1
12, 8, 660.0,722.0,-1
8, 13, 203.0,279.0,-1
13, 8, 203.0,279.0,-1
8, 14, 337.0,476.0,1
14, 8, 337.0,476.0,1
8, 15, 424.0,502.0,-1
15, 8, 424.0,502.0,-1
8, 16, 515.0,696.0,1
16, 8, 515.0,696.0,1
8, 8, 0.0,0.0,1
9, 10, 207.0,259.0,-1
10, 9, 207.0,259.0,-1
9, 11, 127.0,130.0,-1
11, 9, 127.0,130.0,-1
9, 12, 760.0,1033.0,-1
12, 9, 760.0,1033.0,-1
9, 13, 582.0,822.0,-1
13, 9, 582.0,822.0,-1
9, 14, 991.0,1362.0,1
14, 9, 991.0,1362.0,1
9, 15, 698.0,812.0,1
15, 9, 698.0,812.0,1
9, 16, 395.0,524.0,1
16, 9, 395.0,524.0,1
9, 9, 0.0,0.0,1
10, 11, 212.0,266.0,-1
11, 10, 212.0,266.0,-1
10, 12, 627.0,774.0,-1
12, 10, 627.0,774.0,-1
10, 13, 697.0,959.0,-1
13, 10, 697.0,959.0,-1
10, 14, 1061.0,1499.0,1
14, 10, 1061.0,1499.0,1
10, 15, 629.0,696.0,-1
15, 10, 629.0,696.0,-1
10, 16, 299.0,328.0,1
16, 10, 299.0,328.0,1
10, 10, 0.0,0.0,1
11, 12, 654.0,910.0,1
12, 11, 654.0,910.0,1
11, 13, 494.0,693.0,-1
13, 11, 494.0,693.0,-1
11, 14, 884.0,1233.0,-1
14, 11, 884.0,1233.0,-1
11, 15, 575.0,690.0,1
15, 11, 575.0,690.0,1
11, 16, 287.0,402.0,-1
16, 11, 287.0,402.0,-1
11, 11, 0.0,0.0,1
12, 13, 799.0,1001.0,1
13, 12, 799.0,1001.0,1
12, 14, 904.0,1066.0,-1
14, 12, 904.0,1066.0,-1
12, 15, 243.0,263.0,-1
15, 12, 243.0,263.0,-1
12, 16, 368.0,509.0,-1
16, 12, 368.0,509.0,-1
12, 12, 0.0,0.0,1
13, 14, 436.0,540.0,1
14, 13, 436.0,540.0,1
13, 15, 582.0,780.0,-1
15, 13, 582.0,780.0,-1
13, 16, 566.0,631.0,1
16, 13, 566.0,631.0,1
13, 13, 0.0,0.0,1
14, 15, 663.0,803.0,-1
15, 14, 663.0,803.0,-1
14, 16, 839.0,1171.0,-1
16, 14, 839.0,1171.0,-1
14, 14, 0.0,0.0,1
15, 16, 331.0,368.0,1
16, 15, 331.0,368.0,1
15, 15, 0.0,0.0,1
16, 16, 0.0,0.0,1


<end>