<number of nodes>
16

<ratio of available edges>
0.3

<max length of the drone flight>
100000 

<D 2/3>
1, 2, 3, 4, 6, 7, 9, 10, 12, 13, 15

<V>
2, 3, 4, 6, 7

<coordinates X,Y>
774.3418583315096, 433.6350747670567
684.28592821134, 616.8112788737853
256.95574529988147, 827.405559940916
297.2542923780662, 250.04619854261583
314.88275678576474, 43.13827249437055
954.5633139013224, 243.79243359392441
748.4762935668653, 790.6457287731582
289.93355736760424, 156.58365844533034
824.628190451118, 248.7136169232348
854.4632514975292, 100.63023788122878
892.4321902896786, 455.37359247991816
263.1167178735102, 944.2169023771559
612.3738059235782, 463.60770648213526
908.9504350115519, 77.15505392297689
502.22921123634086, 593.4849099096613
139.18563586671354, 367.0891223982406

<adjacency matrix with truck distances>
1, 2, 205.0,274.0,-1
2, 1, 205.0,274.0,-1
1, 3, 651.0,912.0,-1
3, 1, 651.0,912.0,-1
1, 4, 512.0,661.0,-1
4, 1, 512.0,661.0,-1
1, 5, 603.0,850.0,-1
5, 1, 603.0,850.0,-1
1, 6, 262.0,371.0,-1
6, 1, 262.0,371.0,-1
1, 7, 358.0,383.0,-1
7, 1, 358.0,383.0,-1
1, 8, 559.0,762.0,1
8, 1, 559.0,762.0,1
1, 9, 192.0,236.0,-1
9, 1, 192.0,236.0,-1
1, 10, 343.0,414.0,-1
10, 1, 343.0,414.0,-1
1, 11, 121.0,140.0,1
11, 1, 121.0,140.0,1
1, 12, 723.0,1022.0,-1
12, 1, 723.0,1022.0,-1
1, 13, 165.0,192.0,-1
13, 1, 165.0,192.0,-1
1, 14, 382.0,492.0,-1
14, 1, 382.0,492.0,-1
1, 15, 316.0,432.0,-1
15, 1, 316.0,432.0,-1
1, 16, 639.0,702.0,-1
16, 1, 639.0,702.0,-1
1, 1, 0.0,0.0,1
2, 3, 477.0,638.0,1
3, 2, 477.0,638.0,1
2, 4, 534.0,754.0,1
4, 2, 534.0,754.0,1
2, 5, 683.0,944.0,-1
5, 2, 683.0,944.0,-1
2, 6, 461.0,644.0,-1
6, 2, 461.0,644.0,-1
2, 7, 186.0,239.0,1
7, 2, 186.0,239.0,1
2, 8, 607.0,855.0,-1
8, 2, 607.0,855.0,-1
2, 9, 394.0,509.0,-1
9, 2, 394.0,509.0,-1
2, 10, 544.0,687.0,-1
10, 2, 544.0,687.0,-1
2, 11, 264.0,370.0,-1
11, 2, 264.0,370.0,-1
2, 12, 534.0,749.0,-1
12, 2, 534.0,749.0,-1
2, 13, 170.0,226.0,-1
13, 2, 170.0,226.0,-1
2, 14, 585.0,765.0,1
14, 2, 585.0,765.0,1
2, 15, 184.0,206.0,1
15, 2, 184.0,206.0,1
2, 16, 600.0,795.0,1
16, 2, 600.0,795.0,1
2, 2, 0.0,0.0,1
3, 4, 579.0,618.0,-1
4, 3, 579.0,618.0,-1
3, 5, 787.0,843.0,-1
5, 3, 787.0,843.0,-1
3, 6, 910.0,1282.0,-1
6, 3, 910.0,1282.0,-1
3, 7, 493.0,529.0,-1
7, 3, 493.0,529.0,-1
3, 8, 672.0,704.0,-1
8, 3, 672.0,704.0,-1
3, 9, 811.0,1147.0,-1
9, 3, 811.0,1147.0,-1
3, 10, 941.0,1325.0,1
10, 3, 941.0,1325.0,1
3, 11, 737.0,1008.0,-1
11, 3, 737.0,1008.0,-1
3, 12, 117.0,123.0,-1
12, 3, 117.0,123.0,-1
3, 13, 509.0,720.0,-1
13, 3, 509.0,720.0,-1
3, 14, 994.0,1403.0,-1
14, 3, 994.0,1403.0,-1
3, 15, 339.0,480.0,-1
15, 3, 339.0,480.0,-1
3, 16, 476.0,579.0,1
16, 3, 476.0,579.0,1
3, 3, 0.0,0.0,1
4, 5, 208.0,225.0,-1
5, 4, 208.0,225.0,-1
4, 6, 658.0,664.0,1
6, 4, 658.0,664.0,1
4, 7, 705.0,992.0,1
7, 4, 705.0,992.0,1
4, 8, 94.0,101.0,1
8, 4, 94.0,101.0,1
4, 9, 528.0,529.0,1
9, 4, 528.0,529.0,1
4, 10, 577.0,707.0,1
10, 4, 577.0,707.0,1
4, 11, 630.0,801.0,1
11, 4, 630.0,801.0,1
4, 12, 696.0,729.0,-1
12, 4, 696.0,729.0,-1
4, 13, 381.0,529.0,-1
13, 4, 381.0,529.0,-1
4, 14, 636.0,785.0,-1
14, 4, 636.0,785.0,-1
4, 15, 400.0,549.0,1
15, 4, 400.0,549.0,1
4, 16, 197.0,276.0,-1
16, 4, 197.0,276.0,-1
4, 4, 0.0,0.0,1
5, 6, 671.0,841.0,1
6, 5, 671.0,841.0,1
5, 7, 865.0,1182.0,1
7, 5, 865.0,1182.0,1
5, 8, 117.0,139.0,-1
8, 5, 117.0,139.0,-1
5, 9, 550.0,716.0,1
9, 5, 550.0,716.0,1
5, 10, 543.0,598.0,-1
10, 5, 543.0,598.0,-1
5, 11, 710.0,990.0,-1
11, 5, 710.0,990.0,-1
5, 12, 903.0,953.0,-1
12, 5, 903.0,953.0,-1
5, 13, 516.0,718.0,-1
13, 5, 516.0,718.0,-1
5, 14, 596.0,629.0,1
14, 5, 596.0,629.0,1
5, 15, 582.0,738.0,1
15, 5, 582.0,738.0,1
5, 16, 369.0,500.0,-1
16, 5, 369.0,500.0,-1
5, 5, 0.0,0.0,1
6, 7, 585.0,753.0,1
7, 6, 585.0,753.0,1
6, 8, 671.0,752.0,-1
8, 6, 671.0,752.0,-1
6, 9, 131.0,135.0,-1
9, 6, 131.0,135.0,-1
6, 10, 175.0,244.0,-1
10, 6, 175.0,244.0,-1
6, 11, 221.0,274.0,-1
11, 6, 221.0,274.0,-1
6, 12, 985.0,1392.0,-1
12, 6, 985.0,1392.0,-1
6, 13, 407.0,563.0,-1
13, 6, 407.0,563.0,-1
6, 14, 173.0,213.0,-1
14, 6, 173.0,213.0,-1
6, 15, 572.0,803.0,-1
15, 6, 572.0,803.0,-1
6, 16, 825.0,939.0,-1
16, 6, 825.0,939.0,-1
6, 6, 0.0,0.0,1
7, 8, 783.0,1093.0,-1
8, 7, 783.0,1093.0,-1
7, 9, 548.0,619.0,1
9, 7, 548.0,619.0,1
7, 10, 699.0,797.0,-1
10, 7, 699.0,797.0,-1
7, 11, 365.0,480.0,-1
11, 7, 365.0,480.0,-1
7, 12, 510.0,639.0,-1
12, 7, 510.0,639.0,-1
7, 13, 355.0,464.0,-1
13, 7, 355.0,464.0,-1
7, 14, 732.0,874.0,1
14, 7, 732.0,874.0,1
7, 15, 316.0,444.0,-1
15, 7, 316.0,444.0,-1
7, 16, 743.0,1033.0,1
16, 7, 743.0,1033.0,1
7, 7, 0.0,0.0,1
8, 9, 543.0,627.0,-1
9, 8, 543.0,627.0,-1
8, 10, 568.0,621.0,-1
10, 8, 568.0,621.0,-1
8, 11, 673.0,902.0,-1
11, 8, 673.0,902.0,-1
8, 12, 789.0,815.0,1
12, 8, 789.0,815.0,1
8, 13, 446.0,630.0,-1
13, 8, 446.0,630.0,-1
8, 14, 625.0,699.0,-1
14, 8, 625.0,699.0,-1
8, 15, 486.0,650.0,-1
15, 8, 486.0,650.0,-1
8, 16, 259.0,362.0,-1
16, 8, 259.0,362.0,-1
8, 8, 0.0,0.0,1
9, 10, 152.0,178.0,-1
10, 9, 152.0,178.0,-1
9, 11, 218.0,275.0,-1
11, 9, 218.0,275.0,-1
9, 12, 894.0,1258.0,-1
12, 9, 894.0,1258.0,-1
9, 13, 303.0,428.0,-1
13, 9, 303.0,428.0,-1
9, 14, 192.0,256.0,-1
14, 9, 192.0,256.0,-1
9, 15, 473.0,668.0,-1
15, 9, 473.0,668.0,-1
9, 16, 696.0,804.0,1
16, 9, 696.0,804.0,1
9, 9, 0.0,0.0,1
10, 11, 357.0,393.0,-1
11, 10, 357.0,393.0,-1
10, 12, 1031.0,1435.0,-1
12, 10, 1031.0,1435.0,-1
10, 13, 437.0,606.0,-1
13, 10, 437.0,606.0,-1
10, 14, 60.0,78.0,1
14, 10, 60.0,78.0,1
10, 15, 606.0,846.0,-1
15, 10, 606.0,846.0,-1
10, 16, 764.0,982.0,-1
16, 10, 764.0,982.0,-1
10, 10, 0.0,0.0,1
11, 12, 797.0,1119.0,1
12, 11, 797.0,1119.0,1
11, 13, 281.0,289.0,-1
13, 11, 281.0,289.0,-1
11, 14, 379.0,395.0,-1
14, 11, 379.0,395.0,-1
11, 15, 414.0,529.0,-1
15, 11, 414.0,529.0,-1
11, 16, 759.0,842.0,-1
16, 11, 759.0,842.0,-1
11, 11, 0.0,0.0,1
12, 13, 595.0,830.0,1
13, 12, 595.0,830.0,1
12, 14, 1082.0,1513.0,-1
14, 12, 1082.0,1513.0,-1
12, 15, 425.0,590.0,1
15, 12, 425.0,590.0,1
12, 16, 591.0,702.0,-1
16, 12, 591.0,702.0,-1
12, 12, 0.0,0.0,1
13, 14, 488.0,684.0,1
14, 13, 488.0,684.0,1
13, 15, 171.0,241.0,-1
15, 13, 171.0,241.0,-1
13, 16, 483.0,570.0,1
16, 13, 483.0,570.0,1
13, 13, 0.0,0.0,1
14, 15, 658.0,924.0,-1
15, 14, 658.0,924.0,-1
14, 16, 823.0,1060.0,1
16, 14, 823.0,1060.0,1
14, 14, 0.0,0.0,1
15, 16, 428.0,590.0,1
16, 15, 428.0,590.0,1
15, 15, 0.0,0.0,1
16, 16, 0.0,0.0,1


<end>