<number of nodes>
16

<ratio of available edges>
0.3

<max length of the drone flight>
100000 

<D 2/3>
1, 3, 4, 5, 7, 8, 9, 11, 13, 15, 16

<V>
5, 7, 8, 11, 13

<coordinates X,Y>
55.72653440060941, 159.2307269753415
832.2120114080723, 650.1684573126097
390.54750304232556, 76.31596558501862
300.2034034332586, 718.8628061717047
880.6708464278535, 553.6968698747479
691.3185026340889, 949.6596773547336
173.4184175108719, 931.6954033823539
169.10912552768983, 403.78645333588315
530.6805660047725, 20.264482397693886
642.3344588932038, 932.7790078805812
385.6880123570536, 949.2476449129003
544.6615214461513, 728.1531119067596
336.5251557375071, 53.91984726142673
656.0700820995725, 659.7718298549763
926.9310592334068, 806.046955980061
672.8451715143837, 753.559910363469

<adjacency matrix with truck distances>
1, 2, 919.0,1268.0,1
2, 1, 919.0,1268.0,1
1, 3, 345.0,418.0,-1
3, 1, 345.0,418.0,-1
1, 4, 611.0,805.0,-1
4, 1, 611.0,805.0,-1
1, 5, 915.0,1220.0,1
5, 1, 915.0,1220.0,1
1, 6, 1015.0,1427.0,-1
6, 1, 1015.0,1427.0,-1
1, 7, 782.0,891.0,1
7, 1, 782.0,891.0,1
1, 8, 270.0,358.0,-1
8, 1, 270.0,358.0,-1
1, 9, 495.0,614.0,-1
9, 1, 495.0,614.0,-1
1, 10, 971.0,1361.0,1
10, 1, 971.0,1361.0,1
1, 11, 857.0,1120.0,-1
11, 1, 857.0,1120.0,-1
1, 12, 751.0,1058.0,-1
12, 1, 751.0,1058.0,-1
1, 13, 300.0,387.0,-1
13, 1, 300.0,387.0,-1
1, 14, 782.0,1101.0,-1
14, 1, 782.0,1101.0,-1
1, 15, 1086.0,1519.0,1
15, 1, 1086.0,1519.0,1
1, 16, 857.0,1212.0,-1
16, 1, 857.0,1212.0,-1
1, 1, 0.0,0.0,1
2, 3, 725.0,1016.0,1
3, 2, 725.0,1016.0,1
2, 4, 537.0,601.0,-1
4, 2, 537.0,601.0,-1
2, 5, 108.0,145.0,-1
5, 2, 108.0,145.0,-1
2, 6, 331.0,441.0,1
6, 2, 331.0,441.0,1
2, 7, 717.0,941.0,1
7, 2, 717.0,941.0,1
2, 8, 708.0,910.0,1
8, 2, 708.0,910.0,1
2, 9, 699.0,932.0,-1
9, 2, 699.0,932.0,-1
2, 10, 341.0,473.0,-1
10, 2, 341.0,473.0,-1
2, 11, 538.0,746.0,-1
11, 2, 538.0,746.0,-1
2, 12, 298.0,366.0,-1
12, 2, 298.0,366.0,-1
2, 13, 776.0,1092.0,-1
13, 2, 776.0,1092.0,-1
2, 14, 177.0,186.0,-1
14, 2, 177.0,186.0,-1
2, 15, 183.0,251.0,-1
15, 2, 183.0,251.0,-1
2, 16, 190.0,263.0,-1
16, 2, 190.0,263.0,-1
2, 2, 0.0,0.0,1
3, 4, 649.0,733.0,-1
4, 3, 649.0,733.0,-1
3, 5, 685.0,968.0,-1
5, 3, 685.0,968.0,-1
3, 6, 924.0,1175.0,1
6, 3, 924.0,1175.0,1
3, 7, 883.0,1073.0,-1
7, 3, 883.0,1073.0,-1
3, 8, 396.0,549.0,-1
8, 3, 396.0,549.0,-1
3, 9, 151.0,197.0,-1
9, 3, 151.0,197.0,-1
3, 10, 893.0,1109.0,-1
10, 3, 893.0,1109.0,-1
3, 11, 873.0,878.0,-1
11, 3, 873.0,878.0,-1
3, 12, 670.0,806.0,-1
12, 3, 670.0,806.0,-1
3, 13, 59.0,77.0,-1
13, 3, 59.0,77.0,-1
3, 14, 642.0,849.0,1
14, 3, 642.0,849.0,1
3, 15, 906.0,1267.0,-1
15, 3, 906.0,1267.0,-1
3, 16, 734.0,960.0,1
16, 3, 734.0,960.0,1
3, 3, 0.0,0.0,1
4, 5, 604.0,746.0,-1
5, 4, 604.0,746.0,-1
4, 6, 455.0,622.0,-1
6, 4, 455.0,622.0,-1
4, 7, 248.0,340.0,-1
7, 4, 248.0,340.0,-1
4, 8, 342.0,447.0,-1
8, 4, 342.0,447.0,-1
4, 9, 736.0,930.0,-1
9, 4, 736.0,930.0,-1
4, 10, 404.0,557.0,-1
10, 4, 404.0,557.0,-1
4, 11, 246.0,316.0,-1
11, 4, 246.0,316.0,-1
4, 12, 245.0,254.0,1
12, 4, 245.0,254.0,1
4, 13, 666.0,702.0,1
13, 4, 666.0,702.0,1
4, 14, 361.0,415.0,-1
14, 4, 361.0,415.0,-1
4, 15, 633.0,714.0,1
15, 4, 633.0,714.0,1
4, 16, 375.0,408.0,-1
16, 4, 375.0,408.0,-1
4, 4, 0.0,0.0,1
5, 6, 439.0,586.0,-1
6, 5, 439.0,586.0,-1
5, 7, 802.0,1086.0,-1
7, 5, 802.0,1086.0,-1
5, 8, 728.0,862.0,-1
8, 5, 728.0,862.0,-1
5, 9, 638.0,884.0,1
9, 5, 638.0,884.0,1
5, 10, 448.0,618.0,-1
10, 5, 448.0,618.0,-1
5, 11, 634.0,891.0,-1
11, 5, 634.0,891.0,-1
5, 12, 379.0,511.0,1
12, 5, 379.0,511.0,1
5, 13, 739.0,1044.0,-1
13, 5, 739.0,1044.0,-1
5, 14, 249.0,331.0,1
14, 5, 249.0,331.0,1
5, 15, 257.0,299.0,-1
15, 5, 257.0,299.0,-1
5, 16, 289.0,408.0,1
16, 5, 289.0,408.0,1
5, 5, 0.0,0.0,1
6, 7, 519.0,536.0,-1
7, 6, 519.0,536.0,-1
6, 8, 756.0,1069.0,-1
8, 6, 756.0,1069.0,-1
6, 9, 944.0,1091.0,-1
9, 6, 944.0,1091.0,-1
6, 10, 52.0,66.0,1
10, 6, 52.0,66.0,1
6, 11, 306.0,307.0,1
11, 6, 306.0,307.0,1
6, 12, 266.0,369.0,1
12, 6, 266.0,369.0,1
6, 13, 964.0,1251.0,-1
13, 6, 964.0,1251.0,-1
6, 14, 293.0,326.0,-1
14, 6, 293.0,326.0,-1
6, 15, 276.0,380.0,1
15, 6, 276.0,380.0,1
6, 16, 197.0,215.0,-1
16, 6, 197.0,215.0,-1
6, 6, 0.0,0.0,1
7, 8, 528.0,533.0,-1
8, 7, 528.0,533.0,-1
7, 9, 979.0,1269.0,-1
9, 7, 979.0,1269.0,-1
7, 10, 469.0,470.0,-1
10, 7, 469.0,470.0,-1
7, 11, 213.0,230.0,-1
11, 7, 213.0,230.0,-1
7, 12, 424.0,575.0,-1
12, 7, 424.0,575.0,-1
7, 13, 893.0,1041.0,1
13, 7, 893.0,1041.0,1
7, 14, 554.0,755.0,1
14, 7, 554.0,755.0,1
7, 15, 764.0,880.0,1
15, 7, 764.0,880.0,1
7, 16, 531.0,678.0,-1
16, 7, 531.0,678.0,-1
7, 7, 0.0,0.0,1
8, 9, 528.0,746.0,1
9, 8, 528.0,746.0,1
8, 10, 710.0,1003.0,1
10, 8, 710.0,1003.0,1
8, 11, 587.0,763.0,-1
11, 8, 587.0,763.0,-1
8, 12, 497.0,700.0,-1
12, 8, 497.0,700.0,-1
8, 13, 388.0,518.0,1
13, 8, 388.0,518.0,1
8, 14, 551.0,743.0,1
14, 8, 551.0,743.0,1
8, 15, 858.0,1161.0,-1
15, 8, 858.0,1161.0,-1
8, 16, 614.0,854.0,1
16, 8, 614.0,854.0,1
8, 8, 0.0,0.0,1
9, 10, 920.0,1025.0,-1
10, 9, 920.0,1025.0,-1
9, 11, 941.0,1074.0,1
11, 9, 941.0,1074.0,1
9, 12, 709.0,722.0,-1
12, 9, 709.0,722.0,-1
9, 13, 198.0,228.0,1
13, 9, 198.0,228.0,1
9, 14, 652.0,765.0,-1
14, 9, 652.0,765.0,-1
9, 15, 881.0,1183.0,-1
15, 9, 881.0,1183.0,-1
9, 16, 747.0,876.0,-1
16, 9, 747.0,876.0,-1
9, 9, 0.0,0.0,1
10, 11, 258.0,274.0,-1
11, 10, 258.0,274.0,-1
10, 12, 227.0,303.0,-1
12, 10, 227.0,303.0,-1
10, 13, 931.0,1185.0,-1
13, 10, 931.0,1185.0,-1
10, 14, 274.0,287.0,-1
14, 10, 274.0,287.0,-1
10, 15, 312.0,412.0,-1
15, 10, 312.0,412.0,-1
10, 16, 182.0,210.0,-1
16, 10, 182.0,210.0,-1
10, 10, 0.0,0.0,1
11, 12, 273.0,381.0,-1
12, 11, 273.0,381.0,-1
11, 13, 897.0,945.0,-1
13, 11, 897.0,945.0,-1
11, 14, 397.0,560.0,-1
14, 11, 397.0,560.0,-1
11, 15, 560.0,685.0,-1
15, 11, 560.0,685.0,-1
11, 16, 348.0,483.0,-1
16, 11, 348.0,483.0,-1
11, 11, 0.0,0.0,1
12, 13, 706.0,883.0,1
13, 12, 706.0,883.0,1
12, 14, 131.0,180.0,-1
14, 12, 131.0,180.0,-1
12, 15, 391.0,461.0,1
15, 12, 391.0,461.0,1
12, 16, 131.0,154.0,-1
16, 12, 131.0,154.0,-1
12, 12, 0.0,0.0,1
13, 14, 685.0,926.0,-1
14, 13, 685.0,926.0,-1
13, 15, 957.0,1343.0,-1
15, 13, 957.0,1343.0,-1
13, 16, 777.0,1036.0,-1
16, 13, 777.0,1036.0,-1
13, 13, 0.0,0.0,1
14, 15, 308.0,418.0,-1
15, 14, 308.0,418.0,-1
14, 16, 96.0,111.0,1
16, 14, 96.0,111.0,1
14, 14, 0.0,0.0,1
15, 16, 260.0,307.0,-1
16, 15, 260.0,307.0,-1
15, 15, 0.0,0.0,1
16, 16, 0.0,0.0,1


<end>