<number of nodes>
16

<ratio of available edges>
0.3

<max length of the drone flight>
100000 

<D 2/3>
1, 2, 4, 8, 9, 10, 11, 12, 13, 15, 16

<V>
4, 8, 10, 12, 15

<coordinates X,Y>
746.0884292244256, 753.1969397658439
373.326776929092, 194.91638968839996
992.6208187692537, 776.7603608549576
832.8407597648782, 853.314982740877
751.2400762942495, 703.2155257652225
537.5643998706412, 421.56671248938585
960.1507011512529, 113.32035611883526
125.67475058967925, 628.0630444993437
153.03567945752818, 547.0775259694756
495.7536999564974, 495.5558397640673
900.0011440891908, 799.8948401443475
521.4621759895141, 39.593199668868344
780.1535241430099, 725.9153663126667
980.9299418317305, 917.6247417516938
904.4475337136373, 358.6410811233952
202.6305311013154, 404.3449596653212

<adjacency matrix with truck distances>
1, 2, 672.0,932.0,-1
2, 1, 672.0,932.0,-1
1, 3, 248.0,271.0,-1
3, 1, 248.0,271.0,-1
1, 4, 133.0,187.0,-1
4, 1, 133.0,187.0,-1
1, 5, 51.0,56.0,-1
5, 1, 51.0,56.0,-1
1, 6, 392.0,541.0,-1
6, 1, 392.0,541.0,-1
1, 7, 675.0,854.0,-1
7, 1, 675.0,854.0,-1
1, 8, 633.0,746.0,-1
8, 1, 633.0,746.0,-1
1, 9, 628.0,800.0,1
9, 1, 628.0,800.0,1
1, 10, 360.0,508.0,-1
10, 1, 360.0,508.0,-1
1, 11, 161.0,201.0,-1
11, 1, 161.0,201.0,-1
1, 12, 749.0,939.0,1
12, 1, 749.0,939.0,1
1, 13, 44.0,62.0,1
13, 1, 44.0,62.0,1
1, 14, 287.0,400.0,-1
14, 1, 287.0,400.0,-1
1, 15, 426.0,553.0,-1
15, 1, 426.0,553.0,-1
1, 16, 646.0,893.0,-1
16, 1, 646.0,893.0,-1
1, 1, 0.0,0.0,1
2, 3, 850.0,1202.0,-1
3, 2, 850.0,1202.0,-1
2, 4, 803.0,1118.0,1
4, 2, 803.0,1118.0,1
2, 5, 634.0,887.0,1
5, 2, 634.0,887.0,1
2, 6, 280.0,391.0,-1
6, 2, 280.0,391.0,-1
2, 7, 593.0,669.0,-1
7, 2, 593.0,669.0,-1
2, 8, 499.0,681.0,-1
8, 2, 499.0,681.0,-1
2, 9, 416.0,573.0,-1
9, 2, 416.0,573.0,-1
2, 10, 325.0,424.0,1
10, 2, 325.0,424.0,1
2, 11, 803.0,1132.0,-1
11, 2, 803.0,1132.0,-1
2, 12, 215.0,304.0,1
12, 2, 215.0,304.0,1
2, 13, 669.0,938.0,1
13, 2, 669.0,938.0,1
2, 14, 945.0,1331.0,-1
14, 2, 945.0,1331.0,-1
2, 15, 556.0,695.0,-1
15, 2, 556.0,695.0,-1
2, 16, 271.0,381.0,-1
16, 2, 271.0,381.0,-1
2, 2, 0.0,0.0,1
3, 4, 178.0,237.0,-1
4, 3, 178.0,237.0,-1
3, 5, 253.0,315.0,-1
5, 3, 253.0,315.0,-1
3, 6, 578.0,811.0,-1
6, 3, 578.0,811.0,-1
3, 7, 665.0,696.0,1
7, 3, 665.0,696.0,1
3, 8, 880.0,1016.0,-1
8, 3, 880.0,1016.0,-1
3, 9, 871.0,1070.0,-1
9, 3, 871.0,1070.0,-1
3, 10, 571.0,779.0,1
10, 3, 571.0,779.0,1
3, 11, 96.0,116.0,1
11, 3, 96.0,116.0,1
3, 12, 875.0,1209.0,-1
12, 3, 875.0,1209.0,-1
3, 13, 219.0,264.0,-1
13, 3, 219.0,264.0,-1
3, 14, 142.0,153.0,-1
14, 3, 142.0,153.0,-1
3, 15, 428.0,507.0,1
15, 3, 428.0,507.0,1
3, 16, 874.0,1163.0,-1
16, 3, 874.0,1163.0,-1
3, 3, 0.0,0.0,1
4, 5, 171.0,232.0,-1
5, 4, 171.0,232.0,-1
4, 6, 524.0,728.0,-1
6, 4, 524.0,728.0,-1
4, 7, 751.0,868.0,-1
7, 4, 751.0,868.0,-1
4, 8, 743.0,933.0,-1
8, 4, 743.0,933.0,-1
4, 9, 746.0,987.0,-1
9, 4, 746.0,987.0,-1
4, 10, 492.0,695.0,1
10, 4, 492.0,695.0,1
4, 11, 86.0,121.0,1
11, 4, 86.0,121.0,1
4, 12, 872.0,1126.0,-1
12, 4, 872.0,1126.0,-1
4, 13, 138.0,181.0,-1
13, 4, 138.0,181.0,-1
4, 14, 162.0,213.0,1
14, 4, 162.0,213.0,1
4, 15, 500.0,567.0,-1
15, 4, 500.0,567.0,-1
4, 16, 774.0,1080.0,-1
16, 4, 774.0,1080.0,-1
4, 4, 0.0,0.0,1
5, 6, 354.0,496.0,1
6, 5, 354.0,496.0,1
5, 7, 626.0,799.0,-1
7, 5, 626.0,799.0,-1
5, 8, 631.0,701.0,1
8, 5, 631.0,701.0,1
5, 9, 619.0,755.0,-1
9, 5, 619.0,755.0,-1
5, 10, 330.0,464.0,1
10, 5, 330.0,464.0,1
5, 11, 178.0,246.0,-1
11, 5, 178.0,246.0,-1
5, 12, 703.0,894.0,-1
12, 5, 703.0,894.0,-1
5, 13, 37.0,52.0,-1
13, 5, 37.0,52.0,-1
5, 14, 315.0,445.0,-1
14, 5, 315.0,445.0,-1
5, 15, 378.0,498.0,1
15, 5, 378.0,498.0,1
5, 16, 625.0,848.0,-1
16, 5, 625.0,848.0,-1
5, 5, 0.0,0.0,1
6, 7, 524.0,731.0,-1
7, 6, 524.0,731.0,-1
6, 8, 461.0,619.0,-1
8, 6, 461.0,619.0,-1
6, 9, 405.0,511.0,-1
9, 6, 405.0,511.0,-1
6, 10, 85.0,116.0,-1
10, 6, 85.0,116.0,-1
6, 11, 524.0,741.0,1
11, 6, 524.0,741.0,1
6, 12, 383.0,399.0,1
12, 6, 383.0,399.0,1
6, 13, 390.0,547.0,-1
13, 6, 390.0,547.0,-1
6, 14, 666.0,940.0,-1
14, 6, 666.0,940.0,-1
6, 15, 373.0,430.0,-1
15, 6, 373.0,430.0,-1
6, 16, 336.0,353.0,-1
16, 6, 336.0,353.0,-1
6, 6, 0.0,0.0,1
7, 8, 981.0,1350.0,1
8, 7, 981.0,1350.0,1
7, 9, 917.0,1241.0,-1
9, 7, 917.0,1241.0,-1
7, 10, 602.0,847.0,-1
10, 7, 602.0,847.0,-1
7, 11, 690.0,747.0,1
11, 7, 690.0,747.0,1
7, 12, 445.0,513.0,-1
12, 7, 445.0,513.0,-1
7, 13, 639.0,793.0,1
13, 7, 639.0,793.0,1
7, 14, 805.0,826.0,1
14, 7, 805.0,826.0,1
7, 15, 252.0,302.0,1
15, 7, 252.0,302.0,1
7, 16, 812.0,1049.0,-1
16, 7, 812.0,1049.0,-1
7, 7, 0.0,0.0,1
8, 9, 86.0,109.0,-1
9, 8, 86.0,109.0,-1
8, 10, 394.0,503.0,-1
10, 8, 394.0,503.0,-1
8, 11, 794.0,947.0,-1
11, 8, 794.0,947.0,-1
8, 12, 710.0,985.0,-1
12, 8, 710.0,985.0,-1
8, 13, 662.0,753.0,1
13, 8, 662.0,753.0,1
8, 14, 903.0,1145.0,1
14, 8, 903.0,1145.0,1
8, 15, 825.0,1049.0,-1
15, 8, 825.0,1049.0,-1
8, 16, 237.0,301.0,-1
16, 8, 237.0,301.0,-1
8, 8, 0.0,0.0,1
9, 10, 347.0,395.0,-1
10, 9, 347.0,395.0,-1
9, 11, 789.0,1000.0,-1
11, 9, 789.0,1000.0,-1
9, 12, 628.0,876.0,-1
12, 9, 628.0,876.0,-1
9, 13, 653.0,806.0,-1
13, 9, 653.0,806.0,-1
9, 14, 908.0,1199.0,1
14, 9, 908.0,1199.0,1
9, 15, 775.0,940.0,1
15, 9, 775.0,940.0,1
9, 16, 152.0,193.0,-1
16, 9, 152.0,193.0,-1
9, 9, 0.0,0.0,1
10, 11, 507.0,709.0,-1
11, 10, 507.0,709.0,-1
10, 12, 457.0,482.0,-1
12, 10, 457.0,482.0,-1
10, 13, 366.0,515.0,-1
13, 10, 366.0,515.0,-1
10, 14, 644.0,908.0,-1
14, 10, 644.0,908.0,-1
10, 15, 432.0,546.0,1
15, 10, 432.0,546.0,1
10, 16, 307.0,385.0,-1
16, 10, 307.0,385.0,-1
10, 10, 0.0,0.0,1
11, 12, 850.0,1139.0,1
12, 11, 850.0,1139.0,1
11, 13, 141.0,194.0,-1
13, 11, 141.0,194.0,-1
11, 14, 143.0,199.0,1
14, 11, 143.0,199.0,1
11, 15, 442.0,446.0,-1
15, 11, 442.0,446.0,-1
11, 16, 802.0,1093.0,1
16, 11, 802.0,1093.0,1
11, 11, 0.0,0.0,1
12, 13, 734.0,946.0,-1
13, 12, 734.0,946.0,-1
12, 14, 991.0,1338.0,-1
14, 12, 991.0,1338.0,-1
12, 15, 499.0,703.0,-1
15, 12, 499.0,703.0,-1
12, 16, 485.0,684.0,-1
16, 12, 485.0,684.0,-1
12, 12, 0.0,0.0,1
13, 14, 278.0,393.0,1
14, 13, 278.0,393.0,1
13, 15, 388.0,492.0,-1
15, 13, 388.0,492.0,-1
13, 16, 662.0,900.0,-1
16, 13, 662.0,900.0,-1
13, 13, 0.0,0.0,1
14, 15, 565.0,636.0,-1
15, 14, 565.0,636.0,-1
14, 16, 933.0,1292.0,1
16, 14, 933.0,1292.0,1
14, 14, 0.0,0.0,1
15, 16, 704.0,748.0,-1
16, 15, 704.0,748.0,-1
15, 15, 0.0,0.0,1
16, 16, 0.0,0.0,1


<end>