<number of nodes>
16

<ratio of available edges>
0.3

<max length of the drone flight>
100000 

<D 2/3>
1, 2, 3, 5, 7, 10, 11, 13, 14, 15, 16

<V>
3, 5, 7, 10, 14

<coordinates X,Y>
735.1683502187201, 649.1016827615798
575.4748231029679, 807.919402738024
166.06841633040668, 43.11935654557102
196.85507800368387, 265.24348473145983
971.1246552484437, 508.5634814071069
87.9700206576336, 863.3492588680616
134.14508113466238, 917.0039381351525
185.77560719342264, 742.0663188039501
780.6062384070534, 21.97541716252175
760.7926785387584, 151.9752636330125
855.1647025202254, 491.3490175508689
976.9459215450393, 278.4115148782262
131.73806585215664, 409.31308136022375
700.4989922191957, 230.5927300029684
646.4334682740435, 779.5679823199071
326.7637502936324, 834.9465449871407

<adjacency matrix with truck distances>
1, 2, 226.0,319.0,-1
2, 1, 226.0,319.0,-1
1, 3, 832.0,1176.0,-1
3, 1, 832.0,1176.0,-1
1, 4, 662.0,923.0,-1
4, 1, 662.0,923.0,-1
1, 5, 275.0,377.0,1
5, 1, 275.0,377.0,1
1, 6, 682.0,862.0,-1
6, 1, 682.0,862.0,-1
1, 7, 659.0,869.0,-1
7, 1, 659.0,869.0,-1
1, 8, 558.0,643.0,-1
8, 1, 558.0,643.0,-1
1, 9, 629.0,673.0,-1
9, 1, 629.0,673.0,-1
1, 10, 498.0,523.0,1
10, 1, 498.0,523.0,1
1, 11, 199.0,278.0,-1
11, 1, 199.0,278.0,-1
1, 12, 443.0,613.0,-1
12, 1, 443.0,613.0,-1
1, 13, 650.0,844.0,-1
13, 1, 650.0,844.0,-1
1, 14, 420.0,454.0,-1
14, 1, 420.0,454.0,-1
1, 15, 158.0,220.0,1
15, 1, 158.0,220.0,1
1, 16, 449.0,595.0,-1
16, 1, 449.0,595.0,-1
1, 1, 0.0,0.0,1
2, 3, 868.0,1175.0,-1
3, 2, 868.0,1175.0,-1
2, 4, 662.0,922.0,-1
4, 2, 662.0,922.0,-1
2, 5, 497.0,696.0,-1
5, 2, 497.0,696.0,-1
2, 6, 491.0,543.0,-1
6, 2, 491.0,543.0,-1
2, 7, 455.0,551.0,-1
7, 2, 455.0,551.0,-1
2, 8, 396.0,456.0,-1
8, 2, 396.0,456.0,-1
2, 9, 813.0,992.0,-1
9, 2, 813.0,992.0,-1
2, 10, 682.0,842.0,1
10, 2, 682.0,842.0,1
2, 11, 423.0,597.0,1
11, 2, 423.0,597.0,1
2, 12, 665.0,931.0,-1
12, 2, 665.0,931.0,-1
2, 13, 597.0,843.0,-1
13, 2, 597.0,843.0,-1
2, 14, 591.0,703.0,-1
14, 2, 591.0,703.0,-1
2, 15, 77.0,100.0,1
15, 2, 77.0,100.0,1
2, 16, 251.0,276.0,1
16, 2, 251.0,276.0,1
2, 2, 0.0,0.0,1
3, 4, 225.0,253.0,-1
4, 3, 225.0,253.0,-1
3, 5, 930.0,1271.0,-1
5, 3, 930.0,1271.0,-1
3, 6, 824.0,899.0,-1
6, 3, 824.0,899.0,-1
3, 7, 875.0,906.0,-1
7, 3, 875.0,906.0,-1
3, 8, 700.0,719.0,-1
8, 3, 700.0,719.0,-1
3, 9, 615.0,636.0,-1
9, 3, 615.0,636.0,-1
3, 10, 605.0,704.0,-1
10, 3, 605.0,704.0,-1
3, 11, 823.0,1138.0,-1
11, 3, 823.0,1138.0,-1
3, 12, 845.0,1047.0,-1
12, 3, 845.0,1047.0,-1
3, 13, 368.0,401.0,1
13, 3, 368.0,401.0,1
3, 14, 567.0,722.0,1
14, 3, 567.0,722.0,1
3, 15, 880.0,1217.0,-1
15, 3, 880.0,1217.0,-1
3, 16, 808.0,953.0,-1
16, 3, 808.0,953.0,-1
3, 3, 0.0,0.0,1
4, 5, 812.0,1018.0,-1
5, 4, 812.0,1018.0,-1
4, 6, 608.0,707.0,1
6, 4, 608.0,707.0,1
4, 7, 655.0,715.0,-1
7, 4, 655.0,715.0,-1
4, 8, 477.0,488.0,-1
8, 4, 477.0,488.0,-1
4, 9, 633.0,828.0,-1
9, 4, 633.0,828.0,-1
4, 10, 576.0,678.0,-1
10, 4, 576.0,678.0,-1
4, 11, 697.0,885.0,1
11, 4, 697.0,885.0,1
4, 12, 781.0,794.0,-1
12, 4, 781.0,794.0,-1
4, 13, 159.0,210.0,1
13, 4, 159.0,210.0,1
4, 14, 505.0,539.0,-1
14, 4, 505.0,539.0,-1
4, 15, 684.0,964.0,-1
15, 4, 684.0,964.0,-1
4, 16, 585.0,700.0,1
16, 4, 585.0,700.0,1
4, 4, 0.0,0.0,1
5, 6, 952.0,1238.0,1
6, 5, 952.0,1238.0,1
5, 7, 932.0,1246.0,-1
7, 5, 932.0,1246.0,-1
5, 8, 820.0,1019.0,-1
8, 5, 820.0,1019.0,-1
5, 9, 523.0,678.0,1
9, 5, 523.0,678.0,1
5, 10, 414.0,567.0,-1
10, 5, 414.0,567.0,-1
5, 11, 118.0,134.0,1
11, 5, 118.0,134.0,1
5, 12, 231.0,236.0,1
12, 5, 231.0,236.0,1
5, 13, 846.0,939.0,-1
13, 5, 846.0,939.0,-1
5, 14, 388.0,549.0,-1
14, 5, 388.0,549.0,-1
5, 15, 423.0,596.0,-1
15, 5, 423.0,596.0,-1
5, 16, 723.0,971.0,-1
16, 5, 723.0,971.0,-1
5, 5, 0.0,0.0,1
6, 7, 71.0,100.0,-1
7, 6, 71.0,100.0,-1
6, 8, 156.0,220.0,-1
8, 6, 156.0,220.0,-1
6, 9, 1090.0,1535.0,-1
9, 6, 1090.0,1535.0,-1
6, 10, 980.0,1385.0,1
10, 6, 980.0,1385.0,1
6, 11, 853.0,1140.0,1
11, 6, 853.0,1140.0,1
6, 12, 1065.0,1474.0,-1
12, 6, 1065.0,1474.0,-1
6, 13, 457.0,498.0,-1
13, 6, 457.0,498.0,-1
6, 14, 881.0,1246.0,-1
14, 6, 881.0,1246.0,-1
6, 15, 565.0,643.0,1
15, 6, 565.0,643.0,1
6, 16, 241.0,268.0,-1
16, 6, 241.0,268.0,-1
6, 6, 0.0,0.0,1
7, 8, 183.0,227.0,-1
8, 7, 183.0,227.0,-1
7, 9, 1105.0,1542.0,-1
9, 7, 1105.0,1542.0,-1
7, 10, 989.0,1392.0,1
10, 7, 989.0,1392.0,1
7, 11, 838.0,1147.0,1
11, 7, 838.0,1147.0,1
7, 12, 1058.0,1482.0,1
12, 7, 1058.0,1482.0,1
7, 13, 508.0,511.0,1
13, 7, 508.0,511.0,1
7, 14, 890.0,1253.0,-1
14, 7, 890.0,1253.0,-1
7, 15, 531.0,650.0,1
15, 7, 531.0,650.0,1
7, 16, 210.0,275.0,-1
16, 7, 210.0,275.0,-1
7, 7, 0.0,0.0,1
8, 9, 934.0,1315.0,1
9, 8, 934.0,1315.0,1
8, 10, 824.0,1166.0,-1
10, 8, 824.0,1166.0,-1
8, 11, 715.0,921.0,-1
11, 8, 715.0,921.0,-1
8, 12, 918.0,1255.0,1
12, 8, 918.0,1255.0,1
8, 13, 338.0,387.0,-1
13, 8, 338.0,387.0,-1
8, 14, 726.0,1027.0,-1
14, 8, 726.0,1027.0,-1
8, 15, 463.0,499.0,-1
15, 8, 463.0,499.0,-1
8, 16, 169.0,234.0,-1
16, 8, 169.0,234.0,-1
8, 8, 0.0,0.0,1
9, 10, 132.0,150.0,-1
10, 9, 132.0,150.0,-1
9, 11, 476.0,544.0,1
11, 9, 476.0,544.0,1
9, 12, 323.0,453.0,1
12, 9, 323.0,453.0,1
9, 13, 756.0,1037.0,1
13, 9, 756.0,1037.0,1
9, 14, 224.0,289.0,-1
14, 9, 224.0,289.0,-1
9, 15, 770.0,892.0,1
15, 9, 770.0,892.0,1
9, 16, 932.0,1267.0,-1
16, 9, 932.0,1267.0,-1
9, 9, 0.0,0.0,1
10, 11, 353.0,434.0,-1
11, 10, 353.0,434.0,-1
10, 12, 251.0,343.0,-1
12, 10, 251.0,343.0,-1
10, 13, 680.0,887.0,-1
13, 10, 680.0,887.0,-1
10, 14, 100.0,139.0,-1
14, 10, 100.0,139.0,-1
10, 15, 638.0,742.0,-1
15, 10, 638.0,742.0,-1
10, 16, 810.0,1118.0,1
16, 10, 810.0,1118.0,1
10, 10, 0.0,0.0,1
11, 12, 246.0,335.0,-1
12, 11, 246.0,335.0,-1
11, 13, 729.0,806.0,-1
13, 11, 729.0,806.0,-1
11, 14, 304.0,416.0,-1
14, 11, 304.0,416.0,-1
11, 15, 356.0,497.0,-1
15, 11, 356.0,497.0,-1
11, 16, 631.0,872.0,-1
16, 11, 631.0,872.0,-1
11, 11, 0.0,0.0,1
12, 13, 856.0,977.0,1
13, 12, 856.0,977.0,1
12, 14, 281.0,325.0,-1
14, 12, 281.0,325.0,-1
12, 15, 601.0,832.0,1
15, 12, 601.0,832.0,1
12, 16, 856.0,1207.0,-1
16, 12, 856.0,1207.0,-1
12, 12, 0.0,0.0,1
13, 14, 597.0,748.0,1
14, 13, 597.0,748.0,1
13, 15, 635.0,885.0,-1
15, 13, 635.0,885.0,-1
13, 16, 469.0,621.0,1
16, 13, 469.0,621.0,1
13, 13, 0.0,0.0,1
14, 15, 552.0,604.0,-1
15, 14, 552.0,604.0,-1
14, 16, 711.0,979.0,-1
16, 14, 711.0,979.0,-1
14, 14, 0.0,0.0,1
15, 16, 325.0,376.0,-1
16, 15, 325.0,376.0,-1
15, 15, 0.0,0.0,1
16, 16, 0.0,0.0,1


<end>