<number of nodes>
16

<ratio of available edges>
0.3

<max length of the drone flight>
100000 

<D 2/3>
1, 2, 4, 6, 7, 9, 10, 11, 13, 15, 16

<V>
2, 6, 7, 9, 15

<coordinates X,Y>
99.7943026498001, 455.3387836959749
488.49626365313344, 840.3030296904691
793.8717309224861, 545.6498286340614
71.77215368408532, 899.1537268213293
40.43345622154688, 877.8735274282786
210.38773276132542, 879.5460752235134
901.2505482470859, 733.2953819520736
756.3247490921963, 121.56303049777688
356.01396041297073, 606.9433236546769
573.4192924310428, 27.695694916869314
359.96003579991014, 852.6444544637026
202.03526495843994, 81.32451498707466
66.18860305929027, 624.7023836674977
979.9603482889835, 643.2034055077693
183.60219300084663, 181.2744280908208
847.8539346639545, 738.1688402901838

<adjacency matrix with truck distances>
1, 2, 548.0,774.0,1
2, 1, 548.0,774.0,1
1, 3, 700.0,785.0,-1
3, 1, 700.0,785.0,-1
1, 4, 445.0,472.0,-1
4, 1, 445.0,472.0,-1
1, 5, 427.0,482.0,-1
5, 1, 427.0,482.0,-1
1, 6, 439.0,535.0,1
6, 1, 439.0,535.0,1
1, 7, 849.0,1080.0,-1
7, 1, 849.0,1080.0,-1
1, 8, 737.0,991.0,-1
8, 1, 737.0,991.0,-1
1, 9, 298.0,408.0,1
9, 1, 298.0,408.0,1
1, 10, 639.0,902.0,-1
10, 1, 639.0,902.0,-1
1, 11, 475.0,658.0,-1
11, 1, 475.0,658.0,-1
1, 12, 388.0,477.0,1
12, 1, 388.0,477.0,1
1, 13, 173.0,203.0,-1
13, 1, 173.0,203.0,-1
1, 14, 900.0,1069.0,-1
14, 1, 900.0,1069.0,-1
1, 15, 287.0,358.0,1
15, 1, 287.0,358.0,1
1, 16, 800.0,1031.0,1
16, 1, 800.0,1031.0,1
1, 1, 0.0,0.0,1
2, 3, 425.0,601.0,1
3, 2, 425.0,601.0,1
2, 4, 421.0,476.0,-1
4, 2, 421.0,476.0,-1
2, 5, 450.0,486.0,1
5, 2, 450.0,486.0,1
2, 6, 281.0,318.0,-1
6, 2, 281.0,318.0,-1
2, 7, 427.0,520.0,1
7, 2, 427.0,520.0,1
2, 8, 768.0,987.0,-1
8, 2, 768.0,987.0,-1
2, 9, 269.0,366.0,-1
9, 2, 269.0,366.0,-1
2, 10, 818.0,898.0,-1
10, 2, 818.0,898.0,-1
2, 11, 130.0,141.0,1
11, 2, 130.0,141.0,1
2, 12, 812.0,1046.0,-1
12, 2, 812.0,1046.0,-1
2, 13, 475.0,638.0,1
13, 2, 475.0,638.0,1
2, 14, 530.0,689.0,-1
14, 2, 530.0,689.0,-1
2, 15, 727.0,964.0,-1
15, 2, 727.0,964.0,-1
2, 16, 374.0,462.0,-1
16, 2, 374.0,462.0,-1
2, 2, 0.0,0.0,1
3, 4, 804.0,1076.0,-1
4, 3, 804.0,1076.0,-1
3, 5, 824.0,1086.0,1
5, 3, 824.0,1086.0,1
3, 6, 673.0,918.0,1
6, 3, 673.0,918.0,1
3, 7, 217.0,296.0,-1
7, 3, 217.0,296.0,-1
3, 8, 426.0,462.0,-1
8, 3, 426.0,462.0,-1
3, 9, 443.0,500.0,-1
9, 3, 443.0,500.0,-1
3, 10, 563.0,739.0,1
10, 3, 563.0,739.0,1
3, 11, 532.0,741.0,-1
11, 3, 532.0,741.0,-1
3, 12, 753.0,1057.0,-1
12, 3, 753.0,1057.0,-1
3, 13, 732.0,807.0,-1
13, 3, 732.0,807.0,-1
3, 14, 211.0,284.0,-1
14, 3, 211.0,284.0,-1
3, 15, 711.0,975.0,-1
15, 3, 711.0,975.0,-1
3, 16, 200.0,247.0,-1
16, 3, 200.0,247.0,-1
3, 3, 0.0,0.0,1
4, 5, 38.0,53.0,-1
5, 4, 38.0,53.0,-1
4, 6, 140.0,159.0,1
6, 4, 140.0,159.0,1
4, 7, 846.0,996.0,1
7, 4, 846.0,996.0,1
4, 8, 1036.0,1463.0,-1
8, 4, 1036.0,1463.0,-1
4, 9, 408.0,577.0,-1
9, 4, 408.0,577.0,-1
4, 10, 1006.0,1374.0,-1
10, 4, 1006.0,1374.0,-1
4, 11, 292.0,335.0,1
11, 4, 292.0,335.0,1
4, 12, 829.0,949.0,-1
12, 4, 829.0,949.0,-1
4, 13, 275.0,281.0,-1
13, 4, 275.0,281.0,-1
4, 14, 944.0,1165.0,-1
14, 4, 944.0,1165.0,-1
4, 15, 727.0,830.0,1
15, 4, 727.0,830.0,1
4, 16, 793.0,938.0,-1
16, 4, 793.0,938.0,-1
4, 4, 0.0,0.0,1
5, 6, 170.0,172.0,-1
6, 5, 170.0,172.0,-1
5, 7, 873.0,1006.0,-1
7, 5, 873.0,1006.0,-1
5, 8, 1042.0,1473.0,1
8, 5, 1042.0,1473.0,1
5, 9, 416.0,587.0,1
9, 5, 416.0,587.0,1
5, 10, 1004.0,1384.0,-1
10, 5, 1004.0,1384.0,-1
5, 11, 321.0,345.0,1
11, 5, 321.0,345.0,1
5, 12, 813.0,959.0,-1
12, 5, 813.0,959.0,-1
5, 13, 255.0,279.0,-1
13, 5, 255.0,279.0,-1
5, 14, 969.0,1175.0,-1
14, 5, 969.0,1175.0,-1
5, 15, 712.0,840.0,1
15, 5, 712.0,840.0,1
5, 16, 820.0,948.0,1
16, 5, 820.0,948.0,1
5, 5, 0.0,0.0,1
6, 7, 707.0,838.0,-1
7, 6, 707.0,838.0,-1
6, 8, 935.0,1304.0,-1
8, 6, 935.0,1304.0,-1
6, 9, 310.0,419.0,-1
9, 6, 310.0,419.0,-1
6, 10, 926.0,1215.0,1
10, 6, 926.0,1215.0,1
6, 11, 152.0,177.0,-1
11, 6, 152.0,177.0,-1
6, 12, 799.0,807.0,-1
12, 6, 799.0,807.0,-1
6, 13, 293.0,400.0,-1
13, 6, 293.0,400.0,-1
6, 14, 806.0,1006.0,-1
14, 6, 806.0,1006.0,-1
6, 15, 699.0,726.0,-1
15, 6, 699.0,726.0,-1
6, 16, 653.0,779.0,-1
16, 6, 653.0,779.0,-1
6, 6, 0.0,0.0,1
7, 8, 629.0,757.0,-1
8, 7, 629.0,757.0,-1
7, 9, 560.0,672.0,-1
9, 7, 560.0,672.0,-1
7, 10, 779.0,1034.0,-1
10, 7, 779.0,1034.0,-1
7, 11, 555.0,661.0,-1
11, 7, 555.0,661.0,-1
7, 12, 957.0,1352.0,1
12, 7, 957.0,1352.0,1
7, 13, 843.0,944.0,1
13, 7, 843.0,944.0,1
7, 14, 120.0,169.0,1
14, 7, 120.0,169.0,1
7, 15, 906.0,1270.0,1
15, 7, 906.0,1270.0,1
7, 16, 54.0,59.0,-1
16, 7, 54.0,59.0,-1
7, 7, 0.0,0.0,1
8, 9, 630.0,886.0,-1
9, 8, 630.0,886.0,-1
8, 10, 206.0,277.0,-1
10, 8, 206.0,277.0,-1
8, 11, 832.0,1128.0,-1
11, 8, 832.0,1128.0,-1
8, 12, 556.0,595.0,1
12, 8, 556.0,595.0,1
8, 13, 855.0,1194.0,-1
13, 8, 855.0,1194.0,-1
8, 14, 568.0,746.0,-1
14, 8, 568.0,746.0,-1
8, 15, 576.0,633.0,1
15, 8, 576.0,633.0,1
8, 16, 624.0,709.0,1
16, 8, 624.0,709.0,1
8, 8, 0.0,0.0,1
9, 10, 619.0,797.0,-1
10, 9, 619.0,797.0,-1
9, 11, 246.0,250.0,-1
11, 9, 246.0,250.0,-1
9, 12, 548.0,680.0,-1
12, 9, 548.0,680.0,-1
9, 13, 291.0,308.0,-1
13, 9, 291.0,308.0,-1
9, 14, 625.0,661.0,1
14, 9, 625.0,661.0,1
9, 15, 460.0,599.0,-1
15, 9, 460.0,599.0,-1
9, 16, 510.0,624.0,1
16, 9, 510.0,624.0,1
9, 9, 0.0,0.0,1
10, 11, 853.0,1039.0,-1
11, 10, 853.0,1039.0,-1
10, 12, 376.0,426.0,-1
12, 10, 376.0,426.0,-1
10, 13, 784.0,1105.0,-1
13, 10, 784.0,1105.0,-1
10, 14, 738.0,1023.0,-1
14, 10, 738.0,1023.0,-1
10, 15, 419.0,544.0,-1
15, 10, 419.0,544.0,-1
10, 16, 762.0,985.0,-1
16, 10, 762.0,985.0,-1
10, 10, 0.0,0.0,1
11, 12, 788.0,930.0,1
12, 11, 788.0,930.0,1
11, 13, 372.0,522.0,-1
13, 11, 372.0,522.0,-1
11, 14, 655.0,830.0,-1
14, 11, 655.0,830.0,-1
11, 15, 695.0,848.0,1
15, 11, 695.0,848.0,1
11, 16, 502.0,603.0,-1
16, 11, 502.0,603.0,-1
11, 11, 0.0,0.0,1
12, 13, 561.0,680.0,-1
13, 12, 561.0,680.0,-1
12, 14, 960.0,1340.0,-1
14, 12, 960.0,1340.0,-1
12, 15, 102.0,119.0,-1
15, 12, 102.0,119.0,-1
12, 16, 922.0,1303.0,-1
16, 12, 922.0,1303.0,-1
12, 12, 0.0,0.0,1
13, 14, 914.0,933.0,-1
14, 13, 914.0,933.0,-1
13, 15, 459.0,561.0,-1
15, 13, 459.0,561.0,-1
13, 16, 790.0,896.0,-1
16, 13, 790.0,896.0,-1
13, 13, 0.0,0.0,1
14, 15, 921.0,1259.0,-1
15, 14, 921.0,1259.0,-1
14, 16, 163.0,228.0,-1
16, 14, 163.0,228.0,-1
14, 14, 0.0,0.0,1
15, 16, 867.0,1222.0,1
16, 15, 867.0,1222.0,1
15, 15, 0.0,0.0,1
16, 16, 0.0,0.0,1


<end>