<number of nodes>
16

<ratio of available edges>
0.3

<max length of the drone flight>
100000 

<D 2/3>
1, 2, 3, 4, 5, 6, 8, 10, 12, 13, 16

<V>
3, 4, 12, 13, 16

<coordinates X,Y>
828.6541598923874, 57.07880855840509
299.5120196593006, 768.4479413706655
872.3540407771367, 731.9149354752129
810.664074212203, 819.7827912104398
951.2782372958696, 353.410836491184
816.1840281393273, 725.2752951052709
120.99902299999509, 420.79870676299896
591.4206765282073, 955.3618427511408
52.01721053433301, 726.158298208117
115.49614720367231, 607.2955413235486
533.9371973042524, 68.42966592951709
770.2804947248245, 939.2285106181748
403.6450490484127, 628.0998478775052
363.48147007816556, 382.75475222328737
118.26473730176868, 859.9762666765898
982.7912457700737, 505.83266580033825

<adjacency matrix with truck distances>
1, 2, 887.0,1241.0,1
2, 1, 887.0,1241.0,1
1, 3, 677.0,719.0,1
3, 1, 677.0,719.0,1
1, 4, 763.0,781.0,1
4, 1, 763.0,781.0,1
1, 5, 321.0,419.0,-1
5, 1, 321.0,419.0,-1
1, 6, 669.0,681.0,-1
6, 1, 669.0,681.0,-1
1, 7, 796.0,1072.0,-1
7, 1, 796.0,1072.0,-1
1, 8, 930.0,1136.0,-1
8, 1, 930.0,1136.0,-1
1, 9, 1026.0,1446.0,-1
9, 1, 1026.0,1446.0,-1
1, 10, 901.0,1264.0,1
10, 1, 901.0,1264.0,1
1, 11, 295.0,307.0,1
11, 1, 295.0,307.0,1
1, 12, 885.0,941.0,-1
12, 1, 885.0,941.0,-1
1, 13, 712.0,997.0,1
13, 1, 712.0,997.0,1
1, 14, 568.0,791.0,-1
14, 1, 568.0,791.0,-1
1, 15, 1073.0,1514.0,-1
15, 1, 1073.0,1514.0,-1
1, 16, 475.0,603.0,1
16, 1, 475.0,603.0,1
1, 1, 0.0,0.0,1
2, 3, 575.0,610.0,-1
3, 2, 575.0,610.0,-1
2, 4, 514.0,563.0,-1
4, 2, 514.0,563.0,-1
2, 5, 773.0,1067.0,-1
5, 2, 773.0,1067.0,-1
2, 6, 519.0,560.0,-1
6, 2, 519.0,560.0,-1
2, 7, 391.0,527.0,-1
7, 2, 391.0,527.0,-1
2, 8, 347.0,479.0,-1
8, 2, 347.0,479.0,-1
2, 9, 252.0,290.0,1
9, 2, 252.0,290.0,1
2, 10, 245.0,346.0,1
10, 2, 245.0,346.0,1
2, 11, 739.0,935.0,1
11, 2, 739.0,935.0,1
2, 12, 501.0,642.0,-1
12, 2, 501.0,642.0,-1
2, 13, 175.0,245.0,-1
13, 2, 175.0,245.0,-1
2, 14, 391.0,450.0,-1
14, 2, 391.0,450.0,-1
2, 15, 204.0,273.0,1
15, 2, 204.0,273.0,1
2, 16, 733.0,946.0,-1
16, 2, 733.0,946.0,-1
2, 2, 0.0,0.0,1
3, 4, 108.0,150.0,-1
4, 3, 108.0,150.0,-1
3, 5, 387.0,458.0,-1
5, 3, 387.0,458.0,-1
3, 6, 57.0,63.0,-1
6, 3, 57.0,63.0,-1
3, 7, 814.0,1063.0,1
7, 3, 814.0,1063.0,1
3, 8, 359.0,505.0,-1
8, 3, 359.0,505.0,-1
3, 9, 821.0,827.0,1
9, 3, 821.0,827.0,1
3, 10, 768.0,882.0,-1
10, 3, 768.0,882.0,-1
3, 11, 745.0,1002.0,-1
11, 3, 745.0,1002.0,-1
3, 12, 232.0,310.0,-1
12, 3, 232.0,310.0,-1
3, 13, 481.0,573.0,-1
13, 3, 481.0,573.0,-1
3, 14, 618.0,859.0,-1
14, 3, 618.0,859.0,-1
3, 15, 765.0,883.0,-1
15, 3, 765.0,883.0,-1
3, 16, 252.0,337.0,1
16, 3, 252.0,337.0,1
3, 3, 0.0,0.0,1
4, 5, 488.0,607.0,-1
5, 4, 488.0,607.0,-1
4, 6, 95.0,101.0,-1
6, 4, 95.0,101.0,-1
4, 7, 797.0,1089.0,-1
7, 4, 797.0,1089.0,-1
4, 8, 258.0,355.0,-1
8, 4, 258.0,355.0,-1
4, 9, 765.0,853.0,-1
9, 4, 765.0,853.0,-1
4, 10, 727.0,908.0,-1
10, 4, 727.0,908.0,-1
4, 11, 801.0,1029.0,1
11, 4, 801.0,1029.0,1
4, 12, 127.0,160.0,1
12, 4, 127.0,160.0,1
4, 13, 450.0,599.0,-1
13, 4, 450.0,599.0,-1
4, 14, 626.0,885.0,-1
14, 4, 626.0,885.0,-1
4, 15, 694.0,733.0,-1
15, 4, 694.0,733.0,-1
4, 16, 359.0,487.0,1
16, 4, 359.0,487.0,1
4, 4, 0.0,0.0,1
5, 6, 396.0,507.0,1
6, 5, 396.0,507.0,1
5, 7, 834.0,898.0,-1
7, 5, 834.0,898.0,-1
5, 8, 702.0,962.0,-1
8, 5, 702.0,962.0,-1
5, 9, 974.0,1273.0,1
9, 5, 974.0,1273.0,1
5, 10, 874.0,1090.0,-1
10, 5, 874.0,1090.0,-1
5, 11, 506.0,703.0,-1
11, 5, 506.0,703.0,-1
5, 12, 614.0,767.0,-1
12, 5, 614.0,767.0,-1
5, 13, 613.0,823.0,-1
13, 5, 613.0,823.0,-1
5, 14, 589.0,618.0,-1
14, 5, 589.0,618.0,-1
5, 15, 975.0,1340.0,1
15, 5, 975.0,1340.0,1
5, 16, 156.0,184.0,-1
16, 5, 156.0,184.0,-1
5, 5, 0.0,0.0,1
6, 7, 759.0,1000.0,-1
7, 6, 759.0,1000.0,-1
6, 8, 322.0,455.0,1
8, 6, 322.0,455.0,1
6, 9, 765.0,766.0,-1
9, 6, 765.0,766.0,-1
6, 10, 711.0,819.0,-1
10, 6, 711.0,819.0,-1
6, 11, 715.0,940.0,-1
11, 6, 715.0,940.0,-1
6, 12, 219.0,260.0,-1
12, 6, 219.0,260.0,-1
6, 13, 424.0,510.0,-1
13, 6, 424.0,510.0,-1
6, 14, 568.0,796.0,-1
14, 6, 568.0,796.0,-1
6, 15, 711.0,833.0,1
15, 6, 711.0,833.0,1
6, 16, 276.0,387.0,-1
16, 6, 276.0,387.0,-1
6, 6, 0.0,0.0,1
7, 8, 713.0,1005.0,1
8, 7, 713.0,1005.0,1
7, 9, 314.0,375.0,-1
9, 7, 314.0,375.0,-1
7, 10, 187.0,192.0,-1
10, 7, 187.0,192.0,-1
7, 11, 543.0,766.0,-1
11, 7, 543.0,766.0,-1
7, 12, 831.0,1168.0,-1
12, 7, 831.0,1168.0,-1
7, 13, 351.0,490.0,1
13, 7, 351.0,490.0,1
7, 14, 246.0,281.0,-1
14, 7, 246.0,281.0,-1
7, 15, 440.0,442.0,-1
15, 7, 440.0,442.0,-1
7, 16, 866.0,947.0,-1
16, 7, 866.0,947.0,-1
7, 7, 0.0,0.0,1
8, 9, 587.0,769.0,-1
9, 8, 587.0,769.0,-1
8, 10, 590.0,824.0,1
10, 8, 590.0,824.0,1
8, 11, 889.0,945.0,-1
11, 8, 889.0,945.0,-1
8, 12, 180.0,195.0,1
12, 8, 180.0,195.0,1
8, 13, 378.0,516.0,-1
13, 8, 378.0,516.0,-1
8, 14, 617.0,801.0,-1
14, 8, 617.0,801.0,-1
8, 15, 483.0,569.0,-1
15, 8, 483.0,569.0,-1
8, 16, 597.0,841.0,-1
16, 8, 597.0,841.0,-1
8, 8, 0.0,0.0,1
9, 10, 135.0,183.0,1
10, 9, 135.0,183.0,1
9, 11, 816.0,1140.0,-1
11, 9, 816.0,1140.0,-1
9, 12, 750.0,932.0,-1
12, 9, 750.0,932.0,-1
9, 13, 366.0,450.0,-1
13, 9, 366.0,450.0,-1
9, 14, 464.0,655.0,1
14, 9, 464.0,655.0,1
9, 15, 150.0,201.0,1
15, 9, 150.0,201.0,1
9, 16, 957.0,1152.0,-1
16, 9, 957.0,1152.0,-1
9, 9, 0.0,0.0,1
10, 11, 683.0,958.0,1
11, 10, 683.0,958.0,1
10, 12, 735.0,987.0,1
12, 10, 735.0,987.0,1
10, 13, 289.0,309.0,-1
13, 10, 289.0,309.0,-1
10, 14, 335.0,473.0,-1
14, 10, 335.0,473.0,-1
10, 15, 253.0,256.0,-1
15, 10, 253.0,256.0,-1
10, 16, 874.0,969.0,-1
16, 10, 874.0,969.0,-1
10, 10, 0.0,0.0,1
11, 12, 903.0,1108.0,1
12, 11, 903.0,1108.0,1
11, 13, 575.0,690.0,-1
13, 11, 575.0,690.0,-1
11, 14, 358.0,485.0,1
14, 11, 358.0,485.0,1
11, 15, 895.0,1208.0,1
15, 11, 895.0,1208.0,1
11, 16, 627.0,887.0,-1
16, 11, 627.0,887.0,-1
11, 11, 0.0,0.0,1
12, 13, 481.0,678.0,-1
13, 12, 481.0,678.0,-1
12, 14, 690.0,964.0,-1
14, 12, 690.0,964.0,-1
12, 15, 657.0,732.0,-1
15, 12, 657.0,732.0,-1
12, 16, 483.0,646.0,-1
16, 12, 483.0,646.0,-1
12, 12, 0.0,0.0,1
13, 14, 249.0,286.0,-1
14, 13, 249.0,286.0,-1
13, 15, 368.0,518.0,1
15, 13, 368.0,518.0,1
13, 16, 592.0,702.0,-1
16, 13, 592.0,702.0,-1
13, 13, 0.0,0.0,1
14, 15, 537.0,723.0,-1
15, 14, 537.0,723.0,-1
14, 16, 632.0,743.0,1
16, 14, 632.0,743.0,1
14, 14, 0.0,0.0,1
15, 16, 935.0,1219.0,-1
16, 15, 935.0,1219.0,-1
15, 15, 0.0,0.0,1
16, 16, 0.0,0.0,1


<end>