<number of nodes>
16

<ratio of available edges>
0.3

<max length of the drone flight>
100000 

<D 2/3>
1, 2, 4, 6, 7, 8, 9, 10, 11, 13, 15

<V>
2, 4, 6, 9, 10

<coordinates X,Y>
764.1815711757267, 532.4118289450267
485.0866838125544, 440.72695004440504
219.56238834155505, 163.1994895886834
753.363641155687, 45.54807184102832
126.82551918874866, 301.1131791415432
974.3989806113011, 381.7661700994632
501.6796802072501, 492.2944659525152
160.58223250735352, 435.3337577503468
22.11834102571502, 953.5040771374064
730.6526680815468, 596.5524294626538
626.3787728868612, 168.37397715882412
38.284665973898115, 777.2402820513432
391.7358953330887, 171.62554979868924
86.24962221989442, 380.9864664192429
131.36844510176786, 231.956115223556
515.9013010898907, 536.0724522988181

<adjacency matrix with truck distances>
1, 2, 294.0,371.0,1
2, 1, 294.0,371.0,1
1, 3, 658.0,914.0,-1
3, 1, 658.0,914.0,-1
1, 4, 487.0,498.0,-1
4, 1, 487.0,498.0,-1
1, 5, 679.0,869.0,-1
5, 1, 679.0,869.0,-1
1, 6, 259.0,361.0,1
6, 1, 259.0,361.0,1
1, 7, 266.0,303.0,-1
7, 1, 266.0,303.0,-1
1, 8, 612.0,701.0,1
8, 1, 612.0,701.0,1
1, 9, 854.0,1164.0,1
9, 1, 854.0,1164.0,1
1, 10, 73.0,98.0,1
10, 1, 73.0,98.0,1
1, 11, 390.0,502.0,-1
11, 1, 390.0,502.0,-1
1, 12, 767.0,971.0,-1
12, 1, 767.0,971.0,-1
1, 13, 519.0,734.0,1
13, 1, 519.0,734.0,1
1, 14, 695.0,830.0,1
14, 1, 695.0,830.0,1
1, 15, 701.0,934.0,1
15, 1, 701.0,934.0,1
1, 16, 249.0,252.0,-1
16, 1, 249.0,252.0,-1
1, 1, 0.0,0.0,1
2, 3, 385.0,544.0,-1
3, 2, 385.0,544.0,-1
2, 4, 478.0,664.0,-1
4, 2, 478.0,664.0,-1
2, 5, 385.0,498.0,-1
5, 2, 385.0,498.0,-1
2, 6, 493.0,549.0,-1
6, 2, 493.0,549.0,-1
2, 7, 55.0,69.0,1
7, 2, 55.0,69.0,1
2, 8, 325.0,330.0,-1
8, 2, 325.0,330.0,-1
2, 9, 691.0,976.0,1
9, 2, 691.0,976.0,1
2, 10, 291.0,402.0,1
10, 2, 291.0,402.0,1
2, 11, 307.0,414.0,1
11, 2, 307.0,414.0,1
2, 12, 560.0,784.0,-1
12, 2, 560.0,784.0,-1
2, 13, 285.0,363.0,-1
13, 2, 285.0,363.0,-1
2, 14, 404.0,459.0,-1
14, 2, 404.0,459.0,-1
2, 15, 411.0,563.0,-1
15, 2, 411.0,563.0,-1
2, 16, 101.0,127.0,-1
16, 2, 101.0,127.0,-1
2, 2, 0.0,0.0,1
3, 4, 547.0,652.0,-1
4, 3, 547.0,652.0,-1
3, 5, 167.0,231.0,-1
5, 3, 167.0,231.0,-1
3, 6, 786.0,974.0,-1
6, 3, 786.0,974.0,-1
3, 7, 434.0,612.0,1
7, 3, 434.0,612.0,1
3, 8, 279.0,332.0,-1
8, 3, 279.0,332.0,-1
3, 9, 815.0,988.0,1
9, 3, 815.0,988.0,1
3, 10, 671.0,945.0,-1
10, 3, 671.0,945.0,-1
3, 11, 407.0,412.0,-1
11, 3, 407.0,412.0,-1
3, 12, 641.0,796.0,-1
12, 3, 641.0,796.0,-1
3, 13, 173.0,181.0,1
13, 3, 173.0,181.0,1
3, 14, 256.0,352.0,1
14, 3, 256.0,352.0,1
3, 15, 112.0,157.0,-1
15, 3, 112.0,157.0,-1
3, 16, 477.0,670.0,-1
16, 3, 477.0,670.0,-1
3, 3, 0.0,0.0,1
4, 5, 677.0,883.0,-1
5, 4, 677.0,883.0,-1
4, 6, 403.0,558.0,-1
6, 4, 403.0,558.0,-1
4, 7, 513.0,699.0,1
7, 4, 513.0,699.0,1
4, 8, 710.0,983.0,-1
8, 4, 710.0,983.0,-1
4, 9, 1166.0,1640.0,1
9, 4, 1166.0,1640.0,1
4, 10, 552.0,574.0,1
10, 4, 552.0,574.0,1
4, 11, 177.0,250.0,-1
11, 4, 177.0,250.0,-1
4, 12, 1024.0,1447.0,-1
12, 4, 1024.0,1447.0,-1
4, 13, 383.0,488.0,-1
13, 4, 383.0,488.0,-1
4, 14, 747.0,1003.0,-1
14, 4, 747.0,1003.0,-1
4, 15, 650.0,809.0,1
15, 4, 650.0,809.0,1
4, 16, 545.0,728.0,-1
16, 4, 545.0,728.0,-1
4, 4, 0.0,0.0,1
5, 6, 852.0,929.0,-1
6, 5, 852.0,929.0,-1
5, 7, 421.0,567.0,1
7, 5, 421.0,567.0,1
5, 8, 139.0,168.0,-1
8, 5, 139.0,168.0,-1
5, 9, 661.0,758.0,-1
9, 5, 661.0,758.0,-1
5, 10, 673.0,900.0,1
10, 5, 673.0,900.0,1
5, 11, 517.0,633.0,-1
11, 5, 517.0,633.0,-1
5, 12, 485.0,565.0,-1
12, 5, 485.0,565.0,-1
5, 13, 295.0,395.0,1
13, 5, 295.0,395.0,1
5, 14, 90.0,121.0,-1
14, 5, 90.0,121.0,-1
5, 15, 70.0,74.0,-1
15, 5, 70.0,74.0,-1
5, 16, 455.0,625.0,-1
16, 5, 455.0,625.0,-1
5, 5, 0.0,0.0,1
6, 7, 486.0,584.0,-1
7, 6, 486.0,584.0,-1
6, 8, 816.0,868.0,-1
8, 6, 816.0,868.0,-1
6, 9, 1111.0,1525.0,-1
9, 6, 1111.0,1525.0,-1
6, 10, 325.0,459.0,-1
10, 6, 325.0,459.0,-1
6, 11, 409.0,562.0,-1
11, 6, 409.0,562.0,-1
6, 12, 1017.0,1332.0,-1
12, 6, 1017.0,1332.0,-1
6, 13, 620.0,793.0,-1
13, 6, 620.0,793.0,-1
6, 14, 889.0,889.0,-1
14, 6, 889.0,889.0,-1
6, 15, 857.0,993.0,1
15, 6, 857.0,993.0,1
6, 16, 484.0,613.0,-1
16, 6, 484.0,613.0,-1
6, 6, 0.0,0.0,1
7, 8, 346.0,399.0,1
8, 7, 346.0,399.0,1
7, 9, 666.0,941.0,-1
9, 7, 666.0,941.0,-1
7, 10, 252.0,334.0,-1
10, 7, 252.0,334.0,-1
7, 11, 348.0,449.0,-1
11, 7, 348.0,449.0,-1
7, 12, 544.0,749.0,-1
12, 7, 544.0,749.0,-1
7, 13, 339.0,431.0,-1
13, 7, 339.0,431.0,-1
7, 14, 431.0,527.0,1
14, 7, 431.0,527.0,1
7, 15, 453.0,631.0,1
15, 7, 453.0,631.0,1
7, 16, 47.0,58.0,-1
16, 7, 47.0,58.0,-1
7, 7, 0.0,0.0,1
8, 9, 537.0,657.0,-1
9, 8, 537.0,657.0,-1
8, 10, 593.0,732.0,-1
10, 8, 593.0,732.0,-1
8, 11, 537.0,733.0,-1
11, 8, 537.0,733.0,-1
8, 12, 364.0,465.0,-1
12, 8, 364.0,465.0,-1
8, 13, 351.0,495.0,1
13, 8, 351.0,495.0,1
8, 14, 93.0,129.0,1
14, 8, 93.0,129.0,1
8, 15, 206.0,233.0,-1
15, 8, 206.0,233.0,-1
8, 16, 370.0,457.0,-1
16, 8, 370.0,457.0,-1
8, 8, 0.0,0.0,1
9, 10, 794.0,1066.0,-1
10, 9, 794.0,1066.0,-1
9, 11, 991.0,1390.0,-1
11, 9, 991.0,1390.0,-1
9, 12, 178.0,193.0,-1
12, 9, 178.0,193.0,-1
9, 13, 865.0,1152.0,1
13, 9, 865.0,1152.0,1
9, 14, 577.0,637.0,-1
14, 9, 577.0,637.0,-1
9, 15, 730.0,831.0,-1
15, 9, 730.0,831.0,-1
9, 16, 647.0,912.0,-1
16, 9, 647.0,912.0,-1
9, 9, 0.0,0.0,1
10, 11, 441.0,533.0,-1
11, 10, 441.0,533.0,-1
10, 12, 716.0,874.0,-1
12, 10, 716.0,874.0,-1
10, 13, 544.0,764.0,-1
13, 10, 544.0,764.0,-1
10, 14, 680.0,860.0,1
14, 10, 680.0,860.0,1
10, 15, 702.0,964.0,1
15, 10, 702.0,964.0,1
10, 16, 224.0,276.0,-1
16, 10, 224.0,276.0,-1
10, 10, 0.0,0.0,1
11, 12, 847.0,1197.0,1
12, 11, 847.0,1197.0,1
11, 13, 235.0,238.0,-1
13, 11, 235.0,238.0,-1
11, 14, 581.0,753.0,-1
14, 11, 581.0,753.0,-1
11, 15, 500.0,559.0,-1
15, 11, 500.0,559.0,-1
11, 16, 384.0,479.0,-1
16, 11, 384.0,479.0,-1
11, 11, 0.0,0.0,1
12, 13, 702.0,960.0,1
13, 12, 702.0,960.0,1
12, 14, 400.0,445.0,-1
14, 12, 400.0,445.0,-1
12, 15, 554.0,639.0,-1
15, 12, 554.0,639.0,-1
12, 16, 536.0,719.0,1
16, 12, 536.0,719.0,1
12, 12, 0.0,0.0,1
13, 14, 371.0,515.0,-1
14, 13, 371.0,515.0,-1
13, 15, 268.0,321.0,1
15, 13, 268.0,321.0,1
13, 16, 386.0,489.0,-1
16, 13, 386.0,489.0,-1
13, 13, 0.0,0.0,1
14, 15, 156.0,195.0,-1
15, 14, 156.0,195.0,-1
14, 16, 457.0,585.0,-1
16, 14, 457.0,585.0,-1
14, 14, 0.0,0.0,1
15, 16, 491.0,689.0,-1
16, 15, 491.0,689.0,-1
15, 15, 0.0,0.0,1
16, 16, 0.0,0.0,1


<end>