<number of nodes>
16

<ratio of available edges>
0.3

<max length of the drone flight>
100000 

<D 2/3>
1, 2, 3, 4, 5, 6, 9, 10, 11, 13, 15

<V>
3, 5, 6, 9, 11

<coordinates X,Y>
702.1388239380695, 362.03515074236805
157.89327828628404, 421.8690201674726
926.6376272565318, 436.8284330321446
641.2733984947142, 863.1690894484551
321.5641424374003, 504.43363157721234
750.1670201388646, 781.0607852818741
158.59838201619314, 135.4510516287941
822.3285546486404, 659.1779594725105
863.1602135886809, 73.33703288371488
401.0229294354661, 280.8687133891354
48.7758020753614, 230.4995115374815
726.6443189133993, 53.82112350269973
254.30722737714444, 866.994206800737
692.1166490704193, 53.38361984078055
914.4304316720329, 465.566886153341
131.1981535163242, 537.1988073252865

<adjacency matrix with truck distances>
1, 2, 548.0,605.0,-1
2, 1, 548.0,605.0,-1
1, 3, 237.0,300.0,-1
3, 1, 237.0,300.0,-1
1, 4, 505.0,562.0,-1
4, 1, 505.0,562.0,-1
1, 5, 407.0,523.0,-1
5, 1, 407.0,523.0,-1
1, 6, 422.0,468.0,-1
6, 1, 422.0,468.0,-1
1, 7, 589.0,771.0,-1
7, 1, 589.0,771.0,-1
1, 8, 321.0,418.0,-1
8, 1, 321.0,418.0,-1
1, 9, 331.0,450.0,-1
9, 1, 331.0,450.0,-1
1, 10, 312.0,383.0,-1
10, 1, 312.0,383.0,-1
1, 11, 667.0,785.0,-1
11, 1, 667.0,785.0,-1
1, 12, 310.0,333.0,1
12, 1, 310.0,333.0,1
1, 13, 675.0,953.0,-1
13, 1, 675.0,953.0,-1
1, 14, 309.0,319.0,-1
14, 1, 309.0,319.0,-1
1, 15, 237.0,316.0,1
15, 1, 237.0,316.0,1
1, 16, 598.0,747.0,-1
16, 1, 598.0,747.0,-1
1, 1, 0.0,0.0,1
2, 3, 769.0,784.0,-1
3, 2, 769.0,784.0,-1
2, 4, 655.0,925.0,1
4, 2, 655.0,925.0,1
2, 5, 184.0,247.0,1
5, 2, 184.0,247.0,1
2, 6, 693.0,952.0,1
6, 2, 693.0,952.0,1
2, 7, 287.0,288.0,-1
7, 2, 287.0,288.0,-1
2, 8, 706.0,902.0,1
8, 2, 706.0,902.0,1
2, 9, 787.0,1054.0,1
9, 2, 787.0,1054.0,1
2, 10, 282.0,385.0,-1
10, 2, 282.0,385.0,-1
2, 11, 221.0,301.0,-1
11, 2, 221.0,301.0,-1
2, 12, 678.0,937.0,-1
12, 2, 678.0,937.0,-1
2, 13, 456.0,542.0,-1
13, 2, 456.0,542.0,-1
2, 14, 649.0,903.0,-1
14, 2, 649.0,903.0,-1
2, 15, 758.0,801.0,-1
15, 2, 758.0,801.0,-1
2, 16, 119.0,143.0,-1
16, 2, 119.0,143.0,-1
2, 2, 0.0,0.0,1
3, 4, 514.0,712.0,-1
4, 3, 514.0,712.0,-1
3, 5, 609.0,673.0,-1
5, 3, 609.0,673.0,-1
3, 6, 387.0,521.0,-1
6, 3, 387.0,521.0,-1
3, 7, 826.0,1070.0,-1
7, 3, 826.0,1070.0,-1
3, 8, 246.0,327.0,-1
8, 3, 246.0,327.0,-1
3, 9, 369.0,427.0,-1
9, 3, 369.0,427.0,-1
3, 10, 549.0,682.0,-1
10, 3, 549.0,682.0,-1
3, 11, 902.0,1085.0,-1
11, 3, 902.0,1085.0,-1
3, 12, 433.0,584.0,-1
12, 3, 433.0,584.0,-1
3, 13, 799.0,1103.0,1
13, 3, 799.0,1103.0,1
3, 14, 450.0,618.0,1
14, 3, 450.0,618.0,1
3, 15, 32.0,41.0,-1
15, 3, 32.0,41.0,-1
3, 16, 802.0,896.0,-1
16, 3, 802.0,896.0,-1
3, 3, 0.0,0.0,1
4, 5, 481.0,679.0,-1
5, 4, 481.0,679.0,-1
4, 6, 137.0,192.0,1
6, 4, 137.0,192.0,1
4, 7, 874.0,1211.0,1
7, 4, 874.0,1211.0,1
4, 8, 273.0,386.0,1
8, 4, 273.0,386.0,1
4, 9, 821.0,1012.0,-1
9, 4, 821.0,1012.0,-1
4, 10, 630.0,823.0,-1
10, 4, 630.0,823.0,-1
4, 11, 867.0,1226.0,-1
11, 4, 867.0,1226.0,-1
4, 12, 814.0,895.0,-1
12, 4, 814.0,895.0,-1
4, 13, 387.0,391.0,1
13, 4, 387.0,391.0,1
4, 14, 812.0,861.0,-1
14, 4, 812.0,861.0,-1
4, 15, 483.0,671.0,-1
15, 4, 483.0,671.0,-1
4, 16, 606.0,837.0,-1
16, 4, 606.0,837.0,-1
4, 4, 0.0,0.0,1
5, 6, 511.0,706.0,-1
6, 5, 511.0,706.0,-1
5, 7, 404.0,532.0,1
7, 5, 404.0,532.0,1
5, 8, 525.0,656.0,-1
8, 5, 525.0,656.0,-1
5, 9, 693.0,973.0,-1
9, 5, 693.0,973.0,-1
5, 10, 238.0,304.0,1
10, 5, 238.0,304.0,1
5, 11, 387.0,547.0,-1
11, 5, 387.0,547.0,-1
5, 12, 606.0,856.0,-1
12, 5, 606.0,856.0,-1
5, 13, 369.0,430.0,1
13, 5, 369.0,430.0,1
5, 14, 584.0,822.0,1
14, 5, 584.0,822.0,1
5, 15, 595.0,632.0,-1
15, 5, 595.0,632.0,-1
5, 16, 194.0,224.0,1
16, 5, 194.0,224.0,1
5, 5, 0.0,0.0,1
6, 7, 876.0,1238.0,1
7, 6, 876.0,1238.0,1
6, 8, 142.0,195.0,1
8, 6, 142.0,195.0,1
6, 9, 717.0,821.0,-1
9, 6, 717.0,821.0,-1
6, 10, 610.0,850.0,-1
10, 6, 610.0,850.0,-1
6, 11, 892.0,1252.0,-1
11, 6, 892.0,1252.0,-1
6, 12, 728.0,751.0,-1
12, 6, 728.0,751.0,-1
6, 13, 504.0,582.0,-1
13, 6, 504.0,582.0,-1
6, 14, 730.0,786.0,1
14, 6, 730.0,786.0,1
6, 15, 356.0,480.0,1
15, 6, 356.0,480.0,1
6, 16, 666.0,863.0,-1
16, 6, 666.0,863.0,-1
6, 6, 0.0,0.0,1
7, 8, 846.0,1188.0,1
8, 7, 846.0,1188.0,1
7, 9, 708.0,767.0,-1
9, 7, 708.0,767.0,-1
7, 10, 283.0,388.0,1
10, 7, 283.0,388.0,1
7, 11, 146.0,205.0,1
11, 7, 146.0,205.0,1
7, 12, 574.0,650.0,-1
12, 7, 574.0,650.0,-1
7, 13, 738.0,828.0,-1
13, 7, 738.0,828.0,-1
7, 14, 540.0,616.0,1
14, 7, 540.0,616.0,1
7, 15, 825.0,1086.0,-1
15, 7, 825.0,1086.0,-1
7, 16, 403.0,430.0,-1
16, 7, 403.0,430.0,-1
7, 7, 0.0,0.0,1
8, 9, 588.0,627.0,-1
9, 8, 588.0,627.0,-1
8, 10, 567.0,800.0,-1
10, 8, 567.0,800.0,-1
8, 11, 885.0,1203.0,-1
11, 8, 885.0,1203.0,-1
8, 12, 613.0,702.0,-1
12, 8, 613.0,702.0,-1
8, 13, 605.0,776.0,1
13, 8, 605.0,776.0,1
8, 14, 620.0,737.0,-1
14, 8, 620.0,737.0,-1
8, 15, 215.0,286.0,1
15, 8, 215.0,286.0,1
8, 16, 702.0,814.0,-1
16, 8, 702.0,814.0,-1
8, 8, 0.0,0.0,1
9, 10, 507.0,670.0,1
10, 9, 507.0,670.0,1
9, 11, 830.0,972.0,1
11, 9, 830.0,972.0,1
9, 12, 138.0,157.0,-1
12, 9, 138.0,157.0,-1
9, 13, 1001.0,1403.0,-1
13, 9, 1001.0,1403.0,-1
9, 14, 173.0,191.0,-1
14, 9, 173.0,191.0,-1
9, 15, 396.0,444.0,-1
15, 9, 396.0,444.0,-1
9, 16, 867.0,1196.0,-1
16, 9, 867.0,1196.0,-1
9, 9, 0.0,0.0,1
10, 11, 356.0,403.0,-1
11, 10, 356.0,403.0,-1
10, 12, 397.0,553.0,-1
12, 10, 397.0,553.0,-1
10, 13, 605.0,733.0,1
13, 10, 605.0,733.0,1
10, 14, 370.0,519.0,-1
14, 10, 370.0,519.0,-1
10, 15, 546.0,699.0,1
15, 10, 546.0,699.0,1
10, 16, 373.0,527.0,-1
16, 10, 373.0,527.0,-1
10, 10, 0.0,0.0,1
11, 12, 701.0,855.0,-1
12, 11, 701.0,855.0,-1
11, 13, 669.0,843.0,-1
13, 11, 669.0,843.0,-1
11, 14, 668.0,821.0,1
14, 11, 668.0,821.0,1
11, 15, 898.0,1101.0,-1
15, 11, 898.0,1101.0,-1
11, 16, 318.0,390.0,1
16, 11, 318.0,390.0,1
11, 11, 0.0,0.0,1
12, 13, 941.0,1286.0,-1
13, 12, 941.0,1286.0,-1
12, 14, 35.0,35.0,-1
14, 12, 35.0,35.0,-1
12, 15, 453.0,600.0,-1
15, 12, 453.0,600.0,-1
12, 16, 767.0,1079.0,-1
16, 12, 767.0,1079.0,-1
12, 12, 0.0,0.0,1
13, 14, 924.0,1252.0,-1
14, 13, 924.0,1252.0,-1
13, 15, 773.0,1062.0,1
15, 13, 773.0,1062.0,1
13, 16, 353.0,453.0,-1
16, 13, 353.0,453.0,-1
13, 13, 0.0,0.0,1
14, 15, 469.0,635.0,-1
15, 14, 469.0,635.0,-1
14, 16, 741.0,1045.0,-1
16, 14, 741.0,1045.0,-1
14, 14, 0.0,0.0,1
15, 16, 787.0,855.0,1
16, 15, 787.0,855.0,1
15, 15, 0.0,0.0,1
16, 16, 0.0,0.0,1


<end>