<number of nodes>
16

<ratio of available edges>
0.3

<max length of the drone flight>
100000 

<D 2/3>
1, 2, 4, 5, 8, 9, 10, 13, 14, 15, 16

<V>
2, 5, 10, 13, 16

<coordinates X,Y>
251.2994693493216, 821.8708016384004
551.2720816820563, 345.6852316106261
473.35460037534943, 304.77099005815165
642.0056158482628, 812.2704104947762
764.4983937900546, 579.3771440684696
644.4001590076225, 700.2757184576365
468.8130741945063, 122.38922488698942
108.61024031749004, 417.1360195698673
831.8363687658998, 165.1576634433361
228.21228072576145, 556.460394032691
217.6478108215785, 383.45640466060917
989.6475576714649, 49.40436928560112
910.3559216399808, 763.2048094200356
98.7251321876381, 190.13793017040493
539.8351289595213, 236.6614031940062
326.4572052387548, 38.700901847470604

<adjacency matrix with truck distances>
1, 2, 563.0,777.0,-1
2, 1, 563.0,777.0,-1
1, 3, 563.0,740.0,-1
3, 1, 563.0,740.0,-1
1, 4, 391.0,401.0,-1
4, 1, 391.0,401.0,-1
1, 5, 568.0,756.0,-1
5, 1, 568.0,756.0,-1
1, 6, 412.0,515.0,-1
6, 1, 412.0,515.0,-1
1, 7, 733.0,917.0,1
7, 1, 733.0,917.0,1
1, 8, 430.0,548.0,-1
8, 1, 430.0,548.0,-1
1, 9, 877.0,1238.0,-1
9, 1, 877.0,1238.0,-1
1, 10, 267.0,289.0,-1
10, 1, 267.0,289.0,-1
1, 11, 440.0,473.0,1
11, 1, 440.0,473.0,1
1, 12, 1069.0,1511.0,-1
12, 1, 1069.0,1511.0,-1
1, 13, 662.0,718.0,-1
13, 1, 662.0,718.0,-1
1, 14, 650.0,785.0,-1
14, 1, 650.0,785.0,-1
1, 15, 653.0,874.0,-1
15, 1, 653.0,874.0,-1
1, 16, 787.0,859.0,-1
16, 1, 787.0,859.0,-1
1, 1, 0.0,0.0,1
2, 3, 89.0,119.0,1
3, 2, 89.0,119.0,1
2, 4, 476.0,558.0,-1
4, 2, 476.0,558.0,-1
2, 5, 317.0,447.0,-1
5, 2, 317.0,447.0,-1
2, 6, 367.0,448.0,-1
6, 2, 367.0,448.0,-1
2, 7, 239.0,306.0,1
7, 2, 239.0,306.0,1
2, 8, 449.0,515.0,1
8, 2, 449.0,515.0,1
2, 9, 334.0,462.0,-1
9, 2, 334.0,462.0,-1
2, 10, 386.0,534.0,1
10, 2, 386.0,534.0,1
2, 11, 336.0,372.0,-1
11, 2, 336.0,372.0,-1
2, 12, 530.0,735.0,-1
12, 2, 530.0,735.0,-1
2, 13, 551.0,777.0,-1
13, 2, 551.0,777.0,-1
2, 14, 479.0,609.0,1
14, 2, 479.0,609.0,1
2, 15, 110.0,121.0,-1
15, 2, 110.0,121.0,-1
2, 16, 381.0,532.0,-1
16, 2, 381.0,532.0,-1
2, 2, 0.0,0.0,1
3, 4, 535.0,677.0,1
4, 3, 535.0,677.0,1
3, 5, 401.0,566.0,-1
5, 3, 401.0,566.0,-1
3, 6, 431.0,567.0,-1
6, 3, 431.0,567.0,-1
3, 7, 183.0,187.0,-1
7, 3, 183.0,187.0,-1
3, 8, 382.0,478.0,-1
8, 3, 382.0,478.0,-1
3, 9, 385.0,499.0,-1
9, 3, 385.0,499.0,-1
3, 10, 352.0,497.0,-1
10, 3, 352.0,497.0,-1
3, 11, 268.0,335.0,1
11, 3, 268.0,335.0,1
3, 12, 576.0,772.0,-1
12, 3, 576.0,772.0,-1
3, 13, 634.0,896.0,1
13, 3, 634.0,896.0,1
3, 14, 392.0,490.0,-1
14, 3, 392.0,490.0,-1
3, 15, 96.0,135.0,-1
15, 3, 96.0,135.0,-1
3, 16, 304.0,413.0,1
16, 3, 304.0,413.0,1
3, 3, 0.0,0.0,1
4, 5, 264.0,356.0,-1
5, 4, 264.0,356.0,-1
4, 6, 113.0,115.0,-1
6, 4, 113.0,115.0,-1
4, 7, 712.0,864.0,-1
7, 4, 712.0,864.0,-1
4, 8, 664.0,929.0,-1
8, 4, 664.0,929.0,-1
4, 9, 675.0,837.0,-1
9, 4, 675.0,837.0,-1
4, 10, 487.0,670.0,-1
10, 4, 487.0,670.0,-1
4, 11, 604.0,854.0,-1
11, 4, 604.0,854.0,-1
4, 12, 839.0,1111.0,1
12, 4, 839.0,1111.0,1
4, 13, 273.0,318.0,-1
13, 4, 273.0,318.0,-1
4, 14, 826.0,1166.0,-1
14, 4, 826.0,1166.0,-1
4, 15, 585.0,678.0,1
15, 4, 585.0,678.0,1
4, 16, 836.0,1090.0,-1
16, 4, 836.0,1090.0,-1
4, 4, 0.0,0.0,1
5, 6, 171.0,241.0,-1
6, 5, 171.0,241.0,-1
5, 7, 545.0,753.0,1
7, 5, 545.0,753.0,1
5, 8, 676.0,819.0,-1
8, 5, 676.0,819.0,-1
5, 9, 420.0,482.0,-1
9, 5, 420.0,482.0,-1
5, 10, 537.0,560.0,-1
10, 5, 537.0,560.0,-1
5, 11, 581.0,743.0,-1
11, 5, 581.0,743.0,-1
5, 12, 576.0,756.0,-1
12, 5, 576.0,756.0,-1
5, 13, 235.0,330.0,-1
13, 5, 235.0,330.0,-1
5, 14, 772.0,1056.0,1
14, 5, 772.0,1056.0,1
5, 15, 410.0,568.0,1
15, 5, 410.0,568.0,1
5, 16, 696.0,979.0,-1
16, 5, 696.0,979.0,-1
5, 5, 0.0,0.0,1
6, 7, 604.0,754.0,1
7, 6, 604.0,754.0,1
6, 8, 607.0,819.0,1
8, 6, 607.0,819.0,1
6, 9, 567.0,723.0,1
9, 6, 567.0,723.0,1
6, 10, 441.0,561.0,1
10, 6, 441.0,561.0,1
6, 11, 532.0,744.0,1
11, 6, 532.0,744.0,1
6, 12, 737.0,997.0,1
12, 6, 737.0,997.0,1
6, 13, 274.0,329.0,-1
13, 6, 274.0,329.0,-1
6, 14, 747.0,1056.0,-1
14, 6, 747.0,1056.0,-1
6, 15, 476.0,569.0,-1
15, 6, 476.0,569.0,-1
6, 16, 735.0,980.0,-1
16, 6, 735.0,980.0,-1
6, 6, 0.0,0.0,1
7, 8, 466.0,655.0,-1
8, 7, 466.0,655.0,-1
7, 9, 366.0,406.0,-1
9, 7, 366.0,406.0,-1
7, 10, 497.0,675.0,-1
10, 7, 497.0,675.0,-1
7, 11, 363.0,513.0,1
11, 7, 363.0,513.0,1
7, 12, 526.0,594.0,1
12, 7, 526.0,594.0,1
7, 13, 779.0,1083.0,-1
13, 7, 779.0,1083.0,-1
7, 14, 377.0,438.0,-1
14, 7, 377.0,438.0,-1
7, 15, 135.0,186.0,-1
15, 7, 135.0,186.0,-1
7, 16, 166.0,227.0,-1
16, 7, 166.0,227.0,-1
7, 7, 0.0,0.0,1
8, 9, 766.0,976.0,-1
9, 8, 766.0,976.0,-1
8, 10, 184.0,259.0,1
10, 8, 184.0,259.0,1
8, 11, 115.0,143.0,-1
11, 8, 115.0,143.0,-1
8, 12, 955.0,1249.0,1
12, 8, 955.0,1249.0,1
8, 13, 874.0,1148.0,-1
13, 8, 874.0,1148.0,-1
8, 14, 228.0,237.0,-1
14, 8, 228.0,237.0,-1
8, 15, 468.0,612.0,-1
15, 8, 468.0,612.0,-1
8, 16, 437.0,597.0,1
16, 8, 437.0,597.0,1
8, 8, 0.0,0.0,1
9, 10, 720.0,995.0,-1
10, 9, 720.0,995.0,-1
9, 11, 652.0,833.0,-1
11, 9, 652.0,833.0,-1
9, 12, 196.0,274.0,-1
12, 9, 196.0,274.0,-1
9, 13, 604.0,677.0,-1
13, 9, 604.0,677.0,-1
9, 14, 734.0,759.0,-1
14, 9, 734.0,759.0,-1
9, 15, 301.0,364.0,-1
15, 9, 301.0,364.0,-1
9, 16, 521.0,632.0,1
16, 9, 521.0,632.0,1
9, 9, 0.0,0.0,1
10, 11, 174.0,184.0,-1
11, 10, 174.0,184.0,-1
10, 12, 915.0,1269.0,1
12, 10, 915.0,1269.0,1
10, 13, 713.0,889.0,-1
13, 10, 713.0,889.0,-1
10, 14, 389.0,496.0,-1
14, 10, 389.0,496.0,-1
10, 15, 447.0,632.0,-1
15, 10, 447.0,632.0,-1
10, 16, 527.0,617.0,-1
16, 10, 527.0,617.0,-1
10, 10, 0.0,0.0,1
11, 12, 842.0,1107.0,-1
12, 11, 842.0,1107.0,-1
11, 13, 790.0,1073.0,-1
13, 11, 790.0,1073.0,-1
11, 14, 227.0,313.0,-1
14, 11, 227.0,313.0,-1
11, 15, 355.0,469.0,-1
15, 11, 355.0,469.0,-1
11, 16, 362.0,454.0,1
16, 11, 362.0,454.0,1
11, 11, 0.0,0.0,1
12, 13, 719.0,794.0,1
13, 12, 719.0,794.0,1
12, 14, 902.0,1032.0,1
14, 12, 902.0,1032.0,1
12, 15, 488.0,638.0,-1
15, 12, 488.0,638.0,-1
12, 16, 664.0,674.0,-1
16, 12, 664.0,674.0,-1
12, 12, 0.0,0.0,1
13, 14, 994.0,1385.0,1
14, 13, 994.0,1385.0,1
13, 15, 644.0,898.0,1
15, 13, 644.0,898.0,1
13, 16, 931.0,1309.0,1
16, 13, 931.0,1309.0,1
13, 13, 0.0,0.0,1
14, 15, 444.0,488.0,-1
15, 14, 444.0,488.0,-1
14, 16, 274.0,380.0,-1
16, 14, 274.0,380.0,-1
14, 14, 0.0,0.0,1
15, 16, 292.0,412.0,1
16, 15, 292.0,412.0,1
15, 15, 0.0,0.0,1
16, 16, 0.0,0.0,1


<end>