<number of nodes>
16

<ratio of available edges>
0.3

<max length of the drone flight>
100000 

<D 2/3>
1, 2, 3, 4, 7, 9, 10, 12, 13, 14, 15

<V>
3, 4, 10, 13, 15

<coordinates X,Y>
266.4456216764625, 53.88823990664496
433.85976758603664, 736.6752451077318
525.4925141596414, 393.3577976771768
971.9803628864272, 234.69427389025128
461.40861616491105, 997.0691939703777
534.4276439562092, 982.6129783095048
459.3425682048281, 676.2654035215888
192.4708274503738, 95.47321763593851
697.543448821778, 878.2972440099459
731.4259966620157, 572.4260415942327
670.7935394187734, 747.0252404580859
30.852567062949777, 481.3937908380264
952.5287765805559, 776.5410754189287
346.5445657927368, 773.7843521134625
660.2565056627402, 21.131342031186975
81.869379458197, 329.612368937906

<adjacency matrix with truck distances>
1, 2, 704.0,851.0,-1
2, 1, 704.0,851.0,-1
1, 3, 428.0,599.0,-1
3, 1, 428.0,599.0,-1
1, 4, 729.0,887.0,-1
4, 1, 729.0,887.0,-1
1, 5, 964.0,1139.0,-1
5, 1, 964.0,1139.0,-1
1, 6, 967.0,1197.0,-1
6, 1, 967.0,1197.0,-1
1, 7, 652.0,816.0,-1
7, 1, 652.0,816.0,-1
1, 8, 85.0,116.0,1
8, 1, 85.0,116.0,1
1, 9, 931.0,1256.0,-1
9, 1, 931.0,1256.0,-1
1, 10, 697.0,984.0,1
10, 1, 697.0,984.0,1
1, 11, 803.0,1098.0,1
11, 1, 803.0,1098.0,1
1, 12, 489.0,664.0,-1
12, 1, 489.0,664.0,-1
1, 13, 997.0,1409.0,-1
13, 1, 997.0,1409.0,-1
1, 14, 725.0,800.0,-1
14, 1, 725.0,800.0,-1
1, 15, 396.0,427.0,-1
15, 1, 396.0,427.0,-1
1, 16, 332.0,461.0,-1
16, 1, 332.0,461.0,-1
1, 1, 0.0,0.0,1
2, 3, 356.0,435.0,-1
3, 2, 356.0,435.0,-1
2, 4, 736.0,1041.0,-1
4, 2, 736.0,1041.0,-1
2, 5, 262.0,288.0,-1
5, 2, 262.0,288.0,-1
2, 6, 266.0,347.0,-1
6, 2, 266.0,347.0,-1
2, 7, 66.0,86.0,-1
7, 2, 66.0,86.0,-1
2, 8, 686.0,883.0,-1
8, 2, 686.0,883.0,-1
2, 9, 300.0,406.0,-1
9, 2, 300.0,406.0,-1
2, 10, 340.0,462.0,-1
10, 2, 340.0,462.0,-1
2, 11, 238.0,248.0,1
11, 2, 238.0,248.0,1
2, 12, 478.0,659.0,-1
12, 2, 478.0,659.0,-1
2, 13, 521.0,559.0,-1
13, 2, 521.0,559.0,-1
2, 14, 95.0,125.0,-1
14, 2, 95.0,125.0,-1
2, 15, 751.0,942.0,-1
15, 2, 751.0,942.0,-1
2, 16, 539.0,760.0,-1
16, 2, 539.0,760.0,-1
2, 2, 0.0,0.0,1
3, 4, 474.0,606.0,-1
4, 3, 474.0,606.0,-1
3, 5, 608.0,668.0,-1
5, 3, 608.0,668.0,-1
3, 6, 590.0,599.0,-1
6, 3, 590.0,599.0,-1
3, 7, 291.0,350.0,-1
7, 3, 291.0,350.0,-1
3, 8, 447.0,631.0,1
8, 3, 447.0,631.0,1
3, 9, 515.0,657.0,-1
9, 3, 515.0,657.0,-1
3, 10, 273.0,386.0,-1
10, 3, 273.0,386.0,-1
3, 11, 383.0,499.0,-1
11, 3, 383.0,499.0,-1
3, 12, 503.0,583.0,-1
12, 3, 503.0,583.0,-1
3, 13, 574.0,811.0,-1
13, 3, 574.0,811.0,-1
3, 14, 421.0,560.0,-1
14, 3, 421.0,560.0,-1
3, 15, 396.0,507.0,-1
15, 3, 396.0,507.0,-1
3, 16, 449.0,508.0,-1
16, 3, 449.0,508.0,-1
3, 3, 0.0,0.0,1
4, 5, 918.0,1273.0,-1
5, 4, 918.0,1273.0,-1
4, 6, 867.0,1186.0,-1
6, 4, 867.0,1186.0,-1
4, 7, 677.0,955.0,-1
7, 4, 677.0,955.0,-1
4, 8, 792.0,919.0,-1
8, 4, 792.0,919.0,-1
4, 9, 700.0,919.0,1
9, 4, 700.0,919.0,1
4, 10, 415.0,579.0,1
10, 4, 415.0,579.0,1
4, 11, 595.0,814.0,-1
11, 4, 595.0,814.0,-1
4, 12, 973.0,1188.0,1
12, 4, 973.0,1188.0,1
4, 13, 543.0,562.0,1
13, 4, 543.0,562.0,1
4, 14, 826.0,1165.0,-1
14, 4, 826.0,1165.0,-1
4, 15, 378.0,526.0,-1
15, 4, 378.0,526.0,-1
4, 16, 896.0,986.0,1
16, 4, 896.0,986.0,1
4, 4, 0.0,0.0,1
5, 6, 75.0,88.0,-1
6, 5, 75.0,88.0,-1
5, 7, 321.0,323.0,1
7, 5, 321.0,323.0,1
5, 8, 941.0,1171.0,-1
8, 5, 941.0,1171.0,-1
5, 9, 265.0,355.0,-1
9, 5, 265.0,355.0,-1
5, 10, 504.0,695.0,1
10, 5, 504.0,695.0,1
5, 11, 327.0,460.0,-1
11, 5, 327.0,460.0,-1
5, 12, 672.0,947.0,1
12, 5, 672.0,947.0,1
5, 13, 539.0,712.0,1
13, 5, 539.0,712.0,1
5, 14, 252.0,339.0,-1
14, 5, 252.0,339.0,-1
5, 15, 996.0,1175.0,1
15, 5, 996.0,1175.0,1
5, 16, 768.0,1047.0,-1
16, 5, 768.0,1047.0,-1
5, 5, 0.0,0.0,1
6, 7, 316.0,382.0,1
7, 6, 316.0,382.0,1
6, 8, 951.0,1230.0,-1
8, 6, 951.0,1230.0,-1
6, 9, 194.0,268.0,-1
9, 6, 194.0,268.0,-1
6, 10, 456.0,608.0,-1
10, 6, 456.0,608.0,-1
6, 11, 273.0,372.0,-1
11, 6, 273.0,372.0,-1
6, 12, 711.0,1005.0,-1
12, 6, 711.0,1005.0,-1
6, 13, 467.0,625.0,-1
13, 6, 467.0,625.0,-1
6, 14, 281.0,397.0,-1
14, 6, 281.0,397.0,-1
6, 15, 970.0,1088.0,1
15, 6, 970.0,1088.0,1
6, 16, 795.0,1106.0,-1
16, 6, 795.0,1106.0,-1
6, 6, 0.0,0.0,1
7, 8, 640.0,848.0,-1
8, 7, 640.0,848.0,-1
7, 9, 313.0,441.0,-1
9, 7, 313.0,441.0,-1
7, 10, 292.0,376.0,-1
10, 7, 292.0,376.0,-1
7, 11, 223.0,283.0,-1
11, 7, 223.0,283.0,-1
7, 12, 471.0,624.0,1
12, 7, 471.0,624.0,1
7, 13, 504.0,594.0,-1
13, 7, 504.0,594.0,-1
7, 14, 150.0,211.0,1
14, 7, 150.0,211.0,1
7, 15, 686.0,857.0,1
15, 7, 686.0,857.0,1
7, 16, 513.0,725.0,-1
16, 7, 513.0,725.0,-1
7, 7, 0.0,0.0,1
8, 9, 932.0,1288.0,-1
9, 8, 932.0,1288.0,-1
8, 10, 720.0,1016.0,-1
10, 8, 720.0,1016.0,-1
8, 11, 809.0,1130.0,-1
11, 8, 809.0,1130.0,-1
8, 12, 419.0,548.0,1
12, 8, 419.0,548.0,1
8, 13, 1021.0,1442.0,1
13, 8, 1021.0,1442.0,1
8, 14, 696.0,833.0,-1
14, 8, 696.0,833.0,-1
8, 15, 474.0,543.0,-1
15, 8, 474.0,543.0,-1
8, 16, 259.0,345.0,1
16, 8, 259.0,345.0,1
8, 8, 0.0,0.0,1
9, 10, 308.0,340.0,-1
10, 9, 308.0,340.0,-1
9, 11, 134.0,159.0,1
11, 9, 134.0,159.0,1
9, 12, 776.0,1064.0,-1
12, 9, 776.0,1064.0,-1
9, 13, 275.0,357.0,1
13, 9, 275.0,357.0,1
9, 14, 367.0,456.0,-1
14, 9, 367.0,456.0,-1
9, 15, 858.0,895.0,-1
15, 9, 858.0,895.0,-1
9, 16, 825.0,1165.0,1
16, 9, 825.0,1165.0,1
9, 9, 0.0,0.0,1
10, 11, 185.0,236.0,1
11, 10, 185.0,236.0,1
10, 12, 707.0,792.0,-1
12, 10, 707.0,792.0,-1
10, 13, 301.0,426.0,-1
13, 10, 301.0,426.0,-1
10, 14, 435.0,587.0,1
14, 10, 435.0,587.0,1
10, 15, 556.0,623.0,-1
15, 10, 556.0,623.0,-1
10, 16, 694.0,893.0,1
16, 10, 694.0,893.0,1
10, 10, 0.0,0.0,1
11, 12, 693.0,906.0,1
12, 11, 693.0,906.0,1
11, 13, 284.0,312.0,-1
13, 11, 284.0,312.0,-1
11, 14, 326.0,352.0,1
14, 11, 326.0,352.0,1
11, 15, 726.0,737.0,1
15, 11, 726.0,737.0,1
11, 16, 722.0,1007.0,1
16, 11, 722.0,1007.0,1
11, 11, 0.0,0.0,1
12, 13, 968.0,1217.0,-1
13, 12, 968.0,1217.0,-1
12, 14, 431.0,609.0,1
14, 12, 431.0,609.0,1
12, 15, 780.0,1090.0,-1
15, 12, 780.0,1090.0,-1
12, 16, 161.0,203.0,-1
16, 12, 161.0,203.0,-1
12, 12, 0.0,0.0,1
13, 14, 606.0,609.0,-1
14, 13, 606.0,609.0,-1
13, 15, 810.0,1048.0,-1
15, 13, 810.0,1048.0,-1
13, 16, 979.0,1318.0,1
16, 13, 979.0,1318.0,1
13, 13, 0.0,0.0,1
14, 15, 816.0,1067.0,1
15, 14, 816.0,1067.0,1
14, 16, 518.0,709.0,-1
16, 14, 518.0,709.0,-1
14, 14, 0.0,0.0,1
15, 16, 656.0,887.0,-1
16, 15, 656.0,887.0,-1
15, 15, 0.0,0.0,1
16, 16, 0.0,0.0,1


<end>