<number of nodes>
16

<ratio of available edges>
0.3

<max length of the drone flight>
100000 

<D 2/3>
1, 2, 3, 4, 5, 6, 7, 11, 13, 15, 16

<V>
3, 5, 7, 11, 16

<coordinates X,Y>
871.2171203098646, 572.644595799217
549.1242882352514, 918.9644375561928
740.9492515194509, 580.2887204265234
760.334496033656, 120.64643715542499
831.5205180747251, 526.1985328081174
666.3031846143542, 763.0172657565181
299.99729267148984, 211.38548732082378
805.7020294343256, 298.691702984441
585.6099220879462, 649.2864018498218
736.9617524566528, 98.52411013832518
314.8004148987551, 944.1811160111422
975.4357962062809, 800.291563327705
448.1968057043214, 53.531014069321316
3.8877283152053, 962.0579919302137
178.4732736124414, 929.5420332710555
751.3710947309656, 219.5753167662251

<adjacency matrix with truck distances>
1, 2, 473.0,669.0,-1
2, 1, 473.0,669.0,-1
1, 3, 131.0,138.0,-1
3, 1, 131.0,138.0,-1
1, 4, 466.0,563.0,-1
4, 1, 466.0,563.0,-1
1, 5, 62.0,87.0,1
5, 1, 62.0,87.0,1
1, 6, 280.0,396.0,1
6, 1, 280.0,396.0,1
1, 7, 676.0,933.0,-1
7, 1, 676.0,933.0,-1
1, 8, 282.0,340.0,1
8, 1, 282.0,340.0,1
1, 9, 296.0,363.0,1
9, 1, 296.0,363.0,1
1, 10, 493.0,609.0,-1
10, 1, 493.0,609.0,-1
1, 11, 670.0,928.0,1
11, 1, 670.0,928.0,1
1, 12, 251.0,332.0,1
12, 1, 251.0,332.0,1
1, 13, 670.0,943.0,1
13, 1, 670.0,943.0,1
1, 14, 951.0,1257.0,-1
14, 1, 951.0,1257.0,-1
1, 15, 780.0,1050.0,-1
15, 1, 780.0,1050.0,-1
1, 16, 373.0,473.0,-1
16, 1, 373.0,473.0,-1
1, 1, 0.0,0.0,1
2, 3, 390.0,531.0,1
3, 2, 390.0,531.0,1
2, 4, 826.0,1010.0,-1
4, 2, 826.0,1010.0,-1
2, 5, 484.0,676.0,-1
5, 2, 484.0,676.0,-1
2, 6, 196.0,274.0,-1
6, 2, 196.0,274.0,-1
2, 7, 751.0,957.0,-1
7, 2, 751.0,957.0,-1
2, 8, 672.0,877.0,-1
8, 2, 672.0,877.0,-1
2, 9, 273.0,307.0,1
9, 2, 273.0,307.0,1
2, 10, 842.0,1009.0,-1
10, 2, 842.0,1009.0,-1
2, 11, 236.0,260.0,1
11, 2, 236.0,260.0,1
2, 12, 443.0,545.0,-1
12, 2, 443.0,545.0,-1
2, 13, 872.0,967.0,1
13, 2, 872.0,967.0,1
2, 14, 547.0,589.0,-1
14, 2, 547.0,589.0,-1
2, 15, 371.0,382.0,-1
15, 2, 371.0,382.0,-1
2, 16, 729.0,902.0,1
16, 2, 729.0,902.0,1
2, 2, 0.0,0.0,1
3, 4, 461.0,480.0,1
4, 3, 461.0,480.0,1
3, 5, 106.0,145.0,-1
5, 3, 106.0,145.0,-1
3, 6, 198.0,258.0,-1
6, 3, 198.0,258.0,-1
3, 7, 575.0,810.0,-1
7, 3, 575.0,810.0,-1
3, 8, 289.0,347.0,-1
8, 3, 289.0,347.0,-1
3, 9, 170.0,225.0,1
9, 3, 170.0,225.0,1
3, 10, 482.0,486.0,1
10, 3, 482.0,486.0,1
3, 11, 561.0,791.0,-1
11, 3, 561.0,791.0,-1
3, 12, 322.0,455.0,1
12, 3, 322.0,455.0,1
3, 13, 603.0,820.0,-1
13, 3, 603.0,820.0,-1
3, 14, 831.0,1119.0,-1
14, 3, 831.0,1119.0,-1
3, 15, 663.0,912.0,-1
15, 3, 663.0,912.0,-1
3, 16, 361.0,372.0,1
16, 3, 361.0,372.0,1
3, 3, 0.0,0.0,1
4, 5, 412.0,477.0,-1
5, 4, 412.0,477.0,-1
4, 6, 650.0,737.0,-1
6, 4, 650.0,737.0,-1
4, 7, 470.0,552.0,-1
7, 4, 470.0,552.0,-1
4, 8, 184.0,224.0,-1
8, 4, 184.0,224.0,-1
4, 9, 557.0,704.0,-1
9, 4, 557.0,704.0,-1
4, 10, 33.0,46.0,-1
10, 4, 33.0,46.0,-1
4, 11, 937.0,1270.0,1
11, 4, 937.0,1270.0,1
4, 12, 713.0,895.0,-1
12, 4, 713.0,895.0,-1
4, 13, 320.0,380.0,-1
13, 4, 320.0,380.0,-1
4, 14, 1132.0,1598.0,-1
14, 4, 1132.0,1598.0,-1
4, 15, 997.0,1391.0,-1
15, 4, 997.0,1391.0,-1
4, 16, 100.0,108.0,-1
16, 4, 100.0,108.0,-1
4, 4, 0.0,0.0,1
5, 6, 289.0,403.0,-1
6, 5, 289.0,403.0,-1
5, 7, 618.0,847.0,-1
7, 5, 618.0,847.0,-1
5, 8, 229.0,254.0,-1
8, 5, 229.0,254.0,-1
5, 9, 275.0,369.0,-1
9, 5, 275.0,369.0,-1
5, 10, 439.0,523.0,-1
10, 5, 439.0,523.0,-1
5, 11, 665.0,935.0,1
11, 5, 665.0,935.0,1
5, 12, 310.0,419.0,-1
12, 5, 310.0,419.0,-1
5, 13, 609.0,856.0,-1
13, 5, 609.0,856.0,-1
5, 14, 936.0,1264.0,-1
14, 5, 936.0,1264.0,-1
5, 15, 768.0,1057.0,-1
15, 5, 768.0,1057.0,-1
5, 16, 317.0,387.0,-1
16, 5, 317.0,387.0,-1
5, 5, 0.0,0.0,1
6, 7, 663.0,918.0,-1
7, 6, 663.0,918.0,-1
6, 8, 485.0,604.0,-1
8, 6, 485.0,604.0,-1
6, 9, 140.0,195.0,1
9, 6, 140.0,195.0,1
6, 10, 669.0,736.0,-1
10, 6, 669.0,736.0,-1
6, 11, 396.0,533.0,-1
11, 6, 396.0,533.0,-1
6, 12, 312.0,347.0,1
12, 6, 312.0,347.0,1
6, 13, 743.0,928.0,-1
13, 6, 743.0,928.0,-1
6, 14, 692.0,862.0,-1
14, 6, 692.0,862.0,-1
6, 15, 516.0,655.0,-1
15, 6, 516.0,655.0,-1
6, 16, 551.0,629.0,1
16, 6, 551.0,629.0,1
6, 6, 0.0,0.0,1
7, 8, 514.0,594.0,1
8, 7, 514.0,594.0,1
7, 9, 523.0,724.0,-1
9, 7, 523.0,724.0,-1
7, 10, 452.0,550.0,-1
10, 7, 452.0,550.0,-1
7, 11, 733.0,748.0,-1
11, 7, 733.0,748.0,-1
7, 12, 897.0,1265.0,1
12, 7, 897.0,1265.0,1
7, 13, 217.0,307.0,-1
13, 7, 217.0,307.0,-1
7, 14, 807.0,1047.0,-1
14, 7, 807.0,1047.0,-1
7, 15, 729.0,840.0,-1
15, 7, 729.0,840.0,-1
7, 16, 452.0,460.0,-1
16, 7, 452.0,460.0,-1
7, 7, 0.0,0.0,1
8, 9, 414.0,571.0,-1
9, 8, 414.0,571.0,-1
8, 10, 212.0,269.0,-1
10, 8, 212.0,269.0,-1
8, 11, 811.0,1137.0,-1
11, 8, 811.0,1137.0,-1
8, 12, 530.0,672.0,1
12, 8, 530.0,672.0,1
8, 13, 434.0,603.0,1
13, 8, 434.0,603.0,1
8, 14, 1041.0,1466.0,-1
14, 8, 1041.0,1466.0,-1
8, 15, 890.0,1259.0,1
15, 8, 890.0,1259.0,1
8, 16, 96.0,134.0,-1
16, 8, 96.0,134.0,-1
8, 8, 0.0,0.0,1
9, 10, 572.0,703.0,-1
10, 9, 572.0,703.0,-1
9, 11, 401.0,566.0,1
11, 9, 401.0,566.0,1
9, 12, 419.0,541.0,-1
12, 9, 419.0,541.0,-1
9, 13, 612.0,734.0,1
13, 9, 612.0,734.0,1
9, 14, 661.0,895.0,-1
14, 9, 661.0,895.0,-1
9, 15, 495.0,688.0,-1
15, 9, 495.0,688.0,-1
9, 16, 461.0,596.0,1
16, 9, 461.0,596.0,1
9, 9, 0.0,0.0,1
10, 11, 946.0,1268.0,-1
11, 10, 946.0,1268.0,-1
10, 12, 742.0,941.0,1
12, 10, 742.0,941.0,1
10, 13, 293.0,334.0,-1
13, 10, 293.0,334.0,-1
10, 14, 1133.0,1597.0,-1
14, 10, 1133.0,1597.0,-1
10, 15, 1002.0,1390.0,-1
15, 10, 1002.0,1390.0,-1
10, 16, 122.0,136.0,1
16, 10, 122.0,136.0,1
10, 10, 0.0,0.0,1
11, 12, 677.0,805.0,-1
12, 11, 677.0,805.0,-1
11, 13, 901.0,1025.0,-1
13, 11, 901.0,1025.0,-1
11, 14, 312.0,329.0,-1
14, 11, 312.0,329.0,-1
11, 15, 138.0,151.0,1
15, 11, 138.0,151.0,1
11, 16, 846.0,1162.0,1
16, 11, 846.0,1162.0,1
11, 11, 0.0,0.0,1
12, 13, 915.0,1274.0,1
13, 12, 915.0,1274.0,1
12, 14, 985.0,1134.0,-1
14, 12, 985.0,1134.0,-1
12, 15, 808.0,927.0,-1
15, 12, 808.0,927.0,-1
12, 16, 623.0,805.0,-1
16, 12, 623.0,805.0,-1
12, 12, 0.0,0.0,1
13, 14, 1012.0,1353.0,1
14, 13, 1012.0,1353.0,1
13, 15, 917.0,1146.0,-1
15, 13, 917.0,1146.0,-1
13, 16, 346.0,470.0,-1
16, 13, 346.0,470.0,-1
13, 13, 0.0,0.0,1
14, 15, 178.0,208.0,-1
15, 14, 178.0,208.0,-1
14, 16, 1054.0,1490.0,-1
16, 14, 1054.0,1490.0,-1
14, 14, 0.0,0.0,1
15, 16, 913.0,1283.0,-1
16, 15, 913.0,1283.0,-1
15, 15, 0.0,0.0,1
16, 16, 0.0,0.0,1


<end>