<number of nodes>
16

<ratio of available edges>
0.3

<max length of the drone flight>
100000 

<D 2/3>
1, 3, 6, 7, 8, 9, 11, 12, 13, 15, 16

<V>
8, 11, 12, 13, 16

<coordinates X,Y>
493.0254215794139, 675.7787393148042
189.36874287186802, 372.11729461600396
976.2974745072582, 716.8483885740344
964.3180972935247, 586.6084513199677
969.3201065118404, 865.8284475027558
512.4632175660494, 895.1349616901508
524.2636160319275, 447.6443650784502
330.6842912019515, 311.79949235295055
701.0144103961724, 564.6684530798632
570.6743845080019, 32.55495099925092
958.9320331027898, 725.6942834335872
358.96127028207667, 327.56163342944444
190.0668053061569, 67.7912023012684
551.1636819807238, 468.0561602637341
882.568969682721, 567.5210932969771
980.0525954540293, 375.0510379929448

<adjacency matrix with truck distances>
1, 2, 430.0,608.0,-1
2, 1, 430.0,608.0,-1
1, 3, 486.0,525.0,-1
3, 1, 486.0,525.0,-1
1, 4, 480.0,561.0,1
4, 1, 480.0,561.0,1
1, 5, 513.0,667.0,-1
5, 1, 513.0,667.0,-1
1, 6, 221.0,239.0,-1
6, 1, 221.0,239.0,-1
1, 7, 231.0,260.0,-1
7, 1, 231.0,260.0,-1
1, 8, 399.0,527.0,-1
8, 1, 399.0,527.0,-1
1, 9, 236.0,320.0,1
9, 1, 236.0,320.0,1
1, 10, 648.0,721.0,-1
10, 1, 648.0,721.0,-1
1, 11, 469.0,516.0,-1
11, 1, 469.0,516.0,-1
1, 12, 374.0,483.0,1
12, 1, 374.0,483.0,1
1, 13, 680.0,911.0,-1
13, 1, 680.0,911.0,-1
1, 14, 216.0,266.0,-1
14, 1, 216.0,266.0,-1
1, 15, 405.0,498.0,-1
15, 1, 405.0,498.0,-1
1, 16, 573.0,788.0,-1
16, 1, 573.0,788.0,-1
1, 1, 0.0,0.0,1
2, 3, 860.0,1132.0,-1
3, 2, 860.0,1132.0,-1
2, 4, 805.0,990.0,-1
4, 2, 805.0,990.0,-1
2, 5, 924.0,1274.0,-1
5, 2, 924.0,1274.0,-1
2, 6, 615.0,847.0,1
6, 2, 615.0,847.0,1
2, 7, 344.0,411.0,1
7, 2, 344.0,411.0,1
2, 8, 154.0,202.0,-1
8, 2, 154.0,202.0,-1
2, 9, 547.0,705.0,-1
9, 2, 547.0,705.0,-1
2, 10, 511.0,721.0,-1
10, 2, 511.0,721.0,-1
2, 11, 847.0,1124.0,1
11, 2, 847.0,1124.0,1
2, 12, 176.0,215.0,1
12, 2, 176.0,215.0,1
2, 13, 305.0,306.0,1
13, 2, 305.0,306.0,1
2, 14, 375.0,458.0,1
14, 2, 375.0,458.0,1
2, 15, 721.0,889.0,-1
15, 2, 721.0,889.0,-1
2, 16, 791.0,794.0,1
16, 2, 791.0,794.0,1
2, 2, 0.0,0.0,1
3, 4, 131.0,143.0,-1
4, 3, 131.0,143.0,-1
3, 5, 150.0,156.0,-1
5, 3, 150.0,156.0,-1
3, 6, 497.0,643.0,-1
6, 3, 497.0,643.0,-1
3, 7, 527.0,722.0,1
7, 3, 527.0,722.0,1
3, 8, 763.0,1051.0,1
8, 3, 763.0,1051.0,1
3, 9, 315.0,428.0,-1
9, 3, 315.0,428.0,-1
3, 10, 796.0,1090.0,-1
10, 3, 796.0,1090.0,-1
3, 11, 20.0,27.0,1
11, 3, 20.0,27.0,1
3, 12, 730.0,1007.0,-1
12, 3, 730.0,1007.0,-1
3, 13, 1020.0,1436.0,-1
13, 3, 1020.0,1436.0,-1
3, 14, 493.0,674.0,-1
14, 3, 493.0,674.0,-1
3, 15, 177.0,244.0,-1
15, 3, 177.0,244.0,-1
3, 16, 342.0,346.0,-1
16, 3, 342.0,346.0,-1
3, 3, 0.0,0.0,1
4, 5, 280.0,285.0,1
5, 4, 280.0,285.0,1
4, 6, 548.0,761.0,1
6, 4, 548.0,761.0,1
4, 7, 462.0,580.0,1
7, 4, 462.0,580.0,1
4, 8, 691.0,909.0,-1
8, 4, 691.0,909.0,-1
4, 9, 265.0,286.0,-1
9, 4, 265.0,286.0,-1
4, 10, 680.0,948.0,-1
10, 4, 680.0,948.0,-1
4, 11, 140.0,145.0,-1
11, 4, 140.0,145.0,-1
4, 12, 659.0,865.0,1
12, 4, 659.0,865.0,1
4, 13, 933.0,1294.0,1
13, 4, 933.0,1294.0,1
4, 14, 430.0,532.0,-1
14, 4, 430.0,532.0,-1
4, 15, 84.0,101.0,-1
15, 4, 84.0,101.0,-1
4, 16, 213.0,228.0,-1
16, 4, 213.0,228.0,-1
4, 4, 0.0,0.0,1
5, 6, 458.0,487.0,-1
6, 5, 458.0,487.0,-1
5, 7, 611.0,864.0,1
7, 5, 611.0,864.0,1
5, 8, 846.0,1193.0,1
8, 5, 846.0,1193.0,1
5, 9, 404.0,570.0,-1
9, 5, 404.0,570.0,-1
5, 10, 924.0,1232.0,-1
10, 5, 924.0,1232.0,-1
5, 11, 141.0,151.0,1
11, 5, 141.0,151.0,1
5, 12, 814.0,1149.0,-1
12, 5, 814.0,1149.0,-1
5, 13, 1116.0,1578.0,-1
13, 5, 1116.0,1578.0,-1
5, 14, 578.0,816.0,-1
14, 5, 578.0,816.0,-1
5, 15, 311.0,386.0,-1
15, 5, 311.0,386.0,-1
5, 16, 491.0,502.0,-1
16, 5, 491.0,502.0,-1
5, 5, 0.0,0.0,1
6, 7, 448.0,460.0,1
7, 6, 448.0,460.0,1
6, 8, 612.0,766.0,1
8, 6, 612.0,766.0,1
6, 9, 381.0,520.0,-1
9, 6, 381.0,520.0,-1
6, 10, 865.0,921.0,-1
10, 6, 865.0,921.0,-1
6, 11, 478.0,616.0,-1
11, 6, 478.0,616.0,-1
6, 12, 588.0,722.0,-1
12, 6, 588.0,722.0,-1
6, 13, 888.0,1150.0,-1
13, 6, 888.0,1150.0,-1
6, 14, 429.0,466.0,-1
14, 6, 429.0,466.0,-1
6, 15, 495.0,698.0,-1
15, 6, 495.0,698.0,-1
6, 16, 700.0,988.0,-1
16, 6, 700.0,988.0,-1
6, 6, 0.0,0.0,1
7, 8, 237.0,330.0,-1
8, 7, 237.0,330.0,-1
7, 9, 212.0,294.0,-1
9, 7, 212.0,294.0,-1
7, 10, 418.0,462.0,1
10, 7, 418.0,462.0,1
7, 11, 516.0,713.0,1
11, 7, 516.0,713.0,1
7, 12, 205.0,286.0,-1
12, 7, 205.0,286.0,-1
7, 13, 506.0,715.0,1
13, 7, 506.0,715.0,1
7, 14, 34.0,48.0,-1
14, 7, 34.0,48.0,-1
7, 15, 378.0,479.0,-1
15, 7, 378.0,479.0,-1
7, 16, 462.0,529.0,1
16, 7, 462.0,529.0,1
7, 7, 0.0,0.0,1
8, 9, 449.0,624.0,1
9, 8, 449.0,624.0,1
8, 10, 369.0,520.0,-1
10, 8, 369.0,520.0,-1
8, 11, 753.0,1043.0,-1
11, 8, 753.0,1043.0,-1
8, 12, 33.0,45.0,-1
12, 8, 33.0,45.0,-1
8, 13, 282.0,385.0,-1
13, 8, 282.0,385.0,-1
8, 14, 271.0,377.0,-1
14, 8, 271.0,377.0,-1
8, 15, 609.0,808.0,-1
15, 8, 609.0,808.0,-1
8, 16, 653.0,713.0,-1
16, 8, 653.0,713.0,-1
8, 8, 0.0,0.0,1
9, 10, 548.0,663.0,1
10, 9, 548.0,663.0,1
9, 11, 305.0,419.0,1
11, 9, 305.0,419.0,1
9, 12, 417.0,580.0,-1
12, 9, 417.0,580.0,-1
9, 13, 713.0,1008.0,-1
13, 9, 713.0,1008.0,-1
9, 14, 179.0,247.0,1
14, 9, 179.0,247.0,1
9, 15, 182.0,185.0,-1
15, 9, 182.0,185.0,-1
9, 16, 338.0,469.0,-1
16, 9, 338.0,469.0,-1
9, 9, 0.0,0.0,1
10, 11, 795.0,1082.0,-1
11, 10, 795.0,1082.0,-1
10, 12, 364.0,507.0,-1
12, 10, 364.0,507.0,-1
10, 13, 383.0,416.0,-1
13, 10, 383.0,416.0,-1
10, 14, 436.0,456.0,-1
14, 10, 436.0,456.0,-1
10, 15, 620.0,847.0,-1
15, 10, 620.0,847.0,-1
10, 16, 534.0,752.0,-1
16, 10, 534.0,752.0,-1
10, 10, 0.0,0.0,1
11, 12, 721.0,999.0,-1
12, 11, 721.0,999.0,-1
11, 13, 1012.0,1427.0,-1
13, 11, 1012.0,1427.0,-1
11, 14, 483.0,666.0,-1
14, 11, 483.0,666.0,-1
11, 15, 176.0,235.0,-1
15, 11, 176.0,235.0,-1
11, 16, 352.0,372.0,1
16, 11, 352.0,372.0,1
11, 11, 0.0,0.0,1
12, 13, 310.0,429.0,1
13, 12, 310.0,429.0,1
12, 14, 239.0,333.0,-1
14, 12, 239.0,333.0,-1
12, 15, 576.0,764.0,1
15, 12, 576.0,764.0,1
12, 16, 623.0,669.0,-1
16, 12, 623.0,669.0,-1
12, 12, 0.0,0.0,1
13, 14, 540.0,762.0,1
14, 13, 540.0,762.0,1
13, 15, 854.0,1193.0,-1
15, 13, 854.0,1193.0,-1
13, 16, 848.0,1098.0,-1
16, 13, 848.0,1098.0,-1
13, 13, 0.0,0.0,1
14, 15, 347.0,431.0,-1
15, 14, 347.0,431.0,-1
14, 16, 439.0,522.0,1
16, 14, 439.0,522.0,1
14, 14, 0.0,0.0,1
15, 16, 216.0,290.0,-1
16, 15, 216.0,290.0,-1
15, 15, 0.0,0.0,1
16, 16, 0.0,0.0,1


<end>