<number of nodes>
16

<ratio of available edges>
0.3

<max length of the drone flight>
100000 

<D 2/3>
1, 2, 6, 7, 9, 10, 11, 12, 13, 15, 16

<V>
2, 7, 9, 11, 13

<coordinates X,Y>
840.2714604664086, 18.79036644724836
209.6244562506635, 261.92097738842887
152.12067830878104, 812.0785786162721
965.0079384439707, 948.3772397877949
417.21865985433294, 848.0276010158508
19.437850116769688, 479.1394093525098
596.1480779396156, 599.2148080590399
394.57801714234944, 967.577355144199
672.397138392945, 524.0581151687828
920.9910255601833, 279.9283098324409
294.4378864527648, 415.86647577039406
133.24089212340496, 490.8586597856986
209.3856237681097, 915.9845384529602
770.3296697005107, 171.12425687436124
760.3992156138235, 174.35054407991308
463.55765265163967, 70.1931027655259

<adjacency matrix with truck distances>
1, 2, 676.0,874.0,1
2, 1, 676.0,874.0,1
1, 3, 1051.0,1482.0,-1
3, 1, 1051.0,1482.0,-1
1, 4, 938.0,1055.0,1
4, 1, 938.0,1055.0,1
1, 5, 931.0,1253.0,1
5, 1, 931.0,1253.0,1
1, 6, 942.0,1282.0,-1
6, 1, 942.0,1282.0,-1
1, 7, 630.0,825.0,-1
7, 1, 630.0,825.0,-1
1, 8, 1049.0,1395.0,-1
8, 1, 1049.0,1395.0,-1
1, 9, 533.0,674.0,-1
9, 1, 533.0,674.0,-1
1, 10, 274.0,342.0,1
10, 1, 274.0,342.0,1
1, 11, 675.0,943.0,1
11, 1, 675.0,943.0,1
1, 12, 851.0,1180.0,-1
12, 1, 851.0,1180.0,-1
1, 13, 1097.0,1529.0,-1
13, 1, 1097.0,1529.0,-1
1, 14, 168.0,223.0,-1
14, 1, 168.0,223.0,-1
1, 15, 175.0,236.0,-1
15, 1, 175.0,236.0,-1
1, 16, 381.0,429.0,1
16, 1, 381.0,429.0,1
1, 1, 0.0,0.0,1
2, 3, 554.0,608.0,-1
3, 2, 554.0,608.0,-1
2, 4, 1021.0,1442.0,-1
4, 2, 1021.0,1442.0,-1
2, 5, 622.0,794.0,-1
5, 2, 622.0,794.0,-1
2, 6, 289.0,408.0,1
6, 2, 289.0,408.0,1
2, 7, 513.0,724.0,-1
7, 2, 513.0,724.0,-1
2, 8, 730.0,891.0,1
8, 2, 730.0,891.0,1
2, 9, 532.0,725.0,-1
9, 2, 532.0,725.0,-1
2, 10, 712.0,730.0,-1
10, 2, 712.0,730.0,-1
2, 11, 176.0,239.0,-1
11, 2, 176.0,239.0,-1
2, 12, 242.0,306.0,-1
12, 2, 242.0,306.0,-1
2, 13, 655.0,655.0,-1
13, 2, 655.0,655.0,-1
2, 14, 569.0,652.0,-1
14, 2, 569.0,652.0,-1
2, 15, 558.0,639.0,-1
15, 2, 558.0,639.0,-1
2, 16, 319.0,446.0,1
16, 2, 319.0,446.0,1
2, 2, 0.0,0.0,1
3, 4, 825.0,950.0,1
4, 3, 825.0,950.0,1
3, 5, 268.0,302.0,-1
5, 3, 268.0,302.0,-1
3, 6, 359.0,466.0,-1
6, 3, 359.0,466.0,-1
3, 7, 493.0,657.0,1
7, 3, 493.0,657.0,1
3, 8, 289.0,398.0,-1
8, 3, 289.0,398.0,-1
3, 9, 595.0,809.0,-1
9, 3, 595.0,809.0,-1
3, 10, 936.0,1302.0,-1
10, 3, 936.0,1302.0,-1
3, 11, 421.0,539.0,-1
11, 3, 421.0,539.0,-1
3, 12, 322.0,341.0,-1
12, 3, 322.0,341.0,-1
3, 13, 119.0,162.0,1
13, 3, 119.0,162.0,1
3, 14, 891.0,1260.0,-1
14, 3, 891.0,1260.0,-1
3, 15, 882.0,1247.0,1
15, 3, 882.0,1247.0,1
3, 16, 805.0,1054.0,-1
16, 3, 805.0,1054.0,-1
3, 3, 0.0,0.0,1
4, 5, 557.0,649.0,1
5, 4, 557.0,649.0,1
4, 6, 1056.0,1415.0,-1
6, 4, 1056.0,1415.0,-1
4, 7, 508.0,719.0,-1
7, 4, 508.0,719.0,-1
4, 8, 571.0,590.0,-1
8, 4, 571.0,590.0,-1
4, 9, 516.0,717.0,-1
9, 4, 516.0,717.0,-1
4, 10, 670.0,713.0,-1
10, 4, 670.0,713.0,-1
4, 11, 857.0,1204.0,1
11, 4, 857.0,1204.0,1
4, 12, 950.0,1290.0,1
12, 4, 950.0,1290.0,1
4, 13, 757.0,789.0,-1
13, 4, 757.0,789.0,-1
4, 14, 802.0,972.0,-1
14, 4, 802.0,972.0,-1
4, 15, 801.0,979.0,-1
15, 4, 801.0,979.0,-1
4, 16, 1012.0,1380.0,-1
16, 4, 1012.0,1380.0,-1
4, 4, 0.0,0.0,1
5, 6, 543.0,767.0,-1
6, 5, 543.0,767.0,-1
5, 7, 307.0,428.0,-1
7, 5, 307.0,428.0,-1
5, 8, 122.0,143.0,-1
8, 5, 122.0,143.0,-1
5, 9, 413.0,580.0,1
9, 5, 413.0,580.0,1
5, 10, 760.0,1072.0,-1
10, 5, 760.0,1072.0,-1
5, 11, 450.0,555.0,-1
11, 5, 450.0,555.0,-1
5, 12, 457.0,642.0,1
12, 5, 457.0,642.0,1
5, 13, 219.0,276.0,-1
13, 5, 219.0,276.0,-1
5, 14, 764.0,1031.0,-1
14, 5, 764.0,1031.0,-1
5, 15, 757.0,1017.0,1
15, 5, 757.0,1017.0,1
5, 16, 780.0,825.0,-1
16, 5, 780.0,825.0,-1
5, 5, 0.0,0.0,1
6, 7, 590.0,697.0,-1
7, 6, 590.0,697.0,-1
6, 8, 616.0,864.0,1
8, 6, 616.0,864.0,1
6, 9, 655.0,698.0,1
9, 6, 655.0,698.0,1
6, 10, 924.0,1101.0,-1
10, 6, 924.0,1101.0,-1
6, 11, 283.0,339.0,-1
11, 6, 283.0,339.0,-1
6, 12, 115.0,126.0,1
12, 6, 115.0,126.0,1
6, 13, 477.0,627.0,-1
13, 6, 477.0,627.0,-1
6, 14, 812.0,1059.0,1
14, 6, 812.0,1059.0,1
6, 15, 802.0,1046.0,-1
15, 6, 802.0,1046.0,-1
6, 16, 604.0,854.0,-1
16, 6, 604.0,854.0,-1
6, 6, 0.0,0.0,1
7, 8, 420.0,570.0,-1
8, 7, 420.0,570.0,-1
7, 9, 108.0,152.0,-1
9, 7, 108.0,152.0,-1
7, 10, 456.0,645.0,-1
10, 7, 456.0,645.0,-1
7, 11, 354.0,486.0,-1
11, 7, 354.0,486.0,-1
7, 12, 476.0,572.0,-1
12, 7, 476.0,572.0,-1
7, 13, 500.0,704.0,-1
13, 7, 500.0,704.0,-1
7, 14, 463.0,603.0,1
14, 7, 463.0,603.0,1
7, 15, 456.0,590.0,-1
15, 7, 456.0,590.0,-1
7, 16, 546.0,662.0,-1
16, 7, 546.0,662.0,-1
7, 7, 0.0,0.0,1
8, 9, 524.0,722.0,1
9, 8, 524.0,722.0,1
8, 10, 867.0,1215.0,1
10, 8, 867.0,1215.0,1
8, 11, 561.0,652.0,-1
11, 8, 561.0,652.0,-1
8, 12, 544.0,739.0,1
12, 8, 544.0,739.0,1
8, 13, 193.0,237.0,-1
13, 8, 193.0,237.0,-1
8, 14, 881.0,1173.0,-1
14, 8, 881.0,1173.0,-1
8, 15, 874.0,1160.0,-1
15, 8, 874.0,1160.0,-1
8, 16, 901.0,967.0,-1
16, 8, 901.0,967.0,-1
8, 8, 0.0,0.0,1
9, 10, 349.0,493.0,1
10, 9, 349.0,493.0,1
9, 11, 394.0,487.0,-1
11, 9, 394.0,487.0,-1
9, 12, 541.0,573.0,1
12, 9, 541.0,573.0,1
9, 13, 607.0,855.0,-1
13, 9, 607.0,855.0,-1
9, 14, 367.0,451.0,-1
14, 9, 367.0,451.0,-1
9, 15, 361.0,438.0,-1
15, 9, 361.0,438.0,-1
9, 16, 500.0,663.0,1
16, 9, 500.0,663.0,1
9, 9, 0.0,0.0,1
10, 11, 642.0,763.0,-1
11, 10, 642.0,763.0,-1
10, 12, 816.0,999.0,-1
12, 10, 816.0,999.0,-1
10, 13, 955.0,1348.0,1
13, 10, 955.0,1348.0,1
10, 14, 186.0,260.0,1
14, 10, 186.0,260.0,1
10, 15, 193.0,267.0,1
15, 10, 193.0,267.0,1
10, 16, 504.0,668.0,-1
16, 10, 504.0,668.0,-1
10, 10, 0.0,0.0,1
11, 12, 178.0,237.0,-1
12, 11, 178.0,237.0,-1
11, 13, 508.0,586.0,1
13, 11, 508.0,586.0,1
11, 14, 536.0,721.0,-1
14, 11, 536.0,721.0,-1
11, 15, 525.0,708.0,-1
15, 11, 525.0,708.0,-1
11, 16, 385.0,515.0,-1
16, 11, 385.0,515.0,-1
11, 11, 0.0,0.0,1
12, 13, 432.0,502.0,-1
13, 12, 432.0,502.0,-1
12, 14, 713.0,957.0,1
14, 12, 713.0,957.0,1
12, 15, 703.0,944.0,1
15, 12, 703.0,944.0,1
12, 16, 535.0,751.0,-1
16, 12, 535.0,751.0,-1
12, 12, 0.0,0.0,1
13, 14, 933.0,1306.0,-1
14, 13, 933.0,1306.0,-1
13, 15, 924.0,1293.0,-1
15, 13, 924.0,1293.0,-1
13, 16, 884.0,1100.0,-1
16, 13, 884.0,1100.0,-1
13, 13, 0.0,0.0,1
14, 15, 11.0,14.0,-1
15, 14, 11.0,14.0,-1
14, 16, 323.0,408.0,-1
16, 14, 323.0,408.0,-1
14, 14, 0.0,0.0,1
15, 16, 315.0,401.0,-1
16, 15, 315.0,401.0,-1
15, 15, 0.0,0.0,1
16, 16, 0.0,0.0,1


<end>