<number of nodes>
16

<ratio of available edges>
0.3

<max length of the drone flight>
100000 

<D 2/3>
1, 2, 3, 6, 7, 10, 11, 12, 13, 15, 16

<V>
3, 11, 12, 13, 15

<coordinates X,Y>
684.4725556469401, 912.7263705557009
104.89193199446521, 667.1532600111622
68.1140128047874, 399.2460013741648
161.55903800578432, 950.9665779875727
318.5346591984769, 842.5939878894274
647.3412126811702, 758.8514972101451
919.5400974454285, 956.8773330794604
619.5102561838087, 9.656988617936797
861.1348029428475, 291.7239566574881
326.8446042546833, 285.0399434994363
539.0888788677091, 884.5573730626854
267.73092582203026, 327.94395775300967
311.3673133913044, 856.4387970990673
979.6314152914449, 32.53333031449159
657.1598523777753, 611.4755351074178
26.77060899899765, 727.7433616641504

<adjacency matrix with truck distances>
1, 2, 630.0,826.0,-1
2, 1, 630.0,826.0,-1
1, 3, 803.0,1130.0,-1
3, 1, 803.0,1130.0,-1
1, 4, 525.0,562.0,-1
4, 1, 525.0,562.0,-1
1, 5, 373.0,437.0,-1
5, 1, 373.0,437.0,-1
1, 6, 159.0,192.0,1
6, 1, 159.0,192.0,1
1, 7, 240.0,280.0,1
7, 1, 240.0,280.0,1
1, 8, 906.0,969.0,1
8, 1, 906.0,969.0,1
1, 9, 646.0,798.0,-1
9, 1, 646.0,798.0,-1
1, 10, 723.0,986.0,-1
10, 1, 723.0,986.0,-1
1, 11, 149.0,174.0,-1
11, 1, 149.0,174.0,-1
1, 12, 719.0,1002.0,-1
12, 1, 719.0,1002.0,-1
1, 13, 378.0,430.0,-1
13, 1, 378.0,430.0,-1
1, 14, 929.0,1176.0,-1
14, 1, 929.0,1176.0,-1
1, 15, 303.0,329.0,-1
15, 1, 303.0,329.0,-1
1, 16, 684.0,843.0,-1
16, 1, 684.0,843.0,-1
1, 1, 0.0,0.0,1
2, 3, 271.0,305.0,1
3, 2, 271.0,305.0,1
2, 4, 290.0,341.0,1
4, 2, 290.0,341.0,1
2, 5, 277.0,390.0,-1
5, 2, 277.0,390.0,-1
2, 6, 551.0,635.0,1
6, 2, 551.0,635.0,1
2, 7, 865.0,1105.0,-1
7, 2, 865.0,1105.0,-1
2, 8, 835.0,1173.0,-1
8, 2, 835.0,1173.0,-1
2, 9, 845.0,1132.0,-1
9, 2, 845.0,1132.0,-1
2, 10, 442.0,605.0,-1
10, 2, 442.0,605.0,-1
2, 11, 486.0,652.0,-1
11, 2, 486.0,652.0,-1
2, 12, 377.0,503.0,-1
12, 2, 377.0,503.0,-1
2, 13, 281.0,396.0,1
13, 2, 281.0,396.0,1
2, 14, 1081.0,1510.0,-1
14, 2, 1081.0,1510.0,-1
2, 15, 556.0,608.0,-1
15, 2, 556.0,608.0,-1
2, 16, 99.0,139.0,-1
16, 2, 99.0,139.0,-1
2, 2, 0.0,0.0,1
3, 4, 560.0,646.0,1
4, 3, 560.0,646.0,1
3, 5, 510.0,694.0,-1
5, 3, 510.0,694.0,-1
3, 6, 682.0,939.0,1
6, 3, 682.0,939.0,1
3, 7, 1018.0,1410.0,-1
7, 3, 1018.0,1410.0,-1
3, 8, 676.0,941.0,-1
8, 3, 676.0,941.0,-1
3, 9, 801.0,901.0,1
9, 3, 801.0,901.0,1
3, 10, 283.0,373.0,-1
10, 3, 283.0,373.0,-1
3, 11, 677.0,957.0,-1
11, 3, 677.0,957.0,-1
3, 12, 212.0,271.0,-1
12, 3, 212.0,271.0,-1
3, 13, 518.0,701.0,-1
13, 3, 518.0,701.0,-1
3, 14, 983.0,1279.0,-1
14, 3, 983.0,1279.0,-1
3, 15, 627.0,802.0,1
15, 3, 627.0,802.0,1
3, 16, 332.0,370.0,-1
16, 3, 332.0,370.0,-1
3, 3, 0.0,0.0,1
4, 5, 191.0,266.0,1
5, 4, 191.0,266.0,1
4, 6, 523.0,678.0,1
6, 4, 523.0,678.0,1
4, 7, 759.0,764.0,-1
7, 4, 759.0,764.0,-1
4, 8, 1047.0,1400.0,1
8, 4, 1047.0,1400.0,1
4, 9, 962.0,1359.0,1
9, 4, 962.0,1359.0,1
4, 10, 687.0,832.0,-1
10, 4, 687.0,832.0,-1
4, 11, 384.0,444.0,1
11, 4, 384.0,444.0,1
4, 12, 633.0,730.0,-1
12, 4, 633.0,730.0,-1
4, 13, 178.0,245.0,-1
13, 4, 178.0,245.0,-1
4, 14, 1230.0,1737.0,1
14, 4, 1230.0,1737.0,1
4, 15, 601.0,836.0,1
15, 4, 601.0,836.0,1
4, 16, 261.0,359.0,-1
16, 4, 261.0,359.0,-1
4, 4, 0.0,0.0,1
5, 6, 340.0,413.0,1
6, 5, 340.0,413.0,1
5, 7, 612.0,716.0,-1
7, 5, 612.0,716.0,-1
5, 8, 886.0,1134.0,-1
8, 5, 886.0,1134.0,-1
5, 9, 774.0,1094.0,-1
9, 5, 774.0,1094.0,-1
5, 10, 558.0,566.0,-1
10, 5, 558.0,566.0,-1
5, 11, 225.0,263.0,1
11, 5, 225.0,263.0,1
5, 12, 518.0,566.0,-1
12, 5, 518.0,566.0,-1
5, 13, 16.0,22.0,-1
13, 5, 16.0,22.0,-1
5, 14, 1046.0,1472.0,1
14, 5, 1046.0,1472.0,1
5, 15, 410.0,570.0,1
15, 5, 410.0,570.0,1
5, 16, 314.0,407.0,-1
16, 5, 314.0,407.0,-1
5, 5, 0.0,0.0,1
6, 7, 337.0,471.0,-1
7, 6, 337.0,471.0,-1
6, 8, 750.0,778.0,-1
8, 6, 750.0,778.0,-1
6, 9, 514.0,681.0,-1
9, 6, 514.0,681.0,-1
6, 10, 573.0,795.0,-1
10, 6, 573.0,795.0,-1
6, 11, 166.0,234.0,-1
11, 6, 166.0,234.0,-1
6, 12, 575.0,811.0,1
12, 6, 575.0,811.0,1
6, 13, 350.0,434.0,-1
13, 6, 350.0,434.0,-1
6, 14, 799.0,1059.0,1
14, 6, 799.0,1059.0,1
6, 15, 148.0,158.0,-1
15, 6, 148.0,158.0,-1
6, 16, 622.0,652.0,-1
16, 6, 622.0,652.0,-1
6, 6, 0.0,0.0,1
7, 8, 994.0,1248.0,-1
8, 7, 994.0,1248.0,-1
7, 9, 668.0,724.0,-1
9, 7, 668.0,724.0,-1
7, 10, 896.0,1265.0,-1
10, 7, 896.0,1265.0,-1
7, 11, 388.0,453.0,-1
11, 7, 388.0,453.0,-1
7, 12, 906.0,1281.0,1
12, 7, 906.0,1281.0,1
7, 13, 617.0,709.0,1
13, 7, 617.0,709.0,1
7, 14, 927.0,985.0,1
14, 7, 927.0,985.0,1
7, 15, 434.0,608.0,-1
15, 7, 434.0,608.0,-1
7, 16, 922.0,1122.0,-1
16, 7, 922.0,1122.0,-1
7, 7, 0.0,0.0,1
8, 9, 372.0,524.0,1
9, 8, 372.0,524.0,1
8, 10, 402.0,569.0,1
10, 8, 402.0,569.0,1
8, 11, 879.0,956.0,1
11, 8, 879.0,956.0,1
8, 12, 475.0,671.0,1
12, 8, 475.0,671.0,1
8, 13, 902.0,1155.0,1
13, 8, 902.0,1155.0,1
8, 14, 361.0,383.0,-1
14, 8, 361.0,383.0,-1
8, 15, 603.0,640.0,-1
15, 8, 603.0,640.0,-1
8, 16, 932.0,1311.0,-1
16, 8, 932.0,1311.0,-1
8, 8, 0.0,0.0,1
9, 10, 535.0,541.0,-1
10, 9, 535.0,541.0,-1
9, 11, 675.0,915.0,-1
11, 9, 675.0,915.0,-1
9, 12, 595.0,630.0,-1
12, 9, 595.0,630.0,-1
9, 13, 789.0,1115.0,-1
13, 9, 789.0,1115.0,-1
9, 14, 285.0,378.0,-1
14, 9, 285.0,378.0,-1
9, 15, 380.0,524.0,-1
15, 9, 380.0,524.0,-1
9, 16, 942.0,1271.0,-1
16, 9, 942.0,1271.0,-1
9, 9, 0.0,0.0,1
10, 11, 636.0,812.0,-1
11, 10, 636.0,812.0,-1
10, 12, 74.0,103.0,-1
12, 10, 74.0,103.0,-1
10, 13, 572.0,587.0,-1
13, 10, 572.0,587.0,-1
10, 14, 700.0,906.0,-1
14, 10, 700.0,906.0,-1
10, 15, 465.0,657.0,1
15, 10, 465.0,657.0,1
10, 16, 535.0,743.0,1
16, 10, 535.0,743.0,1
10, 10, 0.0,0.0,1
11, 12, 620.0,828.0,-1
12, 11, 620.0,828.0,-1
11, 13, 230.0,256.0,-1
13, 11, 230.0,256.0,-1
11, 14, 960.0,1293.0,1
14, 11, 960.0,1293.0,1
11, 15, 298.0,392.0,-1
15, 11, 298.0,392.0,-1
11, 16, 536.0,670.0,-1
16, 11, 536.0,670.0,-1
11, 11, 0.0,0.0,1
12, 13, 531.0,573.0,-1
13, 12, 531.0,573.0,-1
12, 14, 771.0,1008.0,-1
14, 12, 771.0,1008.0,-1
12, 15, 482.0,673.0,-1
15, 12, 482.0,673.0,-1
12, 16, 467.0,641.0,-1
16, 12, 467.0,641.0,-1
12, 12, 0.0,0.0,1
13, 14, 1061.0,1493.0,1
14, 13, 1061.0,1493.0,1
13, 15, 424.0,591.0,-1
15, 13, 424.0,591.0,-1
13, 16, 313.0,414.0,-1
16, 13, 313.0,414.0,-1
13, 13, 0.0,0.0,1
14, 15, 663.0,902.0,-1
15, 14, 663.0,902.0,-1
14, 16, 1180.0,1649.0,-1
16, 14, 1180.0,1649.0,-1
14, 14, 0.0,0.0,1
15, 16, 642.0,747.0,-1
16, 15, 642.0,747.0,-1
15, 15, 0.0,0.0,1
16, 16, 0.0,0.0,1


<end>