<number of nodes>
16

<ratio of available edges>
0.3

<max length of the drone flight>
100000 

<D 2/3>
1, 2, 3, 5, 6, 7, 8, 10, 12, 14, 16

<V>
3, 6, 8, 12, 14

<coordinates X,Y>
580.4955838561673, 366.993923188193
82.35923723249851, 973.9684246301505
613.2574016159641, 977.1709937413823
341.0318456375283, 703.8155659834358
605.3970399020833, 947.2595980190101
295.7845461074795, 438.9664147259614
624.1127348785521, 813.0913417830344
827.5688398371624, 506.5768359588269
431.8724675802191, 443.8224541196674
968.6148284917051, 652.875320884054
520.9449608365558, 251.01080294092512
936.8841289597655, 139.39318275891318
74.30582562541903, 504.06752627312153
202.51198227336806, 538.6450053901632
567.3367776688336, 872.3078239499648
956.4721642650045, 18.946391194124843

<adjacency matrix with truck distances>
1, 2, 786.0,1106.0,-1
2, 1, 786.0,1106.0,-1
1, 3, 612.0,643.0,-1
3, 1, 612.0,643.0,-1
1, 4, 414.0,577.0,-1
4, 1, 414.0,577.0,-1
1, 5, 581.0,606.0,-1
5, 1, 581.0,606.0,-1
1, 6, 294.0,357.0,1
6, 1, 294.0,357.0,1
1, 7, 449.0,490.0,-1
7, 1, 449.0,490.0,-1
1, 8, 284.0,387.0,-1
8, 1, 284.0,387.0,-1
1, 9, 168.0,226.0,-1
9, 1, 168.0,226.0,-1
1, 10, 483.0,675.0,-1
10, 1, 483.0,675.0,-1
1, 11, 131.0,176.0,-1
11, 1, 131.0,176.0,-1
1, 12, 423.0,584.0,-1
12, 1, 423.0,584.0,-1
1, 13, 525.0,644.0,-1
13, 1, 525.0,644.0,-1
1, 14, 416.0,550.0,-1
14, 1, 416.0,550.0,-1
1, 15, 506.0,519.0,1
15, 1, 506.0,519.0,1
1, 16, 513.0,725.0,-1
16, 1, 513.0,725.0,-1
1, 1, 0.0,0.0,1
2, 3, 531.0,535.0,-1
3, 2, 531.0,535.0,-1
2, 4, 375.0,529.0,-1
4, 2, 375.0,529.0,-1
2, 5, 524.0,550.0,1
5, 2, 524.0,550.0,1
2, 6, 577.0,749.0,1
6, 2, 577.0,749.0,1
2, 7, 566.0,703.0,1
7, 2, 566.0,703.0,1
2, 8, 880.0,1213.0,-1
8, 2, 880.0,1213.0,-1
2, 9, 635.0,880.0,-1
9, 2, 635.0,880.0,-1
2, 10, 943.0,1208.0,-1
10, 2, 943.0,1208.0,-1
2, 11, 846.0,1162.0,-1
11, 2, 846.0,1162.0,-1
2, 12, 1195.0,1690.0,1
12, 2, 1195.0,1690.0,1
2, 13, 470.0,478.0,-1
13, 2, 470.0,478.0,-1
2, 14, 452.0,556.0,-1
14, 2, 452.0,556.0,-1
2, 15, 496.0,587.0,-1
15, 2, 496.0,587.0,-1
2, 16, 1295.0,1830.0,1
16, 2, 1295.0,1830.0,1
2, 2, 0.0,0.0,1
3, 4, 386.0,546.0,-1
4, 3, 386.0,546.0,-1
3, 5, 31.0,38.0,-1
5, 3, 31.0,38.0,-1
3, 6, 625.0,856.0,-1
6, 3, 625.0,856.0,-1
3, 7, 165.0,175.0,-1
7, 3, 165.0,175.0,-1
3, 8, 518.0,685.0,1
8, 3, 518.0,685.0,1
3, 9, 564.0,715.0,-1
9, 3, 564.0,715.0,-1
3, 10, 482.0,680.0,1
10, 3, 482.0,680.0,1
3, 11, 733.0,819.0,-1
11, 3, 733.0,819.0,-1
3, 12, 899.0,1162.0,-1
12, 3, 899.0,1162.0,-1
3, 13, 718.0,1013.0,-1
13, 3, 718.0,1013.0,-1
3, 14, 601.0,850.0,-1
14, 3, 601.0,850.0,-1
3, 15, 115.0,151.0,-1
15, 3, 115.0,151.0,-1
3, 16, 1018.0,1302.0,1
16, 3, 1018.0,1302.0,1
3, 3, 0.0,0.0,1
4, 5, 360.0,508.0,1
5, 4, 360.0,508.0,1
4, 6, 269.0,311.0,-1
6, 4, 269.0,311.0,-1
4, 7, 304.0,393.0,-1
7, 4, 304.0,393.0,-1
4, 8, 525.0,684.0,1
8, 4, 525.0,684.0,1
4, 9, 276.0,351.0,1
9, 4, 276.0,351.0,1
4, 10, 630.0,679.0,-1
10, 4, 630.0,679.0,-1
4, 11, 488.0,633.0,-1
11, 4, 488.0,633.0,-1
4, 12, 821.0,1161.0,-1
12, 4, 821.0,1161.0,-1
4, 13, 334.0,467.0,-1
13, 4, 334.0,467.0,-1
4, 14, 216.0,304.0,-1
14, 4, 216.0,304.0,-1
4, 15, 283.0,395.0,1
15, 4, 283.0,395.0,1
4, 16, 921.0,1301.0,1
16, 4, 921.0,1301.0,1
4, 4, 0.0,0.0,1
5, 6, 596.0,818.0,1
6, 5, 596.0,818.0,1
5, 7, 136.0,153.0,1
7, 5, 136.0,153.0,1
5, 8, 494.0,663.0,1
8, 5, 494.0,663.0,1
5, 9, 533.0,677.0,-1
9, 5, 533.0,677.0,-1
5, 10, 468.0,658.0,-1
10, 5, 468.0,658.0,-1
5, 11, 702.0,781.0,-1
11, 5, 702.0,781.0,-1
5, 12, 874.0,1140.0,-1
12, 5, 874.0,1140.0,-1
5, 13, 692.0,975.0,-1
13, 5, 692.0,975.0,-1
5, 14, 574.0,812.0,-1
14, 5, 574.0,812.0,-1
5, 15, 85.0,114.0,-1
15, 5, 85.0,114.0,-1
5, 16, 993.0,1280.0,-1
16, 5, 993.0,1280.0,-1
5, 5, 0.0,0.0,1
6, 7, 498.0,703.0,-1
7, 6, 498.0,703.0,-1
6, 8, 537.0,600.0,-1
8, 6, 537.0,600.0,-1
6, 9, 137.0,141.0,1
9, 6, 137.0,141.0,1
6, 10, 707.0,887.0,1
10, 6, 707.0,887.0,1
6, 11, 294.0,414.0,1
11, 6, 294.0,414.0,1
6, 12, 708.0,941.0,1
12, 6, 708.0,941.0,1
6, 13, 231.0,287.0,-1
13, 6, 231.0,287.0,-1
6, 14, 137.0,193.0,-1
14, 6, 137.0,193.0,-1
6, 15, 512.0,705.0,1
15, 6, 512.0,705.0,1
6, 16, 783.0,1081.0,-1
16, 6, 783.0,1081.0,-1
6, 6, 0.0,0.0,1
7, 8, 368.0,510.0,-1
8, 7, 368.0,510.0,-1
7, 9, 417.0,562.0,-1
9, 7, 417.0,562.0,-1
7, 10, 380.0,505.0,1
10, 7, 380.0,505.0,1
7, 11, 572.0,666.0,-1
11, 7, 572.0,666.0,-1
7, 12, 743.0,987.0,-1
12, 7, 743.0,987.0,-1
7, 13, 631.0,859.0,-1
13, 7, 631.0,859.0,-1
7, 14, 504.0,697.0,-1
14, 7, 504.0,697.0,-1
7, 15, 83.0,116.0,-1
15, 7, 83.0,116.0,-1
7, 16, 861.0,1127.0,1
16, 7, 861.0,1127.0,1
7, 7, 0.0,0.0,1
8, 9, 401.0,459.0,1
9, 8, 401.0,459.0,1
8, 10, 204.0,288.0,-1
10, 8, 204.0,288.0,-1
8, 11, 400.0,563.0,-1
11, 8, 400.0,563.0,-1
8, 12, 384.0,477.0,-1
12, 8, 384.0,477.0,-1
8, 13, 754.0,756.0,1
13, 8, 754.0,756.0,1
8, 14, 626.0,658.0,-1
14, 8, 626.0,658.0,-1
8, 15, 449.0,626.0,1
15, 8, 449.0,626.0,1
8, 16, 505.0,617.0,-1
16, 8, 505.0,617.0,-1
8, 8, 0.0,0.0,1
9, 10, 577.0,746.0,1
10, 9, 577.0,746.0,1
9, 11, 213.0,282.0,-1
11, 9, 213.0,282.0,-1
9, 12, 590.0,810.0,-1
12, 9, 590.0,810.0,-1
9, 13, 363.0,418.0,-1
13, 9, 363.0,418.0,-1
9, 14, 249.0,325.0,-1
14, 9, 249.0,325.0,-1
9, 15, 450.0,564.0,1
15, 9, 450.0,564.0,1
9, 16, 676.0,950.0,-1
16, 9, 676.0,950.0,-1
9, 9, 0.0,0.0,1
10, 11, 602.0,850.0,-1
11, 10, 602.0,850.0,-1
10, 12, 515.0,546.0,1
12, 10, 515.0,546.0,1
10, 13, 907.0,1044.0,-1
13, 10, 907.0,1044.0,-1
10, 14, 775.0,881.0,-1
14, 10, 775.0,881.0,-1
10, 15, 458.0,621.0,-1
15, 10, 458.0,621.0,-1
10, 16, 635.0,647.0,-1
16, 10, 635.0,647.0,-1
10, 10, 0.0,0.0,1
11, 12, 431.0,528.0,-1
12, 11, 431.0,528.0,-1
11, 13, 514.0,700.0,-1
13, 11, 514.0,700.0,-1
11, 14, 430.0,607.0,-1
14, 11, 430.0,607.0,-1
11, 15, 624.0,668.0,-1
15, 11, 624.0,668.0,-1
11, 16, 494.0,668.0,1
16, 11, 494.0,668.0,1
11, 11, 0.0,0.0,1
12, 13, 937.0,1228.0,-1
13, 12, 937.0,1228.0,-1
12, 14, 836.0,1134.0,-1
14, 12, 836.0,1134.0,-1
12, 15, 821.0,1103.0,-1
15, 12, 821.0,1103.0,-1
12, 16, 123.0,141.0,1
16, 12, 123.0,141.0,1
12, 12, 0.0,0.0,1
13, 14, 133.0,163.0,1
14, 13, 133.0,163.0,1
13, 15, 616.0,862.0,-1
15, 13, 616.0,862.0,-1
13, 16, 1007.0,1368.0,-1
16, 13, 1007.0,1368.0,-1
13, 13, 0.0,0.0,1
14, 15, 495.0,699.0,1
15, 14, 495.0,699.0,1
14, 16, 916.0,1274.0,1
16, 14, 916.0,1274.0,1
14, 14, 0.0,0.0,1
15, 16, 938.0,1243.0,-1
16, 15, 938.0,1243.0,-1
15, 15, 0.0,0.0,1
16, 16, 0.0,0.0,1


<end>