<number of nodes>
16

<ratio of available edges>
0.3

<max length of the drone flight>
100000 

<D 2/3>
1, 2, 3, 4, 5, 10, 11, 12, 13, 15, 16

<V>
4, 5, 11, 15, 16

<coordinates X,Y>
923.0994493614348, 653.9252285067049
837.8567683005887, 172.34697586997382
753.154674630017, 170.34232567227633
67.81640551717571, 508.22398762753477
56.22859241063931, 315.86099210040504
748.9343996117763, 406.3988665319407
60.67964649926302, 601.1870433179477
499.73096158034997, 278.7214627356092
962.8969824022902, 743.5978152455396
471.059298188315, 899.9020425419634
801.7159879326418, 974.9377815514783
410.16356083254226, 675.4517269538817
541.2456523374211, 913.7167366643398
380.26275634871376, 425.1514524905901
844.2572468630153, 32.287883385706444
7.106834098497703, 272.8823372818483

<adjacency matrix with truck distances>
1, 2, 490.0,567.0,1
2, 1, 490.0,567.0,1
1, 3, 513.0,654.0,1
3, 1, 513.0,654.0,1
1, 4, 868.0,1001.0,-1
4, 1, 868.0,1001.0,-1
1, 5, 931.0,1205.0,-1
5, 1, 931.0,1205.0,-1
1, 6, 303.0,422.0,-1
6, 1, 303.0,422.0,-1
1, 7, 865.0,916.0,-1
7, 1, 865.0,916.0,-1
1, 8, 566.0,799.0,-1
8, 1, 566.0,799.0,-1
1, 9, 99.0,130.0,-1
9, 1, 99.0,130.0,-1
1, 10, 515.0,699.0,-1
10, 1, 515.0,699.0,-1
1, 11, 344.0,443.0,-1
11, 1, 344.0,443.0,-1
1, 12, 514.0,535.0,1
12, 1, 514.0,535.0,1
1, 13, 462.0,642.0,1
13, 1, 462.0,642.0,1
1, 14, 590.0,772.0,-1
14, 1, 590.0,772.0,-1
1, 15, 627.0,701.0,-1
15, 1, 627.0,701.0,-1
1, 16, 993.0,1298.0,-1
16, 1, 993.0,1298.0,-1
1, 1, 0.0,0.0,1
2, 3, 85.0,87.0,1
3, 2, 85.0,87.0,1
2, 4, 841.0,1106.0,1
4, 2, 841.0,1106.0,1
2, 5, 795.0,926.0,-1
5, 2, 795.0,926.0,-1
2, 6, 251.0,323.0,-1
6, 2, 251.0,323.0,-1
2, 7, 888.0,1207.0,1
7, 2, 888.0,1207.0,1
2, 8, 355.0,445.0,-1
8, 2, 355.0,445.0,-1
2, 9, 585.0,697.0,-1
9, 2, 585.0,697.0,-1
2, 10, 815.0,1095.0,-1
10, 2, 815.0,1095.0,-1
2, 11, 804.0,839.0,-1
11, 2, 804.0,839.0,-1
2, 12, 661.0,931.0,1
12, 2, 661.0,931.0,1
2, 13, 799.0,1038.0,-1
13, 2, 799.0,1038.0,-1
2, 14, 523.0,711.0,-1
14, 2, 523.0,711.0,-1
2, 15, 141.0,147.0,1
15, 2, 141.0,147.0,1
2, 16, 837.0,932.0,-1
16, 2, 837.0,932.0,-1
2, 2, 0.0,0.0,1
3, 4, 765.0,1024.0,-1
4, 3, 765.0,1024.0,-1
3, 5, 712.0,843.0,-1
5, 3, 712.0,843.0,-1
3, 6, 237.0,241.0,1
6, 3, 237.0,241.0,1
3, 7, 816.0,1124.0,-1
7, 3, 816.0,1124.0,-1
3, 8, 276.0,362.0,1
8, 3, 276.0,362.0,1
3, 9, 611.0,783.0,-1
9, 3, 611.0,783.0,-1
3, 10, 783.0,1012.0,-1
10, 3, 783.0,1012.0,-1
3, 11, 807.0,854.0,-1
11, 3, 807.0,854.0,-1
3, 12, 611.0,849.0,1
12, 3, 611.0,849.0,1
3, 13, 773.0,956.0,1
13, 3, 773.0,956.0,1
3, 14, 452.0,628.0,-1
14, 3, 452.0,628.0,-1
3, 15, 166.0,230.0,-1
15, 3, 166.0,230.0,-1
3, 16, 754.0,849.0,1
16, 3, 754.0,849.0,1
3, 3, 0.0,0.0,1
4, 5, 193.0,204.0,-1
5, 4, 193.0,204.0,-1
4, 6, 689.0,783.0,1
6, 4, 689.0,783.0,1
4, 7, 94.0,101.0,-1
7, 4, 94.0,101.0,-1
4, 8, 490.0,662.0,-1
8, 4, 490.0,662.0,-1
4, 9, 926.0,1131.0,-1
9, 4, 926.0,1131.0,-1
4, 10, 563.0,795.0,-1
10, 4, 563.0,795.0,-1
4, 11, 870.0,1201.0,-1
11, 4, 870.0,1201.0,-1
4, 12, 382.0,510.0,-1
12, 4, 382.0,510.0,-1
4, 13, 624.0,879.0,1
13, 4, 624.0,879.0,1
4, 14, 324.0,396.0,-1
14, 4, 324.0,396.0,-1
4, 15, 911.0,1253.0,-1
15, 4, 911.0,1253.0,-1
4, 16, 244.0,297.0,-1
16, 4, 244.0,297.0,-1
4, 4, 0.0,0.0,1
5, 6, 699.0,784.0,-1
6, 5, 699.0,784.0,-1
5, 7, 286.0,290.0,-1
7, 5, 286.0,290.0,-1
5, 8, 446.0,481.0,-1
8, 5, 446.0,481.0,-1
5, 9, 1003.0,1335.0,-1
9, 5, 1003.0,1335.0,-1
5, 10, 717.0,999.0,1
10, 5, 717.0,999.0,1
5, 11, 996.0,1405.0,-1
11, 5, 996.0,1405.0,-1
5, 12, 505.0,714.0,1
12, 5, 505.0,714.0,1
5, 13, 770.0,1083.0,-1
13, 5, 770.0,1083.0,-1
5, 14, 342.0,434.0,1
14, 5, 342.0,434.0,1
5, 15, 838.0,1072.0,-1
15, 5, 838.0,1072.0,-1
5, 16, 66.0,93.0,-1
16, 5, 66.0,93.0,-1
5, 5, 0.0,0.0,1
6, 7, 716.0,884.0,-1
7, 6, 716.0,884.0,-1
6, 8, 281.0,377.0,-1
8, 6, 281.0,377.0,-1
6, 9, 400.0,552.0,1
9, 6, 400.0,552.0,1
6, 10, 567.0,772.0,1
10, 6, 567.0,772.0,1
6, 11, 571.0,622.0,-1
11, 6, 571.0,622.0,-1
6, 12, 433.0,608.0,-1
12, 6, 433.0,608.0,-1
6, 13, 549.0,716.0,1
13, 6, 549.0,716.0,1
6, 14, 370.0,388.0,-1
14, 6, 370.0,388.0,-1
6, 15, 387.0,470.0,-1
15, 6, 387.0,470.0,-1
6, 16, 754.0,876.0,-1
16, 6, 754.0,876.0,-1
6, 6, 0.0,0.0,1
7, 8, 545.0,762.0,1
8, 7, 545.0,762.0,1
7, 9, 914.0,1045.0,-1
9, 7, 914.0,1045.0,-1
7, 10, 508.0,710.0,-1
10, 7, 508.0,710.0,-1
7, 11, 830.0,1115.0,1
11, 7, 830.0,1115.0,1
7, 12, 358.0,424.0,-1
12, 7, 358.0,424.0,-1
7, 13, 574.0,794.0,-1
13, 7, 574.0,794.0,-1
7, 14, 365.0,496.0,-1
14, 7, 365.0,496.0,-1
7, 15, 969.0,1353.0,-1
15, 7, 969.0,1353.0,-1
7, 16, 333.0,382.0,-1
16, 7, 333.0,382.0,-1
7, 7, 0.0,0.0,1
8, 9, 657.0,929.0,-1
9, 8, 657.0,929.0,-1
8, 10, 622.0,650.0,1
10, 8, 622.0,650.0,1
8, 11, 759.0,999.0,1
11, 8, 759.0,999.0,1
8, 12, 407.0,487.0,-1
12, 8, 407.0,487.0,-1
8, 13, 637.0,677.0,-1
13, 8, 637.0,677.0,-1
8, 14, 189.0,266.0,-1
14, 8, 189.0,266.0,-1
8, 15, 424.0,591.0,-1
15, 8, 424.0,591.0,-1
8, 16, 493.0,499.0,-1
16, 8, 493.0,499.0,-1
8, 8, 0.0,0.0,1
9, 10, 517.0,649.0,-1
10, 9, 517.0,649.0,-1
9, 11, 282.0,393.0,1
11, 9, 282.0,393.0,1
9, 12, 557.0,621.0,1
12, 9, 557.0,621.0,1
9, 13, 455.0,592.0,1
13, 9, 455.0,592.0,1
9, 14, 664.0,902.0,-1
14, 9, 664.0,902.0,-1
9, 15, 722.0,830.0,1
15, 9, 722.0,830.0,1
9, 16, 1066.0,1427.0,-1
16, 9, 1066.0,1427.0,-1
9, 9, 0.0,0.0,1
10, 11, 340.0,406.0,1
11, 10, 340.0,406.0,1
10, 12, 233.0,286.0,-1
12, 10, 233.0,286.0,-1
10, 13, 72.0,85.0,1
13, 10, 72.0,85.0,1
10, 14, 484.0,566.0,-1
14, 10, 484.0,566.0,-1
10, 15, 945.0,1241.0,-1
15, 10, 945.0,1241.0,-1
10, 16, 781.0,1091.0,-1
16, 10, 781.0,1091.0,-1
10, 10, 0.0,0.0,1
11, 12, 493.0,692.0,-1
12, 11, 493.0,692.0,-1
11, 13, 268.0,322.0,-1
13, 11, 268.0,322.0,-1
11, 14, 693.0,972.0,-1
14, 11, 693.0,972.0,-1
11, 15, 944.0,986.0,-1
15, 11, 944.0,986.0,-1
11, 16, 1061.0,1497.0,-1
16, 11, 1061.0,1497.0,-1
11, 11, 0.0,0.0,1
12, 13, 272.0,370.0,-1
13, 12, 272.0,370.0,-1
12, 14, 253.0,281.0,-1
14, 12, 253.0,281.0,-1
12, 15, 776.0,1078.0,-1
15, 12, 776.0,1078.0,-1
12, 16, 570.0,806.0,1
16, 12, 570.0,806.0,1
12, 12, 0.0,0.0,1
13, 14, 515.0,650.0,-1
14, 13, 515.0,650.0,-1
13, 15, 933.0,1185.0,1
15, 13, 933.0,1185.0,1
13, 16, 835.0,1175.0,-1
16, 13, 835.0,1175.0,-1
13, 13, 0.0,0.0,1
14, 15, 608.0,857.0,1
15, 14, 608.0,857.0,1
14, 16, 404.0,526.0,1
16, 14, 404.0,526.0,1
14, 14, 0.0,0.0,1
15, 16, 872.0,1078.0,-1
16, 15, 872.0,1078.0,-1
15, 15, 0.0,0.0,1
16, 16, 0.0,0.0,1


<end>