<number of nodes>
16

<ratio of available edges>
0.3

<max length of the drone flight>
100000 

<D 2/3>
1, 3, 4, 5, 6, 7, 8, 10, 12, 13, 15

<V>
3, 6, 7, 10, 15

<coordinates X,Y>
61.04504018400025, 79.6812604144469
794.0275755033417, 195.51191111745553
482.0233085445321, 823.087672391681
411.67909945459877, 462.8562482224747
200.74728601560386, 691.8751383311971
145.3055774457984, 884.3743494696977
126.81045311569609, 97.00552553464435
381.81101221978935, 24.49219681536364
384.63593569057286, 69.59492169733726
52.90441160861846, 235.18419760480137
699.8646951986842, 528.8275043226736
461.5089886090048, 369.20232631019
40.361165214774495, 811.1312035712588
174.1870856000923, 725.9931292112137
580.3050708029812, 62.58817387186682
408.3876040361358, 192.62832740249453

<adjacency matrix with truck distances>
1, 2, 743.0,849.0,1
2, 1, 743.0,849.0,1
1, 3, 855.0,1165.0,-1
3, 1, 855.0,1165.0,-1
1, 4, 520.0,734.0,-1
4, 1, 520.0,734.0,-1
1, 5, 628.0,752.0,-1
5, 1, 628.0,752.0,-1
1, 6, 810.0,889.0,-1
6, 1, 810.0,889.0,-1
1, 7, 69.0,84.0,-1
7, 1, 69.0,84.0,-1
1, 8, 326.0,376.0,-1
8, 1, 326.0,376.0,-1
1, 9, 324.0,334.0,1
9, 1, 324.0,334.0,1
1, 10, 156.0,164.0,-1
10, 1, 156.0,164.0,-1
1, 11, 781.0,1088.0,-1
11, 1, 781.0,1088.0,-1
1, 12, 495.0,690.0,1
12, 1, 495.0,690.0,1
1, 13, 732.0,753.0,1
13, 1, 732.0,753.0,1
1, 14, 657.0,760.0,-1
14, 1, 657.0,760.0,-1
1, 15, 520.0,537.0,-1
15, 1, 520.0,537.0,-1
1, 16, 366.0,461.0,1
16, 1, 366.0,461.0,1
1, 1, 0.0,0.0,1
2, 3, 701.0,940.0,-1
3, 2, 701.0,940.0,-1
2, 4, 467.0,650.0,-1
4, 2, 467.0,650.0,-1
2, 5, 774.0,1090.0,1
5, 2, 774.0,1090.0,1
2, 6, 947.0,1338.0,-1
6, 2, 947.0,1338.0,-1
2, 7, 675.0,766.0,-1
7, 2, 675.0,766.0,-1
2, 8, 447.0,584.0,-1
8, 2, 447.0,584.0,-1
2, 9, 429.0,536.0,-1
9, 2, 429.0,536.0,-1
2, 10, 743.0,781.0,-1
10, 2, 743.0,781.0,-1
2, 11, 347.0,428.0,-1
11, 2, 347.0,428.0,-1
2, 12, 376.0,507.0,1
12, 2, 376.0,507.0,1
2, 13, 974.0,1370.0,-1
13, 2, 974.0,1370.0,-1
2, 14, 816.0,1151.0,-1
14, 2, 816.0,1151.0,-1
2, 15, 252.0,347.0,-1
15, 2, 252.0,347.0,-1
2, 16, 386.0,389.0,1
16, 2, 386.0,389.0,1
2, 2, 0.0,0.0,1
3, 4, 368.0,431.0,1
4, 3, 368.0,431.0,1
3, 5, 311.0,413.0,1
5, 3, 311.0,413.0,1
3, 6, 343.0,399.0,-1
6, 3, 343.0,399.0,-1
3, 7, 809.0,1082.0,1
7, 3, 809.0,1082.0,1
3, 8, 805.0,899.0,-1
8, 3, 805.0,899.0,-1
3, 9, 760.0,851.0,1
9, 3, 760.0,851.0,1
3, 10, 728.0,1018.0,-1
10, 3, 728.0,1018.0,-1
3, 11, 367.0,513.0,1
11, 3, 367.0,513.0,1
3, 12, 455.0,475.0,-1
12, 3, 455.0,475.0,-1
3, 13, 442.0,454.0,-1
13, 3, 442.0,454.0,-1
3, 14, 323.0,405.0,-1
14, 3, 323.0,405.0,-1
3, 15, 767.0,859.0,-1
15, 3, 767.0,859.0,-1
3, 16, 635.0,705.0,-1
16, 3, 635.0,705.0,-1
3, 3, 0.0,0.0,1
4, 5, 312.0,440.0,-1
5, 4, 312.0,440.0,-1
4, 6, 499.0,688.0,-1
6, 4, 499.0,688.0,-1
4, 7, 464.0,651.0,1
7, 4, 464.0,651.0,1
4, 8, 440.0,469.0,-1
8, 4, 440.0,469.0,-1
4, 9, 395.0,421.0,-1
9, 4, 395.0,421.0,-1
4, 10, 425.0,587.0,1
10, 4, 425.0,587.0,1
4, 11, 296.0,355.0,1
11, 4, 296.0,355.0,1
4, 12, 107.0,144.0,-1
12, 4, 107.0,144.0,-1
4, 13, 510.0,720.0,1
13, 4, 510.0,720.0,1
4, 14, 355.0,501.0,1
14, 4, 355.0,501.0,1
4, 15, 435.0,569.0,-1
15, 4, 435.0,569.0,-1
4, 16, 271.0,274.0,1
16, 4, 271.0,274.0,1
4, 4, 0.0,0.0,1
5, 6, 201.0,248.0,-1
6, 5, 201.0,248.0,-1
5, 7, 600.0,669.0,-1
7, 5, 600.0,669.0,-1
5, 8, 692.0,849.0,-1
8, 5, 692.0,849.0,-1
5, 9, 649.0,807.0,-1
9, 5, 649.0,807.0,-1
5, 10, 481.0,605.0,1
10, 5, 481.0,605.0,1
5, 11, 526.0,663.0,-1
11, 5, 526.0,663.0,-1
5, 12, 415.0,584.0,-1
12, 5, 415.0,584.0,-1
5, 13, 200.0,280.0,-1
13, 5, 200.0,280.0,-1
5, 14, 44.0,61.0,-1
14, 5, 44.0,61.0,-1
5, 15, 735.0,1009.0,-1
15, 5, 735.0,1009.0,-1
5, 16, 541.0,707.0,1
16, 5, 541.0,707.0,1
5, 5, 0.0,0.0,1
6, 7, 788.0,806.0,-1
7, 6, 788.0,806.0,-1
6, 8, 892.0,1097.0,-1
8, 6, 892.0,1097.0,-1
6, 9, 850.0,1055.0,-1
9, 6, 850.0,1055.0,-1
6, 10, 656.0,742.0,-1
10, 6, 656.0,742.0,-1
6, 11, 659.0,911.0,1
11, 6, 659.0,911.0,1
6, 12, 605.0,832.0,-1
12, 6, 605.0,832.0,-1
6, 13, 128.0,179.0,-1
13, 6, 128.0,179.0,-1
6, 14, 161.0,188.0,-1
14, 6, 161.0,188.0,-1
6, 15, 930.0,1257.0,-1
15, 6, 930.0,1257.0,-1
6, 16, 741.0,955.0,1
16, 6, 741.0,955.0,1
6, 6, 0.0,0.0,1
7, 8, 266.0,328.0,1
8, 7, 266.0,328.0,1
7, 9, 260.0,286.0,-1
9, 7, 260.0,286.0,-1
7, 10, 157.0,213.0,-1
10, 7, 157.0,213.0,-1
7, 11, 718.0,1005.0,-1
11, 7, 718.0,1005.0,-1
7, 12, 432.0,607.0,-1
12, 7, 432.0,607.0,-1
7, 13, 720.0,801.0,-1
13, 7, 720.0,801.0,-1
7, 14, 631.0,677.0,-1
14, 7, 631.0,677.0,-1
7, 15, 455.0,488.0,1
15, 7, 455.0,488.0,1
7, 16, 298.0,378.0,-1
16, 7, 298.0,378.0,-1
7, 7, 0.0,0.0,1
8, 9, 46.0,48.0,1
9, 8, 46.0,48.0,1
8, 10, 391.0,540.0,-1
10, 8, 391.0,540.0,-1
8, 11, 597.0,823.0,-1
11, 8, 597.0,823.0,-1
8, 12, 354.0,425.0,1
12, 8, 354.0,425.0,1
8, 13, 858.0,1129.0,-1
13, 8, 858.0,1129.0,-1
8, 14, 732.0,910.0,-1
14, 8, 732.0,910.0,-1
8, 15, 203.0,237.0,1
15, 8, 203.0,237.0,1
8, 16, 171.0,195.0,-1
16, 8, 171.0,195.0,-1
8, 8, 0.0,0.0,1
9, 10, 371.0,498.0,-1
10, 9, 371.0,498.0,-1
9, 11, 558.0,775.0,-1
11, 9, 558.0,775.0,-1
9, 12, 310.0,377.0,-1
12, 9, 310.0,377.0,-1
9, 13, 818.0,1086.0,1
13, 9, 818.0,1086.0,1
9, 14, 690.0,867.0,-1
14, 9, 690.0,867.0,-1
9, 15, 196.0,203.0,1
15, 9, 196.0,203.0,1
9, 16, 126.0,147.0,-1
16, 9, 126.0,147.0,-1
9, 9, 0.0,0.0,1
10, 11, 711.0,941.0,-1
11, 10, 711.0,941.0,-1
10, 12, 431.0,543.0,1
12, 10, 431.0,543.0,1
10, 13, 577.0,589.0,1
13, 10, 577.0,589.0,1
10, 14, 506.0,613.0,1
14, 10, 506.0,613.0,1
10, 15, 555.0,700.0,-1
15, 10, 555.0,700.0,-1
10, 16, 359.0,399.0,-1
16, 10, 359.0,399.0,-1
10, 10, 0.0,0.0,1
11, 12, 287.0,398.0,1
12, 11, 287.0,398.0,1
11, 13, 718.0,942.0,-1
13, 11, 718.0,942.0,-1
11, 14, 562.0,723.0,1
14, 11, 562.0,723.0,1
11, 15, 482.0,586.0,-1
15, 11, 482.0,586.0,-1
11, 16, 445.0,628.0,-1
16, 11, 445.0,628.0,-1
11, 11, 0.0,0.0,1
12, 13, 611.0,864.0,-1
13, 12, 611.0,864.0,-1
12, 14, 459.0,645.0,-1
14, 12, 459.0,645.0,-1
12, 15, 329.0,426.0,-1
15, 12, 329.0,426.0,-1
12, 16, 185.0,230.0,1
16, 12, 185.0,230.0,1
12, 12, 0.0,0.0,1
13, 14, 159.0,219.0,-1
14, 13, 159.0,219.0,-1
13, 15, 923.0,1289.0,-1
15, 13, 923.0,1289.0,-1
13, 16, 720.0,987.0,-1
16, 13, 720.0,987.0,-1
13, 13, 0.0,0.0,1
14, 15, 778.0,1070.0,-1
15, 14, 778.0,1070.0,-1
14, 16, 583.0,768.0,-1
16, 14, 583.0,768.0,-1
14, 14, 0.0,0.0,1
15, 16, 216.0,302.0,-1
16, 15, 216.0,302.0,-1
15, 15, 0.0,0.0,1
16, 16, 0.0,0.0,1


<end>