<number of nodes>
16

<ratio of available edges>
0.3

<max length of the drone flight>
100000 

<D 2/3>
1, 3, 5, 6, 8, 9, 10, 11, 13, 14, 16

<V>
3, 5, 10, 11, 16

<coordinates X,Y>
100.91083294126022, 558.5409369966959
701.1788820923529, 537.3595631365052
234.71260735425042, 678.2595482309632
940.9640767061044, 613.6439465981862
138.5966499506152, 141.69300753812362
496.56713678181285, 495.8649053810602
480.5782755705915, 763.9575844356215
840.3338957984921, 320.3495760931241
370.7607795737661, 819.2890015671885
756.4579786660486, 742.2221447435173
471.58673116870636, 62.69594118432937
3.8052500416386725, 869.3635478039785
181.44129269142948, 835.5522775939005
102.64440928966398, 426.55298882812
859.5886883841465, 76.79903955022607
308.9170960650755, 927.9163903172105

<adjacency matrix with truck distances>
1, 2, 601.0,622.0,-1
2, 1, 601.0,622.0,-1
1, 3, 180.0,254.0,1
3, 1, 180.0,254.0,1
1, 4, 842.0,896.0,-1
4, 1, 842.0,896.0,-1
1, 5, 419.0,455.0,1
5, 1, 419.0,455.0,1
1, 6, 401.0,459.0,-1
6, 1, 401.0,459.0,-1
1, 7, 432.0,586.0,-1
7, 1, 432.0,586.0,-1
1, 8, 777.0,978.0,-1
8, 1, 777.0,978.0,-1
1, 9, 376.0,531.0,-1
9, 1, 376.0,531.0,-1
1, 10, 681.0,840.0,-1
10, 1, 681.0,840.0,-1
1, 11, 620.0,867.0,-1
11, 1, 620.0,867.0,-1
1, 12, 326.0,408.0,-1
12, 1, 326.0,408.0,-1
1, 13, 289.0,358.0,1
13, 1, 289.0,358.0,1
1, 14, 132.0,134.0,-1
14, 1, 132.0,134.0,-1
1, 15, 899.0,1241.0,-1
15, 1, 899.0,1241.0,-1
1, 16, 424.0,578.0,1
16, 1, 424.0,578.0,1
1, 1, 0.0,0.0,1
2, 3, 488.0,608.0,1
3, 2, 488.0,608.0,1
2, 4, 252.0,317.0,-1
4, 2, 252.0,317.0,-1
2, 5, 688.0,959.0,-1
5, 2, 688.0,959.0,-1
2, 6, 209.0,247.0,-1
6, 2, 209.0,247.0,-1
2, 7, 317.0,448.0,-1
7, 2, 317.0,448.0,-1
2, 8, 258.0,357.0,-1
8, 2, 258.0,357.0,-1
2, 9, 435.0,613.0,-1
9, 2, 435.0,613.0,-1
2, 10, 213.0,261.0,-1
10, 2, 213.0,261.0,-1
2, 11, 528.0,705.0,-1
11, 2, 528.0,705.0,-1
2, 12, 773.0,1030.0,1
12, 2, 773.0,1030.0,1
2, 13, 600.0,818.0,-1
13, 2, 600.0,818.0,-1
2, 14, 609.0,710.0,-1
14, 2, 609.0,710.0,-1
2, 15, 488.0,619.0,1
15, 2, 488.0,619.0,1
2, 16, 554.0,783.0,-1
16, 2, 554.0,783.0,-1
2, 2, 0.0,0.0,1
3, 4, 710.0,771.0,-1
4, 3, 710.0,771.0,-1
3, 5, 546.0,633.0,-1
5, 3, 546.0,633.0,-1
3, 6, 320.0,445.0,-1
6, 3, 320.0,445.0,-1
3, 7, 261.0,332.0,-1
7, 3, 261.0,332.0,-1
3, 8, 704.0,964.0,-1
8, 3, 704.0,964.0,-1
3, 9, 196.0,278.0,1
9, 3, 196.0,278.0,1
3, 10, 526.0,586.0,-1
10, 3, 526.0,586.0,-1
3, 11, 660.0,853.0,1
11, 3, 660.0,853.0,1
3, 12, 300.0,423.0,1
12, 3, 300.0,423.0,1
3, 13, 167.0,211.0,-1
13, 3, 167.0,211.0,-1
3, 14, 285.0,384.0,-1
14, 3, 285.0,384.0,-1
3, 15, 868.0,1227.0,-1
15, 3, 868.0,1227.0,-1
3, 16, 261.0,324.0,-1
16, 3, 261.0,324.0,-1
3, 3, 0.0,0.0,1
4, 5, 931.0,1275.0,-1
5, 4, 931.0,1275.0,-1
4, 6, 460.0,563.0,-1
6, 4, 460.0,563.0,-1
4, 7, 485.0,611.0,1
7, 4, 485.0,611.0,1
4, 8, 311.0,394.0,-1
8, 4, 311.0,394.0,-1
4, 9, 607.0,776.0,-1
9, 4, 607.0,776.0,-1
4, 10, 225.0,314.0,1
10, 4, 225.0,314.0,1
4, 11, 724.0,1021.0,1
11, 4, 724.0,1021.0,1
4, 12, 972.0,1193.0,-1
12, 4, 972.0,1193.0,-1
4, 13, 792.0,982.0,-1
13, 4, 792.0,982.0,-1
4, 14, 859.0,1026.0,1
14, 4, 859.0,1026.0,1
4, 15, 543.0,619.0,-1
15, 4, 543.0,619.0,-1
4, 16, 706.0,947.0,1
16, 4, 706.0,947.0,1
4, 4, 0.0,0.0,1
5, 6, 504.0,713.0,-1
6, 5, 504.0,713.0,-1
5, 7, 711.0,965.0,1
7, 5, 711.0,965.0,1
5, 8, 725.0,881.0,-1
8, 5, 725.0,881.0,-1
5, 9, 717.0,910.0,-1
9, 5, 717.0,910.0,-1
5, 10, 862.0,1219.0,-1
10, 5, 862.0,1219.0,-1
5, 11, 343.0,412.0,-1
11, 5, 343.0,412.0,-1
5, 12, 741.0,863.0,1
12, 5, 741.0,863.0,1
5, 13, 696.0,737.0,-1
13, 5, 696.0,737.0,-1
5, 14, 288.0,321.0,1
14, 5, 288.0,321.0,1
5, 15, 724.0,786.0,1
15, 5, 724.0,786.0,1
5, 16, 805.0,957.0,-1
16, 5, 805.0,957.0,-1
5, 5, 0.0,0.0,1
6, 7, 269.0,285.0,-1
7, 6, 269.0,285.0,-1
6, 8, 386.0,520.0,1
8, 6, 386.0,520.0,1
6, 9, 348.0,450.0,-1
9, 6, 348.0,450.0,-1
6, 10, 359.0,507.0,-1
10, 6, 359.0,507.0,-1
6, 11, 434.0,459.0,1
11, 6, 434.0,459.0,1
6, 12, 619.0,867.0,-1
12, 6, 619.0,867.0,-1
6, 13, 464.0,655.0,-1
13, 6, 464.0,655.0,-1
6, 14, 400.0,464.0,1
14, 6, 400.0,464.0,1
6, 15, 555.0,783.0,-1
15, 6, 555.0,783.0,-1
6, 16, 472.0,620.0,1
16, 6, 472.0,620.0,1
6, 6, 0.0,0.0,1
7, 8, 572.0,804.0,-1
8, 7, 572.0,804.0,-1
7, 9, 123.0,166.0,1
9, 7, 123.0,166.0,1
7, 10, 277.0,298.0,1
10, 7, 277.0,298.0,1
7, 11, 702.0,711.0,-1
11, 7, 702.0,711.0,-1
7, 12, 489.0,583.0,-1
12, 7, 489.0,583.0,-1
7, 13, 308.0,371.0,-1
13, 7, 308.0,371.0,-1
7, 14, 507.0,716.0,-1
14, 7, 507.0,716.0,-1
7, 15, 785.0,1067.0,1
15, 7, 785.0,1067.0,1
7, 16, 238.0,336.0,-1
16, 7, 238.0,336.0,-1
7, 7, 0.0,0.0,1
8, 9, 686.0,969.0,-1
9, 8, 686.0,969.0,-1
8, 10, 431.0,506.0,-1
10, 8, 431.0,506.0,-1
8, 11, 450.0,627.0,1
11, 8, 450.0,627.0,1
8, 12, 1001.0,1386.0,1
12, 8, 1001.0,1386.0,1
8, 13, 837.0,1175.0,-1
13, 8, 837.0,1175.0,-1
8, 14, 746.0,844.0,-1
14, 8, 746.0,844.0,-1
8, 15, 245.0,263.0,-1
15, 8, 245.0,263.0,-1
8, 16, 808.0,1139.0,-1
16, 8, 808.0,1139.0,-1
8, 8, 0.0,0.0,1
9, 10, 394.0,463.0,1
10, 9, 394.0,463.0,1
9, 11, 764.0,858.0,1
11, 9, 764.0,858.0,1
9, 12, 371.0,418.0,-1
12, 9, 371.0,418.0,-1
9, 13, 191.0,206.0,-1
13, 9, 191.0,206.0,-1
9, 14, 476.0,661.0,-1
14, 9, 476.0,661.0,-1
9, 15, 889.0,1232.0,-1
15, 9, 889.0,1232.0,-1
9, 16, 125.0,171.0,-1
16, 9, 125.0,171.0,-1
9, 9, 0.0,0.0,1
10, 11, 737.0,965.0,1
11, 10, 737.0,965.0,1
10, 12, 764.0,880.0,-1
12, 10, 764.0,880.0,-1
10, 13, 583.0,669.0,-1
13, 10, 583.0,669.0,-1
10, 14, 727.0,970.0,1
14, 10, 727.0,970.0,1
10, 15, 674.0,769.0,-1
15, 10, 674.0,769.0,-1
10, 16, 485.0,634.0,-1
16, 10, 485.0,634.0,-1
10, 10, 0.0,0.0,1
11, 12, 933.0,1275.0,-1
12, 11, 933.0,1275.0,-1
11, 13, 826.0,1064.0,-1
13, 11, 826.0,1064.0,-1
11, 14, 519.0,733.0,-1
14, 11, 519.0,733.0,-1
11, 15, 389.0,403.0,1
15, 11, 389.0,403.0,1
11, 16, 881.0,1028.0,-1
16, 11, 881.0,1028.0,-1
11, 11, 0.0,0.0,1
12, 13, 181.0,212.0,-1
13, 12, 181.0,212.0,-1
12, 14, 454.0,542.0,-1
14, 12, 454.0,542.0,-1
12, 15, 1167.0,1649.0,-1
15, 12, 1167.0,1649.0,-1
12, 16, 311.0,364.0,1
16, 12, 311.0,364.0,1
12, 12, 0.0,0.0,1
13, 14, 417.0,488.0,-1
14, 13, 417.0,488.0,-1
13, 15, 1018.0,1437.0,-1
15, 13, 1018.0,1437.0,-1
13, 16, 158.0,220.0,1
16, 13, 158.0,220.0,1
13, 13, 0.0,0.0,1
14, 15, 834.0,1107.0,-1
15, 14, 834.0,1107.0,-1
14, 16, 543.0,708.0,-1
16, 14, 543.0,708.0,-1
14, 14, 0.0,0.0,1
15, 16, 1014.0,1402.0,1
16, 15, 1014.0,1402.0,1
15, 15, 0.0,0.0,1
16, 16, 0.0,0.0,1


<end>