<number of nodes>
16

<ratio of available edges>
0.3

<max length of the drone flight>
100000 

<D 2/3>
1, 2, 5, 6, 8, 9, 10, 12, 13, 14, 15

<V>
2, 9, 12, 13, 14

<coordinates X,Y>
169.5296278373917, 831.6360718461476
944.3681856045654, 800.6439292336257
230.58394851716162, 959.8146924247277
64.40385698582345, 68.96354443369106
498.55766616356357, 404.50824150980367
211.54668650049712, 287.28566470810665
927.7843291477826, 887.1792201010342
495.23640114724765, 853.9921682032216
773.2398028986798, 497.37759334824716
935.5031154882712, 328.86070429307154
649.53227692579, 553.2078353210575
72.18876289437173, 800.1034767644372
263.20341982207987, 603.5865861956081
455.07639817759963, 15.857574900904106
741.5411830492541, 401.56221228554807
593.4357488970729, 635.237212751082

<adjacency matrix with truck distances>
1, 2, 776.0,806.0,1
2, 1, 776.0,806.0,1
1, 3, 142.0,190.0,-1
3, 1, 142.0,190.0,-1
1, 4, 770.0,868.0,-1
4, 1, 770.0,868.0,-1
1, 5, 540.0,757.0,-1
5, 1, 540.0,757.0,-1
1, 6, 546.0,587.0,-1
6, 1, 546.0,587.0,-1
1, 7, 761.0,814.0,-1
7, 1, 761.0,814.0,-1
1, 8, 327.0,349.0,1
8, 1, 327.0,349.0,1
1, 9, 691.0,938.0,-1
9, 1, 691.0,938.0,-1
1, 10, 917.0,1269.0,-1
10, 1, 917.0,1269.0,-1
1, 11, 555.0,759.0,1
11, 1, 555.0,759.0,1
1, 12, 103.0,129.0,-1
12, 1, 103.0,129.0,-1
1, 13, 247.0,322.0,-1
13, 1, 247.0,322.0,-1
1, 14, 865.0,1102.0,1
14, 1, 865.0,1102.0,1
1, 15, 716.0,1003.0,1
15, 1, 716.0,1003.0,1
1, 16, 468.0,621.0,-1
16, 1, 468.0,621.0,-1
1, 1, 0.0,0.0,1
2, 3, 732.0,873.0,-1
3, 2, 732.0,873.0,-1
2, 4, 1145.0,1612.0,1
4, 2, 1145.0,1612.0,1
2, 5, 597.0,842.0,-1
5, 2, 597.0,842.0,-1
2, 6, 895.0,1247.0,-1
6, 2, 895.0,1247.0,-1
2, 7, 89.0,104.0,-1
7, 2, 89.0,104.0,-1
2, 8, 453.0,503.0,-1
8, 2, 453.0,503.0,-1
2, 9, 349.0,475.0,1
9, 2, 349.0,475.0,1
2, 10, 472.0,481.0,1
10, 2, 472.0,481.0,1
2, 11, 385.0,543.0,1
11, 2, 385.0,543.0,1
2, 12, 873.0,873.0,-1
12, 2, 873.0,873.0,-1
2, 13, 710.0,879.0,-1
13, 2, 710.0,879.0,-1
2, 14, 925.0,1275.0,-1
14, 2, 925.0,1275.0,-1
2, 15, 448.0,602.0,-1
15, 2, 448.0,602.0,-1
2, 16, 388.0,517.0,-1
16, 2, 388.0,517.0,-1
2, 2, 0.0,0.0,1
3, 4, 907.0,1058.0,-1
4, 3, 907.0,1058.0,-1
3, 5, 617.0,824.0,-1
5, 3, 617.0,824.0,-1
3, 6, 673.0,692.0,-1
6, 3, 673.0,692.0,-1
3, 7, 701.0,770.0,-1
7, 3, 701.0,770.0,-1
3, 8, 286.0,371.0,-1
8, 3, 286.0,371.0,-1
3, 9, 713.0,1006.0,-1
9, 3, 713.0,1006.0,-1
3, 10, 947.0,1336.0,1
10, 3, 947.0,1336.0,1
3, 11, 584.0,826.0,-1
11, 3, 584.0,826.0,-1
3, 12, 225.0,319.0,-1
12, 3, 225.0,319.0,-1
3, 13, 358.0,389.0,1
13, 3, 358.0,389.0,1
3, 14, 971.0,1169.0,-1
14, 3, 971.0,1169.0,-1
3, 15, 757.0,1070.0,-1
15, 3, 757.0,1070.0,-1
3, 16, 487.0,688.0,1
16, 3, 487.0,688.0,1
3, 3, 0.0,0.0,1
4, 5, 549.0,770.0,-1
5, 4, 549.0,770.0,-1
4, 6, 264.0,366.0,-1
6, 4, 264.0,366.0,-1
4, 7, 1190.0,1682.0,-1
7, 4, 1190.0,1682.0,-1
4, 8, 896.0,1216.0,1
8, 4, 896.0,1216.0,1
4, 9, 829.0,1138.0,1
9, 4, 829.0,1138.0,1
4, 10, 910.0,1131.0,-1
10, 4, 910.0,1131.0,-1
4, 11, 760.0,1070.0,1
11, 4, 760.0,1070.0,1
4, 12, 732.0,739.0,1
12, 4, 732.0,739.0,1
4, 13, 571.0,734.0,-1
13, 4, 571.0,734.0,-1
4, 14, 395.0,444.0,-1
14, 4, 395.0,444.0,-1
4, 15, 755.0,1010.0,-1
15, 4, 755.0,1010.0,-1
4, 16, 775.0,1096.0,-1
16, 4, 775.0,1096.0,-1
4, 4, 0.0,0.0,1
5, 6, 311.0,405.0,-1
6, 5, 311.0,405.0,-1
5, 7, 646.0,912.0,1
7, 5, 646.0,912.0,1
5, 8, 450.0,453.0,-1
8, 5, 450.0,453.0,-1
5, 9, 290.0,368.0,-1
9, 5, 290.0,368.0,-1
5, 10, 444.0,513.0,-1
10, 5, 444.0,513.0,-1
5, 11, 212.0,300.0,-1
11, 5, 212.0,300.0,-1
5, 12, 582.0,822.0,-1
12, 5, 582.0,822.0,-1
5, 13, 309.0,435.0,-1
13, 5, 309.0,435.0,-1
5, 14, 392.0,433.0,-1
14, 5, 392.0,433.0,-1
5, 15, 244.0,246.0,-1
15, 5, 244.0,246.0,-1
5, 16, 250.0,326.0,1
16, 5, 250.0,326.0,1
5, 5, 0.0,0.0,1
6, 7, 935.0,1317.0,-1
7, 6, 935.0,1317.0,-1
6, 8, 634.0,851.0,1
8, 6, 634.0,851.0,1
6, 9, 600.0,772.0,1
9, 6, 600.0,772.0,1
6, 10, 726.0,766.0,-1
10, 6, 726.0,766.0,-1
6, 11, 513.0,704.0,-1
11, 6, 513.0,704.0,-1
6, 12, 532.0,653.0,-1
12, 6, 532.0,653.0,-1
6, 13, 321.0,368.0,1
13, 6, 321.0,368.0,1
6, 14, 365.0,515.0,-1
14, 6, 365.0,515.0,-1
6, 15, 543.0,645.0,1
15, 6, 543.0,645.0,1
6, 16, 517.0,730.0,1
16, 6, 517.0,730.0,1
6, 6, 0.0,0.0,1
7, 8, 434.0,466.0,-1
8, 7, 434.0,466.0,-1
7, 9, 420.0,545.0,-1
9, 7, 420.0,545.0,-1
7, 10, 559.0,567.0,1
10, 7, 559.0,567.0,1
7, 11, 435.0,613.0,-1
11, 7, 435.0,613.0,-1
7, 12, 861.0,943.0,-1
12, 7, 861.0,943.0,-1
7, 13, 723.0,949.0,-1
13, 7, 723.0,949.0,-1
7, 14, 992.0,1345.0,1
14, 7, 992.0,1345.0,1
7, 15, 521.0,672.0,-1
15, 7, 521.0,672.0,-1
7, 16, 419.0,587.0,-1
16, 7, 419.0,587.0,-1
7, 7, 0.0,0.0,1
8, 9, 453.0,635.0,1
9, 8, 453.0,635.0,1
8, 10, 686.0,966.0,-1
10, 8, 686.0,966.0,-1
8, 11, 339.0,456.0,-1
11, 8, 339.0,456.0,-1
8, 12, 427.0,477.0,1
12, 8, 427.0,477.0,1
8, 13, 342.0,483.0,-1
13, 8, 342.0,483.0,-1
8, 14, 840.0,879.0,-1
14, 8, 840.0,879.0,-1
8, 15, 516.0,699.0,1
15, 8, 516.0,699.0,1
8, 16, 240.0,317.0,-1
16, 8, 240.0,317.0,-1
8, 8, 0.0,0.0,1
9, 10, 234.0,331.0,1
10, 9, 234.0,331.0,1
9, 11, 136.0,180.0,-1
11, 9, 136.0,180.0,-1
9, 12, 764.0,1004.0,-1
12, 9, 764.0,1004.0,-1
9, 13, 521.0,617.0,1
13, 9, 521.0,617.0,1
9, 14, 578.0,800.0,-1
14, 9, 578.0,800.0,-1
9, 15, 101.0,128.0,1
15, 9, 101.0,128.0,1
9, 16, 227.0,318.0,-1
16, 9, 227.0,318.0,-1
9, 9, 0.0,0.0,1
10, 11, 364.0,511.0,-1
11, 10, 364.0,511.0,-1
10, 12, 984.0,1335.0,-1
12, 10, 984.0,1335.0,-1
10, 13, 727.0,948.0,-1
13, 10, 727.0,948.0,-1
10, 14, 574.0,794.0,1
14, 10, 574.0,794.0,1
10, 15, 208.0,267.0,-1
15, 10, 208.0,267.0,-1
10, 16, 460.0,649.0,-1
16, 10, 460.0,649.0,-1
10, 10, 0.0,0.0,1
11, 12, 628.0,825.0,-1
12, 11, 628.0,825.0,-1
11, 13, 390.0,437.0,-1
13, 11, 390.0,437.0,-1
11, 14, 572.0,732.0,-1
14, 11, 572.0,732.0,-1
11, 15, 178.0,244.0,1
15, 11, 178.0,244.0,1
11, 16, 100.0,139.0,-1
16, 11, 100.0,139.0,-1
11, 11, 0.0,0.0,1
12, 13, 275.0,388.0,-1
13, 12, 275.0,388.0,-1
12, 14, 873.0,1168.0,1
14, 12, 873.0,1168.0,1
12, 15, 780.0,1068.0,1
15, 12, 780.0,1068.0,1
12, 16, 547.0,687.0,-1
16, 12, 547.0,687.0,-1
12, 12, 0.0,0.0,1
13, 14, 619.0,780.0,-1
14, 13, 619.0,780.0,-1
13, 15, 520.0,681.0,1
15, 13, 520.0,681.0,1
13, 16, 332.0,362.0,-1
16, 13, 332.0,362.0,-1
13, 13, 0.0,0.0,1
14, 15, 481.0,673.0,-1
15, 14, 481.0,673.0,-1
14, 16, 635.0,758.0,-1
16, 14, 635.0,758.0,-1
14, 14, 0.0,0.0,1
15, 16, 277.0,382.0,-1
16, 15, 277.0,382.0,-1
15, 15, 0.0,0.0,1
16, 16, 0.0,0.0,1


<end>