<number of nodes>
16

<ratio of available edges>
0.3

<max length of the drone flight>
100000 

<D 2/3>
1, 3, 4, 6, 8, 9, 10, 12, 13, 15, 16

<V>
3, 4, 10, 12, 16

<coordinates X,Y>
766.3743031992273, 427.1844626317398
451.9332067617607, 358.31230847972444
25.415553116261286, 636.823817708873
618.8752842851081, 881.1472899052991
878.0497606819758, 450.3651668947269
429.0554335435319, 129.82726063126654
158.48988546111414, 149.8973852020543
123.82283551354674, 750.6310784535872
244.67808999199823, 880.6629313675659
824.7819442960368, 828.1446172337116
845.9500073172028, 446.3954950747968
536.8203953848936, 518.328022640805
29.40962534705459, 304.4077484917614
621.7397465164265, 436.608275055407
628.3402074182089, 157.0979345414995
576.4887390053983, 528.8571448619156

<adjacency matrix with truck distances>
1, 2, 322.0,384.0,-1
2, 1, 322.0,384.0,-1
1, 3, 771.0,951.0,-1
3, 1, 771.0,951.0,-1
1, 4, 478.0,602.0,-1
4, 1, 478.0,602.0,-1
1, 5, 115.0,135.0,-1
5, 1, 115.0,135.0,-1
1, 6, 450.0,635.0,-1
6, 1, 450.0,635.0,-1
1, 7, 669.0,886.0,-1
7, 1, 669.0,886.0,-1
1, 8, 720.0,966.0,-1
8, 1, 720.0,966.0,-1
1, 9, 692.0,976.0,-1
9, 1, 692.0,976.0,-1
1, 10, 406.0,460.0,-1
10, 1, 406.0,460.0,-1
1, 11, 82.0,99.0,-1
11, 1, 82.0,99.0,-1
1, 12, 247.0,321.0,-1
12, 1, 247.0,321.0,-1
1, 13, 748.0,860.0,-1
13, 1, 748.0,860.0,-1
1, 14, 145.0,155.0,1
14, 1, 145.0,155.0,1
1, 15, 304.0,409.0,-1
15, 1, 304.0,409.0,-1
1, 16, 216.0,292.0,-1
16, 1, 216.0,292.0,-1
1, 1, 0.0,0.0,1
2, 3, 510.0,706.0,-1
3, 2, 510.0,706.0,-1
2, 4, 549.0,690.0,-1
4, 2, 549.0,690.0,-1
2, 5, 436.0,519.0,-1
5, 2, 436.0,519.0,-1
2, 6, 230.0,252.0,-1
6, 2, 230.0,252.0,-1
2, 7, 360.0,502.0,-1
7, 2, 360.0,502.0,-1
2, 8, 512.0,721.0,-1
8, 2, 512.0,721.0,-1
2, 9, 562.0,730.0,1
9, 2, 562.0,730.0,1
2, 10, 600.0,843.0,1
10, 2, 600.0,843.0,1
2, 11, 404.0,483.0,-1
11, 2, 404.0,483.0,-1
2, 12, 182.0,245.0,-1
12, 2, 182.0,245.0,-1
2, 13, 426.0,477.0,1
13, 2, 426.0,477.0,1
2, 14, 187.0,249.0,-1
14, 2, 187.0,249.0,-1
2, 15, 268.0,378.0,-1
15, 2, 268.0,378.0,-1
2, 16, 212.0,296.0,-1
16, 2, 212.0,296.0,-1
2, 2, 0.0,0.0,1
3, 4, 642.0,838.0,-1
4, 3, 642.0,838.0,-1
3, 5, 873.0,1040.0,-1
5, 3, 873.0,1040.0,-1
3, 6, 649.0,911.0,1
6, 3, 649.0,911.0,1
3, 7, 505.0,621.0,-1
7, 3, 505.0,621.0,-1
3, 8, 151.0,213.0,1
8, 3, 151.0,213.0,1
3, 9, 328.0,464.0,1
9, 3, 328.0,464.0,1
3, 10, 822.0,991.0,-1
10, 3, 822.0,991.0,-1
3, 11, 843.0,1011.0,1
11, 3, 843.0,1011.0,1
3, 12, 525.0,630.0,-1
12, 3, 525.0,630.0,-1
3, 13, 333.0,337.0,1
13, 3, 333.0,337.0,1
3, 14, 630.0,797.0,-1
14, 3, 630.0,797.0,-1
3, 15, 771.0,1083.0,-1
15, 3, 771.0,1083.0,-1
3, 16, 562.0,660.0,1
16, 3, 562.0,660.0,1
3, 3, 0.0,0.0,1
4, 5, 503.0,690.0,1
5, 4, 503.0,690.0,1
4, 6, 775.0,942.0,-1
6, 4, 775.0,942.0,-1
4, 7, 865.0,1192.0,1
7, 4, 865.0,1192.0,1
4, 8, 512.0,626.0,-1
8, 4, 512.0,626.0,-1
4, 9, 375.0,375.0,-1
9, 4, 375.0,375.0,-1
4, 10, 213.0,259.0,1
10, 4, 213.0,259.0,1
4, 11, 491.0,662.0,1
11, 4, 491.0,662.0,1
4, 12, 372.0,445.0,1
12, 4, 372.0,445.0,1
4, 13, 825.0,1167.0,-1
13, 4, 825.0,1167.0,-1
4, 14, 445.0,448.0,-1
14, 4, 445.0,448.0,-1
4, 15, 725.0,734.0,-1
15, 4, 725.0,734.0,-1
4, 16, 355.0,395.0,1
16, 4, 355.0,395.0,1
4, 4, 0.0,0.0,1
5, 6, 552.0,770.0,-1
6, 5, 552.0,770.0,-1
5, 7, 780.0,1021.0,1
7, 5, 780.0,1021.0,1
5, 8, 812.0,1055.0,-1
8, 5, 812.0,1055.0,-1
5, 9, 766.0,1064.0,-1
9, 5, 766.0,1064.0,-1
5, 10, 382.0,432.0,-1
10, 5, 382.0,432.0,-1
5, 11, 33.0,37.0,-1
11, 5, 33.0,37.0,-1
5, 12, 348.0,410.0,1
12, 5, 348.0,410.0,1
5, 13, 862.0,995.0,1
13, 5, 862.0,995.0,1
5, 14, 257.0,271.0,-1
14, 5, 257.0,271.0,-1
5, 15, 386.0,543.0,-1
15, 5, 386.0,543.0,-1
5, 16, 312.0,381.0,-1
16, 5, 312.0,381.0,-1
5, 5, 0.0,0.0,1
6, 7, 272.0,291.0,-1
7, 6, 272.0,291.0,-1
6, 8, 692.0,927.0,-1
8, 6, 692.0,927.0,-1
6, 9, 774.0,936.0,1
9, 6, 774.0,936.0,1
6, 10, 803.0,1095.0,-1
10, 6, 803.0,1095.0,-1
6, 11, 524.0,734.0,-1
11, 6, 524.0,734.0,-1
6, 12, 404.0,497.0,-1
12, 6, 404.0,497.0,-1
6, 13, 437.0,575.0,-1
13, 6, 437.0,575.0,-1
6, 14, 363.0,500.0,-1
14, 6, 363.0,500.0,-1
6, 15, 202.0,227.0,-1
15, 6, 202.0,227.0,-1
6, 16, 426.0,547.0,-1
16, 6, 426.0,547.0,-1
6, 6, 0.0,0.0,1
7, 8, 602.0,636.0,1
8, 7, 602.0,636.0,1
7, 9, 736.0,817.0,-1
9, 7, 736.0,817.0,-1
7, 10, 951.0,1345.0,-1
10, 7, 951.0,1345.0,-1
7, 11, 749.0,984.0,1
11, 7, 749.0,984.0,1
7, 12, 529.0,747.0,-1
12, 7, 529.0,747.0,-1
7, 13, 202.0,284.0,1
13, 7, 202.0,284.0,1
7, 14, 545.0,750.0,-1
14, 7, 545.0,750.0,-1
7, 15, 470.0,478.0,-1
15, 7, 470.0,478.0,-1
7, 16, 565.0,797.0,1
16, 7, 565.0,797.0,1
7, 7, 0.0,0.0,1
8, 9, 178.0,251.0,-1
9, 8, 178.0,251.0,-1
8, 10, 706.0,779.0,-1
10, 8, 706.0,779.0,-1
8, 11, 784.0,1027.0,1
11, 8, 784.0,1027.0,1
8, 12, 474.0,646.0,1
12, 8, 474.0,646.0,1
8, 13, 457.0,541.0,-1
13, 8, 457.0,541.0,-1
8, 14, 589.0,812.0,1
14, 8, 589.0,812.0,1
8, 15, 779.0,1099.0,1
15, 8, 779.0,1099.0,1
8, 16, 505.0,675.0,1
16, 8, 505.0,675.0,1
8, 8, 0.0,0.0,1
9, 10, 583.0,633.0,1
10, 9, 583.0,633.0,1
9, 11, 742.0,1036.0,-1
11, 9, 742.0,1036.0,-1
9, 12, 466.0,655.0,1
12, 9, 466.0,655.0,1
9, 13, 616.0,792.0,-1
13, 9, 616.0,792.0,-1
9, 14, 583.0,822.0,-1
14, 9, 583.0,822.0,-1
9, 15, 819.0,1108.0,-1
15, 9, 819.0,1108.0,-1
9, 16, 484.0,684.0,-1
16, 9, 484.0,684.0,-1
9, 9, 0.0,0.0,1
10, 11, 383.0,403.0,1
11, 10, 383.0,403.0,1
10, 12, 423.0,598.0,1
12, 10, 423.0,598.0,1
10, 13, 953.0,1320.0,-1
13, 10, 953.0,1320.0,-1
10, 14, 442.0,595.0,-1
14, 10, 442.0,595.0,-1
10, 15, 700.0,868.0,1
15, 10, 700.0,868.0,1
10, 16, 389.0,548.0,-1
16, 10, 389.0,548.0,-1
10, 10, 0.0,0.0,1
11, 12, 318.0,382.0,-1
12, 11, 318.0,382.0,-1
11, 13, 829.0,959.0,-1
13, 11, 829.0,959.0,-1
11, 14, 225.0,234.0,-1
14, 11, 225.0,234.0,-1
11, 15, 363.0,507.0,-1
15, 11, 363.0,507.0,-1
11, 16, 282.0,352.0,-1
16, 11, 282.0,352.0,-1
11, 11, 0.0,0.0,1
12, 13, 551.0,722.0,-1
13, 12, 551.0,722.0,-1
12, 14, 118.0,167.0,-1
14, 12, 118.0,167.0,-1
12, 15, 373.0,453.0,-1
15, 12, 373.0,453.0,-1
12, 16, 42.0,51.0,1
16, 12, 42.0,51.0,1
12, 12, 0.0,0.0,1
13, 14, 607.0,725.0,-1
14, 13, 607.0,725.0,-1
13, 15, 617.0,747.0,-1
15, 13, 617.0,747.0,-1
13, 16, 592.0,772.0,1
16, 13, 592.0,772.0,1
13, 13, 0.0,0.0,1
14, 15, 280.0,287.0,-1
15, 14, 280.0,287.0,-1
14, 16, 103.0,138.0,-1
16, 14, 103.0,138.0,-1
14, 14, 0.0,0.0,1
15, 16, 376.0,424.0,-1
16, 15, 376.0,424.0,-1
15, 15, 0.0,0.0,1
16, 16, 0.0,0.0,1


<end>