<number of nodes>
16

<ratio of available edges>
0.3

<max length of the drone flight>
100000 

<D 2/3>
1, 2, 3, 4, 6, 7, 9, 10, 11, 14, 15

<V>
2, 4, 9, 10, 15

<coordinates X,Y>
640.4879929471736, 943.6422013096184
811.8812353349239, 661.0014762272069
949.3985486641242, 655.9679717307631
775.3609343102352, 389.69297992087456
138.47341847269954, 974.255414361632
442.48086827757777, 90.37228002017955
301.38905654073756, 680.6475435556275
789.8060356519427, 360.3845603539673
351.6217201555703, 592.4306527387699
804.1029039838602, 109.25170093820101
198.10945964107742, 659.7350053022633
0.1334173751220853, 229.81019221650104
150.68169151546334, 87.69383757222619
746.1200040140616, 355.6439639470457
983.1864296804932, 615.5253440004759
62.24440831858529, 642.9404204483116

<adjacency matrix with truck distances>
1, 2, 331.0,455.0,-1
2, 1, 331.0,455.0,-1
1, 3, 423.0,597.0,-1
3, 1, 423.0,597.0,-1
1, 4, 571.0,689.0,-1
4, 1, 571.0,689.0,-1
1, 5, 503.0,533.0,1
5, 1, 503.0,533.0,1
1, 6, 876.0,1052.0,1
6, 1, 876.0,1052.0,1
1, 7, 430.0,603.0,1
7, 1, 430.0,603.0,1
1, 8, 603.0,733.0,-1
8, 1, 603.0,733.0,-1
1, 9, 455.0,641.0,-1
9, 1, 455.0,641.0,-1
1, 10, 851.0,999.0,-1
10, 1, 851.0,999.0,-1
1, 11, 526.0,727.0,1
11, 1, 526.0,727.0,1
1, 12, 959.0,1355.0,-1
12, 1, 959.0,1355.0,-1
1, 13, 987.0,1346.0,-1
13, 1, 987.0,1346.0,-1
1, 14, 598.0,694.0,-1
14, 1, 598.0,694.0,-1
1, 15, 475.0,671.0,-1
15, 1, 475.0,671.0,-1
1, 16, 652.0,879.0,-1
16, 1, 652.0,879.0,-1
1, 1, 0.0,0.0,1
2, 3, 138.0,143.0,-1
3, 2, 138.0,143.0,-1
2, 4, 274.0,308.0,-1
4, 2, 274.0,308.0,-1
2, 5, 743.0,987.0,-1
5, 2, 743.0,987.0,-1
2, 6, 680.0,941.0,-1
6, 2, 680.0,941.0,-1
2, 7, 511.0,531.0,1
7, 2, 511.0,531.0,1
2, 8, 302.0,323.0,-1
8, 2, 302.0,323.0,-1
2, 9, 466.0,529.0,1
9, 2, 466.0,529.0,1
2, 10, 552.0,560.0,-1
10, 2, 552.0,560.0,-1
2, 11, 614.0,616.0,1
11, 2, 614.0,616.0,1
2, 12, 920.0,1243.0,-1
12, 2, 920.0,1243.0,-1
2, 13, 876.0,1235.0,-1
13, 2, 876.0,1235.0,-1
2, 14, 313.0,372.0,-1
14, 2, 313.0,372.0,-1
2, 15, 178.0,217.0,-1
15, 2, 178.0,217.0,-1
2, 16, 750.0,768.0,-1
16, 2, 750.0,768.0,-1
2, 2, 0.0,0.0,1
3, 4, 319.0,441.0,-1
4, 3, 319.0,441.0,-1
3, 5, 872.0,1130.0,1
5, 3, 872.0,1130.0,1
3, 6, 760.0,1073.0,-1
6, 3, 760.0,1073.0,-1
3, 7, 649.0,673.0,-1
7, 3, 649.0,673.0,-1
3, 8, 336.0,456.0,1
8, 3, 336.0,456.0,1
3, 9, 602.0,662.0,-1
9, 3, 602.0,662.0,-1
3, 10, 566.0,693.0,-1
10, 3, 566.0,693.0,-1
3, 11, 752.0,756.0,-1
11, 3, 752.0,756.0,-1
3, 12, 1041.0,1376.0,-1
12, 3, 1041.0,1376.0,-1
3, 13, 981.0,1367.0,1
13, 3, 981.0,1367.0,1
3, 14, 363.0,504.0,-1
14, 3, 363.0,504.0,-1
3, 15, 53.0,75.0,-1
15, 3, 53.0,75.0,-1
3, 16, 888.0,901.0,1
16, 3, 888.0,901.0,1
3, 3, 0.0,0.0,1
4, 5, 865.0,1222.0,-1
5, 4, 865.0,1222.0,-1
4, 6, 448.0,633.0,-1
6, 4, 448.0,633.0,-1
4, 7, 557.0,765.0,-1
7, 4, 557.0,765.0,-1
4, 8, 33.0,44.0,-1
8, 4, 33.0,44.0,-1
4, 9, 470.0,627.0,-1
9, 4, 470.0,627.0,-1
4, 10, 282.0,310.0,-1
10, 4, 282.0,310.0,-1
4, 11, 638.0,848.0,1
11, 4, 638.0,848.0,1
4, 12, 792.0,936.0,-1
12, 4, 792.0,936.0,-1
4, 13, 694.0,927.0,-1
13, 4, 694.0,927.0,-1
4, 14, 45.0,64.0,1
14, 4, 45.0,64.0,1
4, 15, 307.0,434.0,1
15, 4, 307.0,434.0,1
4, 16, 757.0,967.0,-1
16, 4, 757.0,967.0,-1
4, 4, 0.0,0.0,1
5, 6, 935.0,1188.0,-1
6, 5, 935.0,1188.0,-1
5, 7, 336.0,457.0,-1
7, 5, 336.0,457.0,-1
5, 8, 896.0,1266.0,1
8, 5, 896.0,1266.0,1
5, 9, 438.0,595.0,-1
9, 5, 438.0,595.0,-1
5, 10, 1092.0,1531.0,-1
10, 5, 1092.0,1531.0,-1
5, 11, 321.0,375.0,-1
11, 5, 321.0,375.0,-1
5, 12, 758.0,883.0,-1
12, 5, 758.0,883.0,-1
5, 13, 887.0,899.0,1
13, 5, 887.0,899.0,1
5, 14, 868.0,1227.0,1
14, 5, 868.0,1227.0,1
5, 15, 918.0,1204.0,1
15, 5, 918.0,1204.0,1
5, 16, 340.0,408.0,-1
16, 5, 340.0,408.0,-1
5, 5, 0.0,0.0,1
6, 7, 607.0,732.0,-1
7, 6, 607.0,732.0,-1
6, 8, 440.0,618.0,-1
8, 6, 440.0,618.0,-1
6, 9, 511.0,593.0,1
9, 6, 511.0,593.0,1
6, 10, 363.0,381.0,1
10, 6, 363.0,381.0,1
6, 11, 620.0,814.0,1
11, 6, 620.0,814.0,1
6, 12, 464.0,582.0,-1
12, 6, 464.0,582.0,-1
6, 13, 292.0,295.0,1
13, 6, 292.0,295.0,1
6, 14, 404.0,569.0,-1
14, 6, 404.0,569.0,-1
6, 15, 754.0,1066.0,1
15, 6, 754.0,1066.0,1
6, 16, 671.0,933.0,1
16, 6, 671.0,933.0,1
6, 6, 0.0,0.0,1
7, 8, 585.0,809.0,1
8, 7, 585.0,809.0,1
7, 9, 102.0,139.0,1
9, 7, 102.0,139.0,1
7, 10, 762.0,1075.0,-1
10, 7, 762.0,1075.0,-1
7, 11, 106.0,125.0,1
11, 7, 106.0,125.0,1
7, 12, 543.0,753.0,-1
12, 7, 543.0,753.0,-1
7, 13, 612.0,744.0,-1
13, 7, 612.0,744.0,-1
7, 14, 551.0,770.0,1
14, 7, 551.0,770.0,1
7, 15, 685.0,747.0,1
15, 7, 685.0,747.0,1
7, 16, 243.0,277.0,-1
16, 7, 243.0,277.0,-1
7, 7, 0.0,0.0,1
8, 9, 496.0,671.0,-1
9, 8, 496.0,671.0,-1
8, 10, 252.0,266.0,-1
10, 8, 252.0,266.0,-1
8, 11, 664.0,892.0,-1
11, 8, 664.0,892.0,-1
8, 12, 801.0,921.0,-1
12, 8, 801.0,921.0,-1
8, 13, 695.0,912.0,-1
13, 8, 695.0,912.0,-1
8, 14, 44.0,49.0,-1
14, 8, 44.0,49.0,-1
8, 15, 321.0,449.0,1
15, 8, 321.0,449.0,1
8, 16, 781.0,1011.0,1
16, 8, 781.0,1011.0,1
8, 8, 0.0,0.0,1
9, 10, 662.0,936.0,-1
10, 9, 662.0,936.0,-1
9, 11, 168.0,221.0,-1
11, 9, 168.0,221.0,-1
9, 12, 506.0,715.0,-1
12, 9, 506.0,715.0,-1
9, 13, 544.0,706.0,-1
13, 9, 544.0,706.0,-1
9, 14, 461.0,632.0,1
14, 9, 461.0,632.0,1
9, 15, 632.0,655.0,-1
15, 9, 632.0,655.0,-1
9, 16, 294.0,340.0,-1
16, 9, 294.0,340.0,-1
9, 9, 0.0,0.0,1
10, 11, 819.0,1157.0,-1
11, 10, 819.0,1157.0,-1
10, 12, 813.0,925.0,1
12, 10, 813.0,925.0,1
10, 13, 654.0,675.0,-1
13, 10, 654.0,675.0,-1
10, 14, 254.0,305.0,-1
14, 10, 254.0,305.0,-1
10, 15, 538.0,686.0,-1
15, 10, 538.0,686.0,-1
10, 16, 914.0,1276.0,-1
16, 10, 914.0,1276.0,-1
10, 10, 0.0,0.0,1
11, 12, 474.0,628.0,-1
12, 11, 474.0,628.0,-1
11, 13, 575.0,620.0,-1
13, 11, 575.0,620.0,-1
11, 14, 627.0,853.0,-1
14, 11, 627.0,853.0,-1
11, 15, 787.0,830.0,1
15, 11, 787.0,830.0,1
11, 16, 137.0,153.0,-1
16, 11, 137.0,153.0,-1
11, 11, 0.0,0.0,1
12, 13, 208.0,293.0,-1
13, 12, 208.0,293.0,-1
12, 14, 757.0,872.0,-1
14, 12, 757.0,872.0,-1
12, 15, 1057.0,1369.0,1
15, 12, 1057.0,1369.0,1
12, 16, 418.0,476.0,-1
16, 12, 418.0,476.0,-1
12, 12, 0.0,0.0,1
13, 14, 653.0,864.0,-1
14, 13, 653.0,864.0,-1
13, 15, 986.0,1361.0,-1
15, 13, 986.0,1361.0,-1
13, 16, 563.0,644.0,-1
16, 13, 563.0,644.0,-1
13, 13, 0.0,0.0,1
14, 15, 352.0,497.0,-1
15, 14, 352.0,497.0,-1
14, 16, 742.0,972.0,-1
16, 14, 742.0,972.0,-1
14, 14, 0.0,0.0,1
15, 16, 922.0,949.0,1
16, 15, 922.0,949.0,1
15, 15, 0.0,0.0,1
16, 16, 0.0,0.0,1


<end>