<number of nodes>
16

<ratio of available edges>
0.3

<max length of the drone flight>
100000 

<D 2/3>
1, 2, 3, 4, 5, 6, 7, 8, 12, 14, 16

<V>
3, 4, 7, 8, 12

<coordinates X,Y>
582.6904256047691, 716.7111968492857
565.9000687094086, 582.6761051664473
473.7983177374868, 88.85073260294145
476.2397725732693, 249.21776112982187
558.8063329784956, 263.68425950632314
754.8676660712846, 249.44670259559382
96.31862482884321, 657.9337224434297
590.7342275892627, 465.4980653405658
354.41484179390653, 315.8580499673322
315.4026371381695, 430.9857666649004
896.8080586414626, 605.90694692052
668.7182791660262, 77.64968839722394
328.87739817173775, 156.525540712216
710.3204763048528, 508.32222591931765
117.73098655872647, 255.7608709974026
483.9656108705566, 549.4651208410238

<adjacency matrix with truck distances>
1, 2, 136.0,151.0,1
2, 1, 136.0,151.0,1
1, 3, 638.0,737.0,-1
3, 1, 638.0,737.0,-1
1, 4, 480.0,574.0,1
4, 1, 480.0,574.0,1
1, 5, 454.0,477.0,-1
5, 1, 454.0,477.0,-1
1, 6, 498.0,640.0,-1
6, 1, 498.0,640.0,-1
1, 7, 490.0,546.0,-1
7, 1, 490.0,546.0,-1
1, 8, 252.0,260.0,-1
8, 1, 252.0,260.0,-1
1, 9, 462.0,630.0,-1
9, 1, 462.0,630.0,-1
1, 10, 392.0,554.0,-1
10, 1, 392.0,554.0,-1
1, 11, 334.0,425.0,-1
11, 1, 334.0,425.0,-1
1, 12, 645.0,726.0,-1
12, 1, 645.0,726.0,-1
1, 13, 616.0,814.0,-1
13, 1, 616.0,814.0,-1
1, 14, 245.0,337.0,-1
14, 1, 245.0,337.0,-1
1, 15, 655.0,926.0,-1
15, 1, 655.0,926.0,-1
1, 16, 195.0,266.0,-1
16, 1, 195.0,266.0,-1
1, 1, 0.0,0.0,1
2, 3, 503.0,586.0,1
3, 2, 503.0,586.0,1
2, 4, 346.0,424.0,1
4, 2, 346.0,424.0,1
2, 5, 320.0,327.0,-1
5, 2, 320.0,327.0,-1
2, 6, 384.0,523.0,-1
6, 2, 384.0,523.0,-1
2, 7, 476.0,545.0,1
7, 2, 476.0,545.0,1
2, 8, 120.0,143.0,1
8, 2, 120.0,143.0,1
2, 9, 341.0,479.0,-1
9, 2, 341.0,479.0,-1
2, 10, 293.0,403.0,1
10, 2, 293.0,403.0,1
2, 11, 332.0,355.0,1
11, 2, 332.0,355.0,1
2, 12, 516.0,608.0,-1
12, 2, 516.0,608.0,-1
2, 13, 488.0,664.0,1
13, 2, 488.0,664.0,1
2, 14, 163.0,219.0,-1
14, 2, 163.0,219.0,-1
2, 15, 555.0,776.0,-1
15, 2, 555.0,776.0,-1
2, 16, 89.0,116.0,1
16, 2, 89.0,116.0,1
2, 2, 0.0,0.0,1
3, 4, 161.0,163.0,-1
4, 3, 161.0,163.0,-1
3, 5, 195.0,260.0,-1
5, 3, 195.0,260.0,-1
3, 6, 324.0,442.0,-1
6, 3, 324.0,442.0,-1
3, 7, 683.0,947.0,-1
7, 3, 683.0,947.0,-1
3, 8, 395.0,494.0,1
8, 3, 395.0,494.0,1
3, 9, 257.0,347.0,-1
9, 3, 257.0,347.0,-1
3, 10, 378.0,501.0,-1
10, 3, 378.0,501.0,-1
3, 11, 669.0,941.0,-1
11, 3, 669.0,941.0,-1
3, 12, 196.0,207.0,1
12, 3, 196.0,207.0,1
3, 13, 160.0,213.0,-1
13, 3, 160.0,213.0,-1
3, 14, 482.0,656.0,-1
14, 3, 482.0,656.0,-1
3, 15, 394.0,523.0,-1
15, 3, 394.0,523.0,-1
3, 16, 461.0,471.0,-1
16, 3, 461.0,471.0,-1
3, 3, 0.0,0.0,1
4, 5, 84.0,98.0,-1
5, 4, 84.0,98.0,-1
4, 6, 279.0,279.0,-1
6, 4, 279.0,279.0,-1
4, 7, 559.0,789.0,1
7, 4, 559.0,789.0,1
4, 8, 245.0,331.0,-1
8, 4, 245.0,331.0,-1
4, 9, 139.0,189.0,1
9, 4, 139.0,189.0,1
4, 10, 243.0,343.0,1
10, 4, 243.0,343.0,1
4, 11, 552.0,778.0,-1
11, 4, 552.0,778.0,-1
4, 12, 258.0,365.0,1
12, 4, 258.0,365.0,1
4, 13, 175.0,241.0,-1
13, 4, 175.0,241.0,-1
4, 14, 350.0,494.0,-1
14, 4, 350.0,494.0,-1
4, 15, 359.0,366.0,1
15, 4, 359.0,366.0,1
4, 16, 301.0,308.0,-1
16, 4, 301.0,308.0,-1
4, 4, 0.0,0.0,1
5, 6, 197.0,211.0,-1
6, 5, 197.0,211.0,-1
5, 7, 608.0,857.0,-1
7, 5, 608.0,857.0,-1
5, 8, 205.0,234.0,1
8, 5, 205.0,234.0,1
5, 9, 211.0,257.0,-1
9, 5, 211.0,257.0,-1
5, 10, 296.0,411.0,-1
10, 5, 296.0,411.0,-1
5, 11, 482.0,681.0,1
11, 5, 482.0,681.0,1
5, 12, 217.0,296.0,-1
12, 5, 217.0,296.0,-1
5, 13, 254.0,338.0,1
13, 5, 254.0,338.0,1
5, 14, 288.0,397.0,-1
14, 5, 288.0,397.0,-1
5, 15, 442.0,449.0,-1
15, 5, 442.0,449.0,-1
5, 16, 296.0,361.0,-1
16, 5, 296.0,361.0,-1
5, 5, 0.0,0.0,1
6, 7, 775.0,1068.0,-1
7, 6, 775.0,1068.0,-1
6, 8, 272.0,381.0,-1
8, 6, 272.0,381.0,-1
6, 9, 406.0,467.0,1
9, 6, 406.0,467.0,1
6, 10, 476.0,622.0,1
10, 6, 476.0,622.0,1
6, 11, 384.0,499.0,-1
11, 6, 384.0,499.0,-1
6, 12, 193.0,258.0,-1
12, 6, 193.0,258.0,-1
6, 13, 437.0,519.0,-1
13, 6, 437.0,519.0,-1
6, 14, 263.0,304.0,-1
14, 6, 263.0,304.0,-1
6, 15, 638.0,644.0,1
15, 6, 638.0,644.0,1
6, 16, 405.0,571.0,-1
16, 6, 405.0,571.0,-1
6, 6, 0.0,0.0,1
7, 8, 531.0,687.0,-1
8, 7, 531.0,687.0,-1
7, 9, 429.0,601.0,1
9, 7, 429.0,601.0,1
7, 10, 316.0,447.0,1
10, 7, 316.0,447.0,1
7, 11, 803.0,853.0,-1
11, 7, 803.0,853.0,-1
7, 12, 816.0,1153.0,-1
12, 7, 816.0,1153.0,-1
7, 13, 553.0,734.0,-1
13, 7, 553.0,734.0,-1
7, 14, 632.0,764.0,-1
14, 7, 632.0,764.0,-1
7, 15, 403.0,424.0,-1
15, 7, 403.0,424.0,-1
7, 16, 403.0,497.0,-1
16, 7, 403.0,497.0,-1
7, 7, 0.0,0.0,1
8, 9, 280.0,386.0,1
9, 8, 280.0,386.0,1
8, 10, 278.0,310.0,-1
10, 8, 278.0,310.0,-1
8, 11, 337.0,447.0,-1
11, 8, 337.0,447.0,-1
8, 12, 396.0,466.0,-1
12, 8, 396.0,466.0,-1
8, 13, 406.0,571.0,-1
13, 8, 406.0,571.0,-1
8, 14, 128.0,163.0,1
14, 8, 128.0,163.0,1
8, 15, 518.0,683.0,1
15, 8, 518.0,683.0,1
8, 16, 136.0,191.0,-1
16, 8, 136.0,191.0,-1
8, 8, 0.0,0.0,1
9, 10, 122.0,155.0,-1
10, 9, 122.0,155.0,-1
9, 11, 616.0,833.0,-1
11, 9, 616.0,833.0,-1
9, 12, 395.0,553.0,-1
12, 9, 395.0,553.0,-1
9, 13, 162.0,185.0,-1
13, 9, 162.0,185.0,-1
9, 14, 405.0,549.0,1
14, 9, 405.0,549.0,1
9, 15, 245.0,297.0,1
15, 9, 245.0,297.0,1
9, 16, 268.0,364.0,1
16, 9, 268.0,364.0,1
9, 9, 0.0,0.0,1
10, 11, 608.0,757.0,-1
11, 10, 608.0,757.0,-1
10, 12, 500.0,707.0,-1
12, 10, 500.0,707.0,-1
10, 13, 275.0,288.0,1
13, 10, 275.0,288.0,1
10, 14, 403.0,473.0,-1
14, 10, 403.0,473.0,-1
10, 15, 265.0,373.0,1
15, 10, 265.0,373.0,1
10, 16, 207.0,288.0,-1
16, 10, 207.0,288.0,-1
10, 10, 0.0,0.0,1
11, 12, 576.0,757.0,-1
12, 11, 576.0,757.0,-1
11, 13, 725.0,1018.0,-1
13, 11, 725.0,1018.0,-1
11, 14, 211.0,285.0,1
14, 11, 211.0,285.0,1
11, 15, 855.0,1130.0,1
15, 11, 855.0,1130.0,1
11, 16, 417.0,470.0,-1
16, 11, 417.0,470.0,-1
11, 11, 0.0,0.0,1
12, 13, 349.0,419.0,-1
13, 12, 349.0,419.0,-1
12, 14, 433.0,473.0,-1
14, 12, 433.0,473.0,-1
12, 15, 580.0,730.0,-1
15, 12, 580.0,730.0,-1
12, 16, 507.0,657.0,-1
16, 12, 507.0,657.0,-1
12, 12, 0.0,0.0,1
13, 14, 519.0,734.0,-1
14, 13, 519.0,734.0,-1
13, 15, 234.0,311.0,-1
15, 13, 234.0,311.0,-1
13, 16, 423.0,549.0,-1
16, 13, 423.0,549.0,-1
13, 13, 0.0,0.0,1
14, 15, 645.0,846.0,1
15, 14, 645.0,846.0,1
14, 16, 231.0,268.0,-1
16, 14, 231.0,268.0,-1
14, 14, 0.0,0.0,1
15, 16, 470.0,660.0,-1
16, 15, 470.0,660.0,-1
15, 15, 0.0,0.0,1
16, 16, 0.0,0.0,1


<end>