<number of nodes>
16

<ratio of available edges>
0.3

<max length of the drone flight>
100000 

<D 2/3>
1, 2, 3, 5, 6, 7, 8, 10, 12, 14, 15

<V>
3, 7, 8, 10, 14

<coordinates X,Y>
989.5485609111852, 50.042167343576686
894.84374669651, 779.1901144854226
292.28963180649674, 898.0705378126958
611.6240355061803, 68.65585872593293
63.27635634957699, 687.6123030394601
340.64755810184676, 211.72802036378368
795.4502876844623, 969.6050125413421
484.6834104951607, 868.6713490636397
287.85973200524825, 444.02945535494155
534.0726789374243, 542.5224202746575
809.0277773777439, 59.64718872261798
4.240122960993396, 562.203597780388
998.1644574661195, 119.77668408799887
483.077802221344, 389.53341974762327
95.27080451729316, 46.39371817953645
191.17087389446982, 326.895067322338

<adjacency matrix with truck distances>
1, 2, 736.0,824.0,-1
2, 1, 736.0,824.0,-1
1, 3, 1098.0,1546.0,-1
3, 1, 1098.0,1546.0,-1
1, 4, 379.0,397.0,-1
4, 1, 379.0,397.0,-1
1, 5, 1125.0,1564.0,-1
5, 1, 1125.0,1564.0,-1
1, 6, 669.0,811.0,-1
6, 1, 669.0,811.0,-1
1, 7, 940.0,1114.0,-1
7, 1, 940.0,1114.0,-1
1, 8, 962.0,1324.0,-1
8, 1, 962.0,1324.0,-1
1, 9, 805.0,1096.0,-1
9, 1, 805.0,1096.0,-1
1, 10, 671.0,948.0,-1
10, 1, 671.0,948.0,-1
1, 11, 181.0,191.0,-1
11, 1, 181.0,191.0,-1
1, 12, 1111.0,1498.0,1
12, 1, 1111.0,1498.0,1
1, 13, 71.0,79.0,-1
13, 1, 71.0,79.0,-1
1, 14, 610.0,846.0,1
14, 1, 610.0,846.0,1
1, 15, 895.0,898.0,-1
15, 1, 895.0,898.0,-1
1, 16, 846.0,1076.0,1
16, 1, 846.0,1076.0,1
1, 1, 0.0,0.0,1
2, 3, 615.0,722.0,-1
3, 2, 615.0,722.0,-1
2, 4, 765.0,994.0,-1
4, 2, 765.0,994.0,-1
2, 5, 837.0,924.0,1
5, 2, 837.0,924.0,1
2, 6, 794.0,1122.0,1
6, 2, 794.0,1122.0,1
2, 7, 215.0,290.0,-1
7, 2, 215.0,290.0,-1
2, 8, 420.0,500.0,-1
8, 2, 420.0,500.0,-1
2, 9, 694.0,943.0,-1
9, 2, 694.0,943.0,-1
2, 10, 432.0,598.0,1
10, 2, 432.0,598.0,1
2, 11, 725.0,806.0,-1
11, 2, 725.0,806.0,-1
2, 12, 917.0,1108.0,1
12, 2, 917.0,1108.0,1
2, 13, 668.0,763.0,-1
13, 2, 668.0,763.0,-1
2, 14, 567.0,802.0,1
14, 2, 567.0,802.0,1
2, 15, 1085.0,1533.0,-1
15, 2, 1085.0,1533.0,-1
2, 16, 837.0,1156.0,-1
16, 2, 837.0,1156.0,-1
2, 2, 0.0,0.0,1
3, 4, 889.0,1149.0,-1
4, 3, 889.0,1149.0,-1
3, 5, 312.0,440.0,-1
5, 3, 312.0,440.0,-1
3, 6, 689.0,735.0,1
6, 3, 689.0,735.0,1
3, 7, 509.0,575.0,1
7, 3, 509.0,575.0,1
3, 8, 195.0,222.0,-1
8, 3, 195.0,222.0,-1
3, 9, 455.0,459.0,-1
9, 3, 455.0,459.0,-1
3, 10, 430.0,598.0,1
10, 3, 430.0,598.0,1
3, 11, 985.0,1356.0,-1
11, 3, 985.0,1356.0,-1
3, 12, 443.0,624.0,-1
12, 3, 443.0,624.0,-1
3, 13, 1051.0,1485.0,-1
13, 3, 1051.0,1485.0,-1
3, 14, 544.0,700.0,-1
14, 3, 544.0,700.0,-1
3, 15, 875.0,1049.0,1
15, 3, 875.0,1049.0,1
3, 16, 581.0,673.0,-1
16, 3, 581.0,673.0,-1
3, 3, 0.0,0.0,1
4, 5, 827.0,1168.0,-1
5, 4, 827.0,1168.0,-1
4, 6, 307.0,415.0,-1
6, 4, 307.0,415.0,-1
4, 7, 920.0,1085.0,-1
7, 4, 920.0,1085.0,-1
4, 8, 811.0,927.0,-1
8, 4, 811.0,927.0,-1
4, 9, 496.0,700.0,1
9, 4, 496.0,700.0,1
4, 10, 481.0,552.0,-1
10, 4, 481.0,552.0,-1
4, 11, 198.0,207.0,1
11, 4, 198.0,207.0,1
4, 12, 783.0,1101.0,-1
12, 4, 783.0,1101.0,-1
4, 13, 390.0,438.0,1
13, 4, 390.0,438.0,1
4, 14, 346.0,450.0,-1
14, 4, 346.0,450.0,-1
4, 15, 517.0,539.0,-1
15, 4, 517.0,539.0,-1
4, 16, 494.0,679.0,-1
16, 4, 494.0,679.0,-1
4, 4, 0.0,0.0,1
5, 6, 551.0,754.0,1
6, 5, 551.0,754.0,1
5, 7, 785.0,1015.0,1
7, 5, 785.0,1015.0,1
5, 8, 459.0,603.0,-1
8, 5, 459.0,603.0,-1
5, 9, 332.0,469.0,1
9, 5, 332.0,469.0,1
5, 10, 493.0,616.0,1
10, 5, 493.0,616.0,1
5, 11, 975.0,1374.0,1
11, 5, 975.0,1374.0,1
5, 12, 139.0,185.0,-1
12, 5, 139.0,185.0,-1
5, 13, 1094.0,1503.0,1
13, 5, 1094.0,1503.0,1
5, 14, 515.0,718.0,-1
14, 5, 515.0,718.0,-1
5, 15, 643.0,674.0,-1
15, 5, 643.0,674.0,-1
5, 16, 383.0,489.0,-1
16, 5, 383.0,489.0,-1
5, 5, 0.0,0.0,1
6, 7, 884.0,1213.0,1
7, 6, 884.0,1213.0,1
6, 8, 673.0,801.0,1
8, 6, 673.0,801.0,1
6, 9, 239.0,286.0,-1
9, 6, 239.0,286.0,-1
6, 10, 384.0,525.0,-1
10, 6, 384.0,525.0,-1
6, 11, 493.0,621.0,-1
11, 6, 493.0,621.0,-1
6, 12, 486.0,687.0,-1
12, 6, 486.0,687.0,-1
6, 13, 664.0,750.0,-1
13, 6, 664.0,750.0,-1
6, 14, 228.0,321.0,-1
14, 6, 228.0,321.0,-1
6, 15, 296.0,411.0,-1
15, 6, 296.0,411.0,-1
6, 16, 189.0,265.0,-1
16, 6, 189.0,265.0,-1
6, 6, 0.0,0.0,1
7, 8, 327.0,412.0,-1
8, 7, 327.0,412.0,-1
7, 9, 731.0,1034.0,-1
9, 7, 731.0,1034.0,-1
7, 10, 501.0,689.0,1
10, 7, 501.0,689.0,1
7, 11, 911.0,924.0,-1
11, 7, 911.0,924.0,-1
7, 12, 890.0,1199.0,-1
12, 7, 890.0,1199.0,-1
7, 13, 874.0,1053.0,-1
13, 7, 874.0,1053.0,-1
7, 14, 659.0,893.0,-1
14, 7, 659.0,893.0,-1
7, 15, 1159.0,1624.0,-1
15, 7, 1159.0,1624.0,-1
7, 16, 883.0,1247.0,-1
16, 7, 883.0,1247.0,-1
7, 7, 0.0,0.0,1
8, 9, 469.0,622.0,-1
9, 8, 469.0,622.0,-1
8, 10, 330.0,376.0,-1
10, 8, 330.0,376.0,-1
8, 11, 872.0,1134.0,-1
11, 8, 872.0,1134.0,-1
8, 12, 570.0,787.0,1
12, 8, 570.0,787.0,1
8, 13, 909.0,1263.0,1
13, 8, 909.0,1263.0,1
8, 14, 480.0,481.0,-1
14, 8, 480.0,481.0,-1
8, 15, 910.0,1212.0,-1
15, 8, 910.0,1212.0,-1
8, 16, 617.0,836.0,-1
16, 8, 617.0,836.0,-1
8, 8, 0.0,0.0,1
9, 10, 266.0,345.0,-1
10, 9, 266.0,345.0,-1
9, 11, 648.0,906.0,-1
11, 9, 648.0,906.0,-1
9, 12, 308.0,402.0,-1
12, 9, 308.0,402.0,-1
9, 13, 781.0,1035.0,1
13, 9, 781.0,1035.0,1
9, 14, 203.0,250.0,-1
14, 9, 203.0,250.0,-1
9, 15, 442.0,591.0,1
15, 9, 442.0,591.0,1
9, 16, 152.0,214.0,-1
16, 9, 152.0,214.0,-1
9, 9, 0.0,0.0,1
10, 11, 556.0,758.0,1
11, 10, 556.0,758.0,1
10, 12, 531.0,550.0,-1
12, 10, 531.0,550.0,-1
10, 13, 628.0,887.0,1
13, 10, 628.0,887.0,1
10, 14, 162.0,204.0,-1
14, 10, 162.0,204.0,-1
10, 15, 663.0,935.0,-1
15, 10, 663.0,935.0,-1
10, 16, 406.0,559.0,-1
16, 10, 406.0,559.0,-1
10, 10, 0.0,0.0,1
11, 12, 949.0,1308.0,-1
12, 11, 949.0,1308.0,-1
11, 13, 199.0,250.0,-1
13, 11, 199.0,250.0,-1
11, 14, 464.0,656.0,-1
14, 11, 464.0,656.0,-1
11, 15, 714.0,728.0,1
15, 11, 714.0,728.0,1
11, 16, 674.0,886.0,1
16, 11, 674.0,886.0,1
11, 11, 0.0,0.0,1
12, 13, 1088.0,1437.0,1
13, 12, 1088.0,1437.0,1
12, 14, 510.0,652.0,-1
14, 12, 510.0,652.0,-1
12, 15, 524.0,607.0,-1
15, 12, 524.0,607.0,-1
12, 16, 301.0,423.0,1
16, 12, 301.0,423.0,1
12, 12, 0.0,0.0,1
13, 14, 582.0,785.0,1
14, 13, 582.0,785.0,1
13, 15, 906.0,977.0,-1
15, 13, 906.0,977.0,-1
13, 16, 834.0,1015.0,-1
16, 13, 834.0,1015.0,-1
13, 13, 0.0,0.0,1
14, 15, 518.0,731.0,1
15, 14, 518.0,731.0,1
14, 16, 299.0,355.0,-1
16, 14, 299.0,355.0,-1
14, 14, 0.0,0.0,1
15, 16, 297.0,377.0,-1
16, 15, 297.0,377.0,-1
15, 15, 0.0,0.0,1
16, 16, 0.0,0.0,1


<end>