<number of nodes>
16

<ratio of available edges>
0.3

<max length of the drone flight>
100000 

<D 2/3>
1, 3, 4, 5, 6, 8, 10, 13, 14, 15, 16

<V>
4, 5, 6, 8, 13

<coordinates X,Y>
140.14767834529326, 332.40632570638996
705.1411544789695, 904.4676556603758
986.6807556703078, 995.1638199771717
889.4719812959457, 756.0943788787015
230.8901796996131, 32.56896861127163
905.5029885969119, 877.302358597815
259.59214228565054, 708.3771740570363
386.3585159421827, 614.0966404846242
660.2920713935479, 351.9956922252205
729.4871836927732, 732.1422679849212
374.64173525989713, 708.9127819346045
474.14621125894723, 477.16663778829064
135.18616240436393, 311.1446519903855
315.45238191264036, 522.5727664671598
2.033249151953795, 43.433938365377905
845.0374900522886, 558.1163979597924

<adjacency matrix with truck distances>
1, 2, 805.0,1138.0,1
2, 1, 805.0,1138.0,1
1, 3, 1076.0,1510.0,-1
3, 1, 1076.0,1510.0,-1
1, 4, 861.0,1174.0,1
4, 1, 861.0,1174.0,1
1, 5, 314.0,391.0,-1
5, 1, 314.0,391.0,-1
1, 6, 940.0,1311.0,1
6, 1, 940.0,1311.0,1
1, 7, 395.0,496.0,-1
7, 1, 395.0,496.0,-1
1, 8, 375.0,528.0,-1
8, 1, 375.0,528.0,-1
1, 9, 521.0,540.0,-1
9, 1, 521.0,540.0,-1
1, 10, 713.0,990.0,-1
10, 1, 713.0,990.0,-1
1, 11, 444.0,612.0,1
11, 1, 444.0,612.0,1
1, 12, 365.0,479.0,-1
12, 1, 365.0,479.0,-1
1, 13, 22.0,27.0,-1
13, 1, 22.0,27.0,-1
1, 14, 259.0,366.0,1
14, 1, 259.0,366.0,1
1, 15, 321.0,428.0,1
15, 1, 321.0,428.0,1
1, 16, 741.0,931.0,1
16, 1, 741.0,931.0,1
1, 1, 0.0,0.0,1
2, 3, 296.0,373.0,-1
3, 2, 296.0,373.0,-1
2, 4, 237.0,333.0,-1
4, 2, 237.0,333.0,-1
2, 5, 993.0,1347.0,-1
5, 2, 993.0,1347.0,-1
2, 6, 203.0,228.0,1
6, 2, 203.0,228.0,1
2, 7, 487.0,642.0,-1
7, 2, 487.0,642.0,-1
2, 8, 432.0,610.0,1
8, 2, 432.0,610.0,1
2, 9, 555.0,598.0,-1
9, 2, 555.0,598.0,-1
2, 10, 175.0,197.0,-1
10, 2, 175.0,197.0,-1
2, 11, 385.0,527.0,-1
11, 2, 385.0,527.0,-1
2, 12, 486.0,659.0,-1
12, 2, 486.0,659.0,-1
2, 13, 823.0,1164.0,-1
13, 2, 823.0,1164.0,-1
2, 14, 546.0,772.0,-1
14, 2, 546.0,772.0,-1
2, 15, 1112.0,1565.0,-1
15, 2, 1112.0,1565.0,-1
2, 16, 374.0,487.0,-1
16, 2, 374.0,487.0,-1
2, 2, 0.0,0.0,1
3, 4, 259.0,337.0,1
4, 3, 259.0,337.0,1
3, 5, 1224.0,1719.0,1
5, 3, 1224.0,1719.0,1
3, 6, 144.0,200.0,-1
6, 3, 144.0,200.0,-1
3, 7, 782.0,1014.0,1
7, 3, 782.0,1014.0,1
3, 8, 712.0,982.0,1
8, 3, 712.0,982.0,1
3, 9, 722.0,970.0,-1
9, 3, 722.0,970.0,-1
3, 10, 368.0,521.0,1
10, 3, 368.0,521.0,1
3, 11, 676.0,899.0,1
11, 3, 676.0,899.0,1
3, 12, 729.0,1031.0,-1
12, 3, 729.0,1031.0,-1
3, 13, 1093.0,1536.0,-1
13, 3, 1093.0,1536.0,-1
3, 14, 821.0,1144.0,1
14, 3, 821.0,1144.0,1
3, 15, 1370.0,1937.0,-1
15, 3, 1370.0,1937.0,-1
3, 16, 460.0,579.0,-1
16, 3, 460.0,579.0,-1
3, 3, 0.0,0.0,1
4, 5, 979.0,1383.0,-1
5, 4, 979.0,1383.0,-1
4, 6, 123.0,138.0,-1
6, 4, 123.0,138.0,-1
4, 7, 632.0,678.0,-1
7, 4, 632.0,678.0,-1
4, 8, 523.0,646.0,1
8, 4, 523.0,646.0,1
4, 9, 465.0,634.0,-1
9, 4, 465.0,634.0,-1
4, 10, 162.0,184.0,1
10, 4, 162.0,184.0,1
4, 11, 517.0,563.0,-1
11, 4, 517.0,563.0,-1
4, 12, 501.0,695.0,1
12, 4, 501.0,695.0,1
4, 13, 876.0,1200.0,-1
13, 4, 876.0,1200.0,-1
4, 14, 620.0,808.0,1
14, 4, 620.0,808.0,1
4, 15, 1139.0,1601.0,-1
15, 4, 1139.0,1601.0,-1
4, 16, 203.0,243.0,-1
16, 4, 203.0,243.0,-1
4, 4, 0.0,0.0,1
5, 6, 1082.0,1520.0,-1
6, 5, 1082.0,1520.0,-1
5, 7, 677.0,705.0,-1
7, 5, 677.0,705.0,-1
5, 8, 602.0,737.0,-1
8, 5, 602.0,737.0,-1
5, 9, 536.0,749.0,1
9, 5, 536.0,749.0,1
5, 10, 860.0,1199.0,-1
10, 5, 860.0,1199.0,-1
5, 11, 692.0,821.0,-1
11, 5, 692.0,821.0,-1
5, 12, 507.0,688.0,-1
12, 5, 507.0,688.0,-1
5, 13, 295.0,375.0,-1
13, 5, 295.0,375.0,-1
5, 14, 498.0,575.0,1
14, 5, 498.0,575.0,1
5, 15, 230.0,240.0,-1
15, 5, 230.0,240.0,-1
5, 16, 809.0,1140.0,-1
16, 5, 809.0,1140.0,-1
5, 5, 0.0,0.0,1
6, 7, 668.0,815.0,1
7, 6, 668.0,815.0,1
6, 8, 583.0,783.0,1
8, 6, 583.0,783.0,1
6, 9, 580.0,771.0,-1
9, 6, 580.0,771.0,-1
6, 10, 229.0,322.0,-1
10, 6, 229.0,322.0,-1
6, 11, 557.0,700.0,-1
11, 6, 557.0,700.0,-1
6, 12, 589.0,832.0,1
12, 6, 589.0,832.0,1
6, 13, 956.0,1337.0,-1
13, 6, 956.0,1337.0,-1
6, 14, 689.0,945.0,-1
14, 6, 689.0,945.0,-1
6, 15, 1230.0,1738.0,-1
15, 6, 1230.0,1738.0,-1
6, 16, 325.0,380.0,1
16, 6, 325.0,380.0,1
6, 6, 0.0,0.0,1
7, 8, 158.0,222.0,-1
8, 7, 158.0,222.0,-1
7, 9, 537.0,758.0,-1
9, 7, 537.0,758.0,-1
7, 10, 471.0,494.0,1
10, 7, 471.0,494.0,1
7, 11, 116.0,116.0,1
11, 7, 116.0,116.0,1
7, 12, 316.0,446.0,-1
12, 7, 316.0,446.0,-1
7, 13, 417.0,522.0,-1
13, 7, 417.0,522.0,-1
7, 14, 195.0,242.0,1
14, 7, 195.0,242.0,1
7, 15, 714.0,923.0,-1
15, 7, 714.0,923.0,-1
7, 16, 605.0,736.0,-1
16, 7, 605.0,736.0,-1
7, 7, 0.0,0.0,1
8, 9, 380.0,537.0,-1
9, 8, 380.0,537.0,-1
8, 10, 363.0,462.0,-1
10, 8, 363.0,462.0,-1
8, 11, 96.0,107.0,-1
11, 8, 96.0,107.0,-1
8, 12, 163.0,225.0,1
12, 8, 163.0,225.0,1
8, 13, 394.0,555.0,-1
13, 8, 394.0,555.0,-1
8, 14, 116.0,163.0,-1
14, 8, 116.0,163.0,-1
8, 15, 689.0,955.0,-1
15, 8, 689.0,955.0,-1
8, 16, 463.0,515.0,-1
16, 8, 463.0,515.0,-1
8, 8, 0.0,0.0,1
9, 10, 387.0,450.0,-1
10, 9, 387.0,450.0,-1
9, 11, 458.0,643.0,1
11, 9, 458.0,643.0,1
9, 12, 225.0,312.0,-1
12, 9, 225.0,312.0,-1
9, 13, 527.0,566.0,-1
13, 9, 527.0,566.0,-1
9, 14, 385.0,516.0,-1
14, 9, 385.0,516.0,-1
9, 15, 727.0,967.0,-1
15, 9, 727.0,967.0,-1
9, 16, 277.0,391.0,1
16, 9, 277.0,391.0,1
9, 9, 0.0,0.0,1
10, 11, 356.0,379.0,-1
11, 10, 356.0,379.0,-1
10, 12, 361.0,511.0,-1
12, 10, 361.0,511.0,-1
10, 13, 729.0,1016.0,1
13, 10, 729.0,1016.0,1
10, 14, 465.0,624.0,-1
14, 10, 465.0,624.0,-1
10, 15, 1002.0,1417.0,-1
15, 10, 1002.0,1417.0,-1
10, 16, 209.0,290.0,-1
16, 10, 209.0,290.0,-1
10, 10, 0.0,0.0,1
11, 12, 253.0,332.0,-1
12, 11, 253.0,332.0,-1
11, 13, 465.0,638.0,-1
13, 11, 465.0,638.0,-1
11, 14, 196.0,246.0,-1
14, 11, 196.0,246.0,-1
11, 15, 763.0,1039.0,-1
15, 11, 763.0,1039.0,-1
11, 16, 494.0,622.0,-1
16, 11, 494.0,622.0,-1
11, 11, 0.0,0.0,1
12, 13, 378.0,505.0,1
13, 12, 378.0,505.0,1
12, 14, 166.0,205.0,-1
14, 12, 166.0,205.0,-1
12, 15, 642.0,906.0,-1
15, 12, 642.0,906.0,-1
12, 16, 380.0,452.0,-1
16, 12, 380.0,452.0,-1
12, 12, 0.0,0.0,1
13, 14, 278.0,392.0,-1
14, 13, 278.0,392.0,-1
13, 15, 299.0,401.0,-1
15, 13, 299.0,401.0,-1
13, 16, 752.0,957.0,1
16, 13, 752.0,957.0,1
13, 13, 0.0,0.0,1
14, 15, 573.0,793.0,-1
15, 14, 573.0,793.0,-1
14, 16, 531.0,566.0,1
16, 14, 531.0,566.0,1
14, 14, 0.0,0.0,1
15, 16, 988.0,1358.0,-1
16, 15, 988.0,1358.0,-1
15, 15, 0.0,0.0,1
16, 16, 0.0,0.0,1


<end>