<number of nodes>
16

<ratio of available edges>
0.3

<max length of the drone flight>
100000 

<D 2/3>
1, 3, 4, 5, 6, 7, 8, 10, 11, 12, 14

<V>
3, 4, 6, 10, 11

<coordinates X,Y>
906.5032378871564, 729.9650988559217
985.0095793385067, 100.39352928959244
821.3803228729995, 603.952076637714
374.3998784249566, 417.2063071548733
718.3230332407402, 263.1739221374893
103.27421084379871, 100.33282598023779
926.677441738698, 535.3758633739141
734.1544318798501, 993.6459409790777
257.69473223029274, 269.82591276396
493.2887763961579, 324.5871635235608
559.5352637715855, 794.9158750316856
495.3257919554384, 721.9533674633392
849.1506645624082, 453.42112661104005
-1.0713333303915817, 978.8863464522891
217.50160990703122, 259.51053546940614
31.96914513462961, 877.6099495201981

<adjacency matrix with truck distances>
1, 2, 635.0,709.0,1
2, 1, 635.0,709.0,1
1, 3, 153.0,212.0,-1
3, 1, 153.0,212.0,-1
1, 4, 618.0,845.0,-1
4, 1, 618.0,845.0,-1
1, 5, 504.0,655.0,-1
5, 1, 504.0,655.0,-1
1, 6, 1021.0,1433.0,-1
6, 1, 1021.0,1433.0,-1
1, 7, 196.0,215.0,-1
7, 1, 196.0,215.0,-1
1, 8, 316.0,437.0,-1
8, 1, 316.0,437.0,-1
1, 9, 796.0,1109.0,-1
9, 1, 796.0,1109.0,-1
1, 10, 579.0,819.0,-1
10, 1, 579.0,819.0,-1
1, 11, 353.0,412.0,1
11, 1, 353.0,412.0,1
1, 12, 412.0,420.0,1
12, 1, 412.0,420.0,1
1, 13, 283.0,334.0,-1
13, 1, 283.0,334.0,-1
1, 14, 942.0,1157.0,-1
14, 1, 942.0,1157.0,-1
1, 15, 835.0,1160.0,1
15, 1, 835.0,1160.0,1
1, 16, 887.0,1023.0,-1
16, 1, 887.0,1023.0,-1
1, 1, 0.0,0.0,1
2, 3, 530.0,668.0,-1
3, 2, 530.0,668.0,-1
2, 4, 688.0,928.0,1
4, 2, 688.0,928.0,1
2, 5, 313.0,430.0,-1
5, 2, 313.0,430.0,-1
2, 6, 882.0,882.0,-1
6, 2, 882.0,882.0,-1
2, 7, 439.0,494.0,-1
7, 2, 439.0,494.0,-1
2, 8, 928.0,1145.0,-1
8, 2, 928.0,1145.0,-1
2, 9, 747.0,897.0,-1
9, 2, 747.0,897.0,-1
2, 10, 541.0,716.0,-1
10, 2, 541.0,716.0,-1
2, 11, 815.0,1120.0,1
11, 2, 815.0,1120.0,1
2, 12, 792.0,1112.0,1
12, 2, 792.0,1112.0,1
2, 13, 379.0,489.0,-1
13, 2, 379.0,489.0,-1
2, 14, 1321.0,1865.0,-1
14, 2, 1321.0,1865.0,-1
2, 15, 784.0,927.0,-1
15, 2, 784.0,927.0,-1
2, 16, 1230.0,1731.0,-1
16, 2, 1230.0,1731.0,-1
2, 2, 0.0,0.0,1
3, 4, 485.0,634.0,-1
4, 3, 485.0,634.0,-1
3, 5, 357.0,444.0,-1
5, 3, 357.0,444.0,-1
3, 6, 878.0,1222.0,1
6, 3, 878.0,1222.0,1
3, 7, 126.0,174.0,1
7, 3, 126.0,174.0,1
3, 8, 400.0,477.0,1
8, 3, 400.0,477.0,1
3, 9, 656.0,898.0,1
9, 3, 656.0,898.0,1
3, 10, 431.0,608.0,-1
10, 3, 431.0,608.0,-1
3, 11, 325.0,453.0,-1
11, 3, 325.0,453.0,-1
3, 12, 347.0,445.0,1
12, 3, 347.0,445.0,1
3, 13, 154.0,179.0,-1
13, 3, 154.0,179.0,-1
3, 14, 904.0,1198.0,1
14, 3, 904.0,1198.0,1
3, 15, 696.0,949.0,-1
15, 3, 696.0,949.0,-1
3, 16, 836.0,1064.0,-1
16, 3, 836.0,1064.0,-1
3, 3, 0.0,0.0,1
4, 5, 377.0,498.0,1
5, 4, 377.0,498.0,1
4, 6, 418.0,588.0,-1
6, 4, 418.0,588.0,-1
4, 7, 565.0,671.0,-1
7, 4, 565.0,671.0,-1
4, 8, 680.0,937.0,1
8, 4, 680.0,937.0,1
4, 9, 188.0,265.0,-1
9, 4, 188.0,265.0,-1
4, 10, 151.0,212.0,-1
10, 4, 151.0,212.0,-1
4, 11, 421.0,563.0,-1
11, 4, 421.0,563.0,-1
4, 12, 328.0,426.0,-1
12, 4, 328.0,426.0,-1
4, 13, 477.0,511.0,-1
13, 4, 477.0,511.0,-1
4, 14, 676.0,938.0,-1
14, 4, 676.0,938.0,-1
4, 15, 223.0,315.0,-1
15, 4, 223.0,315.0,-1
4, 16, 574.0,803.0,1
16, 4, 574.0,803.0,1
4, 4, 0.0,0.0,1
5, 6, 637.0,778.0,1
6, 5, 637.0,778.0,1
5, 7, 343.0,481.0,-1
7, 5, 343.0,481.0,-1
5, 8, 731.0,747.0,1
8, 5, 731.0,747.0,1
5, 9, 461.0,468.0,1
9, 5, 461.0,468.0,1
5, 10, 234.0,287.0,1
10, 5, 234.0,287.0,1
5, 11, 555.0,691.0,1
11, 5, 555.0,691.0,1
5, 12, 511.0,682.0,-1
12, 5, 511.0,682.0,-1
5, 13, 231.0,322.0,-1
13, 5, 231.0,322.0,-1
5, 14, 1015.0,1436.0,-1
14, 5, 1015.0,1436.0,-1
5, 15, 501.0,505.0,-1
15, 5, 501.0,505.0,-1
5, 16, 922.0,1301.0,-1
16, 5, 922.0,1301.0,-1
5, 5, 0.0,0.0,1
6, 7, 932.0,1259.0,-1
7, 6, 932.0,1259.0,-1
6, 8, 1094.0,1525.0,-1
8, 6, 1094.0,1525.0,-1
6, 9, 230.0,324.0,-1
9, 6, 230.0,324.0,-1
6, 10, 450.0,615.0,1
10, 6, 450.0,615.0,1
6, 11, 832.0,1151.0,-1
11, 6, 832.0,1151.0,-1
6, 12, 735.0,1014.0,-1
12, 6, 735.0,1014.0,-1
6, 13, 826.0,1099.0,-1
13, 6, 826.0,1099.0,-1
6, 14, 885.0,983.0,1
14, 6, 885.0,983.0,1
6, 15, 196.0,274.0,-1
15, 6, 196.0,274.0,-1
6, 16, 781.0,849.0,-1
16, 6, 781.0,849.0,-1
6, 6, 0.0,0.0,1
7, 8, 498.0,651.0,1
8, 7, 498.0,651.0,1
7, 9, 720.0,935.0,1
9, 7, 720.0,935.0,1
7, 10, 482.0,645.0,-1
10, 7, 482.0,645.0,-1
7, 11, 450.0,627.0,1
11, 7, 450.0,627.0,1
7, 12, 470.0,618.0,1
12, 7, 470.0,618.0,1
7, 13, 113.0,160.0,-1
13, 7, 113.0,160.0,-1
7, 14, 1029.0,1372.0,1
14, 7, 1029.0,1372.0,1
7, 15, 761.0,986.0,1
15, 7, 761.0,986.0,1
7, 16, 958.0,1237.0,-1
16, 7, 958.0,1237.0,-1
7, 7, 0.0,0.0,1
8, 9, 867.0,1201.0,1
9, 8, 867.0,1201.0,1
8, 10, 712.0,910.0,-1
10, 8, 712.0,910.0,-1
8, 11, 265.0,374.0,1
11, 8, 265.0,374.0,1
8, 12, 362.0,511.0,-1
12, 8, 362.0,511.0,-1
8, 13, 553.0,656.0,-1
13, 8, 553.0,656.0,-1
8, 14, 736.0,750.0,1
14, 8, 736.0,750.0,1
8, 15, 898.0,1251.0,-1
15, 8, 898.0,1251.0,-1
8, 16, 712.0,819.0,-1
16, 8, 712.0,819.0,-1
8, 8, 0.0,0.0,1
9, 10, 242.0,291.0,-1
10, 9, 242.0,291.0,-1
9, 11, 606.0,827.0,-1
11, 9, 606.0,827.0,-1
9, 12, 511.0,690.0,-1
12, 9, 511.0,690.0,-1
9, 13, 620.0,776.0,-1
13, 9, 620.0,776.0,-1
9, 14, 755.0,968.0,-1
14, 9, 755.0,968.0,-1
9, 15, 42.0,51.0,-1
15, 9, 42.0,51.0,-1
9, 16, 649.0,834.0,-1
16, 9, 649.0,834.0,-1
9, 9, 0.0,0.0,1
10, 11, 475.0,537.0,-1
11, 10, 475.0,537.0,-1
10, 12, 398.0,400.0,-1
12, 10, 398.0,400.0,-1
10, 13, 379.0,485.0,-1
13, 10, 379.0,485.0,-1
10, 14, 821.0,1149.0,-1
14, 10, 821.0,1149.0,-1
10, 15, 284.0,341.0,1
15, 10, 284.0,341.0,1
10, 16, 721.0,1015.0,-1
16, 10, 721.0,1015.0,-1
10, 10, 0.0,0.0,1
11, 12, 98.0,138.0,-1
12, 11, 98.0,138.0,-1
11, 13, 448.0,632.0,-1
13, 11, 448.0,632.0,-1
11, 14, 591.0,745.0,1
14, 11, 591.0,745.0,1
11, 15, 636.0,878.0,-1
15, 11, 636.0,878.0,-1
11, 16, 535.0,611.0,-1
16, 11, 535.0,611.0,-1
11, 11, 0.0,0.0,1
12, 13, 445.0,623.0,1
13, 12, 445.0,623.0,1
12, 14, 559.0,754.0,-1
14, 12, 559.0,754.0,-1
12, 15, 540.0,741.0,-1
15, 12, 540.0,741.0,-1
12, 16, 489.0,620.0,1
16, 12, 489.0,620.0,1
12, 12, 0.0,0.0,1
13, 14, 1000.0,1376.0,-1
14, 13, 1000.0,1376.0,-1
13, 15, 661.0,826.0,-1
15, 13, 661.0,826.0,-1
13, 16, 921.0,1242.0,-1
16, 13, 921.0,1242.0,-1
13, 13, 0.0,0.0,1
14, 15, 752.0,938.0,-1
15, 14, 752.0,938.0,-1
14, 16, 107.0,135.0,-1
16, 14, 107.0,135.0,-1
14, 14, 0.0,0.0,1
15, 16, 646.0,804.0,-1
16, 15, 646.0,804.0,-1
15, 15, 0.0,0.0,1
16, 16, 0.0,0.0,1


<end>