<number of nodes>
16

<ratio of available edges>
0.3

<max length of the drone flight>
100000 

<D 2/3>
1, 2, 3, 4, 5, 6, 7, 10, 13, 14, 15

<V>
2, 3, 4, 14, 15

<coordinates X,Y>
963.8466351782683, 362.495228492667
303.27111839772874, 592.1941181967708
958.4962145056743, 190.56551944519327
400.59622658721355, 259.80556956465625
176.72481584548265, 425.3805832542041
995.8710751278593, 332.88209456992996
792.8952090544036, 789.8720139631208
572.5544220285313, 59.79065392434738
159.63884180363448, 843.055431470319
891.8536867563206, 474.1679311840387
757.0131770431273, 665.9819413874047
798.9548172430262, 260.52452631038284
673.6304274306925, 596.0514921054365
339.0386938778985, 300.0210012479839
221.33373550874194, 436.6073813835991
940.326073965806, 407.99408408141784

<adjacency matrix with truck distances>
1, 2, 700.0,891.0,-1
2, 1, 700.0,891.0,-1
1, 3, 173.0,178.0,1
3, 1, 173.0,178.0,1
1, 4, 573.0,666.0,-1
4, 1, 573.0,666.0,-1
1, 5, 790.0,851.0,-1
5, 1, 790.0,851.0,-1
1, 6, 44.0,62.0,1
6, 1, 44.0,62.0,1
1, 7, 461.0,599.0,-1
7, 1, 461.0,599.0,-1
1, 8, 495.0,694.0,-1
8, 1, 495.0,694.0,-1
1, 9, 937.0,1285.0,-1
9, 1, 937.0,1285.0,-1
1, 10, 133.0,184.0,-1
10, 1, 133.0,184.0,-1
1, 11, 368.0,511.0,-1
11, 1, 368.0,511.0,-1
1, 12, 194.0,267.0,-1
12, 1, 194.0,267.0,-1
1, 13, 373.0,524.0,1
13, 1, 373.0,524.0,1
1, 14, 628.0,688.0,-1
14, 1, 628.0,688.0,-1
1, 15, 747.0,817.0,1
15, 1, 747.0,817.0,1
1, 16, 52.0,70.0,-1
16, 1, 52.0,70.0,-1
1, 1, 0.0,0.0,1
2, 3, 769.0,1057.0,-1
3, 2, 769.0,1057.0,-1
2, 4, 347.0,430.0,-1
4, 2, 347.0,430.0,-1
2, 5, 210.0,294.0,-1
5, 2, 210.0,294.0,-1
2, 6, 740.0,952.0,-1
6, 2, 740.0,952.0,-1
2, 7, 529.0,688.0,-1
7, 2, 529.0,688.0,-1
2, 8, 597.0,802.0,1
8, 2, 597.0,802.0,1
2, 9, 290.0,395.0,-1
9, 2, 290.0,395.0,-1
2, 10, 601.0,707.0,-1
10, 2, 601.0,707.0,-1
2, 11, 460.0,528.0,-1
11, 2, 460.0,528.0,-1
2, 12, 597.0,828.0,-1
12, 2, 597.0,828.0,-1
2, 13, 371.0,375.0,1
13, 2, 371.0,375.0,1
2, 14, 295.0,328.0,1
14, 2, 295.0,328.0,1
2, 15, 176.0,238.0,-1
15, 2, 176.0,238.0,-1
2, 16, 664.0,822.0,-1
16, 2, 664.0,822.0,-1
2, 2, 0.0,0.0,1
3, 4, 563.0,628.0,-1
4, 3, 563.0,628.0,-1
3, 5, 817.0,1017.0,-1
5, 3, 817.0,1017.0,-1
3, 6, 148.0,180.0,1
6, 3, 148.0,180.0,1
3, 7, 622.0,765.0,-1
7, 3, 622.0,765.0,-1
3, 8, 408.0,517.0,-1
8, 3, 408.0,517.0,-1
3, 9, 1032.0,1452.0,-1
9, 3, 1032.0,1452.0,-1
3, 10, 292.0,351.0,1
10, 3, 292.0,351.0,1
3, 11, 517.0,677.0,-1
11, 3, 517.0,677.0,-1
3, 12, 175.0,230.0,-1
12, 3, 175.0,230.0,-1
3, 13, 496.0,691.0,1
13, 3, 496.0,691.0,1
3, 14, 630.0,729.0,-1
14, 3, 630.0,729.0,-1
3, 15, 778.0,984.0,-1
15, 3, 778.0,984.0,-1
3, 16, 219.0,236.0,-1
16, 3, 219.0,236.0,-1
3, 3, 0.0,0.0,1
4, 5, 279.0,390.0,-1
5, 4, 279.0,390.0,-1
4, 6, 600.0,669.0,-1
6, 4, 600.0,669.0,-1
4, 7, 660.0,923.0,1
7, 4, 660.0,923.0,1
4, 8, 264.0,372.0,1
8, 4, 264.0,372.0,1
4, 9, 632.0,825.0,-1
9, 4, 632.0,825.0,-1
4, 10, 536.0,706.0,1
10, 4, 536.0,706.0,1
4, 11, 541.0,763.0,1
11, 4, 541.0,763.0,1
4, 12, 399.0,400.0,1
12, 4, 399.0,400.0,1
4, 13, 434.0,610.0,-1
13, 4, 434.0,610.0,-1
4, 14, 74.0,102.0,-1
14, 4, 74.0,102.0,-1
4, 15, 252.0,357.0,-1
15, 4, 252.0,357.0,-1
4, 16, 560.0,688.0,-1
16, 4, 560.0,688.0,-1
4, 4, 0.0,0.0,1
5, 6, 825.0,912.0,-1
6, 5, 825.0,912.0,-1
5, 7, 716.0,981.0,-1
7, 5, 716.0,981.0,-1
5, 8, 539.0,762.0,-1
8, 5, 539.0,762.0,-1
5, 9, 419.0,435.0,1
9, 5, 419.0,435.0,1
5, 10, 717.0,764.0,-1
10, 5, 717.0,764.0,-1
5, 11, 629.0,821.0,1
11, 5, 629.0,821.0,1
5, 12, 644.0,788.0,-1
12, 5, 644.0,788.0,-1
5, 13, 526.0,668.0,-1
13, 5, 526.0,668.0,-1
5, 14, 206.0,288.0,1
14, 5, 206.0,288.0,1
5, 15, 46.0,56.0,-1
15, 5, 46.0,56.0,-1
5, 16, 764.0,781.0,1
16, 5, 764.0,781.0,1
5, 5, 0.0,0.0,1
6, 7, 501.0,660.0,1
7, 6, 501.0,660.0,1
6, 8, 504.0,697.0,-1
8, 6, 504.0,697.0,-1
6, 9, 980.0,1347.0,-1
9, 6, 980.0,1347.0,-1
6, 10, 176.0,246.0,1
10, 6, 176.0,246.0,1
6, 11, 410.0,572.0,-1
11, 6, 410.0,572.0,-1
6, 12, 210.0,270.0,1
12, 6, 210.0,270.0,1
6, 13, 417.0,586.0,-1
13, 6, 417.0,586.0,-1
6, 14, 658.0,690.0,-1
14, 6, 658.0,690.0,-1
6, 15, 782.0,879.0,-1
15, 6, 782.0,879.0,-1
6, 16, 94.0,131.0,-1
16, 6, 94.0,131.0,-1
6, 6, 0.0,0.0,1
7, 8, 763.0,951.0,-1
8, 7, 763.0,951.0,-1
7, 9, 636.0,687.0,-1
9, 7, 636.0,687.0,-1
7, 10, 331.0,415.0,-1
10, 7, 331.0,415.0,-1
7, 11, 129.0,160.0,-1
11, 7, 129.0,160.0,-1
7, 12, 530.0,536.0,-1
12, 7, 530.0,536.0,-1
7, 13, 228.0,314.0,-1
13, 7, 228.0,314.0,-1
7, 14, 668.0,944.0,-1
14, 7, 668.0,944.0,-1
7, 15, 672.0,925.0,-1
15, 7, 672.0,925.0,-1
7, 16, 410.0,530.0,1
16, 7, 410.0,530.0,1
7, 7, 0.0,0.0,1
8, 9, 886.0,1197.0,1
9, 8, 886.0,1197.0,1
8, 10, 524.0,734.0,1
10, 8, 524.0,734.0,1
8, 11, 634.0,791.0,-1
11, 8, 634.0,791.0,-1
8, 12, 303.0,428.0,-1
12, 8, 303.0,428.0,-1
8, 13, 546.0,638.0,-1
13, 8, 546.0,638.0,-1
8, 14, 336.0,474.0,1
14, 8, 336.0,474.0,1
8, 15, 516.0,729.0,-1
15, 8, 516.0,729.0,-1
8, 16, 507.0,716.0,1
16, 8, 507.0,716.0,1
8, 8, 0.0,0.0,1
9, 10, 820.0,1102.0,-1
10, 9, 820.0,1102.0,-1
9, 11, 624.0,775.0,-1
11, 9, 624.0,775.0,-1
9, 12, 865.0,1222.0,-1
12, 9, 865.0,1222.0,-1
9, 13, 571.0,761.0,1
13, 9, 571.0,761.0,1
9, 14, 572.0,723.0,-1
14, 9, 572.0,723.0,-1
9, 15, 412.0,469.0,-1
15, 9, 412.0,469.0,-1
9, 16, 894.0,1216.0,-1
16, 9, 894.0,1216.0,-1
9, 9, 0.0,0.0,1
10, 11, 235.0,327.0,-1
11, 10, 235.0,327.0,-1
10, 12, 233.0,307.0,1
12, 10, 233.0,307.0,1
10, 13, 250.0,341.0,-1
13, 10, 250.0,341.0,-1
10, 14, 580.0,727.0,-1
14, 10, 580.0,727.0,-1
10, 15, 672.0,709.0,-1
15, 10, 672.0,709.0,-1
10, 16, 83.0,115.0,-1
16, 10, 83.0,115.0,-1
10, 10, 0.0,0.0,1
11, 12, 408.0,448.0,1
12, 11, 408.0,448.0,1
11, 13, 109.0,154.0,-1
13, 11, 109.0,154.0,-1
11, 14, 556.0,784.0,-1
14, 11, 556.0,784.0,-1
11, 15, 583.0,766.0,1
15, 11, 583.0,766.0,1
11, 16, 317.0,442.0,1
16, 11, 317.0,442.0,1
11, 11, 0.0,0.0,1
12, 13, 359.0,461.0,-1
13, 12, 359.0,461.0,-1
12, 14, 462.0,500.0,1
14, 12, 462.0,500.0,1
12, 15, 604.0,754.0,-1
15, 12, 604.0,754.0,-1
12, 16, 205.0,289.0,1
16, 12, 205.0,289.0,1
12, 12, 0.0,0.0,1
13, 14, 447.0,631.0,-1
14, 13, 447.0,631.0,-1
13, 15, 480.0,612.0,-1
15, 13, 480.0,612.0,-1
13, 16, 327.0,455.0,1
16, 13, 327.0,455.0,1
13, 13, 0.0,0.0,1
14, 15, 181.0,255.0,-1
15, 14, 181.0,255.0,-1
14, 16, 611.0,710.0,-1
16, 14, 611.0,710.0,-1
14, 14, 0.0,0.0,1
15, 16, 720.0,748.0,1
16, 15, 720.0,748.0,1
15, 15, 0.0,0.0,1
16, 16, 0.0,0.0,1


<end>