<number of nodes>
16

<ratio of available edges>
0.3

<max length of the drone flight>
100000 

<D 2/3>
1, 2, 3, 5, 6, 7, 11, 12, 13, 15, 16

<V>
2, 3, 7, 11, 12

<coordinates X,Y>
99.33508098488176, 653.3397597788825
233.54456336258778, 386.2284917258161
141.11501324282372, 268.9970375240064
21.4641635782956, 2.935516636344378
821.2291823277641, 310.9714010199838
881.2393456344092, 607.0585801556741
587.1842924417132, 311.5314466314187
811.4247307776617, 504.07114446443705
487.4112790704324, 92.78152749127091
458.55990549073647, 140.74018119872113
34.36432274806983, 673.9368306227459
584.9712123871029, 521.306684914687
543.3597976340959, 840.4298508602069
614.2053747014083, 164.98246611190766
884.5271228047441, 704.4955593789006
172.6378744613521, 93.04459560229196

<adjacency matrix with truck distances>
1, 2, 299.0,402.0,-1
2, 1, 299.0,402.0,-1
1, 3, 387.0,427.0,-1
3, 1, 387.0,427.0,-1
1, 4, 656.0,729.0,1
4, 1, 656.0,729.0,1
1, 5, 799.0,1065.0,-1
5, 1, 799.0,1065.0,-1
1, 6, 784.0,829.0,-1
6, 1, 784.0,829.0,-1
1, 7, 596.0,830.0,1
7, 1, 596.0,830.0,1
1, 8, 728.0,862.0,-1
8, 1, 728.0,862.0,-1
1, 9, 682.0,949.0,-1
9, 1, 682.0,949.0,-1
1, 10, 626.0,872.0,-1
10, 1, 626.0,872.0,-1
1, 11, 69.0,86.0,-1
11, 1, 69.0,86.0,-1
1, 12, 504.0,618.0,-1
12, 1, 504.0,618.0,-1
1, 13, 482.0,632.0,1
13, 1, 482.0,632.0,1
1, 14, 710.0,1004.0,-1
14, 1, 710.0,1004.0,-1
1, 15, 787.0,837.0,-1
15, 1, 787.0,837.0,-1
1, 16, 566.0,634.0,-1
16, 1, 566.0,634.0,-1
1, 1, 0.0,0.0,1
2, 3, 150.0,210.0,-1
3, 2, 150.0,210.0,-1
2, 4, 439.0,596.0,1
4, 2, 439.0,596.0,1
2, 5, 593.0,663.0,1
5, 2, 593.0,663.0,1
2, 6, 685.0,869.0,1
6, 2, 685.0,869.0,1
2, 7, 362.0,429.0,1
7, 2, 362.0,429.0,1
2, 8, 590.0,696.0,-1
8, 2, 590.0,696.0,-1
2, 9, 389.0,548.0,-1
9, 2, 389.0,548.0,-1
2, 10, 334.0,471.0,-1
10, 2, 334.0,471.0,-1
2, 11, 350.0,487.0,-1
11, 2, 350.0,487.0,-1
2, 12, 377.0,487.0,-1
12, 2, 377.0,487.0,-1
2, 13, 550.0,765.0,-1
13, 2, 550.0,765.0,-1
2, 14, 441.0,602.0,-1
14, 2, 441.0,602.0,-1
2, 15, 725.0,970.0,-1
15, 2, 725.0,970.0,-1
2, 16, 300.0,355.0,-1
16, 2, 300.0,355.0,-1
2, 2, 0.0,0.0,1
3, 4, 292.0,386.0,-1
4, 3, 292.0,386.0,-1
3, 5, 682.0,723.0,-1
5, 3, 682.0,723.0,-1
3, 6, 814.0,1079.0,1
6, 3, 814.0,1079.0,1
3, 7, 449.0,489.0,-1
7, 3, 449.0,489.0,-1
3, 8, 711.0,906.0,1
8, 3, 711.0,906.0,1
3, 9, 389.0,523.0,-1
9, 3, 389.0,523.0,-1
3, 10, 343.0,446.0,1
10, 3, 343.0,446.0,1
3, 11, 419.0,512.0,-1
11, 3, 419.0,512.0,-1
3, 12, 511.0,697.0,-1
12, 3, 511.0,697.0,-1
3, 13, 699.0,974.0,-1
13, 3, 699.0,974.0,-1
3, 14, 485.0,578.0,1
14, 3, 485.0,578.0,1
3, 15, 862.0,1179.0,-1
15, 3, 862.0,1179.0,-1
3, 16, 179.0,208.0,1
16, 3, 179.0,208.0,1
3, 3, 0.0,0.0,1
4, 5, 858.0,1108.0,1
5, 4, 858.0,1108.0,1
4, 6, 1051.0,1464.0,1
6, 4, 1051.0,1464.0,1
4, 7, 645.0,875.0,-1
7, 4, 645.0,875.0,-1
4, 8, 936.0,1292.0,-1
8, 4, 936.0,1292.0,-1
4, 9, 475.0,556.0,-1
9, 4, 475.0,556.0,-1
4, 10, 459.0,575.0,-1
10, 4, 459.0,575.0,-1
4, 11, 672.0,684.0,-1
11, 4, 672.0,684.0,-1
4, 12, 766.0,1082.0,1
12, 4, 766.0,1082.0,1
4, 13, 987.0,1360.0,-1
13, 4, 987.0,1360.0,-1
4, 14, 615.0,755.0,1
14, 4, 615.0,755.0,1
4, 15, 1113.0,1565.0,1
15, 4, 1113.0,1565.0,1
4, 16, 176.0,242.0,-1
16, 4, 176.0,242.0,-1
4, 4, 0.0,0.0,1
5, 6, 303.0,357.0,-1
6, 5, 303.0,357.0,-1
5, 7, 235.0,235.0,-1
7, 5, 235.0,235.0,-1
5, 8, 194.0,203.0,1
8, 5, 194.0,203.0,1
5, 9, 399.0,553.0,1
9, 5, 399.0,553.0,1
5, 10, 401.0,533.0,1
10, 5, 401.0,533.0,1
5, 11, 867.0,1150.0,1
11, 5, 867.0,1150.0,1
5, 12, 317.0,447.0,1
12, 5, 317.0,447.0,1
5, 13, 598.0,808.0,-1
13, 5, 598.0,808.0,-1
5, 14, 254.0,354.0,-1
14, 5, 254.0,354.0,-1
5, 15, 399.0,457.0,-1
15, 5, 399.0,457.0,-1
5, 16, 685.0,867.0,-1
16, 5, 685.0,867.0,-1
5, 5, 0.0,0.0,1
6, 7, 417.0,590.0,-1
7, 6, 417.0,590.0,-1
6, 8, 125.0,173.0,-1
8, 6, 125.0,173.0,-1
6, 9, 648.0,909.0,-1
9, 6, 648.0,909.0,-1
6, 10, 630.0,889.0,-1
10, 6, 630.0,889.0,-1
6, 11, 850.0,914.0,1
11, 6, 850.0,914.0,1
6, 12, 309.0,383.0,1
12, 6, 309.0,383.0,1
6, 13, 411.0,572.0,-1
13, 6, 411.0,572.0,-1
6, 14, 517.0,710.0,-1
14, 6, 517.0,710.0,-1
6, 15, 98.0,101.0,-1
15, 6, 98.0,101.0,-1
6, 16, 876.0,1223.0,-1
16, 6, 876.0,1223.0,-1
6, 6, 0.0,0.0,1
7, 8, 296.0,417.0,-1
8, 7, 296.0,417.0,-1
7, 9, 241.0,319.0,-1
9, 7, 241.0,319.0,-1
7, 10, 214.0,300.0,-1
10, 7, 214.0,300.0,-1
7, 11, 662.0,916.0,-1
11, 7, 662.0,916.0,-1
7, 12, 210.0,212.0,1
12, 7, 210.0,212.0,1
7, 13, 531.0,573.0,1
13, 7, 531.0,573.0,1
7, 14, 150.0,174.0,1
14, 7, 150.0,174.0,1
7, 15, 493.0,691.0,-1
15, 7, 493.0,691.0,-1
7, 16, 469.0,634.0,1
16, 7, 469.0,634.0,1
7, 7, 0.0,0.0,1
8, 9, 524.0,736.0,-1
9, 8, 524.0,736.0,-1
8, 10, 507.0,717.0,-1
10, 8, 507.0,717.0,-1
8, 11, 796.0,947.0,-1
11, 8, 796.0,947.0,-1
8, 12, 228.0,244.0,1
12, 8, 228.0,244.0,1
8, 13, 431.0,605.0,1
13, 8, 431.0,605.0,1
8, 14, 393.0,537.0,-1
14, 8, 393.0,537.0,-1
8, 15, 214.0,274.0,-1
15, 8, 214.0,274.0,-1
8, 16, 760.0,1050.0,-1
16, 8, 760.0,1050.0,-1
8, 8, 0.0,0.0,1
9, 10, 56.0,77.0,-1
10, 9, 56.0,77.0,-1
9, 11, 737.0,1035.0,-1
11, 9, 737.0,1035.0,-1
9, 12, 440.0,527.0,1
12, 9, 440.0,527.0,1
9, 13, 750.0,804.0,-1
13, 9, 750.0,804.0,-1
9, 14, 146.0,199.0,-1
14, 9, 146.0,199.0,-1
9, 15, 730.0,1009.0,-1
15, 9, 730.0,1009.0,-1
9, 16, 315.0,316.0,1
16, 9, 315.0,316.0,1
9, 9, 0.0,0.0,1
10, 11, 682.0,958.0,1
11, 10, 682.0,958.0,1
10, 12, 402.0,507.0,-1
12, 10, 402.0,507.0,-1
10, 13, 705.0,785.0,1
13, 10, 705.0,785.0,1
10, 14, 158.0,180.0,-1
14, 10, 158.0,180.0,-1
10, 15, 707.0,990.0,-1
15, 10, 707.0,990.0,-1
10, 16, 290.0,334.0,-1
16, 10, 290.0,334.0,-1
10, 10, 0.0,0.0,1
11, 12, 572.0,704.0,-1
12, 11, 572.0,704.0,-1
11, 13, 536.0,676.0,-1
13, 11, 536.0,676.0,-1
11, 14, 772.0,1089.0,-1
14, 11, 772.0,1089.0,-1
11, 15, 851.0,881.0,-1
15, 11, 851.0,881.0,-1
11, 16, 598.0,720.0,1
16, 11, 598.0,720.0,1
11, 11, 0.0,0.0,1
12, 13, 322.0,361.0,-1
13, 12, 322.0,361.0,-1
12, 14, 358.0,386.0,-1
14, 12, 358.0,386.0,-1
12, 15, 352.0,483.0,-1
15, 12, 352.0,483.0,-1
12, 16, 595.0,841.0,-1
16, 12, 595.0,841.0,-1
12, 12, 0.0,0.0,1
13, 14, 680.0,747.0,-1
14, 13, 680.0,747.0,-1
13, 15, 368.0,478.0,-1
15, 13, 368.0,478.0,-1
13, 16, 835.0,1119.0,-1
16, 13, 835.0,1119.0,-1
13, 13, 0.0,0.0,1
14, 15, 604.0,810.0,1
15, 14, 604.0,810.0,1
14, 16, 448.0,514.0,-1
16, 14, 448.0,514.0,-1
14, 14, 0.0,0.0,1
15, 16, 939.0,1324.0,-1
16, 15, 939.0,1324.0,-1
15, 15, 0.0,0.0,1
16, 16, 0.0,0.0,1


<end>