<number of nodes>
16

<ratio of available edges>
0.3

<max length of the drone flight>
100000 

<D 2/3>
1, 2, 3, 4, 6, 7, 8, 9, 11, 13, 16

<V>
6, 7, 8, 9, 13

<coordinates X,Y>
926.5472627368827, 241.59261155128368
893.1782806413011, 813.600528377197
542.4278058986846, 779.6028852649964
968.1748404553307, 195.21540227188697
24.536691750620104, 101.35883701209374
617.3504402858937, 32.855173575395426
574.7221297295395, 320.8981861110392
14.035516362411583, 451.60627216810013
404.4037082110596, 730.3284807348383
808.5036639380254, 230.55313848114193
450.8442629949459, 226.03855881554676
801.9290294823104, 582.9294623954376
672.3401157295962, 245.74743487880474
856.6013413770585, 642.4166281981925
792.8808197016054, 62.01714892353458
424.37979029021426, 232.0318182904638

<adjacency matrix with truck distances>
1, 2, 573.0,606.0,-1
2, 1, 573.0,606.0,-1
1, 3, 662.0,923.0,-1
3, 1, 662.0,923.0,-1
1, 4, 63.0,89.0,-1
4, 1, 63.0,89.0,-1
1, 5, 913.0,1043.0,-1
5, 1, 913.0,1043.0,-1
1, 6, 374.0,518.0,-1
6, 1, 374.0,518.0,-1
1, 7, 361.0,432.0,-1
7, 1, 361.0,432.0,-1
1, 8, 937.0,1123.0,-1
8, 1, 937.0,1123.0,-1
1, 9, 716.0,1011.0,-1
9, 1, 716.0,1011.0,-1
1, 10, 119.0,130.0,1
10, 1, 119.0,130.0,1
1, 11, 476.0,492.0,-1
11, 1, 476.0,492.0,-1
1, 12, 364.0,466.0,-1
12, 1, 364.0,466.0,-1
1, 13, 255.0,259.0,-1
13, 1, 255.0,259.0,-1
1, 14, 407.0,471.0,-1
14, 1, 407.0,471.0,-1
1, 15, 224.0,314.0,-1
15, 1, 224.0,314.0,-1
1, 16, 503.0,512.0,-1
16, 1, 503.0,512.0,-1
1, 1, 0.0,0.0,1
2, 3, 353.0,385.0,-1
3, 2, 353.0,385.0,-1
2, 4, 623.0,694.0,-1
4, 2, 623.0,694.0,-1
2, 5, 1124.0,1581.0,-1
5, 2, 1124.0,1581.0,-1
2, 6, 829.0,1057.0,-1
6, 2, 829.0,1057.0,-1
2, 7, 587.0,812.0,1
7, 2, 587.0,812.0,1
2, 8, 951.0,1242.0,1
8, 2, 951.0,1242.0,1
2, 9, 496.0,573.0,-1
9, 2, 496.0,573.0,-1
2, 10, 590.0,668.0,1
10, 2, 590.0,668.0,1
2, 11, 736.0,1030.0,-1
11, 2, 736.0,1030.0,-1
2, 12, 249.0,322.0,1
12, 2, 249.0,322.0,1
2, 13, 610.0,789.0,1
13, 2, 610.0,789.0,1
2, 14, 176.0,208.0,-1
14, 2, 176.0,208.0,-1
2, 15, 759.0,852.0,-1
15, 2, 759.0,852.0,-1
2, 16, 747.0,1051.0,-1
16, 2, 747.0,1051.0,-1
2, 2, 0.0,0.0,1
3, 4, 724.0,1011.0,1
4, 3, 724.0,1011.0,1
3, 5, 854.0,1197.0,1
5, 3, 854.0,1197.0,1
3, 6, 751.0,822.0,1
6, 3, 751.0,822.0,1
3, 7, 460.0,491.0,-1
7, 3, 460.0,491.0,-1
3, 8, 622.0,857.0,-1
8, 3, 622.0,857.0,-1
3, 9, 147.0,188.0,-1
9, 3, 147.0,188.0,-1
3, 10, 611.0,816.0,-1
10, 3, 611.0,816.0,-1
3, 11, 562.0,646.0,1
11, 3, 562.0,646.0,1
3, 12, 326.0,457.0,-1
12, 3, 326.0,457.0,-1
3, 13, 550.0,664.0,-1
13, 3, 550.0,664.0,-1
3, 14, 343.0,452.0,-1
14, 3, 343.0,452.0,-1
3, 15, 761.0,969.0,-1
15, 3, 761.0,969.0,-1
3, 16, 561.0,666.0,-1
16, 3, 561.0,666.0,-1
3, 3, 0.0,0.0,1
4, 5, 949.0,1038.0,-1
5, 4, 949.0,1038.0,-1
4, 6, 387.0,514.0,-1
6, 4, 387.0,514.0,-1
4, 7, 414.0,520.0,-1
7, 4, 414.0,520.0,-1
4, 8, 988.0,1211.0,1
8, 4, 988.0,1211.0,1
4, 9, 778.0,1099.0,1
9, 4, 778.0,1099.0,1
4, 10, 164.0,196.0,1
10, 4, 164.0,196.0,1
4, 11, 519.0,549.0,1
11, 4, 519.0,549.0,1
4, 12, 422.0,554.0,-1
12, 4, 422.0,554.0,-1
4, 13, 301.0,347.0,1
13, 4, 301.0,347.0,1
4, 14, 461.0,559.0,1
14, 4, 461.0,559.0,1
4, 15, 221.0,309.0,-1
15, 4, 221.0,309.0,-1
4, 16, 546.0,581.0,-1
16, 4, 546.0,581.0,-1
4, 4, 0.0,0.0,1
5, 6, 597.0,662.0,-1
6, 5, 597.0,662.0,-1
5, 7, 593.0,770.0,-1
7, 5, 593.0,770.0,-1
5, 8, 351.0,361.0,-1
8, 5, 351.0,361.0,-1
5, 9, 735.0,1009.0,-1
9, 5, 735.0,1009.0,-1
5, 10, 795.0,914.0,-1
10, 5, 795.0,914.0,-1
5, 11, 445.0,551.0,-1
11, 5, 445.0,551.0,-1
5, 12, 915.0,1259.0,-1
12, 5, 915.0,1259.0,-1
5, 13, 664.0,793.0,-1
13, 5, 664.0,793.0,-1
5, 14, 993.0,1374.0,-1
14, 5, 993.0,1374.0,-1
5, 15, 770.0,808.0,-1
15, 5, 770.0,808.0,-1
5, 16, 421.0,531.0,-1
16, 5, 421.0,531.0,-1
5, 5, 0.0,0.0,1
6, 7, 292.0,331.0,1
7, 6, 292.0,331.0,1
6, 8, 735.0,1023.0,1
8, 6, 735.0,1023.0,1
6, 9, 730.0,911.0,-1
9, 6, 730.0,911.0,-1
6, 10, 275.0,389.0,-1
10, 6, 275.0,389.0,-1
6, 11, 256.0,360.0,-1
11, 6, 256.0,360.0,-1
6, 12, 581.0,735.0,-1
12, 6, 581.0,735.0,-1
6, 13, 220.0,268.0,1
13, 6, 220.0,268.0,1
6, 14, 655.0,849.0,-1
14, 6, 655.0,849.0,-1
6, 15, 178.0,205.0,-1
15, 6, 178.0,205.0,-1
6, 16, 278.0,393.0,-1
16, 6, 278.0,393.0,-1
6, 6, 0.0,0.0,1
7, 8, 576.0,692.0,-1
8, 7, 576.0,692.0,-1
7, 9, 444.0,580.0,-1
9, 7, 444.0,580.0,-1
7, 10, 251.0,325.0,1
10, 7, 251.0,325.0,1
7, 11, 157.0,219.0,-1
11, 7, 157.0,219.0,-1
7, 12, 347.0,490.0,1
12, 7, 347.0,490.0,1
7, 13, 124.0,173.0,1
13, 7, 124.0,173.0,1
7, 14, 428.0,604.0,-1
14, 7, 428.0,604.0,-1
7, 15, 339.0,478.0,1
15, 7, 339.0,478.0,1
7, 16, 175.0,240.0,-1
16, 7, 175.0,240.0,-1
7, 7, 0.0,0.0,1
8, 9, 480.0,670.0,1
9, 8, 480.0,670.0,1
8, 10, 825.0,1016.0,-1
10, 8, 825.0,1016.0,-1
8, 11, 492.0,663.0,1
11, 8, 492.0,663.0,1
8, 12, 799.0,920.0,-1
12, 8, 799.0,920.0,-1
8, 13, 690.0,865.0,1
13, 8, 690.0,865.0,1
8, 14, 864.0,1034.0,-1
14, 8, 864.0,1034.0,-1
8, 15, 871.0,1169.0,1
15, 8, 871.0,1169.0,1
8, 16, 466.0,630.0,-1
16, 8, 466.0,630.0,-1
8, 8, 0.0,0.0,1
9, 10, 643.0,904.0,1
10, 9, 643.0,904.0,1
9, 11, 507.0,551.0,-1
11, 9, 507.0,551.0,-1
9, 12, 424.0,545.0,-1
12, 9, 424.0,545.0,-1
9, 13, 554.0,753.0,1
13, 9, 554.0,753.0,1
9, 14, 461.0,541.0,-1
14, 9, 461.0,541.0,-1
9, 15, 774.0,1057.0,-1
15, 9, 774.0,1057.0,-1
9, 16, 499.0,519.0,-1
16, 9, 499.0,519.0,-1
9, 9, 0.0,0.0,1
10, 11, 358.0,363.0,-1
11, 10, 358.0,363.0,-1
10, 12, 353.0,359.0,1
12, 10, 353.0,359.0,1
10, 13, 138.0,152.0,-1
13, 10, 138.0,152.0,-1
10, 14, 415.0,460.0,-1
14, 10, 415.0,460.0,-1
10, 15, 170.0,185.0,-1
15, 10, 170.0,185.0,-1
10, 16, 385.0,386.0,-1
16, 10, 385.0,386.0,-1
10, 10, 0.0,0.0,1
11, 12, 501.0,708.0,1
12, 11, 501.0,708.0,1
11, 13, 223.0,242.0,-1
13, 11, 223.0,242.0,-1
11, 14, 582.0,823.0,1
14, 11, 582.0,823.0,1
11, 15, 380.0,507.0,-1
15, 11, 380.0,507.0,-1
11, 16, 28.0,33.0,-1
16, 11, 28.0,33.0,-1
11, 11, 0.0,0.0,1
12, 13, 362.0,467.0,-1
13, 12, 362.0,467.0,-1
12, 14, 81.0,115.0,-1
14, 12, 81.0,115.0,-1
12, 15, 521.0,530.0,1
15, 12, 521.0,530.0,1
12, 16, 516.0,729.0,-1
16, 12, 516.0,729.0,-1
12, 12, 0.0,0.0,1
13, 14, 438.0,581.0,1
14, 13, 438.0,581.0,1
13, 15, 220.0,305.0,1
15, 13, 220.0,305.0,1
13, 16, 249.0,262.0,-1
16, 13, 249.0,262.0,-1
13, 13, 0.0,0.0,1
14, 15, 584.0,645.0,-1
15, 14, 584.0,645.0,-1
14, 16, 597.0,843.0,-1
16, 14, 597.0,843.0,-1
14, 14, 0.0,0.0,1
15, 16, 406.0,539.0,1
16, 15, 406.0,539.0,1
15, 15, 0.0,0.0,1
16, 16, 0.0,0.0,1


<end>