<number of nodes>
16

<ratio of available edges>
0.3

<max length of the drone flight>
100000 

<D 2/3>
1, 2, 3, 5, 6, 8, 10, 11, 12, 14, 16

<V>
3, 5, 6, 11, 12

<coordinates X,Y>
196.69459283681826, 855.5500571178761
871.7164278753015, 586.4461268146763
532.6497518222593, 998.8504099324274
771.3877923810031, 434.4770552074208
839.6608470300749, 555.8706009057665
298.85646035789784, 356.41142730677024
647.3153996981735, 194.54622950030884
187.30049044385908, 888.3304089259066
108.17387776774102, 940.0799657664845
526.923023288326, 393.33938657069376
679.8348613499775, 397.3950853944665
987.532155609348, 627.2479986008311
578.7079823672167, 388.14861323691525
765.2441116662023, 770.2024095952937
284.72168001194143, 213.517884576104
452.7219501744759, 252.28029485151146

<adjacency matrix with truck distances>
1, 2, 727.0,945.0,-1
2, 1, 727.0,945.0,-1
1, 3, 366.0,480.0,1
3, 1, 366.0,480.0,1
1, 4, 713.0,996.0,1
4, 1, 713.0,996.0,1
1, 5, 710.0,943.0,-1
5, 1, 710.0,943.0,-1
1, 6, 510.0,602.0,1
6, 1, 510.0,602.0,1
1, 7, 800.0,1112.0,-1
7, 1, 800.0,1112.0,-1
1, 8, 35.0,43.0,-1
8, 1, 35.0,43.0,-1
1, 9, 123.0,174.0,-1
9, 1, 123.0,174.0,-1
1, 10, 569.0,793.0,-1
10, 1, 569.0,793.0,-1
1, 11, 666.0,942.0,-1
11, 1, 666.0,942.0,-1
1, 12, 824.0,1020.0,-1
12, 1, 824.0,1020.0,-1
1, 13, 604.0,850.0,-1
13, 1, 604.0,850.0,-1
1, 14, 575.0,654.0,1
14, 1, 575.0,654.0,1
1, 15, 649.0,731.0,-1
15, 1, 649.0,731.0,-1
1, 16, 656.0,860.0,-1
16, 1, 656.0,860.0,-1
1, 1, 0.0,0.0,1
2, 3, 534.0,752.0,1
3, 2, 534.0,752.0,1
2, 4, 183.0,253.0,1
4, 2, 183.0,253.0,1
2, 5, 45.0,63.0,-1
5, 2, 45.0,63.0,-1
2, 6, 618.0,803.0,-1
6, 2, 618.0,803.0,-1
2, 7, 452.0,617.0,-1
7, 2, 452.0,617.0,-1
2, 8, 749.0,987.0,1
8, 2, 749.0,987.0,1
2, 9, 842.0,1118.0,-1
9, 2, 842.0,1118.0,-1
2, 10, 396.0,538.0,1
10, 2, 396.0,538.0,1
2, 11, 270.0,381.0,-1
11, 2, 270.0,381.0,-1
2, 12, 123.0,157.0,1
12, 2, 123.0,157.0,1
2, 13, 354.0,492.0,-1
13, 2, 354.0,492.0,-1
2, 14, 213.0,291.0,-1
14, 2, 213.0,291.0,-1
2, 15, 696.0,960.0,1
15, 2, 696.0,960.0,1
2, 16, 536.0,754.0,1
16, 2, 536.0,754.0,1
2, 2, 0.0,0.0,1
3, 4, 613.0,804.0,-1
4, 3, 613.0,804.0,-1
3, 5, 539.0,750.0,-1
5, 3, 539.0,750.0,-1
3, 6, 684.0,877.0,1
6, 3, 684.0,877.0,1
3, 7, 813.0,919.0,1
7, 3, 813.0,919.0,1
3, 8, 363.0,456.0,-1
8, 3, 363.0,456.0,-1
3, 9, 429.0,484.0,1
9, 3, 429.0,484.0,1
3, 10, 606.0,612.0,1
10, 3, 606.0,612.0,1
3, 11, 620.0,749.0,-1
11, 3, 620.0,749.0,-1
3, 12, 588.0,827.0,-1
12, 3, 588.0,827.0,-1
3, 13, 613.0,657.0,-1
13, 3, 613.0,657.0,-1
3, 14, 327.0,462.0,-1
14, 3, 327.0,462.0,-1
3, 15, 824.0,1034.0,-1
15, 3, 824.0,1034.0,-1
3, 16, 751.0,827.0,-1
16, 3, 751.0,827.0,-1
3, 3, 0.0,0.0,1
4, 5, 140.0,190.0,-1
5, 4, 140.0,190.0,-1
4, 6, 479.0,551.0,-1
6, 4, 479.0,551.0,-1
4, 7, 271.0,365.0,1
7, 4, 271.0,365.0,1
4, 8, 740.0,1038.0,-1
8, 4, 740.0,1038.0,-1
4, 9, 834.0,1169.0,1
9, 4, 834.0,1169.0,1
4, 10, 248.0,286.0,-1
10, 4, 248.0,286.0,-1
4, 11, 99.0,129.0,-1
11, 4, 99.0,129.0,-1
4, 12, 290.0,409.0,-1
12, 4, 290.0,409.0,-1
4, 13, 199.0,240.0,-1
13, 4, 199.0,240.0,-1
4, 14, 336.0,342.0,1
14, 4, 336.0,342.0,1
4, 15, 535.0,708.0,1
15, 4, 535.0,708.0,1
4, 16, 368.0,501.0,-1
16, 4, 368.0,501.0,-1
4, 4, 0.0,0.0,1
5, 6, 577.0,741.0,-1
6, 5, 577.0,741.0,-1
5, 7, 410.0,554.0,-1
7, 5, 410.0,554.0,-1
5, 8, 733.0,985.0,-1
8, 5, 733.0,985.0,-1
5, 9, 827.0,1116.0,-1
9, 5, 827.0,1116.0,-1
5, 10, 353.0,476.0,-1
10, 5, 353.0,476.0,-1
5, 11, 226.0,319.0,-1
11, 5, 226.0,319.0,-1
5, 12, 165.0,220.0,1
12, 5, 165.0,220.0,1
5, 13, 311.0,429.0,1
13, 5, 311.0,429.0,1
5, 14, 227.0,289.0,-1
14, 5, 227.0,289.0,-1
5, 15, 653.0,898.0,1
15, 5, 653.0,898.0,1
5, 16, 492.0,691.0,-1
16, 5, 492.0,691.0,-1
5, 5, 0.0,0.0,1
6, 7, 385.0,511.0,-1
7, 6, 385.0,511.0,-1
6, 8, 544.0,644.0,-1
8, 6, 544.0,644.0,-1
6, 9, 615.0,775.0,-1
9, 6, 615.0,775.0,-1
6, 10, 232.0,265.0,-1
10, 6, 232.0,265.0,-1
6, 11, 384.0,422.0,-1
11, 6, 384.0,422.0,-1
6, 12, 741.0,960.0,1
12, 6, 741.0,960.0,1
6, 13, 282.0,312.0,-1
13, 6, 282.0,312.0,-1
6, 14, 624.0,881.0,-1
14, 6, 624.0,881.0,-1
6, 15, 144.0,158.0,-1
15, 6, 144.0,158.0,-1
6, 16, 186.0,258.0,-1
16, 6, 186.0,258.0,-1
6, 6, 0.0,0.0,1
7, 8, 833.0,1154.0,-1
8, 7, 833.0,1154.0,-1
7, 9, 921.0,1285.0,1
9, 7, 921.0,1285.0,1
7, 10, 233.0,320.0,-1
10, 7, 233.0,320.0,-1
7, 11, 206.0,236.0,-1
11, 7, 206.0,236.0,-1
7, 12, 551.0,773.0,1
12, 7, 551.0,773.0,1
7, 13, 206.0,263.0,1
13, 7, 206.0,263.0,1
7, 14, 588.0,694.0,-1
14, 7, 588.0,694.0,-1
7, 15, 364.0,382.0,-1
15, 7, 364.0,382.0,-1
7, 16, 203.0,253.0,-1
16, 7, 203.0,253.0,-1
7, 7, 0.0,0.0,1
8, 9, 95.0,131.0,-1
9, 8, 95.0,131.0,-1
8, 10, 601.0,835.0,1
10, 8, 601.0,835.0,1
8, 11, 696.0,984.0,1
11, 8, 696.0,984.0,1
8, 12, 842.0,1062.0,-1
12, 8, 842.0,1062.0,-1
8, 13, 636.0,892.0,1
13, 8, 636.0,892.0,1
8, 14, 590.0,697.0,1
14, 8, 590.0,697.0,1
8, 15, 682.0,773.0,-1
15, 8, 682.0,773.0,-1
8, 16, 690.0,902.0,1
16, 8, 690.0,902.0,1
8, 8, 0.0,0.0,1
9, 10, 689.0,966.0,1
10, 9, 689.0,966.0,1
9, 11, 789.0,1115.0,-1
11, 9, 789.0,1115.0,-1
9, 12, 934.0,1193.0,1
12, 9, 934.0,1193.0,1
9, 13, 726.0,1023.0,-1
13, 9, 726.0,1023.0,-1
9, 14, 679.0,827.0,-1
14, 9, 679.0,827.0,-1
9, 15, 748.0,904.0,-1
15, 9, 748.0,904.0,-1
9, 16, 770.0,1033.0,-1
16, 9, 770.0,1033.0,-1
9, 9, 0.0,0.0,1
10, 11, 153.0,157.0,-1
11, 10, 153.0,157.0,-1
10, 12, 517.0,695.0,1
12, 10, 517.0,695.0,1
10, 13, 53.0,57.0,-1
13, 10, 53.0,57.0,-1
10, 14, 446.0,616.0,-1
14, 10, 446.0,616.0,-1
10, 15, 302.0,423.0,-1
15, 10, 302.0,423.0,-1
10, 16, 160.0,216.0,-1
16, 10, 160.0,216.0,-1
10, 10, 0.0,0.0,1
11, 12, 385.0,538.0,-1
12, 11, 385.0,538.0,-1
11, 13, 102.0,111.0,-1
13, 11, 102.0,111.0,-1
11, 14, 383.0,459.0,-1
14, 11, 383.0,459.0,-1
11, 15, 436.0,579.0,-1
15, 11, 436.0,579.0,-1
11, 16, 270.0,373.0,-1
16, 11, 270.0,373.0,-1
11, 11, 0.0,0.0,1
12, 13, 474.0,648.0,-1
13, 12, 474.0,648.0,-1
12, 14, 265.0,366.0,1
14, 12, 265.0,366.0,1
12, 15, 816.0,1117.0,-1
15, 12, 816.0,1117.0,-1
12, 16, 654.0,910.0,1
16, 12, 654.0,910.0,1
12, 12, 0.0,0.0,1
13, 14, 426.0,569.0,-1
14, 13, 426.0,569.0,-1
13, 15, 342.0,469.0,-1
15, 13, 342.0,469.0,-1
13, 16, 186.0,262.0,-1
16, 13, 186.0,262.0,-1
13, 13, 0.0,0.0,1
14, 15, 736.0,1038.0,-1
15, 14, 736.0,1038.0,-1
14, 16, 605.0,831.0,-1
16, 14, 605.0,831.0,-1
14, 14, 0.0,0.0,1
15, 16, 173.0,207.0,-1
16, 15, 173.0,207.0,-1
15, 15, 0.0,0.0,1
16, 16, 0.0,0.0,1


<end>