<number of nodes>
16

<ratio of available edges>
0.3

<max length of the drone flight>
100000 

<D 2/3>
1, 2, 4, 6, 7, 9, 10, 12, 13, 14, 15

<V>
4, 7, 10, 13, 15

<coordinates X,Y>
835.9368864094953, 640.9677117053607
390.957050475829, 567.5318559876458
977.8411896036326, 186.32306126841502
622.7261669414337, 521.2453608442474
567.1479450512908, 490.9536833864071
591.5032360354749, 466.21424303459264
791.6817990542614, 278.72957560492785
260.59216908800147, 895.3308022032543
796.4529100640543, 98.73700938194945
521.0580168499105, 743.9653981695699
234.34144882843586, 91.67415516849417
473.80326290782114, 634.7124006475764
61.18253478046581, 695.8052609703523
966.6094384214094, 820.9035029133705
68.6525465205036, 641.8587683700181
149.94601827546944, 121.61317048624478

<adjacency matrix with truck distances>
1, 2, 451.0,519.0,-1
2, 1, 451.0,519.0,-1
1, 3, 477.0,597.0,-1
3, 1, 477.0,597.0,-1
1, 4, 245.0,333.0,-1
4, 1, 245.0,333.0,-1
1, 5, 308.0,419.0,-1
5, 1, 308.0,419.0,-1
1, 6, 301.0,420.0,-1
6, 1, 301.0,420.0,-1
1, 7, 365.0,407.0,1
7, 1, 365.0,407.0,1
1, 8, 630.0,830.0,-1
8, 1, 630.0,830.0,-1
1, 9, 544.0,582.0,-1
9, 1, 544.0,582.0,-1
1, 10, 332.0,418.0,-1
10, 1, 332.0,418.0,-1
1, 11, 815.0,1151.0,1
11, 1, 815.0,1151.0,1
1, 12, 363.0,369.0,-1
12, 1, 363.0,369.0,-1
1, 13, 777.0,830.0,-1
13, 1, 777.0,830.0,-1
1, 14, 223.0,311.0,-1
14, 1, 223.0,311.0,-1
1, 15, 768.0,769.0,-1
15, 1, 768.0,769.0,-1
1, 16, 861.0,1206.0,-1
16, 1, 861.0,1206.0,-1
1, 1, 0.0,0.0,1
2, 3, 700.0,969.0,-1
3, 2, 700.0,969.0,-1
2, 4, 237.0,279.0,-1
4, 2, 237.0,279.0,-1
2, 5, 193.0,253.0,-1
5, 2, 193.0,253.0,-1
2, 6, 225.0,302.0,-1
6, 2, 225.0,302.0,-1
2, 7, 494.0,690.0,-1
7, 2, 494.0,690.0,-1
2, 8, 353.0,459.0,-1
8, 2, 353.0,459.0,-1
2, 9, 620.0,875.0,1
9, 2, 620.0,875.0,1
2, 10, 220.0,307.0,-1
10, 2, 220.0,307.0,-1
2, 11, 501.0,633.0,-1
11, 2, 501.0,633.0,-1
2, 12, 107.0,151.0,-1
12, 2, 107.0,151.0,-1
2, 13, 354.0,459.0,-1
13, 2, 354.0,459.0,-1
2, 14, 629.0,830.0,-1
14, 2, 629.0,830.0,-1
2, 15, 331.0,397.0,1
15, 2, 331.0,397.0,1
2, 16, 507.0,687.0,-1
16, 2, 507.0,687.0,-1
2, 2, 0.0,0.0,1
3, 4, 489.0,691.0,-1
4, 3, 489.0,691.0,-1
3, 5, 512.0,716.0,-1
5, 3, 512.0,716.0,-1
3, 6, 478.0,667.0,1
6, 3, 478.0,667.0,1
3, 7, 208.0,279.0,-1
7, 3, 208.0,279.0,-1
3, 8, 1009.0,1427.0,-1
8, 3, 1009.0,1427.0,-1
3, 9, 202.0,269.0,-1
9, 3, 202.0,269.0,-1
3, 10, 721.0,1015.0,1
10, 3, 721.0,1015.0,1
3, 11, 750.0,839.0,1
11, 3, 750.0,839.0,1
3, 12, 675.0,953.0,1
12, 3, 675.0,953.0,1
3, 13, 1049.0,1427.0,-1
13, 3, 1049.0,1427.0,-1
3, 14, 635.0,646.0,-1
14, 3, 635.0,646.0,-1
3, 15, 1017.0,1365.0,1
15, 3, 1017.0,1365.0,1
3, 16, 831.0,893.0,1
16, 3, 831.0,893.0,1
3, 3, 0.0,0.0,1
4, 5, 64.0,86.0,-1
5, 4, 64.0,86.0,-1
4, 6, 64.0,87.0,-1
6, 4, 64.0,87.0,-1
4, 7, 296.0,412.0,-1
7, 4, 296.0,412.0,-1
4, 8, 521.0,737.0,-1
8, 4, 521.0,737.0,-1
4, 9, 457.0,597.0,1
9, 4, 457.0,597.0,1
4, 10, 245.0,325.0,-1
10, 4, 245.0,325.0,-1
4, 11, 580.0,818.0,1
11, 4, 580.0,818.0,1
4, 12, 188.0,263.0,-1
12, 4, 188.0,263.0,-1
4, 13, 589.0,737.0,-1
13, 4, 589.0,737.0,-1
4, 14, 457.0,644.0,-1
14, 4, 457.0,644.0,-1
4, 15, 568.0,675.0,-1
15, 4, 568.0,675.0,-1
4, 16, 620.0,873.0,-1
16, 4, 620.0,873.0,-1
4, 4, 0.0,0.0,1
5, 6, 35.0,50.0,-1
6, 5, 35.0,50.0,-1
5, 7, 309.0,437.0,1
7, 5, 309.0,437.0,1
5, 8, 508.0,711.0,-1
8, 5, 508.0,711.0,-1
5, 9, 455.0,622.0,1
9, 5, 455.0,622.0,1
5, 10, 258.0,300.0,-1
10, 5, 258.0,300.0,-1
5, 11, 520.0,733.0,-1
11, 5, 520.0,733.0,-1
5, 12, 172.0,238.0,-1
12, 5, 172.0,238.0,-1
5, 13, 546.0,711.0,1
13, 5, 546.0,711.0,1
5, 14, 519.0,730.0,1
14, 5, 519.0,730.0,1
5, 15, 521.0,650.0,-1
15, 5, 521.0,650.0,-1
5, 16, 558.0,787.0,1
16, 5, 558.0,787.0,1
5, 5, 0.0,0.0,1
6, 7, 275.0,388.0,1
7, 6, 275.0,388.0,1
6, 8, 542.0,761.0,-1
8, 6, 542.0,761.0,-1
6, 9, 421.0,573.0,1
9, 6, 421.0,573.0,1
6, 10, 287.0,349.0,-1
10, 6, 287.0,349.0,-1
6, 11, 518.0,732.0,1
11, 6, 518.0,732.0,1
6, 12, 206.0,287.0,1
12, 6, 206.0,287.0,1
6, 13, 578.0,760.0,-1
13, 6, 578.0,760.0,-1
6, 14, 517.0,730.0,1
14, 6, 517.0,730.0,1
6, 15, 552.0,699.0,-1
15, 6, 552.0,699.0,-1
6, 16, 561.0,787.0,1
16, 6, 561.0,787.0,1
6, 6, 0.0,0.0,1
7, 8, 814.0,1148.0,1
8, 7, 814.0,1148.0,1
7, 9, 181.0,185.0,-1
9, 7, 181.0,185.0,-1
7, 10, 539.0,736.0,-1
10, 7, 539.0,736.0,-1
7, 11, 588.0,745.0,1
11, 7, 588.0,745.0,1
7, 12, 478.0,674.0,-1
12, 7, 478.0,674.0,-1
7, 13, 842.0,1148.0,-1
13, 7, 842.0,1148.0,-1
7, 14, 570.0,718.0,1
14, 7, 570.0,718.0,1
7, 15, 810.0,1087.0,-1
15, 7, 810.0,1087.0,-1
7, 16, 661.0,799.0,1
16, 7, 661.0,799.0,1
7, 7, 0.0,0.0,1
8, 9, 961.0,1333.0,-1
9, 8, 961.0,1333.0,-1
8, 10, 302.0,412.0,-1
10, 8, 302.0,412.0,-1
8, 11, 805.0,830.0,1
11, 8, 805.0,830.0,1
8, 12, 337.0,474.0,1
12, 8, 337.0,474.0,1
8, 13, 283.0,399.0,-1
13, 8, 283.0,399.0,-1
8, 14, 710.0,781.0,-1
14, 8, 710.0,781.0,-1
8, 15, 318.0,446.0,-1
15, 8, 318.0,446.0,-1
8, 16, 782.0,885.0,1
16, 8, 782.0,885.0,1
8, 8, 0.0,0.0,1
9, 10, 702.0,921.0,-1
10, 9, 702.0,921.0,-1
9, 11, 563.0,570.0,-1
11, 9, 563.0,570.0,-1
9, 12, 626.0,859.0,-1
12, 9, 626.0,859.0,-1
9, 13, 948.0,1333.0,1
13, 9, 948.0,1333.0,1
9, 14, 742.0,893.0,-1
14, 9, 742.0,893.0,-1
9, 15, 909.0,1271.0,-1
15, 9, 909.0,1271.0,-1
9, 16, 647.0,670.0,-1
16, 9, 647.0,670.0,-1
9, 9, 0.0,0.0,1
10, 11, 713.0,940.0,-1
11, 10, 713.0,940.0,-1
10, 12, 120.0,157.0,1
12, 10, 120.0,157.0,1
10, 13, 463.0,509.0,-1
13, 10, 463.0,509.0,-1
10, 14, 453.0,523.0,1
14, 10, 453.0,523.0,1
10, 15, 464.0,555.0,-1
15, 10, 464.0,555.0,-1
10, 16, 725.0,994.0,-1
16, 10, 725.0,994.0,-1
10, 10, 0.0,0.0,1
11, 12, 594.0,783.0,1
12, 11, 594.0,783.0,1
11, 13, 629.0,778.0,-1
13, 11, 629.0,778.0,-1
11, 14, 1034.0,1462.0,1
14, 11, 1034.0,1462.0,1
11, 15, 575.0,716.0,-1
15, 11, 575.0,716.0,-1
11, 16, 90.0,115.0,-1
16, 11, 90.0,115.0,-1
11, 11, 0.0,0.0,1
12, 13, 418.0,474.0,-1
13, 12, 418.0,474.0,-1
12, 14, 527.0,679.0,-1
14, 12, 527.0,679.0,-1
12, 15, 406.0,413.0,-1
15, 12, 406.0,413.0,-1
12, 16, 607.0,837.0,-1
16, 12, 607.0,837.0,-1
12, 12, 0.0,0.0,1
13, 14, 915.0,1031.0,1
14, 13, 915.0,1031.0,1
13, 15, 55.0,62.0,-1
15, 13, 55.0,62.0,-1
13, 16, 582.0,663.0,-1
16, 13, 582.0,663.0,-1
13, 13, 0.0,0.0,1
14, 15, 916.0,1078.0,-1
15, 14, 916.0,1078.0,-1
14, 16, 1076.0,1516.0,-1
16, 14, 1076.0,1516.0,-1
14, 14, 0.0,0.0,1
15, 16, 527.0,602.0,-1
16, 15, 527.0,602.0,-1
15, 15, 0.0,0.0,1
16, 16, 0.0,0.0,1


<end>