<number of nodes>
16

<ratio of available edges>
0.3

<max length of the drone flight>
100000 

<D 2/3>
1, 2, 3, 4, 5, 7, 8, 13, 14, 15, 16

<V>
3, 5, 14, 15, 16

<coordinates X,Y>
576.3515836121378, 456.9502482442039
849.5901106563167, 783.5062060380386
807.1062680911806, 191.20318895943703
707.9595761602259, 321.3548510340579
94.9231157106855, 787.0891146980065
829.1063703235648, 119.31133917003719
229.85777513996663, 575.5304288570524
464.8617194438457, 299.46676852157003
861.2441709107727, 58.66852704391827
65.2751882591883, 758.7536077896979
706.1365812007177, 528.6272110684941
496.20247771499163, 327.320734073304
296.2002159764806, 914.2668048892875
356.65216174861956, 220.128449361962
871.5591025898394, 11.366958256071479
783.4848241533583, 75.98199798575493

<adjacency matrix with truck distances>
1, 2, 426.0,600.0,-1
2, 1, 426.0,600.0,-1
1, 3, 352.0,497.0,1
3, 1, 352.0,497.0,1
1, 4, 189.0,268.0,-1
4, 1, 189.0,268.0,-1
1, 5, 584.0,812.0,1
5, 1, 584.0,812.0,1
1, 6, 422.0,591.0,-1
6, 1, 422.0,591.0,-1
1, 7, 367.0,466.0,-1
7, 1, 367.0,466.0,-1
1, 8, 193.0,269.0,1
8, 1, 193.0,269.0,1
1, 9, 490.0,684.0,-1
9, 1, 490.0,684.0,-1
1, 10, 594.0,813.0,-1
10, 1, 594.0,813.0,-1
1, 11, 149.0,202.0,-1
11, 1, 149.0,202.0,-1
1, 12, 153.0,210.0,-1
12, 1, 153.0,210.0,-1
1, 13, 537.0,738.0,-1
13, 1, 537.0,738.0,-1
1, 14, 324.0,457.0,-1
14, 1, 324.0,457.0,-1
1, 15, 535.0,741.0,-1
15, 1, 535.0,741.0,-1
1, 16, 434.0,589.0,-1
16, 1, 434.0,589.0,-1
1, 1, 0.0,0.0,1
2, 3, 594.0,635.0,-1
3, 2, 594.0,635.0,-1
2, 4, 484.0,604.0,-1
4, 2, 484.0,604.0,-1
2, 5, 755.0,759.0,-1
5, 2, 755.0,759.0,-1
2, 6, 665.0,685.0,1
6, 2, 665.0,685.0,1
2, 7, 654.0,828.0,-1
7, 2, 654.0,828.0,-1
2, 8, 619.0,869.0,-1
8, 2, 619.0,869.0,-1
2, 9, 725.0,737.0,1
9, 2, 725.0,737.0,1
2, 10, 785.0,810.0,-1
10, 2, 785.0,810.0,-1
2, 11, 293.0,399.0,-1
11, 2, 293.0,399.0,-1
2, 12, 578.0,810.0,-1
12, 2, 578.0,810.0,-1
2, 13, 569.0,685.0,1
13, 2, 569.0,685.0,1
2, 14, 749.0,1057.0,-1
14, 2, 749.0,1057.0,-1
2, 15, 773.0,795.0,1
15, 2, 773.0,795.0,1
2, 16, 711.0,774.0,-1
16, 2, 711.0,774.0,-1
2, 2, 0.0,0.0,1
3, 4, 164.0,230.0,-1
4, 3, 164.0,230.0,-1
3, 5, 929.0,1309.0,1
5, 3, 929.0,1309.0,1
3, 6, 76.0,94.0,1
6, 3, 76.0,94.0,1
3, 7, 694.0,962.0,1
7, 3, 694.0,962.0,1
3, 8, 359.0,451.0,1
8, 3, 359.0,451.0,1
3, 9, 144.0,187.0,-1
9, 3, 144.0,187.0,-1
3, 10, 935.0,1310.0,-1
10, 3, 935.0,1310.0,-1
3, 11, 353.0,439.0,-1
11, 3, 353.0,439.0,-1
3, 12, 340.0,448.0,1
12, 3, 340.0,448.0,1
3, 13, 886.0,1234.0,-1
13, 3, 886.0,1234.0,-1
3, 14, 452.0,480.0,1
14, 3, 452.0,480.0,1
3, 15, 192.0,245.0,1
15, 3, 192.0,245.0,1
3, 16, 118.0,139.0,-1
16, 3, 118.0,139.0,-1
3, 3, 0.0,0.0,1
4, 5, 770.0,1079.0,1
5, 4, 770.0,1079.0,1
4, 6, 236.0,324.0,-1
6, 4, 236.0,324.0,-1
4, 7, 542.0,733.0,-1
7, 4, 542.0,733.0,-1
4, 8, 245.0,265.0,-1
8, 4, 245.0,265.0,-1
4, 9, 305.0,416.0,-1
9, 4, 305.0,416.0,-1
4, 10, 778.0,1081.0,-1
10, 4, 778.0,1081.0,-1
4, 11, 208.0,210.0,1
11, 4, 208.0,210.0,1
4, 12, 212.0,218.0,-1
12, 4, 212.0,218.0,-1
4, 13, 722.0,1005.0,-1
13, 4, 722.0,1005.0,-1
4, 14, 366.0,453.0,1
14, 4, 366.0,453.0,1
4, 15, 351.0,474.0,-1
15, 4, 351.0,474.0,-1
4, 16, 257.0,321.0,-1
16, 4, 257.0,321.0,-1
4, 4, 0.0,0.0,1
5, 6, 993.0,1402.0,-1
6, 5, 993.0,1402.0,-1
5, 7, 251.0,347.0,-1
7, 5, 251.0,347.0,-1
5, 8, 613.0,858.0,1
8, 5, 613.0,858.0,1
5, 9, 1058.0,1495.0,-1
9, 5, 1058.0,1495.0,-1
5, 10, 42.0,58.0,-1
10, 5, 42.0,58.0,-1
5, 11, 664.0,870.0,-1
11, 5, 664.0,870.0,-1
5, 12, 611.0,862.0,-1
12, 5, 611.0,862.0,-1
5, 13, 239.0,329.0,-1
13, 5, 239.0,329.0,-1
5, 14, 625.0,829.0,1
14, 5, 625.0,829.0,1
5, 15, 1098.0,1553.0,1
15, 5, 1098.0,1553.0,1
5, 16, 990.0,1400.0,-1
16, 5, 990.0,1400.0,-1
5, 5, 0.0,0.0,1
6, 7, 754.0,1056.0,-1
7, 6, 754.0,1056.0,-1
6, 8, 407.0,545.0,-1
8, 6, 407.0,545.0,-1
6, 9, 69.0,93.0,-1
9, 6, 69.0,93.0,-1
6, 10, 997.0,1404.0,-1
10, 6, 997.0,1404.0,-1
6, 11, 428.0,533.0,-1
11, 6, 428.0,533.0,-1
6, 12, 393.0,541.0,1
12, 6, 393.0,541.0,1
6, 13, 958.0,1328.0,1
13, 6, 958.0,1328.0,1
6, 14, 484.0,574.0,-1
14, 6, 484.0,574.0,-1
6, 15, 116.0,151.0,-1
15, 6, 116.0,151.0,-1
6, 16, 63.0,89.0,1
16, 6, 63.0,89.0,1
6, 6, 0.0,0.0,1
7, 8, 363.0,512.0,-1
8, 7, 363.0,512.0,-1
7, 9, 816.0,1149.0,-1
9, 7, 816.0,1149.0,-1
7, 10, 247.0,348.0,1
10, 7, 247.0,348.0,1
7, 11, 479.0,524.0,-1
11, 7, 479.0,524.0,-1
7, 12, 365.0,515.0,1
12, 7, 365.0,515.0,1
7, 13, 346.0,406.0,-1
13, 7, 346.0,406.0,-1
7, 14, 378.0,483.0,-1
14, 7, 378.0,483.0,-1
7, 15, 855.0,1206.0,-1
15, 7, 855.0,1206.0,-1
7, 16, 746.0,1054.0,-1
16, 7, 746.0,1054.0,-1
7, 7, 0.0,0.0,1
8, 9, 464.0,638.0,-1
9, 8, 464.0,638.0,-1
8, 10, 609.0,859.0,-1
10, 8, 609.0,859.0,-1
8, 11, 333.0,471.0,1
11, 8, 333.0,471.0,1
8, 12, 42.0,60.0,-1
12, 8, 42.0,60.0,-1
8, 13, 638.0,784.0,1
13, 8, 638.0,784.0,1
8, 14, 135.0,188.0,-1
14, 8, 135.0,188.0,-1
8, 15, 499.0,695.0,-1
15, 8, 499.0,695.0,-1
8, 16, 390.0,543.0,-1
16, 8, 390.0,543.0,-1
8, 8, 0.0,0.0,1
9, 10, 1061.0,1497.0,-1
10, 9, 1061.0,1497.0,-1
9, 11, 495.0,626.0,-1
11, 9, 495.0,626.0,-1
9, 12, 454.0,634.0,-1
12, 9, 454.0,634.0,-1
9, 13, 1026.0,1421.0,1
13, 9, 1026.0,1421.0,1
9, 14, 530.0,667.0,-1
14, 9, 530.0,667.0,-1
9, 15, 49.0,58.0,-1
15, 9, 49.0,58.0,-1
9, 16, 80.0,96.0,-1
16, 9, 80.0,96.0,-1
9, 9, 0.0,0.0,1
10, 11, 681.0,871.0,1
11, 10, 681.0,871.0,1
10, 12, 610.0,863.0,-1
12, 10, 610.0,863.0,-1
10, 13, 279.0,387.0,1
13, 10, 279.0,387.0,1
10, 14, 613.0,831.0,-1
14, 10, 613.0,831.0,-1
10, 15, 1100.0,1554.0,-1
15, 10, 1100.0,1554.0,-1
10, 16, 991.0,1401.0,1
16, 10, 991.0,1401.0,1
10, 10, 0.0,0.0,1
11, 12, 291.0,412.0,-1
12, 11, 291.0,412.0,-1
11, 13, 563.0,796.0,-1
13, 11, 563.0,796.0,-1
11, 14, 467.0,658.0,1
14, 11, 467.0,658.0,1
11, 15, 544.0,683.0,1
15, 11, 544.0,683.0,1
11, 16, 460.0,530.0,-1
16, 11, 460.0,530.0,-1
11, 11, 0.0,0.0,1
12, 13, 621.0,787.0,1
13, 12, 621.0,787.0,1
12, 14, 176.0,247.0,1
14, 12, 176.0,247.0,1
12, 15, 491.0,692.0,-1
15, 12, 491.0,692.0,-1
12, 16, 382.0,539.0,-1
16, 12, 382.0,539.0,-1
12, 12, 0.0,0.0,1
13, 14, 697.0,755.0,1
14, 13, 697.0,755.0,1
13, 15, 1071.0,1479.0,-1
15, 13, 1071.0,1479.0,-1
13, 16, 970.0,1326.0,-1
16, 13, 970.0,1326.0,-1
13, 13, 0.0,0.0,1
14, 15, 556.0,724.0,-1
15, 14, 556.0,724.0,-1
14, 16, 451.0,571.0,-1
16, 14, 451.0,571.0,-1
14, 14, 0.0,0.0,1
15, 16, 110.0,153.0,-1
16, 15, 110.0,153.0,-1
15, 15, 0.0,0.0,1
16, 16, 0.0,0.0,1


<end>