<number of nodes>
16

<ratio of available edges>
0.3

<max length of the drone flight>
100000 

<D 2/3>
1, 3, 4, 5, 6, 7, 8, 9, 13, 14, 15

<V>
3, 5, 6, 8, 15

<coordinates X,Y>
923.5583969059381, 604.012563778745
295.19075727453094, 302.1451047026996
825.1091615969502, 392.7945475159072
486.7484906764964, 164.75326131868871
51.5617254996888, 238.35125286418506
299.6082628655973, 430.00007144827975
23.107324383183986, 164.09235991770467
799.884781726479, 751.1786718335583
462.29481968589465, 135.7517825465928
132.9126893526463, 354.80712209082856
769.2110983092721, 140.1909572231454
120.15424574998275, 693.482728156116
9.556486800036913, 818.4276011114492
514.110599281867, 490.71402030883917
87.39482400807756, 481.9754769799885
123.74581694511149, 765.908098942918

<adjacency matrix with truck distances>
1, 2, 698.0,931.0,1
2, 1, 698.0,931.0,1
1, 3, 234.0,310.0,-1
3, 1, 234.0,310.0,-1
1, 4, 620.0,877.0,1
4, 1, 620.0,877.0,1
1, 5, 946.0,1238.0,-1
5, 1, 946.0,1238.0,-1
1, 6, 648.0,798.0,1
6, 1, 648.0,798.0,1
1, 7, 1003.0,1341.0,1
7, 1, 1003.0,1341.0,1
1, 8, 193.0,271.0,-1
8, 1, 193.0,271.0,-1
1, 9, 658.0,930.0,-1
9, 1, 658.0,930.0,-1
1, 10, 829.0,1040.0,1
10, 1, 829.0,1040.0,1
1, 11, 489.0,619.0,-1
11, 1, 489.0,619.0,-1
1, 12, 809.0,893.0,1
12, 1, 809.0,893.0,1
1, 13, 939.0,1129.0,-1
13, 1, 939.0,1129.0,-1
1, 14, 425.0,523.0,1
14, 1, 425.0,523.0,1
1, 15, 846.0,959.0,-1
15, 1, 846.0,959.0,-1
1, 16, 817.0,962.0,-1
16, 1, 817.0,962.0,-1
1, 1, 0.0,0.0,1
2, 3, 538.0,621.0,-1
3, 2, 538.0,621.0,-1
2, 4, 236.0,329.0,-1
4, 2, 236.0,329.0,-1
2, 5, 252.0,308.0,-1
5, 2, 252.0,308.0,-1
2, 6, 128.0,133.0,1
6, 2, 128.0,133.0,1
2, 7, 306.0,411.0,-1
7, 2, 306.0,411.0,-1
2, 8, 676.0,954.0,-1
8, 2, 676.0,954.0,-1
2, 9, 236.0,334.0,-1
9, 2, 236.0,334.0,-1
2, 10, 171.0,215.0,-1
10, 2, 171.0,215.0,-1
2, 11, 501.0,636.0,-1
11, 2, 501.0,636.0,-1
2, 12, 429.0,567.0,1
12, 2, 429.0,567.0,1
2, 13, 591.0,802.0,-1
13, 2, 591.0,802.0,-1
2, 14, 289.0,408.0,-1
14, 2, 289.0,408.0,-1
2, 15, 275.0,388.0,-1
15, 2, 275.0,388.0,-1
2, 16, 495.0,636.0,1
16, 2, 495.0,636.0,1
2, 2, 0.0,0.0,1
3, 4, 409.0,567.0,1
4, 3, 409.0,567.0,1
3, 5, 789.0,928.0,-1
5, 3, 789.0,928.0,-1
3, 6, 527.0,563.0,1
6, 3, 527.0,563.0,1
3, 7, 834.0,1031.0,-1
7, 3, 834.0,1031.0,-1
3, 8, 360.0,384.0,-1
8, 3, 360.0,384.0,-1
3, 9, 445.0,620.0,-1
9, 3, 445.0,620.0,-1
3, 10, 694.0,731.0,-1
10, 3, 694.0,731.0,-1
3, 11, 259.0,309.0,-1
11, 3, 259.0,309.0,-1
3, 12, 767.0,1006.0,-1
12, 3, 767.0,1006.0,-1
3, 13, 920.0,1242.0,-1
13, 3, 920.0,1242.0,-1
3, 14, 327.0,409.0,-1
14, 3, 327.0,409.0,-1
3, 15, 744.0,827.0,1
15, 3, 744.0,827.0,1
3, 16, 795.0,1075.0,-1
16, 3, 795.0,1075.0,-1
3, 3, 0.0,0.0,1
4, 5, 442.0,509.0,-1
5, 4, 442.0,509.0,-1
4, 6, 325.0,453.0,-1
6, 4, 325.0,453.0,-1
4, 7, 464.0,465.0,-1
7, 4, 464.0,465.0,-1
4, 8, 665.0,900.0,-1
8, 4, 665.0,900.0,-1
4, 9, 38.0,54.0,-1
9, 4, 38.0,54.0,-1
4, 10, 402.0,544.0,-1
10, 4, 402.0,544.0,-1
4, 11, 284.0,308.0,1
11, 4, 284.0,308.0,1
4, 12, 644.0,896.0,1
12, 4, 644.0,896.0,1
4, 13, 810.0,1131.0,-1
13, 4, 810.0,1131.0,-1
4, 14, 328.0,354.0,-1
14, 4, 328.0,354.0,-1
4, 15, 511.0,717.0,-1
15, 4, 511.0,717.0,-1
4, 16, 703.0,965.0,-1
16, 4, 703.0,965.0,-1
4, 4, 0.0,0.0,1
5, 6, 314.0,440.0,-1
6, 5, 314.0,440.0,-1
5, 7, 80.0,103.0,-1
7, 5, 80.0,103.0,-1
5, 8, 908.0,1262.0,1
8, 5, 908.0,1262.0,1
5, 9, 424.0,514.0,-1
9, 5, 424.0,514.0,-1
5, 10, 143.0,198.0,-1
10, 5, 143.0,198.0,-1
5, 11, 725.0,816.0,-1
11, 5, 725.0,816.0,-1
5, 12, 461.0,524.0,1
12, 5, 461.0,524.0,1
5, 13, 582.0,623.0,-1
13, 5, 582.0,623.0,-1
5, 14, 527.0,715.0,-1
14, 5, 527.0,715.0,-1
5, 15, 247.0,280.0,-1
15, 5, 247.0,280.0,-1
5, 16, 533.0,600.0,1
16, 5, 533.0,600.0,1
5, 5, 0.0,0.0,1
6, 7, 384.0,543.0,-1
7, 6, 384.0,543.0,-1
6, 8, 595.0,822.0,1
8, 6, 595.0,822.0,1
6, 9, 337.0,457.0,-1
9, 6, 337.0,457.0,-1
6, 10, 183.0,242.0,-1
10, 6, 183.0,242.0,-1
6, 11, 552.0,760.0,-1
11, 6, 552.0,760.0,-1
6, 12, 319.0,443.0,-1
12, 6, 319.0,443.0,-1
6, 13, 485.0,679.0,-1
13, 6, 485.0,679.0,-1
6, 14, 223.0,276.0,1
14, 6, 223.0,276.0,1
6, 15, 219.0,265.0,1
15, 6, 219.0,265.0,1
6, 16, 380.0,512.0,1
16, 6, 380.0,512.0,1
6, 6, 0.0,0.0,1
7, 8, 974.0,1364.0,1
8, 7, 974.0,1364.0,1
7, 9, 441.0,468.0,-1
9, 7, 441.0,468.0,-1
7, 10, 221.0,301.0,-1
10, 7, 221.0,301.0,-1
7, 11, 747.0,771.0,1
11, 7, 747.0,771.0,1
7, 12, 539.0,627.0,-1
12, 7, 539.0,627.0,-1
7, 13, 655.0,668.0,1
13, 7, 655.0,668.0,1
7, 14, 590.0,818.0,-1
14, 7, 590.0,818.0,-1
7, 15, 325.0,383.0,1
15, 7, 325.0,383.0,1
7, 16, 611.0,703.0,1
16, 7, 611.0,703.0,1
7, 7, 0.0,0.0,1
8, 9, 702.0,954.0,-1
9, 8, 702.0,954.0,-1
8, 10, 776.0,1064.0,-1
10, 8, 776.0,1064.0,-1
8, 11, 612.0,642.0,-1
11, 8, 612.0,642.0,-1
8, 12, 683.0,738.0,-1
12, 8, 683.0,738.0,-1
8, 13, 794.0,858.0,-1
13, 8, 794.0,858.0,-1
8, 14, 387.0,547.0,-1
14, 8, 387.0,547.0,-1
8, 15, 762.0,982.0,1
15, 8, 762.0,982.0,1
8, 16, 677.0,691.0,-1
16, 8, 677.0,691.0,-1
8, 8, 0.0,0.0,1
9, 10, 396.0,549.0,-1
10, 9, 396.0,549.0,-1
9, 11, 307.0,312.0,-1
11, 9, 307.0,312.0,-1
9, 12, 655.0,900.0,-1
12, 9, 655.0,900.0,-1
9, 13, 820.0,1136.0,1
13, 9, 820.0,1136.0,1
9, 14, 359.0,407.0,-1
14, 9, 359.0,407.0,-1
9, 15, 511.0,722.0,1
15, 9, 511.0,722.0,1
9, 16, 716.0,969.0,-1
16, 9, 716.0,969.0,-1
9, 9, 0.0,0.0,1
10, 11, 672.0,851.0,1
11, 10, 672.0,851.0,1
10, 12, 339.0,352.0,-1
12, 10, 339.0,352.0,-1
10, 13, 480.0,587.0,-1
13, 10, 480.0,587.0,-1
10, 14, 405.0,518.0,-1
14, 10, 405.0,518.0,-1
10, 15, 136.0,173.0,-1
15, 10, 136.0,173.0,-1
10, 16, 412.0,421.0,-1
16, 10, 412.0,421.0,-1
10, 10, 0.0,0.0,1
11, 12, 853.0,1203.0,-1
12, 11, 853.0,1203.0,-1
11, 13, 1019.0,1438.0,-1
13, 11, 1019.0,1438.0,-1
11, 14, 434.0,606.0,-1
14, 11, 434.0,606.0,-1
11, 15, 763.0,1024.0,-1
15, 11, 763.0,1024.0,-1
11, 16, 899.0,1272.0,1
16, 11, 899.0,1272.0,1
11, 11, 0.0,0.0,1
12, 13, 167.0,236.0,-1
13, 12, 167.0,236.0,-1
12, 14, 444.0,597.0,-1
14, 12, 444.0,597.0,-1
12, 15, 215.0,245.0,-1
15, 12, 215.0,245.0,-1
12, 16, 73.0,77.0,-1
16, 12, 73.0,77.0,-1
12, 12, 0.0,0.0,1
13, 14, 602.0,833.0,1
14, 13, 602.0,833.0,1
13, 15, 346.0,415.0,1
15, 13, 346.0,415.0,1
13, 16, 126.0,167.0,-1
16, 13, 126.0,167.0,-1
13, 13, 0.0,0.0,1
14, 15, 427.0,436.0,-1
15, 14, 427.0,436.0,-1
14, 16, 478.0,666.0,1
16, 14, 478.0,666.0,1
14, 14, 0.0,0.0,1
15, 16, 287.0,321.0,1
16, 15, 287.0,321.0,1
15, 15, 0.0,0.0,1
16, 16, 0.0,0.0,1


<end>