<number of nodes>
16

<ratio of available edges>
0.3

<max length of the drone flight>
100000 

<D 2/3>
1, 2, 4, 6, 7, 8, 11, 12, 13, 14, 15

<V>
8, 12, 13, 14, 15

<coordinates X,Y>
469.7112012486014, 820.0912093783526
498.45723814898935, 206.3534261061743
265.7798391857513, 585.4437872696142
916.1427664870434, 43.68105296033354
305.26485784227896, 503.9948521395505
905.1225135859966, 801.275210151692
693.4034345187891, 798.7334952177073
300.5458125156834, 870.8595097301516
208.38964732835672, 890.1451081156555
534.2138272599464, 690.7470192597823
394.41949848406784, 865.5251168781109
370.8760513002591, 75.79204677755881
860.6352112013354, 957.898401310942
334.6153165828098, 804.4802921930786
804.3735546548248, 176.40266532175445
392.2059036844684, 157.21641569756633

<adjacency matrix with truck distances>
1, 2, 615.0,643.0,-1
2, 1, 615.0,643.0,-1
1, 3, 311.0,439.0,-1
3, 1, 311.0,439.0,-1
1, 4, 896.0,1223.0,-1
4, 1, 896.0,1223.0,-1
1, 5, 357.0,481.0,-1
5, 1, 357.0,481.0,-1
1, 6, 436.0,455.0,1
6, 1, 436.0,455.0,1
1, 7, 225.0,246.0,-1
7, 1, 225.0,246.0,-1
1, 8, 177.0,220.0,1
8, 1, 177.0,220.0,1
1, 9, 271.0,332.0,-1
9, 1, 271.0,332.0,-1
1, 10, 145.0,194.0,-1
10, 1, 145.0,194.0,-1
1, 11, 88.0,121.0,1
11, 1, 88.0,121.0,1
1, 12, 751.0,844.0,1
12, 1, 751.0,844.0,1
1, 13, 415.0,529.0,-1
13, 1, 415.0,529.0,-1
1, 14, 136.0,151.0,-1
14, 1, 136.0,151.0,-1
1, 15, 726.0,979.0,-1
15, 1, 726.0,979.0,-1
1, 16, 668.0,741.0,1
16, 1, 668.0,741.0,1
1, 1, 0.0,0.0,1
2, 3, 445.0,612.0,-1
3, 2, 445.0,612.0,-1
2, 4, 449.0,581.0,1
4, 2, 449.0,581.0,1
2, 5, 355.0,491.0,-1
5, 2, 355.0,491.0,-1
2, 6, 721.0,1002.0,-1
6, 2, 721.0,1002.0,-1
2, 7, 624.0,788.0,-1
7, 2, 624.0,788.0,-1
2, 8, 694.0,863.0,-1
8, 2, 694.0,863.0,-1
2, 9, 743.0,974.0,1
9, 2, 743.0,974.0,1
2, 10, 486.0,521.0,-1
10, 2, 486.0,521.0,-1
2, 11, 668.0,764.0,1
11, 2, 668.0,764.0,1
2, 12, 183.0,259.0,1
12, 2, 183.0,259.0,1
2, 13, 835.0,1114.0,-1
13, 2, 835.0,1114.0,-1
2, 14, 621.0,762.0,-1
14, 2, 621.0,762.0,-1
2, 15, 308.0,336.0,1
15, 2, 308.0,336.0,1
2, 16, 118.0,156.0,1
16, 2, 118.0,156.0,1
2, 2, 0.0,0.0,1
3, 4, 847.0,1193.0,-1
4, 3, 847.0,1193.0,-1
3, 5, 91.0,121.0,1
5, 3, 91.0,121.0,1
3, 6, 675.0,856.0,-1
6, 3, 675.0,856.0,-1
3, 7, 478.0,641.0,1
7, 3, 478.0,641.0,1
3, 8, 288.0,321.0,-1
8, 3, 288.0,321.0,-1
3, 9, 311.0,363.0,-1
9, 3, 311.0,363.0,-1
3, 10, 289.0,374.0,-1
10, 3, 289.0,374.0,-1
3, 11, 309.0,409.0,1
11, 3, 309.0,409.0,1
3, 12, 521.0,615.0,-1
12, 3, 521.0,615.0,-1
3, 13, 702.0,968.0,1
13, 3, 702.0,968.0,1
3, 14, 230.0,288.0,-1
14, 3, 230.0,288.0,-1
3, 15, 677.0,948.0,-1
15, 3, 677.0,948.0,-1
3, 16, 447.0,555.0,-1
16, 3, 447.0,555.0,-1
3, 3, 0.0,0.0,1
4, 5, 765.0,1072.0,-1
5, 4, 765.0,1072.0,-1
4, 6, 758.0,769.0,-1
6, 4, 758.0,769.0,-1
4, 7, 788.0,978.0,-1
7, 4, 788.0,978.0,-1
4, 8, 1032.0,1443.0,-1
8, 4, 1032.0,1443.0,-1
4, 9, 1104.0,1555.0,1
9, 4, 1104.0,1555.0,1
4, 10, 752.0,1029.0,-1
10, 4, 752.0,1029.0,-1
4, 11, 974.0,1344.0,-1
11, 4, 974.0,1344.0,-1
4, 12, 547.0,578.0,-1
12, 4, 547.0,578.0,-1
4, 13, 916.0,970.0,-1
13, 4, 916.0,970.0,-1
4, 14, 958.0,1343.0,1
14, 4, 958.0,1343.0,1
4, 15, 174.0,245.0,1
15, 4, 174.0,245.0,1
4, 16, 537.0,638.0,-1
16, 4, 537.0,638.0,-1
4, 4, 0.0,0.0,1
5, 6, 670.0,898.0,1
6, 5, 670.0,898.0,1
5, 7, 488.0,683.0,1
7, 5, 488.0,683.0,1
5, 8, 367.0,372.0,1
8, 5, 367.0,372.0,1
5, 9, 399.0,484.0,-1
9, 5, 399.0,484.0,-1
5, 10, 296.0,416.0,1
10, 5, 296.0,416.0,1
5, 11, 373.0,451.0,-1
11, 5, 373.0,451.0,-1
5, 12, 434.0,494.0,-1
12, 5, 434.0,494.0,-1
5, 13, 718.0,1010.0,-1
13, 5, 718.0,1010.0,-1
5, 14, 302.0,330.0,1
14, 5, 302.0,330.0,1
5, 15, 598.0,827.0,-1
15, 5, 598.0,827.0,-1
5, 16, 358.0,434.0,-1
16, 5, 358.0,434.0,-1
5, 5, 0.0,0.0,1
6, 7, 212.0,215.0,-1
7, 6, 212.0,215.0,-1
6, 8, 609.0,675.0,-1
8, 6, 609.0,675.0,-1
6, 9, 703.0,786.0,1
9, 6, 703.0,786.0,1
6, 10, 388.0,482.0,1
10, 6, 388.0,482.0,1
6, 11, 515.0,575.0,-1
11, 6, 515.0,575.0,-1
6, 12, 901.0,1260.0,-1
12, 6, 901.0,1260.0,-1
6, 13, 163.0,202.0,-1
13, 6, 163.0,202.0,-1
6, 14, 571.0,574.0,-1
14, 6, 571.0,574.0,-1
6, 15, 633.0,726.0,-1
15, 6, 633.0,726.0,-1
6, 16, 824.0,1157.0,-1
16, 6, 824.0,1157.0,-1
6, 6, 0.0,0.0,1
7, 8, 400.0,465.0,-1
8, 7, 400.0,465.0,-1
7, 9, 494.0,577.0,-1
9, 7, 494.0,577.0,-1
7, 10, 193.0,268.0,-1
10, 7, 193.0,268.0,-1
7, 11, 307.0,366.0,1
11, 7, 307.0,366.0,1
7, 12, 792.0,1046.0,-1
12, 7, 792.0,1046.0,-1
7, 13, 231.0,327.0,-1
13, 7, 231.0,327.0,-1
7, 14, 359.0,365.0,-1
14, 7, 359.0,365.0,-1
7, 15, 633.0,734.0,1
15, 7, 633.0,734.0,1
7, 16, 709.0,943.0,-1
16, 7, 709.0,943.0,-1
7, 7, 0.0,0.0,1
8, 9, 95.0,112.0,1
9, 8, 95.0,112.0,1
8, 10, 296.0,414.0,1
10, 8, 296.0,414.0,1
8, 11, 95.0,100.0,-1
11, 8, 95.0,100.0,-1
8, 12, 799.0,866.0,-1
12, 8, 799.0,866.0,-1
8, 13, 567.0,648.0,1
13, 8, 567.0,648.0,1
8, 14, 75.0,101.0,-1
14, 8, 75.0,101.0,-1
8, 15, 858.0,1199.0,-1
15, 8, 858.0,1199.0,-1
8, 16, 720.0,806.0,-1
16, 8, 720.0,806.0,-1
8, 8, 0.0,0.0,1
9, 10, 382.0,526.0,-1
10, 9, 382.0,526.0,-1
9, 11, 188.0,211.0,-1
11, 9, 188.0,211.0,-1
9, 12, 831.0,977.0,1
12, 9, 831.0,977.0,1
9, 13, 656.0,720.0,-1
13, 9, 656.0,720.0,-1
9, 14, 153.0,212.0,1
14, 9, 153.0,212.0,1
9, 15, 930.0,1310.0,-1
15, 9, 930.0,1310.0,-1
9, 16, 756.0,917.0,-1
16, 9, 756.0,917.0,-1
9, 9, 0.0,0.0,1
10, 11, 224.0,315.0,1
11, 10, 224.0,315.0,1
10, 12, 637.0,779.0,-1
12, 10, 637.0,779.0,-1
10, 13, 422.0,594.0,-1
13, 10, 422.0,594.0,-1
10, 14, 230.0,314.0,-1
14, 10, 230.0,314.0,-1
10, 15, 581.0,785.0,-1
15, 10, 581.0,785.0,-1
10, 16, 553.0,676.0,-1
16, 10, 553.0,676.0,-1
10, 10, 0.0,0.0,1
11, 12, 791.0,814.0,1
12, 11, 791.0,814.0,1
11, 13, 476.0,559.0,-1
13, 11, 476.0,559.0,-1
11, 14, 86.0,121.0,-1
14, 11, 86.0,121.0,-1
11, 15, 802.0,1100.0,-1
15, 11, 802.0,1100.0,-1
11, 16, 709.0,711.0,-1
16, 11, 709.0,711.0,-1
11, 11, 0.0,0.0,1
12, 13, 1009.0,1372.0,-1
13, 12, 1009.0,1372.0,-1
12, 14, 730.0,765.0,-1
14, 12, 730.0,765.0,-1
12, 15, 446.0,535.0,-1
15, 12, 446.0,535.0,-1
12, 16, 85.0,103.0,1
16, 12, 85.0,103.0,1
12, 12, 0.0,0.0,1
13, 14, 548.0,680.0,-1
14, 13, 548.0,680.0,-1
13, 15, 784.0,838.0,1
15, 13, 784.0,838.0,1
13, 16, 928.0,1270.0,-1
16, 13, 928.0,1270.0,-1
13, 13, 0.0,0.0,1
14, 15, 785.0,1098.0,-1
15, 14, 785.0,1098.0,-1
14, 16, 650.0,705.0,-1
16, 14, 650.0,705.0,-1
14, 14, 0.0,0.0,1
15, 16, 413.0,432.0,-1
16, 15, 413.0,432.0,-1
15, 15, 0.0,0.0,1
16, 16, 0.0,0.0,1


<end>