<number of nodes>
16

<ratio of available edges>
0.3

<max length of the drone flight>
100000 

<D 2/3>
1, 2, 3, 4, 5, 6, 7, 9, 12, 14, 16

<V>
2, 3, 7, 12, 16

<coordinates X,Y>
946.5392816344913, 573.3120024469669
485.1636660572168, 443.5571186118567
742.1361928012625, 442.9521350330952
808.1163156652955, 206.36684485237902
10.78071738560658, 49.68008027663061
954.0402202710602, 993.7447106700857
851.4149400002832, 224.25200548317977
688.9133644311758, 930.8492264571626
74.85486393329036, 247.4044366684507
449.4990219175927, 270.7470411522284
714.6792283443517, 285.5098674208923
963.1804898559469, 864.8389505914442
101.95045701351108, 166.70421034285854
391.1660385821772, 7.250142080149059
478.3518987507537, 144.35853505622853
786.196117525795, 411.15958876970655

<adjacency matrix with truck distances>
1, 2, 480.0,592.0,-1
2, 1, 480.0,592.0,-1
1, 3, 243.0,335.0,-1
3, 1, 243.0,335.0,-1
1, 4, 393.0,506.0,1
4, 1, 393.0,506.0,1
1, 5, 1073.0,1460.0,-1
5, 1, 1073.0,1460.0,-1
1, 6, 421.0,428.0,1
6, 1, 421.0,428.0,1
1, 7, 362.0,445.0,-1
7, 1, 362.0,445.0,-1
1, 8, 441.0,616.0,-1
8, 1, 441.0,616.0,-1
1, 9, 931.0,1198.0,-1
9, 1, 931.0,1198.0,-1
1, 10, 582.0,800.0,-1
10, 1, 582.0,800.0,-1
1, 11, 370.0,520.0,-1
11, 1, 370.0,520.0,-1
1, 12, 293.0,309.0,-1
12, 1, 293.0,309.0,-1
1, 13, 938.0,1252.0,-1
13, 1, 938.0,1252.0,-1
1, 14, 794.0,1122.0,1
14, 1, 794.0,1122.0,1
1, 15, 635.0,898.0,-1
15, 1, 635.0,898.0,-1
1, 16, 229.0,323.0,1
16, 1, 229.0,323.0,1
1, 1, 0.0,0.0,1
2, 3, 257.0,258.0,1
3, 2, 257.0,258.0,1
2, 4, 401.0,561.0,-1
4, 2, 401.0,561.0,-1
2, 5, 617.0,869.0,1
5, 2, 617.0,869.0,1
2, 6, 723.0,1020.0,-1
6, 2, 723.0,1020.0,-1
2, 7, 427.0,586.0,-1
7, 2, 427.0,586.0,-1
2, 8, 529.0,692.0,-1
8, 2, 529.0,692.0,-1
2, 9, 455.0,607.0,-1
9, 2, 455.0,607.0,-1
2, 10, 177.0,209.0,-1
10, 2, 177.0,209.0,-1
2, 11, 279.0,388.0,-1
11, 2, 279.0,388.0,-1
2, 12, 638.0,900.0,-1
12, 2, 638.0,900.0,-1
2, 13, 473.0,661.0,-1
13, 2, 473.0,661.0,-1
2, 14, 447.0,531.0,-1
14, 2, 447.0,531.0,-1
2, 15, 300.0,307.0,-1
15, 2, 300.0,307.0,-1
2, 16, 303.0,334.0,1
16, 2, 303.0,334.0,1
2, 2, 0.0,0.0,1
3, 4, 246.0,303.0,-1
4, 3, 246.0,303.0,-1
3, 5, 831.0,1125.0,1
5, 3, 831.0,1125.0,1
3, 6, 591.0,763.0,-1
6, 3, 591.0,763.0,-1
3, 7, 245.0,328.0,1
7, 3, 245.0,328.0,1
3, 8, 491.0,542.0,-1
8, 3, 491.0,542.0,-1
3, 9, 696.0,863.0,-1
9, 3, 696.0,863.0,-1
3, 10, 340.0,465.0,-1
10, 3, 340.0,465.0,-1
3, 11, 160.0,185.0,1
11, 3, 160.0,185.0,1
3, 12, 477.0,643.0,-1
12, 3, 477.0,643.0,-1
3, 13, 698.0,917.0,1
13, 3, 698.0,917.0,1
3, 14, 560.0,787.0,-1
14, 3, 560.0,787.0,-1
3, 15, 399.0,563.0,1
15, 3, 399.0,563.0,1
3, 16, 55.0,76.0,-1
16, 3, 55.0,76.0,-1
3, 3, 0.0,0.0,1
4, 5, 813.0,955.0,1
5, 4, 813.0,955.0,1
4, 6, 801.0,934.0,-1
6, 4, 801.0,934.0,-1
4, 7, 47.0,62.0,-1
7, 4, 47.0,62.0,-1
4, 8, 735.0,844.0,-1
8, 4, 735.0,844.0,-1
4, 9, 735.0,775.0,-1
9, 4, 735.0,775.0,-1
4, 10, 365.0,423.0,-1
10, 4, 365.0,423.0,-1
4, 11, 123.0,173.0,-1
11, 4, 123.0,173.0,-1
4, 12, 677.0,814.0,1
12, 4, 677.0,814.0,1
4, 13, 708.0,746.0,-1
13, 4, 708.0,746.0,-1
4, 14, 463.0,617.0,1
14, 4, 463.0,617.0,1
4, 15, 336.0,392.0,-1
15, 4, 336.0,392.0,-1
4, 16, 206.0,227.0,1
16, 4, 206.0,227.0,1
4, 4, 0.0,0.0,1
5, 6, 1335.0,1888.0,1
6, 5, 1335.0,1888.0,1
5, 7, 859.0,1016.0,1
7, 5, 859.0,1016.0,1
5, 8, 1112.0,1560.0,1
8, 5, 1112.0,1560.0,1
5, 9, 208.0,262.0,-1
9, 5, 208.0,262.0,-1
5, 10, 492.0,660.0,1
10, 5, 492.0,660.0,1
5, 11, 743.0,940.0,-1
11, 5, 743.0,940.0,-1
5, 12, 1254.0,1768.0,-1
12, 5, 1254.0,1768.0,-1
5, 13, 149.0,209.0,-1
13, 5, 149.0,209.0,-1
5, 14, 383.0,423.0,-1
14, 5, 383.0,423.0,-1
5, 15, 478.0,563.0,-1
15, 5, 478.0,563.0,-1
5, 16, 856.0,1137.0,-1
16, 5, 856.0,1137.0,-1
5, 5, 0.0,0.0,1
6, 7, 777.0,873.0,1
7, 6, 777.0,873.0,1
6, 8, 273.0,329.0,-1
8, 6, 273.0,329.0,-1
6, 9, 1154.0,1626.0,-1
9, 6, 1154.0,1626.0,-1
6, 10, 882.0,1228.0,-1
10, 6, 882.0,1228.0,-1
6, 11, 748.0,948.0,-1
11, 6, 748.0,948.0,-1
6, 12, 130.0,139.0,-1
12, 6, 130.0,139.0,-1
6, 13, 1188.0,1680.0,-1
13, 6, 1188.0,1680.0,-1
6, 14, 1136.0,1550.0,-1
14, 6, 1136.0,1550.0,-1
6, 15, 974.0,1326.0,1
15, 6, 974.0,1326.0,1
6, 16, 607.0,751.0,1
16, 6, 607.0,751.0,1
6, 6, 0.0,0.0,1
7, 8, 726.0,870.0,-1
8, 7, 726.0,870.0,-1
7, 9, 777.0,800.0,1
9, 7, 777.0,800.0,1
7, 10, 405.0,449.0,1
10, 7, 405.0,449.0,1
7, 11, 150.0,198.0,-1
11, 7, 150.0,198.0,-1
7, 12, 651.0,753.0,1
12, 7, 651.0,753.0,1
7, 13, 752.0,808.0,-1
13, 7, 752.0,808.0,-1
7, 14, 509.0,678.0,-1
14, 7, 509.0,678.0,-1
7, 15, 382.0,453.0,-1
15, 7, 382.0,453.0,-1
7, 16, 198.0,253.0,-1
16, 7, 198.0,253.0,-1
7, 7, 0.0,0.0,1
8, 9, 919.0,1298.0,-1
9, 8, 919.0,1298.0,-1
8, 10, 703.0,900.0,-1
10, 8, 703.0,900.0,-1
8, 11, 646.0,672.0,-1
11, 8, 646.0,672.0,-1
8, 12, 283.0,341.0,-1
12, 8, 283.0,341.0,-1
8, 13, 964.0,1352.0,-1
13, 8, 964.0,1352.0,-1
8, 14, 971.0,1222.0,-1
14, 8, 971.0,1222.0,-1
8, 15, 815.0,998.0,-1
15, 8, 815.0,998.0,-1
8, 16, 529.0,617.0,-1
16, 8, 529.0,617.0,-1
8, 8, 0.0,0.0,1
9, 10, 376.0,398.0,-1
10, 9, 376.0,398.0,-1
9, 11, 641.0,678.0,1
11, 9, 641.0,678.0,1
9, 12, 1082.0,1506.0,-1
12, 9, 1082.0,1506.0,-1
9, 13, 86.0,108.0,1
13, 9, 86.0,108.0,1
9, 14, 398.0,557.0,1
14, 9, 398.0,557.0,1
9, 15, 417.0,507.0,1
15, 9, 417.0,507.0,1
9, 16, 730.0,876.0,-1
16, 9, 730.0,876.0,-1
9, 9, 0.0,0.0,1
10, 11, 266.0,280.0,1
11, 10, 266.0,280.0,1
10, 12, 786.0,1108.0,1
12, 10, 786.0,1108.0,1
10, 13, 363.0,452.0,-1
13, 10, 363.0,452.0,-1
10, 14, 270.0,322.0,-1
14, 10, 270.0,322.0,-1
10, 15, 130.0,156.0,1
15, 10, 130.0,156.0,1
10, 16, 365.0,478.0,-1
16, 10, 365.0,478.0,-1
10, 10, 0.0,0.0,1
11, 12, 631.0,828.0,-1
12, 11, 631.0,828.0,-1
11, 13, 625.0,732.0,-1
13, 11, 625.0,732.0,-1
11, 14, 427.0,602.0,-1
14, 11, 427.0,602.0,-1
11, 15, 276.0,378.0,-1
15, 11, 276.0,378.0,-1
11, 16, 145.0,198.0,1
16, 11, 145.0,198.0,1
11, 11, 0.0,0.0,1
12, 13, 1109.0,1560.0,-1
13, 12, 1109.0,1560.0,-1
12, 14, 1031.0,1430.0,-1
14, 12, 1031.0,1430.0,-1
12, 15, 869.0,1206.0,1
15, 12, 869.0,1206.0,1
12, 16, 487.0,631.0,-1
16, 12, 487.0,631.0,-1
12, 12, 0.0,0.0,1
13, 14, 331.0,449.0,1
14, 13, 331.0,449.0,1
13, 15, 378.0,399.0,-1
15, 13, 378.0,399.0,-1
13, 16, 727.0,929.0,-1
16, 13, 727.0,929.0,-1
13, 13, 0.0,0.0,1
14, 15, 163.0,225.0,-1
15, 14, 163.0,225.0,-1
14, 16, 565.0,799.0,-1
16, 14, 565.0,799.0,-1
14, 14, 0.0,0.0,1
15, 16, 408.0,575.0,-1
16, 15, 408.0,575.0,-1
15, 15, 0.0,0.0,1
16, 16, 0.0,0.0,1


<end>