<number of nodes>
16

<ratio of available edges>
0.3

<max length of the drone flight>
100000 

<D 2/3>
1, 2, 4, 5, 6, 8, 10, 11, 12, 15, 16

<V>
4, 10, 12, 15, 16

<coordinates X,Y>
681.9003641401597, 251.43257199571056
842.2617684795122, 969.2527827348068
260.4939804473529, 385.988006872176
811.8516384635235, 491.3113344593059
643.4781057626309, 469.34296206872716
895.2900563418465, 59.476587622678885
813.5075628356077, 171.3902703745704
901.0258851820662, 839.071122270657
190.73741942292722, 148.05089983986787
467.03562643977483, 520.0948820967443
924.3049411316258, 856.5266299966972
116.159216473401, 497.6120011061067
460.98895998669155, 69.69322013226441
353.4146272569333, 234.86005117543382
506.4580963050242, 844.2933420034764
626.9817717824636, 843.4392902862471

<adjacency matrix with truck distances>
1, 2, 736.0,879.0,-1
2, 1, 736.0,879.0,-1
1, 3, 443.0,556.0,-1
3, 1, 443.0,556.0,-1
1, 4, 273.0,370.0,1
4, 1, 273.0,370.0,1
1, 5, 222.0,257.0,1
5, 1, 222.0,257.0,1
1, 6, 288.0,406.0,1
6, 1, 288.0,406.0,1
1, 7, 155.0,212.0,-1
7, 1, 155.0,212.0,-1
1, 8, 628.0,807.0,1
8, 1, 628.0,807.0,1
1, 9, 502.0,595.0,1
9, 1, 502.0,595.0,1
1, 10, 345.0,484.0,1
10, 1, 345.0,484.0,1
1, 11, 652.0,848.0,-1
11, 1, 652.0,848.0,-1
1, 12, 617.0,812.0,1
12, 1, 617.0,812.0,1
1, 13, 287.0,403.0,-1
13, 1, 287.0,403.0,-1
1, 14, 329.0,346.0,1
14, 1, 329.0,346.0,1
1, 15, 619.0,769.0,-1
15, 1, 619.0,769.0,-1
1, 16, 595.0,647.0,-1
16, 1, 595.0,647.0,-1
1, 1, 0.0,0.0,1
2, 3, 824.0,1166.0,-1
3, 2, 824.0,1166.0,-1
2, 4, 479.0,509.0,-1
4, 2, 479.0,509.0,-1
2, 5, 538.0,699.0,-1
5, 2, 538.0,699.0,-1
2, 6, 912.0,963.0,-1
6, 2, 912.0,963.0,-1
2, 7, 799.0,827.0,1
7, 2, 799.0,827.0,1
2, 8, 143.0,189.0,-1
8, 2, 143.0,189.0,-1
2, 9, 1049.0,1473.0,-1
9, 2, 1049.0,1473.0,-1
2, 10, 586.0,825.0,1
10, 2, 586.0,825.0,1
2, 11, 140.0,195.0,-1
11, 2, 140.0,195.0,-1
2, 12, 866.0,1198.0,-1
12, 2, 866.0,1198.0,-1
2, 13, 978.0,1281.0,-1
13, 2, 978.0,1281.0,-1
2, 14, 883.0,1224.0,-1
14, 2, 883.0,1224.0,-1
2, 15, 359.0,461.0,-1
15, 2, 359.0,461.0,-1
2, 16, 250.0,342.0,-1
16, 2, 250.0,342.0,-1
2, 2, 0.0,0.0,1
3, 4, 562.0,657.0,-1
4, 3, 562.0,657.0,-1
3, 5, 392.0,467.0,-1
5, 3, 392.0,467.0,-1
3, 6, 714.0,962.0,-1
6, 3, 714.0,962.0,-1
3, 7, 594.0,768.0,-1
7, 3, 594.0,768.0,-1
3, 8, 785.0,1094.0,-1
8, 3, 785.0,1094.0,-1
3, 9, 248.0,308.0,-1
9, 3, 248.0,308.0,-1
3, 10, 247.0,341.0,-1
10, 3, 247.0,341.0,-1
3, 11, 814.0,1135.0,-1
11, 3, 814.0,1135.0,-1
3, 12, 183.0,256.0,-1
12, 3, 183.0,256.0,-1
3, 13, 375.0,517.0,-1
13, 3, 375.0,517.0,-1
3, 14, 178.0,245.0,1
14, 3, 178.0,245.0,1
3, 15, 521.0,705.0,-1
15, 3, 521.0,705.0,-1
3, 16, 587.0,824.0,-1
16, 3, 587.0,824.0,-1
3, 3, 0.0,0.0,1
4, 5, 170.0,191.0,-1
5, 4, 170.0,191.0,-1
4, 6, 440.0,516.0,-1
6, 4, 440.0,516.0,-1
4, 7, 320.0,322.0,-1
7, 4, 320.0,322.0,-1
4, 8, 360.0,437.0,1
8, 4, 360.0,437.0,1
4, 9, 710.0,965.0,1
9, 4, 710.0,965.0,1
4, 10, 347.0,374.0,1
10, 4, 347.0,374.0,1
4, 11, 383.0,478.0,1
11, 4, 383.0,478.0,1
4, 12, 696.0,702.0,1
12, 4, 696.0,702.0,1
4, 13, 549.0,773.0,-1
13, 4, 549.0,773.0,-1
4, 14, 526.0,715.0,1
14, 4, 526.0,715.0,1
4, 15, 467.0,659.0,-1
15, 4, 467.0,659.0,-1
4, 16, 398.0,537.0,-1
16, 4, 398.0,537.0,-1
4, 4, 0.0,0.0,1
5, 6, 482.0,662.0,-1
6, 5, 482.0,662.0,-1
5, 7, 344.0,468.0,-1
7, 5, 344.0,468.0,-1
5, 8, 451.0,628.0,1
8, 5, 451.0,628.0,1
5, 9, 556.0,775.0,-1
9, 5, 556.0,775.0,-1
5, 10, 184.0,228.0,-1
10, 5, 184.0,228.0,-1
5, 11, 479.0,669.0,-1
11, 5, 479.0,669.0,-1
5, 12, 529.0,556.0,1
12, 5, 529.0,556.0,1
5, 13, 440.0,583.0,-1
13, 5, 440.0,583.0,-1
5, 14, 373.0,525.0,1
14, 5, 373.0,525.0,1
5, 15, 400.0,512.0,1
15, 5, 400.0,512.0,1
5, 16, 375.0,391.0,-1
16, 5, 375.0,391.0,-1
5, 5, 0.0,0.0,1
6, 7, 139.0,194.0,-1
7, 6, 139.0,194.0,-1
6, 8, 780.0,786.0,1
8, 6, 780.0,786.0,1
6, 9, 711.0,794.0,1
9, 6, 711.0,794.0,1
6, 10, 629.0,889.0,-1
10, 6, 629.0,889.0,-1
6, 11, 798.0,827.0,1
11, 6, 798.0,827.0,1
6, 12, 894.0,1218.0,-1
12, 6, 894.0,1218.0,-1
6, 13, 435.0,445.0,-1
13, 6, 435.0,445.0,-1
6, 14, 570.0,718.0,-1
14, 6, 570.0,718.0,-1
6, 15, 876.0,1174.0,-1
15, 6, 876.0,1174.0,-1
6, 16, 829.0,1053.0,-1
16, 6, 829.0,1053.0,-1
6, 6, 0.0,0.0,1
7, 8, 674.0,756.0,1
8, 7, 674.0,756.0,1
7, 9, 624.0,647.0,-1
9, 7, 624.0,647.0,-1
7, 10, 492.0,696.0,-1
10, 7, 492.0,696.0,-1
7, 11, 695.0,796.0,1
11, 7, 695.0,796.0,1
7, 12, 770.0,1024.0,-1
12, 7, 770.0,1024.0,-1
7, 13, 367.0,455.0,1
13, 7, 367.0,455.0,1
7, 14, 465.0,524.0,-1
14, 7, 465.0,524.0,-1
7, 15, 740.0,980.0,-1
15, 7, 740.0,980.0,-1
7, 16, 698.0,859.0,1
16, 7, 698.0,859.0,1
7, 7, 0.0,0.0,1
8, 9, 991.0,1402.0,-1
9, 8, 991.0,1402.0,-1
8, 10, 539.0,753.0,-1
10, 8, 539.0,753.0,-1
8, 11, 30.0,41.0,-1
11, 8, 30.0,41.0,-1
8, 12, 856.0,1127.0,-1
12, 8, 856.0,1127.0,-1
8, 13, 887.0,1210.0,-1
13, 8, 887.0,1210.0,-1
8, 14, 816.0,1152.0,-1
14, 8, 816.0,1152.0,-1
8, 15, 395.0,400.0,-1
15, 8, 395.0,400.0,-1
8, 16, 275.0,279.0,1
16, 8, 275.0,279.0,1
8, 8, 0.0,0.0,1
9, 10, 464.0,649.0,-1
10, 9, 464.0,649.0,-1
9, 11, 1020.0,1443.0,-1
11, 9, 1020.0,1443.0,-1
9, 12, 358.0,425.0,-1
12, 9, 358.0,425.0,-1
9, 13, 282.0,349.0,-1
13, 9, 282.0,349.0,-1
9, 14, 185.0,250.0,-1
14, 9, 185.0,250.0,-1
9, 15, 765.0,1012.0,-1
15, 9, 765.0,1012.0,-1
9, 16, 821.0,1132.0,1
16, 9, 821.0,1132.0,1
9, 9, 0.0,0.0,1
10, 11, 568.0,794.0,-1
11, 10, 568.0,794.0,-1
10, 12, 352.0,374.0,-1
12, 10, 352.0,374.0,-1
10, 13, 451.0,457.0,-1
13, 10, 451.0,457.0,-1
10, 14, 308.0,399.0,-1
14, 10, 308.0,399.0,-1
10, 15, 327.0,364.0,-1
15, 10, 327.0,364.0,-1
10, 16, 361.0,484.0,-1
16, 10, 361.0,484.0,-1
10, 10, 0.0,0.0,1
11, 12, 885.0,1168.0,1
12, 11, 885.0,1168.0,1
11, 13, 914.0,1251.0,-1
13, 11, 914.0,1251.0,-1
11, 14, 845.0,1193.0,1
14, 11, 845.0,1193.0,1
11, 15, 419.0,431.0,1
15, 11, 419.0,431.0,1
11, 16, 298.0,311.0,-1
16, 11, 298.0,311.0,-1
11, 11, 0.0,0.0,1
12, 13, 550.0,773.0,-1
13, 12, 550.0,773.0,-1
12, 14, 355.0,501.0,-1
14, 12, 355.0,501.0,-1
12, 15, 523.0,737.0,-1
15, 12, 523.0,737.0,-1
12, 16, 617.0,857.0,-1
16, 12, 617.0,857.0,-1
12, 12, 0.0,0.0,1
13, 14, 198.0,273.0,1
14, 13, 198.0,273.0,1
13, 15, 776.0,821.0,-1
15, 13, 776.0,821.0,-1
13, 16, 792.0,940.0,-1
16, 13, 792.0,940.0,-1
13, 13, 0.0,0.0,1
14, 15, 629.0,763.0,1
15, 14, 629.0,763.0,1
14, 16, 668.0,883.0,-1
16, 14, 668.0,883.0,-1
14, 14, 0.0,0.0,1
15, 16, 121.0,122.0,1
16, 15, 121.0,122.0,1
15, 15, 0.0,0.0,1
16, 16, 0.0,0.0,1


<end>