<number of nodes>
16

<ratio of available edges>
0.3

<max length of the drone flight>
100000 

<D 2/3>
1, 2, 3, 4, 6, 7, 9, 11, 12, 13, 16

<V>
2, 3, 4, 6, 13

<coordinates X,Y>
825.5950174496397, 313.6748413238511
974.4469344625919, 185.49203781282444
546.8537373078017, 116.80888082710167
42.91006911674011, 12.025413067828424
811.6453003824499, 839.307838144591
211.60264395085795, 569.0828595984268
19.047379781556995, 24.642497465870193
155.50092507488375, 149.64228665188156
995.7805900563866, 24.50444114810337
149.506207389675, 289.0793172831124
137.73931596113667, 200.62829949678485
667.7188273344165, 343.53402654655815
921.5890888608496, 495.4255175812389
616.0822222056961, 145.04432456414335
944.0755749372839, 331.83810320909953
950.3249932815233, 548.575779608749

<adjacency matrix with truck distances>
1, 2, 197.0,278.0,-1
2, 1, 197.0,278.0,-1
1, 3, 342.0,476.0,-1
3, 1, 342.0,476.0,-1
1, 4, 839.0,1085.0,-1
4, 1, 839.0,1085.0,-1
1, 5, 526.0,540.0,1
5, 1, 526.0,540.0,1
1, 6, 665.0,870.0,-1
6, 1, 665.0,870.0,-1
1, 7, 857.0,1096.0,-1
7, 1, 857.0,1096.0,-1
1, 8, 690.0,835.0,-1
8, 1, 690.0,835.0,-1
1, 9, 336.0,460.0,1
9, 1, 336.0,460.0,1
1, 10, 677.0,701.0,-1
10, 1, 677.0,701.0,-1
1, 11, 698.0,801.0,-1
11, 1, 698.0,801.0,-1
1, 12, 161.0,188.0,-1
12, 1, 161.0,188.0,-1
1, 13, 206.0,278.0,1
13, 1, 206.0,278.0,1
1, 14, 269.0,379.0,-1
14, 1, 269.0,379.0,-1
1, 15, 120.0,137.0,-1
15, 1, 120.0,137.0,-1
1, 16, 266.0,360.0,-1
16, 1, 266.0,360.0,-1
1, 1, 0.0,0.0,1
2, 3, 434.0,497.0,-1
3, 2, 434.0,497.0,-1
2, 4, 948.0,1106.0,-1
4, 2, 948.0,1106.0,-1
2, 5, 674.0,817.0,-1
5, 2, 674.0,817.0,-1
2, 6, 854.0,1147.0,-1
6, 2, 854.0,1147.0,-1
2, 7, 969.0,1117.0,-1
7, 2, 969.0,1117.0,-1
2, 8, 820.0,855.0,1
8, 2, 820.0,855.0,1
2, 9, 163.0,183.0,-1
9, 2, 163.0,183.0,-1
2, 10, 832.0,929.0,-1
10, 2, 832.0,929.0,-1
2, 11, 837.0,852.0,-1
11, 2, 837.0,852.0,-1
2, 12, 346.0,465.0,-1
12, 2, 346.0,465.0,-1
2, 13, 315.0,363.0,-1
13, 2, 315.0,363.0,-1
2, 14, 361.0,399.0,-1
14, 2, 361.0,399.0,-1
2, 15, 150.0,177.0,-1
15, 2, 150.0,177.0,-1
2, 16, 364.0,388.0,-1
16, 2, 364.0,388.0,-1
2, 2, 0.0,0.0,1
3, 4, 515.0,609.0,-1
4, 3, 515.0,609.0,-1
3, 5, 770.0,988.0,-1
5, 3, 770.0,988.0,-1
3, 6, 563.0,788.0,-1
6, 3, 563.0,788.0,-1
3, 7, 536.0,620.0,-1
7, 3, 536.0,620.0,-1
3, 8, 393.0,425.0,-1
8, 3, 393.0,425.0,-1
3, 9, 459.0,542.0,-1
9, 3, 459.0,542.0,-1
3, 10, 434.0,570.0,-1
10, 3, 434.0,570.0,-1
3, 11, 418.0,493.0,-1
11, 3, 418.0,493.0,-1
3, 12, 257.0,348.0,-1
12, 3, 257.0,348.0,-1
3, 13, 533.0,754.0,-1
13, 3, 533.0,754.0,-1
3, 14, 75.0,98.0,1
14, 3, 75.0,98.0,1
3, 15, 452.0,613.0,1
15, 3, 452.0,613.0,1
3, 16, 591.0,836.0,1
16, 3, 591.0,836.0,1
3, 3, 0.0,0.0,1
4, 5, 1130.0,1597.0,-1
5, 4, 1130.0,1597.0,-1
4, 6, 583.0,726.0,-1
6, 4, 583.0,726.0,-1
4, 7, 27.0,37.0,-1
7, 4, 27.0,37.0,-1
4, 8, 178.0,251.0,1
8, 4, 178.0,251.0,1
4, 9, 953.0,966.0,1
9, 4, 953.0,966.0,1
4, 10, 297.0,384.0,1
10, 4, 297.0,384.0,1
4, 11, 212.0,284.0,-1
11, 4, 212.0,284.0,-1
4, 12, 708.0,957.0,-1
12, 4, 708.0,957.0,-1
4, 13, 1003.0,1363.0,1
13, 4, 1003.0,1363.0,1
4, 14, 589.0,707.0,-1
14, 4, 589.0,707.0,-1
4, 15, 957.0,1221.0,-1
15, 4, 957.0,1221.0,-1
4, 16, 1055.0,1444.0,-1
16, 4, 1055.0,1444.0,-1
4, 4, 0.0,0.0,1
5, 6, 659.0,871.0,1
6, 5, 659.0,871.0,1
5, 7, 1137.0,1608.0,-1
7, 5, 1137.0,1608.0,-1
5, 8, 952.0,1346.0,-1
8, 5, 952.0,1346.0,-1
5, 9, 836.0,999.0,-1
9, 5, 836.0,999.0,-1
5, 10, 861.0,1213.0,-1
10, 5, 861.0,1213.0,-1
5, 11, 929.0,1313.0,1
11, 5, 929.0,1313.0,1
5, 12, 517.0,640.0,-1
12, 5, 517.0,640.0,-1
5, 13, 362.0,454.0,-1
13, 5, 362.0,454.0,-1
5, 14, 722.0,890.0,-1
14, 5, 722.0,890.0,-1
5, 15, 525.0,640.0,1
15, 5, 525.0,640.0,1
5, 16, 323.0,430.0,1
16, 5, 323.0,430.0,1
5, 5, 0.0,0.0,1
6, 7, 578.0,737.0,-1
7, 6, 578.0,737.0,-1
6, 8, 424.0,476.0,-1
8, 6, 424.0,476.0,-1
6, 9, 955.0,1329.0,1
9, 6, 955.0,1329.0,1
6, 10, 287.0,343.0,1
10, 6, 287.0,343.0,1
6, 11, 376.0,443.0,-1
11, 6, 376.0,443.0,-1
6, 12, 509.0,682.0,1
12, 6, 509.0,682.0,1
6, 13, 714.0,784.0,-1
13, 6, 714.0,784.0,-1
6, 14, 587.0,829.0,1
14, 6, 587.0,829.0,1
6, 15, 770.0,970.0,-1
15, 6, 770.0,970.0,-1
6, 16, 740.0,760.0,-1
16, 6, 740.0,760.0,-1
6, 6, 0.0,0.0,1
7, 8, 186.0,262.0,1
8, 7, 186.0,262.0,1
7, 9, 977.0,977.0,1
9, 7, 977.0,977.0,1
7, 10, 295.0,395.0,1
10, 7, 295.0,395.0,1
7, 11, 213.0,295.0,-1
11, 7, 213.0,295.0,-1
7, 12, 723.0,968.0,-1
12, 7, 723.0,968.0,-1
7, 13, 1018.0,1374.0,-1
13, 7, 1018.0,1374.0,-1
7, 14, 610.0,718.0,1
14, 7, 610.0,718.0,1
7, 15, 975.0,1233.0,-1
15, 7, 975.0,1233.0,-1
7, 16, 1069.0,1456.0,1
16, 7, 1069.0,1456.0,1
7, 7, 0.0,0.0,1
8, 9, 850.0,966.0,1
9, 8, 850.0,966.0,1
8, 10, 140.0,146.0,1
10, 8, 140.0,146.0,1
8, 11, 54.0,69.0,-1
11, 8, 54.0,69.0,-1
8, 12, 548.0,707.0,-1
12, 8, 548.0,707.0,-1
8, 13, 841.0,1112.0,-1
13, 8, 841.0,1112.0,-1
8, 14, 461.0,466.0,1
14, 8, 461.0,466.0,1
8, 15, 810.0,971.0,-1
15, 8, 810.0,971.0,-1
8, 16, 890.0,1194.0,-1
16, 8, 890.0,1194.0,-1
8, 8, 0.0,0.0,1
9, 10, 887.0,1111.0,-1
10, 9, 887.0,1111.0,-1
9, 11, 876.0,1035.0,-1
11, 9, 876.0,1035.0,-1
9, 12, 458.0,648.0,1
12, 9, 458.0,648.0,1
9, 13, 477.0,546.0,-1
13, 9, 477.0,546.0,-1
9, 14, 399.0,501.0,-1
14, 9, 399.0,501.0,-1
9, 15, 312.0,360.0,-1
15, 9, 312.0,360.0,-1
9, 16, 527.0,570.0,1
16, 9, 527.0,570.0,1
9, 9, 0.0,0.0,1
10, 11, 90.0,101.0,1
11, 10, 90.0,101.0,1
10, 12, 522.0,573.0,1
12, 10, 522.0,573.0,1
10, 13, 800.0,979.0,-1
13, 10, 800.0,979.0,-1
10, 14, 489.0,611.0,-1
14, 10, 489.0,611.0,-1
10, 15, 796.0,838.0,-1
15, 10, 796.0,838.0,-1
10, 16, 842.0,1061.0,-1
16, 10, 842.0,1061.0,-1
10, 10, 0.0,0.0,1
11, 12, 549.0,673.0,1
12, 11, 549.0,673.0,1
11, 13, 838.0,1079.0,-1
13, 11, 838.0,1079.0,-1
11, 14, 482.0,534.0,-1
14, 11, 482.0,534.0,-1
11, 15, 817.0,938.0,-1
15, 11, 817.0,938.0,-1
11, 16, 884.0,1161.0,1
16, 11, 884.0,1161.0,1
11, 11, 0.0,0.0,1
12, 13, 296.0,406.0,-1
13, 12, 296.0,406.0,-1
12, 14, 206.0,251.0,-1
14, 12, 206.0,251.0,-1
12, 15, 277.0,289.0,-1
15, 12, 277.0,289.0,-1
12, 16, 350.0,488.0,1
16, 12, 350.0,488.0,1
12, 12, 0.0,0.0,1
13, 14, 465.0,656.0,-1
14, 13, 465.0,656.0,-1
13, 15, 166.0,187.0,-1
15, 13, 166.0,187.0,-1
13, 16, 61.0,82.0,1
16, 13, 61.0,82.0,1
13, 13, 0.0,0.0,1
14, 15, 378.0,515.0,-1
15, 14, 378.0,515.0,-1
14, 16, 524.0,738.0,-1
16, 14, 524.0,738.0,-1
14, 14, 0.0,0.0,1
15, 16, 217.0,223.0,1
16, 15, 217.0,223.0,1
15, 15, 0.0,0.0,1
16, 16, 0.0,0.0,1


<end>