<number of nodes>
16

<ratio of available edges>
0.3

<max length of the drone flight>
100000 

<D 2/3>
1, 2, 5, 6, 7, 8, 9, 12, 13, 15, 16

<V>
2, 7, 8, 13, 16

<coordinates X,Y>
787.5582566415382, 777.9163403671682
465.24040826307004, 832.2229909047554
80.81266014035563, 670.2877054298946
860.3029073718286, 706.6207519007763
335.5712522583733, 259.6091725085338
980.663223592221, 674.2827449580271
780.026390415894, 870.9274309193069
795.3656973387798, 539.6011696249769
884.8502240457806, 972.3320341388844
66.14417289804774, 586.1254713179451
215.19233221426387, 737.266369686087
647.1332017065641, 990.9339558254113
522.1638881420141, 483.77873954587653
440.9055614539219, 800.7305254131353
98.8458053306147, 184.8762626789449
55.59400936788762, 191.81281791797915

<adjacency matrix with truck distances>
1, 2, 327.0,377.0,-1
2, 1, 327.0,377.0,-1
1, 3, 715.0,815.0,1
3, 1, 715.0,815.0,1
1, 4, 102.0,145.0,1
4, 1, 102.0,145.0,1
1, 5, 688.0,971.0,-1
5, 1, 688.0,971.0,-1
1, 6, 220.0,297.0,1
6, 1, 220.0,297.0,1
1, 7, 94.0,101.0,1
7, 1, 94.0,101.0,1
1, 8, 239.0,247.0,-1
8, 1, 239.0,247.0,-1
1, 9, 218.0,292.0,1
9, 1, 218.0,292.0,1
1, 10, 747.0,914.0,-1
10, 1, 747.0,914.0,-1
1, 11, 574.0,614.0,-1
11, 1, 574.0,614.0,-1
1, 12, 256.0,354.0,-1
12, 1, 256.0,354.0,-1
1, 13, 397.0,560.0,-1
13, 1, 397.0,560.0,-1
1, 14, 348.0,370.0,1
14, 1, 348.0,370.0,1
1, 15, 909.0,1282.0,1
15, 1, 909.0,1282.0,1
1, 16, 938.0,1319.0,-1
16, 1, 938.0,1319.0,-1
1, 1, 0.0,0.0,1
2, 3, 418.0,547.0,-1
3, 2, 418.0,547.0,-1
2, 4, 415.0,521.0,-1
4, 2, 415.0,521.0,-1
2, 5, 588.0,703.0,-1
5, 2, 588.0,703.0,-1
2, 6, 540.0,674.0,-1
6, 2, 540.0,674.0,-1
2, 7, 318.0,354.0,-1
7, 2, 318.0,354.0,-1
2, 8, 442.0,623.0,1
8, 2, 442.0,623.0,1
2, 9, 443.0,560.0,1
9, 2, 443.0,560.0,1
2, 10, 469.0,646.0,-1
10, 2, 469.0,646.0,-1
2, 11, 268.0,346.0,1
11, 2, 268.0,346.0,1
2, 12, 242.0,341.0,-1
12, 2, 242.0,341.0,-1
2, 13, 354.0,406.0,1
13, 2, 354.0,406.0,1
2, 14, 40.0,56.0,-1
14, 2, 40.0,56.0,-1
2, 15, 744.0,1014.0,-1
15, 2, 744.0,1014.0,-1
2, 16, 761.0,1051.0,-1
16, 2, 761.0,1051.0,-1
2, 2, 0.0,0.0,1
3, 4, 781.0,816.0,-1
4, 3, 781.0,816.0,-1
3, 5, 484.0,666.0,-1
5, 3, 484.0,666.0,-1
3, 6, 900.0,904.0,-1
6, 3, 900.0,904.0,-1
3, 7, 728.0,900.0,-1
7, 3, 728.0,900.0,-1
3, 8, 727.0,846.0,-1
8, 3, 727.0,846.0,-1
3, 9, 859.0,1107.0,-1
9, 3, 859.0,1107.0,-1
3, 10, 86.0,99.0,-1
10, 3, 86.0,99.0,-1
3, 11, 151.0,202.0,1
11, 3, 151.0,202.0,1
3, 12, 651.0,887.0,-1
12, 3, 651.0,887.0,-1
3, 13, 480.0,628.0,-1
13, 3, 480.0,628.0,-1
3, 14, 383.0,491.0,-1
14, 3, 383.0,491.0,-1
3, 15, 486.0,504.0,1
15, 3, 486.0,504.0,1
3, 16, 480.0,504.0,-1
16, 3, 480.0,504.0,-1
3, 3, 0.0,0.0,1
4, 5, 690.0,972.0,1
5, 4, 690.0,972.0,1
4, 6, 125.0,153.0,1
6, 4, 125.0,153.0,1
4, 7, 183.0,245.0,1
7, 4, 183.0,245.0,1
4, 8, 180.0,232.0,-1
8, 4, 180.0,232.0,-1
4, 9, 267.0,291.0,1
9, 4, 267.0,291.0,1
4, 10, 804.0,915.0,1
10, 4, 804.0,915.0,1
4, 11, 646.0,676.0,-1
11, 4, 646.0,676.0,-1
4, 12, 356.0,498.0,1
12, 4, 356.0,498.0,1
4, 13, 405.0,561.0,-1
13, 4, 405.0,561.0,-1
4, 14, 430.0,514.0,1
14, 4, 430.0,514.0,1
4, 15, 924.0,1284.0,1
15, 4, 924.0,1284.0,1
4, 16, 956.0,1320.0,1
16, 4, 956.0,1320.0,1
4, 4, 0.0,0.0,1
5, 6, 767.0,1060.0,-1
6, 5, 767.0,1060.0,-1
5, 7, 756.0,1056.0,-1
7, 5, 756.0,1056.0,-1
5, 8, 539.0,740.0,1
8, 5, 539.0,740.0,1
5, 9, 900.0,1263.0,-1
9, 5, 900.0,1263.0,-1
5, 10, 424.0,596.0,-1
10, 5, 424.0,596.0,-1
5, 11, 493.0,599.0,-1
11, 5, 493.0,599.0,-1
5, 12, 795.0,1043.0,1
12, 5, 795.0,1043.0,1
5, 13, 292.0,411.0,1
13, 5, 292.0,411.0,1
5, 14, 552.0,647.0,-1
14, 5, 552.0,647.0,-1
5, 15, 249.0,312.0,-1
15, 5, 249.0,312.0,-1
5, 16, 289.0,348.0,1
16, 5, 289.0,348.0,1
5, 5, 0.0,0.0,1
6, 7, 281.0,398.0,-1
7, 6, 281.0,398.0,-1
6, 8, 230.0,320.0,-1
8, 6, 230.0,320.0,-1
6, 9, 314.0,394.0,-1
9, 6, 314.0,394.0,-1
6, 10, 919.0,1003.0,-1
10, 6, 919.0,1003.0,-1
6, 11, 769.0,829.0,1
11, 6, 769.0,829.0,1
6, 12, 460.0,651.0,-1
12, 6, 460.0,651.0,-1
6, 13, 497.0,650.0,-1
13, 6, 497.0,650.0,-1
6, 14, 555.0,667.0,-1
14, 6, 555.0,667.0,-1
6, 15, 1009.0,1372.0,-1
15, 6, 1009.0,1372.0,-1
6, 16, 1044.0,1408.0,1
16, 6, 1044.0,1408.0,1
6, 6, 0.0,0.0,1
7, 8, 332.0,347.0,-1
8, 7, 332.0,347.0,-1
7, 9, 146.0,207.0,-1
9, 7, 146.0,207.0,-1
7, 10, 769.0,999.0,-1
10, 7, 769.0,999.0,-1
7, 11, 581.0,699.0,1
11, 7, 581.0,699.0,1
7, 12, 180.0,253.0,-1
12, 7, 180.0,253.0,-1
7, 13, 466.0,646.0,-1
13, 7, 466.0,646.0,-1
7, 14, 347.0,410.0,-1
14, 7, 347.0,410.0,-1
7, 15, 967.0,1368.0,-1
15, 7, 967.0,1368.0,-1
7, 16, 993.0,1404.0,-1
16, 7, 993.0,1404.0,-1
7, 7, 0.0,0.0,1
8, 9, 442.0,523.0,1
9, 8, 442.0,523.0,1
8, 10, 731.0,776.0,-1
10, 8, 731.0,776.0,-1
8, 11, 613.0,778.0,-1
11, 8, 613.0,778.0,-1
8, 12, 476.0,600.0,1
12, 8, 476.0,600.0,1
8, 13, 279.0,330.0,-1
13, 8, 279.0,330.0,-1
8, 14, 441.0,616.0,1
14, 8, 441.0,616.0,1
8, 15, 782.0,1052.0,-1
15, 8, 782.0,1052.0,-1
8, 16, 818.0,1088.0,-1
16, 8, 818.0,1088.0,-1
8, 8, 0.0,0.0,1
9, 10, 906.0,1205.0,1
10, 9, 906.0,1205.0,1
9, 11, 710.0,905.0,-1
11, 9, 710.0,905.0,-1
9, 12, 239.0,257.0,-1
12, 9, 239.0,257.0,-1
9, 13, 609.0,852.0,-1
13, 9, 609.0,852.0,-1
9, 14, 476.0,616.0,-1
14, 9, 476.0,616.0,-1
9, 15, 1113.0,1574.0,1
15, 9, 1113.0,1574.0,1
9, 16, 1139.0,1610.0,-1
16, 9, 1139.0,1610.0,-1
9, 9, 0.0,0.0,1
10, 11, 213.0,301.0,-1
11, 10, 213.0,301.0,-1
10, 12, 709.0,986.0,-1
12, 10, 709.0,986.0,-1
10, 13, 468.0,559.0,-1
13, 10, 468.0,559.0,-1
10, 14, 432.0,590.0,-1
14, 10, 432.0,590.0,-1
10, 15, 403.0,434.0,1
15, 10, 403.0,434.0,1
10, 16, 395.0,405.0,-1
16, 10, 395.0,405.0,-1
10, 10, 0.0,0.0,1
11, 12, 501.0,686.0,-1
12, 11, 501.0,686.0,-1
11, 13, 399.0,561.0,-1
13, 11, 399.0,561.0,-1
11, 14, 235.0,290.0,-1
14, 11, 235.0,290.0,-1
11, 15, 565.0,669.0,-1
15, 11, 565.0,669.0,-1
11, 16, 569.0,706.0,-1
16, 11, 569.0,706.0,-1
11, 11, 0.0,0.0,1
12, 13, 523.0,633.0,-1
13, 12, 523.0,633.0,-1
12, 14, 281.0,397.0,-1
14, 12, 281.0,397.0,-1
12, 15, 975.0,1355.0,1
15, 12, 975.0,1355.0,1
12, 16, 995.0,1391.0,-1
16, 12, 995.0,1391.0,-1
12, 12, 0.0,0.0,1
13, 14, 328.0,399.0,-1
14, 13, 328.0,399.0,-1
13, 15, 519.0,723.0,-1
15, 13, 519.0,723.0,-1
13, 16, 551.0,759.0,-1
16, 13, 551.0,759.0,-1
13, 13, 0.0,0.0,1
14, 15, 705.0,958.0,-1
15, 14, 705.0,958.0,-1
14, 16, 721.0,995.0,-1
16, 14, 721.0,995.0,-1
14, 14, 0.0,0.0,1
15, 16, 44.0,51.0,-1
16, 15, 44.0,51.0,-1
15, 15, 0.0,0.0,1
16, 16, 0.0,0.0,1


<end>