<number of nodes>
16

<ratio of available edges>
0.3

<max length of the drone flight>
100000 

<D 2/3>
1, 2, 3, 4, 6, 8, 10, 13, 14, 15, 16

<V>
3, 4, 6, 15, 16

<coordinates X,Y>
543.546301431744, 554.5540749529183
716.9970698867113, 71.26636080685653
62.651089075266086, 70.06866301678762
658.6984338220732, 460.6315966631023
617.2361934344907, 447.2446450887048
675.4729291976964, 763.7302282828664
994.2956452418088, 114.82983362828817
573.1681080228851, 412.0376633904107
537.5486117493003, 515.1940641862615
492.13852130297084, 81.72808314351592
131.8280001664662, 552.0531852590764
53.22944934689815, 761.2148639490322
676.6074583032429, 448.03418439874036
130.31659283914135, 119.41149123129527
310.07699962868145, 372.255595199875
23.810514164039603, 705.2274164839308

<adjacency matrix with truck distances>
1, 2, 514.0,657.0,-1
2, 1, 514.0,657.0,-1
1, 3, 683.0,966.0,-1
3, 1, 683.0,966.0,-1
1, 4, 149.0,210.0,1
4, 1, 149.0,210.0,1
1, 5, 131.0,181.0,-1
5, 1, 131.0,181.0,-1
1, 6, 248.0,342.0,-1
6, 1, 248.0,342.0,-1
1, 7, 630.0,891.0,1
7, 1, 630.0,891.0,1
1, 8, 146.0,173.0,-1
8, 1, 146.0,173.0,-1
1, 9, 40.0,46.0,1
9, 1, 40.0,46.0,1
1, 10, 476.0,525.0,-1
10, 1, 476.0,525.0,-1
1, 11, 412.0,415.0,-1
11, 1, 412.0,415.0,-1
1, 12, 533.0,697.0,-1
12, 1, 533.0,697.0,-1
1, 13, 171.0,240.0,-1
13, 1, 171.0,240.0,-1
1, 14, 601.0,849.0,-1
14, 1, 601.0,849.0,-1
1, 15, 297.0,416.0,-1
15, 1, 297.0,416.0,-1
1, 16, 542.0,671.0,-1
16, 1, 542.0,671.0,-1
1, 1, 0.0,0.0,1
2, 3, 655.0,656.0,-1
3, 2, 655.0,656.0,-1
2, 4, 394.0,448.0,-1
4, 2, 394.0,448.0,-1
2, 5, 389.0,476.0,-1
5, 2, 389.0,476.0,-1
2, 6, 694.0,734.0,-1
6, 2, 694.0,734.0,-1
2, 7, 281.0,321.0,1
7, 2, 281.0,321.0,1
2, 8, 370.0,485.0,-1
8, 2, 370.0,485.0,-1
2, 9, 479.0,624.0,-1
9, 2, 479.0,624.0,-1
2, 10, 226.0,236.0,-1
10, 2, 226.0,236.0,-1
2, 11, 758.0,1066.0,-1
11, 2, 758.0,1066.0,-1
2, 12, 958.0,1354.0,-1
12, 2, 958.0,1354.0,-1
2, 13, 379.0,418.0,-1
13, 2, 379.0,418.0,-1
2, 14, 589.0,635.0,-1
14, 2, 589.0,635.0,-1
2, 15, 507.0,708.0,-1
15, 2, 507.0,708.0,-1
2, 16, 940.0,1328.0,-1
16, 2, 940.0,1328.0,-1
2, 2, 0.0,0.0,1
3, 4, 713.0,987.0,-1
4, 3, 713.0,987.0,-1
3, 5, 671.0,932.0,-1
5, 3, 671.0,932.0,-1
3, 6, 926.0,1307.0,-1
6, 3, 926.0,1307.0,-1
3, 7, 933.0,977.0,-1
7, 3, 933.0,977.0,-1
3, 8, 615.0,853.0,-1
8, 3, 615.0,853.0,-1
3, 9, 651.0,921.0,-1
9, 3, 651.0,921.0,-1
3, 10, 430.0,442.0,-1
10, 3, 430.0,442.0,-1
3, 11, 487.0,552.0,1
11, 3, 487.0,552.0,1
3, 12, 692.0,701.0,-1
12, 3, 692.0,701.0,-1
3, 13, 721.0,992.0,-1
13, 3, 721.0,992.0,-1
3, 14, 84.0,118.0,-1
14, 3, 84.0,118.0,-1
3, 15, 391.0,550.0,1
15, 3, 391.0,550.0,1
3, 16, 637.0,674.0,1
16, 3, 637.0,674.0,1
3, 3, 0.0,0.0,1
4, 5, 44.0,55.0,1
5, 4, 44.0,55.0,1
4, 6, 304.0,320.0,1
6, 4, 304.0,320.0,1
4, 7, 482.0,682.0,1
7, 4, 482.0,682.0,1
4, 8, 99.0,135.0,1
8, 4, 99.0,135.0,1
4, 9, 133.0,176.0,-1
9, 4, 133.0,176.0,-1
4, 10, 414.0,546.0,-1
10, 4, 414.0,546.0,-1
4, 11, 535.0,619.0,-1
11, 4, 535.0,619.0,-1
4, 12, 676.0,907.0,-1
12, 4, 676.0,907.0,-1
4, 13, 22.0,31.0,-1
13, 4, 22.0,31.0,-1
4, 14, 629.0,870.0,1
14, 4, 629.0,870.0,1
4, 15, 360.0,437.0,-1
15, 4, 360.0,437.0,-1
4, 16, 681.0,880.0,1
16, 4, 681.0,880.0,1
4, 4, 0.0,0.0,1
5, 6, 322.0,375.0,1
6, 5, 322.0,375.0,1
5, 7, 503.0,710.0,-1
7, 5, 503.0,710.0,-1
5, 8, 57.0,80.0,-1
8, 5, 57.0,80.0,-1
5, 9, 105.0,148.0,1
9, 5, 105.0,148.0,1
5, 10, 387.0,491.0,-1
10, 5, 387.0,491.0,-1
5, 11, 497.0,591.0,-1
11, 5, 497.0,591.0,-1
5, 12, 646.0,878.0,1
12, 5, 646.0,878.0,1
5, 13, 60.0,61.0,-1
13, 5, 60.0,61.0,-1
5, 14, 587.0,815.0,-1
14, 5, 587.0,815.0,-1
5, 15, 317.0,383.0,-1
15, 5, 317.0,383.0,-1
5, 16, 648.0,852.0,-1
16, 5, 648.0,852.0,-1
5, 5, 0.0,0.0,1
6, 7, 723.0,968.0,1
7, 6, 723.0,968.0,1
6, 8, 367.0,454.0,1
8, 6, 367.0,454.0,1
6, 9, 285.0,387.0,-1
9, 6, 285.0,387.0,-1
6, 10, 707.0,866.0,-1
10, 6, 707.0,866.0,-1
6, 11, 584.0,756.0,1
11, 6, 584.0,756.0,1
6, 12, 623.0,625.0,-1
12, 6, 623.0,625.0,-1
6, 13, 316.0,317.0,1
13, 6, 316.0,317.0,1
6, 14, 845.0,1190.0,-1
14, 6, 845.0,1190.0,-1
6, 15, 536.0,757.0,-1
15, 6, 536.0,757.0,-1
6, 16, 655.0,711.0,1
16, 6, 655.0,711.0,1
6, 6, 0.0,0.0,1
7, 8, 516.0,719.0,-1
8, 7, 516.0,719.0,-1
7, 9, 608.0,858.0,-1
9, 7, 608.0,858.0,-1
7, 10, 504.0,536.0,-1
10, 7, 504.0,536.0,-1
7, 11, 967.0,1300.0,1
11, 7, 967.0,1300.0,1
7, 12, 1142.0,1588.0,-1
12, 7, 1142.0,1588.0,-1
7, 13, 461.0,651.0,1
13, 7, 461.0,651.0,1
7, 14, 864.0,869.0,-1
14, 7, 864.0,869.0,-1
7, 15, 732.0,942.0,-1
15, 7, 732.0,942.0,-1
7, 16, 1136.0,1561.0,-1
16, 7, 1136.0,1561.0,-1
7, 7, 0.0,0.0,1
8, 9, 110.0,139.0,-1
9, 8, 110.0,139.0,-1
8, 10, 341.0,412.0,-1
10, 8, 341.0,412.0,-1
8, 11, 464.0,582.0,1
11, 8, 464.0,582.0,1
8, 12, 627.0,870.0,-1
12, 8, 627.0,870.0,-1
8, 13, 110.0,140.0,-1
13, 8, 110.0,140.0,-1
8, 14, 531.0,736.0,-1
14, 8, 531.0,736.0,-1
8, 15, 267.0,303.0,1
15, 8, 267.0,303.0,1
8, 16, 623.0,843.0,1
16, 8, 623.0,843.0,1
8, 8, 0.0,0.0,1
9, 10, 436.0,479.0,1
10, 9, 436.0,479.0,1
9, 11, 408.0,443.0,1
11, 9, 408.0,443.0,1
9, 12, 544.0,731.0,-1
12, 9, 544.0,731.0,-1
9, 13, 155.0,207.0,-1
13, 9, 155.0,207.0,-1
9, 14, 568.0,804.0,-1
14, 9, 568.0,804.0,-1
9, 15, 269.0,371.0,-1
15, 9, 269.0,371.0,-1
9, 16, 548.0,704.0,-1
16, 9, 548.0,704.0,-1
9, 9, 0.0,0.0,1
10, 11, 593.0,831.0,1
11, 10, 593.0,831.0,1
10, 12, 809.0,1119.0,-1
12, 10, 809.0,1119.0,-1
10, 13, 411.0,551.0,1
13, 10, 411.0,551.0,1
10, 14, 364.0,400.0,-1
14, 10, 364.0,400.0,-1
10, 15, 343.0,473.0,1
15, 10, 343.0,473.0,1
10, 16, 780.0,1092.0,-1
16, 10, 780.0,1092.0,-1
10, 10, 0.0,0.0,1
11, 12, 224.0,288.0,-1
12, 11, 224.0,288.0,-1
11, 13, 555.0,649.0,1
13, 11, 555.0,649.0,1
11, 14, 433.0,435.0,-1
14, 11, 433.0,435.0,-1
11, 15, 254.0,359.0,1
15, 11, 254.0,359.0,1
11, 16, 188.0,262.0,-1
16, 11, 188.0,262.0,-1
11, 11, 0.0,0.0,1
12, 13, 698.0,937.0,-1
13, 12, 698.0,937.0,-1
12, 14, 647.0,719.0,1
14, 12, 647.0,719.0,1
12, 15, 467.0,646.0,-1
15, 12, 467.0,646.0,-1
12, 16, 64.0,86.0,1
16, 12, 64.0,86.0,1
12, 12, 0.0,0.0,1
13, 14, 638.0,875.0,-1
14, 13, 638.0,875.0,-1
13, 15, 375.0,443.0,-1
15, 13, 375.0,443.0,-1
13, 16, 702.0,910.0,-1
16, 13, 702.0,910.0,-1
13, 13, 0.0,0.0,1
14, 15, 311.0,433.0,-1
15, 14, 311.0,433.0,-1
14, 16, 596.0,693.0,1
16, 14, 596.0,693.0,1
14, 14, 0.0,0.0,1
15, 16, 440.0,620.0,-1
16, 15, 440.0,620.0,-1
15, 15, 0.0,0.0,1
16, 16, 0.0,0.0,1


<end>