<number of nodes>
16

<ratio of available edges>
0.3

<max length of the drone flight>
100000 

<D 2/3>
1, 4, 5, 6, 7, 8, 10, 11, 12, 14, 15

<V>
4, 5, 10, 11, 12

<coordinates X,Y>
17.647899094968444, 340.5889141613035
717.2387847429025, 249.51525897252444
640.8743800284552, 799.8605653758776
578.247889975793, 705.62353625873
393.8530798092067, 197.4428103499814
790.3666894941532, 264.2151934470194
489.5877331675927, 505.8345194801231
409.0766963198449, 769.3464318857417
173.4111018106577, 421.04464219885074
410.10587027378944, 625.6822865116285
495.45803890927203, 933.4413685836731
679.0092865018576, 447.97183908580354
822.2337690886864, 410.75549722982544
700.1744291170298, 258.2565368839918
968.7053313688195, 261.6708418526067
515.2707377055717, 507.8880108481862

<adjacency matrix with truck distances>
1, 2, 706.0,791.0,-1
2, 1, 706.0,791.0,-1
1, 3, 775.0,1083.0,-1
3, 1, 775.0,1083.0,-1
1, 4, 669.0,926.0,-1
4, 1, 669.0,926.0,-1
1, 5, 403.0,520.0,-1
5, 1, 403.0,520.0,-1
1, 6, 777.0,850.0,-1
6, 1, 777.0,850.0,-1
1, 7, 501.0,638.0,-1
7, 1, 501.0,638.0,-1
1, 8, 581.0,821.0,-1
8, 1, 581.0,821.0,-1
1, 9, 176.0,237.0,-1
9, 1, 176.0,237.0,-1
1, 10, 486.0,678.0,-1
10, 1, 486.0,678.0,-1
1, 11, 762.0,1071.0,-1
11, 1, 762.0,1071.0,-1
1, 12, 671.0,769.0,-1
12, 1, 671.0,769.0,-1
1, 13, 808.0,875.0,-1
13, 1, 808.0,875.0,-1
1, 14, 688.0,765.0,-1
14, 1, 688.0,765.0,-1
1, 15, 955.0,1030.0,1
15, 1, 955.0,1030.0,1
1, 16, 525.0,665.0,-1
16, 1, 525.0,665.0,-1
1, 1, 0.0,0.0,1
2, 3, 556.0,627.0,-1
3, 2, 556.0,627.0,-1
2, 4, 477.0,596.0,-1
4, 2, 477.0,596.0,-1
2, 5, 328.0,376.0,1
5, 2, 328.0,376.0,1
2, 6, 75.0,88.0,1
6, 2, 75.0,88.0,1
2, 7, 343.0,484.0,-1
7, 2, 343.0,484.0,-1
2, 8, 605.0,828.0,-1
8, 2, 605.0,828.0,-1
2, 9, 571.0,716.0,1
9, 2, 571.0,716.0,1
2, 10, 486.0,684.0,-1
10, 2, 486.0,684.0,-1
2, 11, 719.0,906.0,-1
11, 2, 719.0,906.0,-1
2, 12, 203.0,237.0,-1
12, 2, 203.0,237.0,-1
2, 13, 193.0,267.0,-1
13, 2, 193.0,267.0,-1
2, 14, 20.0,26.0,-1
14, 2, 20.0,26.0,-1
2, 15, 252.0,264.0,-1
15, 2, 252.0,264.0,-1
2, 16, 328.0,461.0,-1
16, 2, 328.0,461.0,-1
2, 2, 0.0,0.0,1
3, 4, 114.0,157.0,-1
4, 3, 114.0,157.0,-1
3, 5, 652.0,850.0,-1
5, 3, 652.0,850.0,-1
3, 6, 557.0,686.0,-1
6, 3, 557.0,686.0,-1
3, 7, 331.0,446.0,1
7, 3, 331.0,446.0,1
3, 8, 234.0,263.0,1
8, 3, 234.0,263.0,1
3, 9, 602.0,847.0,-1
9, 3, 602.0,847.0,-1
3, 10, 290.0,405.0,-1
10, 3, 290.0,405.0,-1
3, 11, 198.0,279.0,-1
11, 3, 198.0,279.0,-1
3, 12, 354.0,391.0,1
12, 3, 354.0,391.0,1
3, 13, 430.0,571.0,1
13, 3, 430.0,571.0,1
3, 14, 545.0,601.0,-1
14, 3, 545.0,601.0,-1
3, 15, 631.0,867.0,-1
15, 3, 631.0,867.0,-1
3, 16, 318.0,418.0,-1
16, 3, 318.0,418.0,-1
3, 3, 0.0,0.0,1
4, 5, 541.0,693.0,1
5, 4, 541.0,693.0,1
4, 6, 490.0,654.0,1
6, 4, 490.0,654.0,1
4, 7, 219.0,289.0,-1
7, 4, 219.0,289.0,-1
4, 8, 181.0,233.0,1
8, 4, 181.0,233.0,1
4, 9, 495.0,690.0,-1
9, 4, 495.0,690.0,-1
4, 10, 187.0,249.0,-1
10, 4, 187.0,249.0,-1
4, 11, 243.0,311.0,-1
11, 4, 243.0,311.0,-1
4, 12, 277.0,359.0,-1
12, 4, 277.0,359.0,-1
4, 13, 383.0,539.0,-1
13, 4, 383.0,539.0,-1
4, 14, 464.0,570.0,-1
14, 4, 464.0,570.0,-1
4, 15, 592.0,835.0,1
15, 4, 592.0,835.0,1
4, 16, 208.0,261.0,1
16, 4, 208.0,261.0,1
4, 4, 0.0,0.0,1
5, 6, 403.0,464.0,-1
6, 5, 403.0,464.0,-1
5, 7, 323.0,405.0,-1
7, 5, 323.0,405.0,-1
5, 8, 573.0,588.0,1
8, 5, 573.0,588.0,1
5, 9, 314.0,445.0,1
9, 5, 314.0,445.0,1
5, 10, 429.0,445.0,-1
10, 5, 429.0,445.0,-1
5, 11, 743.0,838.0,1
11, 5, 743.0,838.0,1
5, 12, 380.0,536.0,-1
12, 5, 380.0,536.0,-1
5, 13, 479.0,642.0,1
13, 5, 479.0,642.0,1
5, 14, 313.0,368.0,-1
14, 5, 313.0,368.0,-1
5, 15, 579.0,640.0,-1
15, 5, 579.0,640.0,-1
5, 16, 334.0,432.0,-1
16, 5, 334.0,432.0,-1
5, 5, 0.0,0.0,1
6, 7, 386.0,543.0,1
7, 6, 386.0,543.0,1
6, 8, 633.0,887.0,1
8, 6, 633.0,887.0,1
6, 9, 637.0,774.0,-1
9, 6, 637.0,774.0,-1
6, 10, 525.0,742.0,1
10, 6, 525.0,742.0,1
6, 11, 732.0,965.0,-1
11, 6, 732.0,965.0,-1
6, 12, 215.0,296.0,1
12, 6, 215.0,296.0,1
6, 13, 150.0,179.0,-1
13, 6, 150.0,179.0,-1
6, 14, 91.0,97.0,-1
14, 6, 91.0,97.0,-1
6, 15, 179.0,181.0,-1
15, 6, 179.0,181.0,-1
6, 16, 368.0,519.0,-1
16, 6, 368.0,519.0,-1
6, 6, 0.0,0.0,1
7, 8, 276.0,345.0,-1
8, 7, 276.0,345.0,-1
7, 9, 328.0,401.0,-1
9, 7, 328.0,401.0,-1
7, 10, 144.0,200.0,-1
10, 7, 144.0,200.0,-1
7, 11, 428.0,434.0,1
11, 7, 428.0,434.0,1
7, 12, 199.0,248.0,-1
12, 7, 199.0,248.0,-1
7, 13, 346.0,428.0,1
13, 7, 346.0,428.0,1
7, 14, 326.0,459.0,-1
14, 7, 326.0,459.0,-1
7, 15, 538.0,724.0,1
15, 7, 538.0,724.0,1
7, 16, 26.0,28.0,-1
16, 7, 26.0,28.0,-1
7, 7, 0.0,0.0,1
8, 9, 421.0,584.0,-1
9, 8, 421.0,584.0,-1
8, 10, 144.0,145.0,1
10, 8, 144.0,145.0,1
8, 11, 186.0,251.0,-1
11, 8, 186.0,251.0,-1
8, 12, 420.0,592.0,-1
12, 8, 420.0,592.0,-1
8, 13, 548.0,772.0,1
13, 8, 548.0,772.0,1
8, 14, 589.0,803.0,1
14, 8, 589.0,803.0,1
8, 15, 756.0,1068.0,1
15, 8, 756.0,1068.0,1
8, 16, 283.0,368.0,1
16, 8, 283.0,368.0,1
8, 8, 0.0,0.0,1
9, 10, 313.0,442.0,-1
10, 9, 313.0,442.0,-1
9, 11, 606.0,835.0,-1
11, 9, 606.0,835.0,-1
9, 12, 507.0,533.0,-1
12, 9, 507.0,533.0,-1
9, 13, 649.0,660.0,-1
13, 9, 649.0,660.0,-1
9, 14, 552.0,690.0,-1
14, 9, 552.0,690.0,-1
9, 15, 812.0,955.0,1
15, 9, 812.0,955.0,1
9, 16, 353.0,429.0,-1
16, 9, 353.0,429.0,-1
9, 9, 0.0,0.0,1
10, 11, 320.0,394.0,1
11, 10, 320.0,394.0,1
10, 12, 323.0,447.0,-1
12, 10, 323.0,447.0,-1
10, 13, 465.0,628.0,-1
13, 10, 465.0,628.0,-1
10, 14, 469.0,658.0,1
14, 10, 469.0,658.0,1
10, 15, 667.0,923.0,-1
15, 10, 667.0,923.0,-1
10, 16, 158.0,223.0,-1
16, 10, 158.0,223.0,-1
10, 10, 0.0,0.0,1
11, 12, 520.0,670.0,-1
12, 11, 520.0,670.0,-1
11, 13, 617.0,850.0,-1
13, 11, 617.0,850.0,-1
11, 14, 706.0,880.0,-1
14, 11, 706.0,880.0,-1
11, 15, 822.0,1146.0,-1
15, 11, 822.0,1146.0,-1
11, 16, 427.0,446.0,1
16, 11, 427.0,446.0,1
11, 11, 0.0,0.0,1
12, 13, 148.0,181.0,1
13, 12, 148.0,181.0,1
12, 14, 191.0,211.0,1
14, 12, 191.0,211.0,1
12, 15, 345.0,476.0,-1
15, 12, 345.0,476.0,-1
12, 16, 175.0,224.0,-1
16, 12, 175.0,224.0,-1
12, 12, 0.0,0.0,1
13, 14, 196.0,275.0,-1
14, 13, 196.0,275.0,-1
13, 15, 209.0,296.0,-1
15, 13, 209.0,296.0,-1
13, 16, 322.0,405.0,-1
16, 13, 322.0,405.0,-1
13, 13, 0.0,0.0,1
14, 15, 269.0,272.0,1
15, 14, 269.0,272.0,1
14, 16, 311.0,435.0,-1
16, 14, 311.0,435.0,-1
14, 14, 0.0,0.0,1
15, 16, 516.0,700.0,-1
16, 15, 516.0,700.0,-1
15, 15, 0.0,0.0,1
16, 16, 0.0,0.0,1


<end>