<number of nodes>
16

<ratio of available edges>
0.3

<max length of the drone flight>
100000 

<D 2/3>
1, 2, 4, 5, 7, 9, 10, 11, 13, 14, 16

<V>
2, 7, 9, 10, 14

<coordinates X,Y>
95.99323187798231, 553.864275186042
514.5941181447414, 896.3552473243099
137.36664612668517, 166.56695987046118
12.896180355631053, 262.86728307342156
386.61816705194417, 472.71671635066394
252.48521594233205, 626.754797514443
627.066814099261, 316.89514800064046
828.0004177148352, 501.84062045182895
771.2300622386293, 54.72314732362355
916.1961673400087, 856.6666769546736
257.48674709818164, 42.4519756737604
556.2611592152948, 13.697907218915356
897.3286361309605, 978.0205543370827
528.9993487095899, 42.720336963832544
387.8967904914702, 570.7181577372332
550.4325190448444, 100.05173151664697

<adjacency matrix with truck distances>
1, 2, 541.0,762.0,-1
2, 1, 541.0,762.0,-1
1, 3, 390.0,429.0,1
3, 1, 390.0,429.0,1
1, 4, 303.0,375.0,-1
4, 1, 303.0,375.0,-1
1, 5, 302.0,372.0,-1
5, 1, 302.0,372.0,-1
1, 6, 173.0,230.0,-1
6, 1, 173.0,230.0,-1
1, 7, 582.0,769.0,-1
7, 1, 582.0,769.0,-1
1, 8, 734.0,785.0,-1
8, 1, 734.0,785.0,-1
1, 9, 840.0,1175.0,-1
9, 1, 840.0,1175.0,-1
1, 10, 875.0,1124.0,-1
10, 1, 875.0,1124.0,-1
1, 11, 537.0,673.0,-1
11, 1, 537.0,673.0,-1
1, 12, 710.0,1001.0,1
12, 1, 710.0,1001.0,1
1, 13, 907.0,1226.0,-1
13, 1, 907.0,1226.0,-1
1, 14, 670.0,945.0,-1
14, 1, 670.0,945.0,-1
1, 15, 293.0,309.0,1
15, 1, 293.0,309.0,1
1, 16, 643.0,909.0,-1
16, 1, 643.0,909.0,-1
1, 1, 0.0,0.0,1
2, 3, 822.0,1108.0,-1
3, 2, 822.0,1108.0,-1
2, 4, 809.0,1136.0,-1
4, 2, 809.0,1136.0,-1
2, 5, 443.0,552.0,1
5, 2, 443.0,552.0,1
2, 6, 377.0,532.0,-1
6, 2, 377.0,532.0,-1
2, 7, 591.0,692.0,1
7, 2, 591.0,692.0,1
2, 8, 504.0,708.0,-1
8, 2, 504.0,708.0,-1
2, 9, 880.0,1099.0,-1
9, 2, 880.0,1099.0,-1
2, 10, 404.0,442.0,-1
10, 2, 404.0,442.0,-1
2, 11, 892.0,1112.0,-1
11, 2, 892.0,1112.0,-1
2, 12, 884.0,925.0,-1
12, 2, 884.0,925.0,-1
2, 13, 392.0,465.0,1
13, 2, 392.0,465.0,1
2, 14, 854.0,869.0,1
14, 2, 854.0,869.0,1
2, 15, 350.0,453.0,1
15, 2, 350.0,453.0,1
2, 16, 798.0,833.0,1
16, 2, 798.0,833.0,1
2, 2, 0.0,0.0,1
3, 4, 158.0,221.0,-1
4, 3, 158.0,221.0,-1
3, 5, 395.0,556.0,-1
5, 3, 395.0,556.0,-1
3, 6, 475.0,576.0,-1
6, 3, 475.0,576.0,-1
3, 7, 513.0,641.0,-1
7, 3, 513.0,641.0,-1
3, 8, 768.0,1026.0,-1
8, 3, 768.0,1026.0,-1
3, 9, 644.0,746.0,-1
9, 3, 644.0,746.0,-1
3, 10, 1041.0,1469.0,1
10, 3, 1041.0,1469.0,1
3, 11, 173.0,245.0,-1
11, 3, 173.0,245.0,-1
3, 12, 446.0,572.0,-1
12, 3, 446.0,572.0,-1
3, 13, 1112.0,1572.0,-1
13, 3, 1112.0,1572.0,-1
3, 14, 411.0,516.0,-1
14, 3, 411.0,516.0,-1
3, 15, 476.0,655.0,-1
15, 3, 476.0,655.0,-1
3, 16, 419.0,480.0,-1
16, 3, 419.0,480.0,-1
3, 3, 0.0,0.0,1
4, 5, 429.0,584.0,-1
5, 4, 429.0,584.0,-1
4, 6, 436.0,604.0,1
6, 4, 436.0,604.0,1
4, 7, 617.0,669.0,1
7, 4, 617.0,669.0,1
4, 8, 850.0,1055.0,-1
8, 4, 850.0,1055.0,-1
4, 9, 787.0,967.0,1
9, 4, 787.0,967.0,1
4, 10, 1081.0,1498.0,-1
10, 4, 1081.0,1498.0,-1
4, 11, 330.0,466.0,-1
11, 4, 330.0,466.0,-1
4, 12, 598.0,793.0,-1
12, 4, 598.0,793.0,-1
4, 13, 1138.0,1600.0,-1
13, 4, 1138.0,1600.0,-1
4, 14, 562.0,737.0,-1
14, 4, 562.0,737.0,-1
4, 15, 486.0,683.0,-1
15, 4, 486.0,683.0,-1
4, 16, 562.0,701.0,-1
16, 4, 562.0,701.0,-1
4, 4, 0.0,0.0,1
5, 6, 205.0,289.0,1
6, 5, 205.0,289.0,1
5, 7, 287.0,397.0,1
7, 5, 287.0,397.0,1
5, 8, 443.0,471.0,-1
8, 5, 443.0,471.0,-1
5, 9, 569.0,803.0,-1
9, 5, 569.0,803.0,-1
5, 10, 655.0,914.0,-1
10, 5, 655.0,914.0,-1
5, 11, 450.0,560.0,1
11, 5, 450.0,560.0,1
5, 12, 490.0,629.0,-1
12, 5, 490.0,629.0,-1
5, 13, 719.0,1017.0,1
13, 5, 719.0,1017.0,1
5, 14, 453.0,573.0,-1
14, 5, 453.0,573.0,-1
5, 15, 99.0,100.0,-1
15, 5, 99.0,100.0,-1
5, 16, 408.0,537.0,-1
16, 5, 408.0,537.0,-1
5, 5, 0.0,0.0,1
6, 7, 487.0,685.0,-1
7, 6, 487.0,685.0,-1
6, 8, 589.0,701.0,-1
8, 6, 589.0,701.0,-1
6, 9, 773.0,1091.0,-1
9, 6, 773.0,1091.0,-1
6, 10, 703.0,894.0,1
10, 6, 703.0,894.0,1
6, 11, 585.0,590.0,-1
11, 6, 585.0,590.0,-1
6, 12, 685.0,917.0,1
12, 6, 685.0,917.0,1
6, 13, 735.0,997.0,1
13, 6, 735.0,997.0,1
6, 14, 647.0,861.0,-1
14, 6, 647.0,861.0,-1
6, 15, 147.0,192.0,1
15, 6, 147.0,192.0,1
6, 16, 606.0,825.0,-1
16, 6, 606.0,825.0,-1
6, 6, 0.0,0.0,1
7, 8, 274.0,386.0,-1
8, 7, 274.0,386.0,-1
7, 9, 300.0,407.0,-1
9, 7, 300.0,407.0,-1
7, 10, 613.0,829.0,1
10, 7, 613.0,829.0,1
7, 11, 461.0,645.0,-1
11, 7, 461.0,645.0,-1
7, 12, 312.0,375.0,-1
12, 7, 312.0,375.0,-1
7, 13, 715.0,932.0,-1
13, 7, 715.0,932.0,-1
7, 14, 292.0,373.0,1
14, 7, 292.0,373.0,1
7, 15, 349.0,493.0,-1
15, 7, 349.0,493.0,-1
7, 16, 230.0,294.0,1
16, 7, 230.0,294.0,1
7, 7, 0.0,0.0,1
8, 9, 451.0,504.0,-1
9, 8, 451.0,504.0,-1
8, 10, 366.0,444.0,-1
10, 8, 366.0,444.0,-1
8, 11, 733.0,1030.0,-1
11, 8, 733.0,1030.0,-1
8, 12, 559.0,760.0,-1
12, 8, 559.0,760.0,-1
8, 13, 482.0,546.0,1
13, 8, 482.0,546.0,1
8, 14, 548.0,759.0,1
14, 8, 548.0,759.0,1
8, 15, 446.0,509.0,-1
15, 8, 446.0,509.0,-1
8, 16, 489.0,680.0,1
16, 8, 489.0,680.0,1
8, 8, 0.0,0.0,1
9, 10, 815.0,947.0,-1
10, 9, 815.0,947.0,-1
9, 11, 514.0,527.0,1
11, 9, 514.0,527.0,1
9, 12, 219.0,256.0,1
12, 9, 219.0,256.0,1
9, 13, 932.0,1050.0,-1
13, 9, 932.0,1050.0,-1
9, 14, 243.0,255.0,-1
14, 9, 243.0,255.0,-1
9, 15, 643.0,900.0,-1
15, 9, 643.0,900.0,-1
9, 16, 226.0,267.0,-1
16, 9, 226.0,267.0,-1
9, 9, 0.0,0.0,1
10, 11, 1048.0,1473.0,1
11, 10, 1048.0,1473.0,1
10, 12, 917.0,1203.0,-1
12, 10, 917.0,1203.0,-1
10, 13, 123.0,141.0,-1
13, 10, 123.0,141.0,-1
10, 14, 902.0,1202.0,-1
14, 10, 902.0,1202.0,-1
10, 15, 601.0,815.0,1
15, 10, 601.0,815.0,1
10, 16, 841.0,1123.0,-1
16, 10, 841.0,1123.0,-1
10, 10, 0.0,0.0,1
11, 12, 301.0,328.0,-1
12, 11, 301.0,328.0,-1
11, 13, 1134.0,1576.0,1
13, 11, 1134.0,1576.0,1
11, 14, 272.0,272.0,-1
14, 11, 272.0,272.0,-1
11, 15, 545.0,659.0,1
15, 11, 545.0,659.0,1
11, 16, 299.0,351.0,-1
16, 11, 299.0,351.0,-1
11, 11, 0.0,0.0,1
12, 13, 1023.0,1306.0,1
13, 12, 1023.0,1306.0,1
12, 14, 40.0,57.0,-1
14, 12, 40.0,57.0,-1
12, 15, 582.0,726.0,1
15, 12, 582.0,726.0,1
12, 16, 87.0,93.0,-1
16, 12, 87.0,93.0,-1
12, 12, 0.0,0.0,1
13, 14, 1006.0,1304.0,-1
14, 13, 1006.0,1304.0,-1
13, 15, 653.0,917.0,1
15, 13, 653.0,917.0,1
13, 16, 945.0,1225.0,-1
16, 13, 945.0,1225.0,-1
13, 13, 0.0,0.0,1
14, 15, 547.0,670.0,-1
15, 14, 547.0,670.0,-1
14, 16, 62.0,79.0,-1
16, 14, 62.0,79.0,-1
14, 14, 0.0,0.0,1
15, 16, 498.0,634.0,-1
16, 15, 498.0,634.0,-1
15, 15, 0.0,0.0,1
16, 16, 0.0,0.0,1


<end>