<number of nodes>
16

<ratio of available edges>
0.3

<max length of the drone flight>
100000 

<D 2/3>
1, 2, 4, 5, 6, 7, 8, 9, 10, 12, 16

<V>
4, 5, 7, 9, 10

<coordinates X,Y>
840.6536682491422, 898.0119047473756
893.2492877072501, 692.92449990695
820.8902008037734, 804.8753669809237
110.39810597761057, 281.915947322606
641.2233531318385, 248.85280472359432
379.94349276787796, 872.99926178463
226.74320387692995, 861.5782778577612
347.184148612966, 77.41215153135593
803.1696402033123, 861.3896197175852
562.6454253655974, 330.19321053056075
782.5821383230705, 56.482192010981294
783.962091337347, 788.9471806582926
685.3317961564352, 695.9355990626146
670.0349120560584, 696.3022727687576
193.40592335722997, 533.8769246550535
566.2440519844077, 586.3735936827326

<adjacency matrix with truck distances>
1, 2, 212.0,258.0,1
2, 1, 212.0,258.0,1
1, 3, 96.0,113.0,-1
3, 1, 96.0,113.0,-1
1, 4, 956.0,1347.0,-1
4, 1, 956.0,1347.0,-1
1, 5, 680.0,849.0,1
5, 1, 680.0,849.0,1
1, 6, 462.0,486.0,-1
6, 1, 462.0,486.0,-1
1, 7, 615.0,651.0,-1
7, 1, 615.0,651.0,-1
1, 8, 958.0,1315.0,-1
8, 1, 958.0,1315.0,-1
1, 9, 53.0,75.0,-1
9, 1, 53.0,75.0,-1
1, 10, 633.0,846.0,-1
10, 1, 633.0,846.0,-1
1, 11, 844.0,900.0,-1
11, 1, 844.0,900.0,-1
1, 12, 123.0,166.0,-1
12, 1, 123.0,166.0,-1
1, 13, 255.0,358.0,1
13, 1, 255.0,358.0,1
1, 14, 265.0,373.0,-1
14, 1, 265.0,373.0,-1
1, 15, 743.0,1012.0,1
15, 1, 743.0,1012.0,1
1, 16, 416.0,587.0,-1
16, 1, 416.0,587.0,-1
1, 1, 0.0,0.0,1
2, 3, 134.0,185.0,-1
3, 2, 134.0,185.0,-1
2, 4, 885.0,1194.0,1
4, 2, 885.0,1194.0,1
2, 5, 511.0,697.0,-1
5, 2, 511.0,697.0,-1
2, 6, 544.0,694.0,-1
6, 2, 544.0,694.0,-1
2, 7, 688.0,836.0,1
7, 2, 688.0,836.0,1
2, 8, 823.0,1162.0,-1
8, 2, 823.0,1162.0,-1
2, 9, 192.0,259.0,1
9, 2, 192.0,259.0,1
2, 10, 491.0,694.0,-1
10, 2, 491.0,694.0,-1
2, 11, 646.0,748.0,1
11, 2, 646.0,748.0,1
2, 12, 146.0,206.0,-1
12, 2, 146.0,206.0,-1
2, 13, 208.0,211.0,1
13, 2, 208.0,211.0,1
2, 14, 224.0,227.0,-1
14, 2, 224.0,227.0,-1
2, 15, 718.0,859.0,-1
15, 2, 718.0,859.0,-1
2, 16, 344.0,434.0,1
16, 2, 344.0,434.0,1
2, 2, 0.0,0.0,1
3, 4, 883.0,1234.0,-1
4, 3, 883.0,1234.0,-1
3, 5, 585.0,736.0,1
5, 3, 585.0,736.0,1
3, 6, 447.0,510.0,-1
6, 3, 447.0,510.0,-1
3, 7, 597.0,651.0,-1
7, 3, 597.0,651.0,-1
3, 8, 869.0,1202.0,-1
8, 3, 869.0,1202.0,-1
3, 9, 60.0,75.0,-1
9, 3, 60.0,75.0,-1
3, 10, 541.0,733.0,-1
10, 3, 541.0,733.0,-1
3, 11, 750.0,787.0,1
11, 3, 750.0,787.0,1
3, 12, 41.0,53.0,1
12, 3, 41.0,53.0,1
3, 13, 174.0,245.0,-1
13, 3, 174.0,245.0,-1
3, 14, 186.0,260.0,-1
14, 3, 186.0,260.0,-1
3, 15, 684.0,899.0,-1
15, 3, 684.0,899.0,-1
3, 16, 336.0,474.0,1
16, 3, 336.0,474.0,1
3, 3, 0.0,0.0,1
4, 5, 532.0,564.0,1
5, 4, 532.0,564.0,1
4, 6, 650.0,861.0,-1
6, 4, 650.0,861.0,-1
4, 7, 592.0,697.0,-1
7, 4, 592.0,697.0,-1
4, 8, 313.0,442.0,-1
8, 4, 313.0,442.0,-1
4, 9, 904.0,1273.0,-1
9, 4, 904.0,1273.0,-1
4, 10, 455.0,501.0,1
10, 4, 455.0,501.0,1
4, 11, 709.0,898.0,-1
11, 4, 709.0,898.0,-1
4, 12, 844.0,1181.0,-1
12, 4, 844.0,1181.0,-1
4, 13, 709.0,989.0,-1
13, 4, 709.0,989.0,-1
4, 14, 697.0,975.0,-1
14, 4, 697.0,975.0,-1
4, 15, 266.0,335.0,-1
15, 4, 266.0,335.0,-1
4, 16, 549.0,761.0,1
16, 4, 549.0,761.0,1
4, 4, 0.0,0.0,1
5, 6, 677.0,886.0,-1
6, 5, 677.0,886.0,-1
5, 7, 740.0,1028.0,-1
7, 5, 740.0,1028.0,-1
5, 8, 341.0,466.0,-1
8, 5, 341.0,466.0,-1
5, 9, 634.0,775.0,-1
9, 5, 634.0,775.0,-1
5, 10, 114.0,160.0,1
10, 5, 114.0,160.0,1
5, 11, 239.0,334.0,-1
11, 5, 239.0,334.0,-1
5, 12, 559.0,683.0,-1
12, 5, 559.0,683.0,-1
5, 13, 450.0,492.0,-1
13, 5, 450.0,492.0,-1
5, 14, 449.0,477.0,-1
14, 5, 449.0,477.0,-1
5, 15, 531.0,733.0,1
15, 5, 531.0,733.0,1
5, 16, 346.0,413.0,1
16, 5, 346.0,413.0,1
5, 5, 0.0,0.0,1
6, 7, 154.0,165.0,-1
7, 6, 154.0,165.0,-1
6, 8, 797.0,829.0,-1
8, 6, 797.0,829.0,-1
6, 9, 424.0,435.0,1
9, 6, 424.0,435.0,1
6, 10, 573.0,726.0,1
10, 6, 573.0,726.0,1
6, 11, 911.0,1220.0,1
11, 6, 911.0,1220.0,1
6, 12, 413.0,489.0,-1
12, 6, 413.0,489.0,-1
6, 13, 354.0,483.0,1
13, 6, 354.0,483.0,1
6, 14, 340.0,467.0,-1
14, 6, 340.0,467.0,-1
6, 15, 388.0,526.0,-1
15, 6, 388.0,526.0,-1
6, 16, 342.0,473.0,-1
16, 6, 342.0,473.0,-1
6, 6, 0.0,0.0,1
7, 8, 794.0,905.0,-1
8, 7, 794.0,905.0,-1
7, 9, 577.0,577.0,-1
9, 7, 577.0,577.0,-1
7, 10, 629.0,868.0,1
10, 7, 629.0,868.0,1
7, 11, 979.0,1361.0,-1
11, 7, 979.0,1361.0,-1
7, 12, 562.0,630.0,1
12, 7, 562.0,630.0,1
7, 13, 488.0,625.0,-1
13, 7, 488.0,625.0,-1
7, 14, 474.0,609.0,-1
14, 7, 474.0,609.0,-1
7, 15, 330.0,362.0,-1
15, 7, 330.0,362.0,-1
7, 16, 438.0,615.0,-1
16, 7, 438.0,615.0,-1
7, 7, 0.0,0.0,1
8, 9, 907.0,1240.0,1
9, 8, 907.0,1240.0,1
8, 10, 333.0,469.0,-1
10, 8, 333.0,469.0,-1
8, 11, 436.0,457.0,-1
11, 8, 436.0,457.0,-1
8, 12, 835.0,1149.0,-1
12, 8, 835.0,1149.0,-1
8, 13, 705.0,957.0,-1
13, 8, 705.0,957.0,-1
8, 14, 699.0,942.0,1
14, 8, 699.0,942.0,1
8, 15, 482.0,611.0,-1
15, 8, 482.0,611.0,-1
8, 16, 555.0,729.0,-1
16, 8, 555.0,729.0,-1
8, 8, 0.0,0.0,1
9, 10, 584.0,772.0,-1
10, 9, 584.0,772.0,-1
9, 11, 806.0,826.0,-1
11, 9, 806.0,826.0,-1
9, 12, 75.0,92.0,-1
12, 9, 75.0,92.0,-1
9, 13, 204.0,284.0,1
13, 9, 204.0,284.0,1
9, 14, 213.0,299.0,1
14, 9, 213.0,299.0,1
9, 15, 693.0,938.0,-1
15, 9, 693.0,938.0,-1
9, 16, 363.0,512.0,-1
16, 9, 363.0,512.0,-1
9, 9, 0.0,0.0,1
10, 11, 352.0,494.0,-1
11, 10, 352.0,494.0,-1
10, 12, 510.0,681.0,1
12, 10, 510.0,681.0,1
10, 13, 386.0,489.0,-1
13, 10, 386.0,489.0,-1
10, 14, 382.0,474.0,1
14, 10, 382.0,474.0,1
10, 15, 422.0,573.0,1
15, 10, 422.0,573.0,1
10, 16, 257.0,260.0,-1
16, 10, 257.0,260.0,-1
10, 10, 0.0,0.0,1
11, 12, 733.0,734.0,-1
12, 11, 733.0,734.0,-1
11, 13, 647.0,737.0,-1
13, 11, 647.0,737.0,-1
11, 14, 650.0,753.0,-1
14, 11, 650.0,753.0,-1
11, 15, 759.0,1067.0,-1
15, 11, 759.0,1067.0,-1
11, 16, 573.0,747.0,-1
16, 11, 573.0,747.0,-1
11, 11, 0.0,0.0,1
12, 13, 136.0,192.0,-1
13, 12, 136.0,192.0,-1
12, 14, 147.0,207.0,-1
14, 12, 147.0,207.0,-1
12, 15, 644.0,846.0,-1
15, 12, 644.0,846.0,-1
12, 16, 298.0,421.0,1
16, 12, 298.0,421.0,1
12, 12, 0.0,0.0,1
13, 14, 16.0,16.0,1
14, 13, 16.0,16.0,1
13, 15, 518.0,654.0,1
15, 13, 518.0,654.0,1
13, 16, 162.0,229.0,-1
16, 13, 162.0,229.0,-1
13, 13, 0.0,0.0,1
14, 15, 504.0,640.0,-1
15, 14, 504.0,640.0,-1
14, 16, 152.0,214.0,-1
16, 14, 152.0,214.0,-1
14, 14, 0.0,0.0,1
15, 16, 377.0,426.0,-1
16, 15, 377.0,426.0,-1
15, 15, 0.0,0.0,1
16, 16, 0.0,0.0,1


<end>