<number of nodes>
16

<ratio of available edges>
0.3

<max length of the drone flight>
100000 

<D 2/3>
1, 3, 4, 5, 7, 11, 12, 13, 14, 15, 16

<V>
4, 5, 7, 12, 16

<coordinates X,Y>
111.31157655241981, 644.2893848563513
638.6146767214768, 993.4288143342234
646.4442832478933, 39.844393498358144
148.9466737864818, 50.97100124444883
140.16345840354836, 796.2177720826651
635.4343844570502, 106.79315984220878
129.02018262029074, 134.60658288655227
163.35149929962162, 645.4118876299701
92.68029470747284, 833.8187472864225
742.014762436693, 132.15750329036075
468.5457396679328, 685.5765979413131
582.7553629470485, 176.58007507967955
374.34538435393245, 839.2252702734767
286.00263731509875, 64.4759661333927
143.977763956481, 443.6349591709573
818.4096570246452, 834.9246256635811

<adjacency matrix with truck distances>
1, 2, 633.0,877.0,-1
2, 1, 633.0,877.0,-1
1, 3, 808.0,1140.0,1
3, 1, 808.0,1140.0,1
1, 4, 595.0,631.0,-1
4, 1, 595.0,631.0,-1
1, 5, 155.0,181.0,-1
5, 1, 155.0,181.0,-1
1, 6, 751.0,1062.0,1
6, 1, 751.0,1062.0,1
1, 7, 510.0,528.0,1
7, 1, 510.0,528.0,1
1, 8, 53.0,54.0,-1
8, 1, 53.0,54.0,-1
1, 9, 191.0,209.0,1
9, 1, 191.0,209.0,1
1, 10, 813.0,1143.0,1
10, 1, 813.0,1143.0,1
1, 11, 360.0,399.0,1
11, 1, 360.0,399.0,1
1, 12, 665.0,940.0,1
12, 1, 665.0,940.0,1
1, 13, 328.0,458.0,1
13, 1, 328.0,458.0,1
1, 14, 606.0,755.0,-1
14, 1, 606.0,755.0,-1
1, 15, 204.0,234.0,-1
15, 1, 204.0,234.0,-1
1, 16, 733.0,898.0,1
16, 1, 733.0,898.0,1
1, 1, 0.0,0.0,1
2, 3, 954.0,962.0,-1
3, 2, 954.0,962.0,-1
2, 4, 1063.0,1433.0,-1
4, 2, 1063.0,1433.0,-1
2, 5, 537.0,696.0,-1
5, 2, 537.0,696.0,-1
2, 6, 887.0,890.0,-1
6, 2, 887.0,890.0,-1
2, 7, 999.0,1369.0,-1
7, 2, 999.0,1369.0,-1
2, 8, 590.0,824.0,-1
8, 2, 590.0,824.0,-1
2, 9, 569.0,706.0,-1
9, 2, 569.0,706.0,-1
2, 10, 868.0,965.0,-1
10, 2, 868.0,965.0,-1
2, 11, 352.0,478.0,-1
11, 2, 352.0,478.0,-1
2, 12, 819.0,873.0,-1
12, 2, 819.0,873.0,-1
2, 13, 306.0,419.0,1
13, 2, 306.0,419.0,1
2, 14, 994.0,1282.0,1
14, 2, 994.0,1282.0,1
2, 15, 740.0,1045.0,-1
15, 2, 740.0,1045.0,-1
2, 16, 240.0,339.0,-1
16, 2, 240.0,339.0,-1
2, 2, 0.0,0.0,1
3, 4, 498.0,509.0,1
4, 3, 498.0,509.0,1
3, 5, 911.0,1263.0,-1
5, 3, 911.0,1263.0,-1
3, 6, 68.0,78.0,-1
6, 3, 68.0,78.0,-1
3, 7, 527.0,613.0,-1
7, 3, 527.0,613.0,-1
3, 8, 775.0,1089.0,-1
8, 3, 775.0,1089.0,-1
3, 9, 969.0,1348.0,-1
9, 3, 969.0,1348.0,-1
3, 10, 133.0,188.0,1
10, 3, 133.0,188.0,1
3, 11, 670.0,824.0,1
11, 3, 670.0,824.0,1
3, 12, 151.0,201.0,1
12, 3, 151.0,201.0,1
3, 13, 845.0,1072.0,1
13, 3, 845.0,1072.0,1
3, 14, 362.0,386.0,-1
14, 3, 362.0,386.0,-1
3, 15, 645.0,907.0,-1
15, 3, 645.0,907.0,-1
3, 16, 814.0,968.0,1
16, 3, 814.0,968.0,1
3, 3, 0.0,0.0,1
4, 5, 746.0,755.0,-1
5, 4, 746.0,755.0,-1
4, 6, 490.0,543.0,-1
6, 4, 490.0,543.0,-1
4, 7, 86.0,104.0,1
7, 4, 86.0,104.0,1
4, 8, 595.0,609.0,-1
8, 4, 595.0,609.0,-1
4, 9, 785.0,840.0,-1
9, 4, 785.0,840.0,-1
4, 10, 599.0,675.0,-1
10, 4, 599.0,675.0,-1
4, 11, 711.0,955.0,-1
11, 4, 711.0,955.0,-1
4, 12, 452.0,560.0,1
12, 4, 452.0,560.0,1
4, 13, 820.0,1014.0,-1
13, 4, 820.0,1014.0,-1
4, 14, 138.0,151.0,1
14, 4, 138.0,151.0,1
4, 15, 393.0,398.0,-1
15, 4, 393.0,398.0,-1
4, 16, 1031.0,1454.0,-1
16, 4, 1031.0,1454.0,-1
4, 4, 0.0,0.0,1
5, 6, 849.0,1185.0,-1
6, 5, 849.0,1185.0,-1
5, 7, 662.0,673.0,-1
7, 5, 662.0,673.0,-1
5, 8, 153.0,174.0,-1
8, 5, 153.0,174.0,-1
5, 9, 61.0,86.0,-1
9, 5, 61.0,86.0,-1
5, 10, 897.0,1266.0,-1
10, 5, 897.0,1266.0,-1
5, 11, 347.0,440.0,-1
11, 5, 347.0,440.0,-1
5, 12, 762.0,1063.0,1
12, 5, 762.0,1063.0,1
5, 13, 239.0,278.0,-1
13, 5, 239.0,278.0,-1
5, 14, 747.0,878.0,-1
14, 5, 747.0,878.0,-1
5, 15, 353.0,357.0,-1
15, 5, 353.0,357.0,-1
5, 16, 680.0,717.0,1
16, 5, 680.0,717.0,1
5, 5, 0.0,0.0,1
6, 7, 508.0,535.0,-1
7, 6, 508.0,535.0,-1
6, 8, 717.0,1011.0,-1
8, 6, 717.0,1011.0,-1
6, 9, 908.0,1270.0,-1
9, 6, 908.0,1270.0,-1
6, 10, 110.0,132.0,1
10, 6, 110.0,132.0,1
6, 11, 603.0,746.0,-1
11, 6, 603.0,746.0,-1
6, 12, 88.0,123.0,-1
12, 6, 88.0,123.0,-1
6, 13, 778.0,994.0,-1
13, 6, 778.0,994.0,-1
6, 14, 352.0,392.0,1
14, 6, 352.0,392.0,1
6, 15, 596.0,829.0,-1
15, 6, 596.0,829.0,-1
6, 16, 751.0,912.0,-1
16, 6, 751.0,912.0,-1
6, 6, 0.0,0.0,1
7, 8, 512.0,546.0,-1
8, 7, 512.0,546.0,-1
7, 9, 701.0,736.0,-1
9, 7, 701.0,736.0,-1
7, 10, 613.0,616.0,1
10, 7, 613.0,616.0,1
7, 11, 648.0,891.0,-1
11, 7, 648.0,891.0,-1
7, 12, 456.0,496.0,-1
12, 7, 456.0,496.0,-1
7, 13, 747.0,950.0,-1
13, 7, 747.0,950.0,-1
7, 14, 172.0,228.0,-1
14, 7, 172.0,228.0,-1
7, 15, 310.0,324.0,-1
15, 7, 310.0,324.0,-1
7, 16, 983.0,1390.0,-1
16, 7, 983.0,1390.0,-1
7, 7, 0.0,0.0,1
8, 9, 202.0,260.0,-1
9, 8, 202.0,260.0,-1
8, 10, 774.0,1092.0,1
10, 8, 774.0,1092.0,1
8, 11, 308.0,346.0,-1
11, 8, 308.0,346.0,-1
8, 12, 630.0,889.0,1
12, 8, 630.0,889.0,1
8, 13, 287.0,405.0,1
13, 8, 287.0,405.0,1
8, 14, 594.0,704.0,-1
14, 8, 594.0,704.0,-1
8, 15, 203.0,222.0,-1
15, 8, 203.0,222.0,-1
8, 16, 682.0,845.0,-1
16, 8, 682.0,845.0,-1
8, 8, 0.0,0.0,1
9, 10, 957.0,1351.0,-1
10, 9, 957.0,1351.0,-1
9, 11, 405.0,525.0,-1
11, 9, 405.0,525.0,-1
9, 12, 820.0,1148.0,-1
12, 9, 820.0,1148.0,-1
9, 13, 282.0,288.0,1
13, 9, 282.0,288.0,1
9, 14, 794.0,963.0,-1
14, 9, 794.0,963.0,-1
9, 15, 394.0,442.0,-1
15, 9, 394.0,442.0,-1
9, 16, 726.0,727.0,-1
16, 9, 726.0,727.0,-1
9, 9, 0.0,0.0,1
10, 11, 618.0,827.0,-1
11, 10, 618.0,827.0,-1
10, 12, 166.0,204.0,1
12, 10, 166.0,204.0,1
10, 13, 797.0,1075.0,-1
13, 10, 797.0,1075.0,-1
10, 14, 462.0,524.0,-1
14, 10, 462.0,524.0,-1
10, 15, 675.0,910.0,-1
15, 10, 675.0,910.0,-1
10, 16, 707.0,780.0,-1
16, 10, 707.0,780.0,-1
10, 10, 0.0,0.0,1
11, 12, 522.0,624.0,-1
12, 11, 522.0,624.0,-1
11, 13, 181.0,248.0,-1
13, 11, 181.0,248.0,-1
11, 14, 648.0,804.0,1
14, 11, 648.0,804.0,1
11, 15, 405.0,567.0,-1
15, 11, 405.0,567.0,-1
11, 16, 381.0,500.0,-1
16, 11, 381.0,500.0,-1
11, 11, 0.0,0.0,1
12, 13, 695.0,872.0,1
13, 12, 695.0,872.0,1
12, 14, 318.0,409.0,1
14, 12, 318.0,409.0,1
12, 15, 514.0,706.0,-1
15, 12, 514.0,706.0,-1
12, 16, 700.0,894.0,-1
16, 12, 700.0,894.0,-1
12, 12, 0.0,0.0,1
13, 14, 780.0,864.0,-1
14, 13, 780.0,864.0,-1
13, 15, 458.0,626.0,1
15, 13, 458.0,626.0,1
13, 16, 445.0,449.0,-1
16, 13, 445.0,449.0,-1
13, 13, 0.0,0.0,1
14, 15, 405.0,522.0,-1
15, 14, 405.0,522.0,-1
14, 16, 937.0,1303.0,1
16, 14, 937.0,1303.0,1
14, 14, 0.0,0.0,1
15, 16, 780.0,1066.0,1
16, 15, 780.0,1066.0,1
15, 15, 0.0,0.0,1
16, 16, 0.0,0.0,1


<end>