<number of nodes>
16

<ratio of available edges>
0.3

<max length of the drone flight>
100000 

<D 2/3>
1, 2, 3, 4, 6, 8, 10, 11, 12, 14, 15

<V>
6, 10, 11, 12, 15

<coordinates X,Y>
365.6569890087999, 472.29607835990987
215.16127061840402, 314.6871159505768
210.15482909812968, 368.592319114207
42.54536782935641, 634.6921851155804
910.9977362518904, 842.0610197173518
211.55738667333912, 477.78102498935584
774.5525651134117, 898.4985283046115
579.6195750858127, 425.43389741758403
3.0604760664745325, 29.930906394328016
132.63035196403064, 403.3159820924744
914.4044180379567, 55.09080740370525
462.7143932894763, 621.2794419548848
704.7745657017717, 235.6873425358095
85.12797453564727, 670.0408442890756
128.483619750541, 776.6679463919281
842.6294344160073, 869.712311059026

<adjacency matrix with truck distances>
1, 2, 218.0,309.0,1
2, 1, 218.0,309.0,1
1, 3, 187.0,260.0,1
3, 1, 187.0,260.0,1
1, 4, 362.0,486.0,-1
4, 1, 362.0,486.0,-1
1, 5, 659.0,916.0,-1
5, 1, 659.0,916.0,-1
1, 6, 155.0,160.0,1
6, 1, 155.0,160.0,1
1, 7, 591.0,836.0,-1
7, 1, 591.0,836.0,-1
1, 8, 220.0,261.0,1
8, 1, 220.0,261.0,1
1, 9, 572.0,805.0,-1
9, 1, 572.0,805.0,-1
1, 10, 244.0,303.0,-1
10, 1, 244.0,303.0,-1
1, 11, 690.0,966.0,-1
11, 1, 690.0,966.0,-1
1, 12, 178.0,247.0,-1
12, 1, 178.0,247.0,-1
1, 13, 414.0,576.0,-1
13, 1, 414.0,576.0,-1
1, 14, 344.0,479.0,-1
14, 1, 344.0,479.0,-1
1, 15, 386.0,542.0,-1
15, 1, 386.0,542.0,-1
1, 16, 621.0,875.0,-1
16, 1, 621.0,875.0,-1
1, 1, 0.0,0.0,1
2, 3, 55.0,59.0,1
3, 2, 55.0,59.0,1
2, 4, 364.0,493.0,1
4, 2, 364.0,493.0,1
2, 5, 874.0,1224.0,-1
5, 2, 874.0,1224.0,-1
2, 6, 164.0,167.0,-1
6, 2, 164.0,167.0,-1
2, 7, 809.0,1144.0,-1
7, 2, 809.0,1144.0,-1
2, 8, 381.0,476.0,-1
8, 2, 381.0,476.0,-1
2, 9, 356.0,497.0,-1
9, 2, 356.0,497.0,-1
2, 10, 122.0,172.0,1
10, 2, 122.0,172.0,1
2, 11, 746.0,959.0,-1
11, 2, 746.0,959.0,-1
2, 12, 395.0,555.0,-1
12, 2, 395.0,555.0,-1
2, 13, 496.0,569.0,-1
13, 2, 496.0,569.0,-1
2, 14, 379.0,486.0,-1
14, 2, 379.0,486.0,-1
2, 15, 471.0,549.0,1
15, 2, 471.0,549.0,1
2, 16, 838.0,1183.0,1
16, 2, 838.0,1183.0,1
2, 2, 0.0,0.0,1
3, 4, 315.0,434.0,-1
4, 3, 315.0,434.0,-1
3, 5, 846.0,1175.0,1
5, 3, 846.0,1175.0,1
3, 6, 110.0,111.0,1
6, 3, 110.0,111.0,1
3, 7, 775.0,1095.0,-1
7, 3, 775.0,1095.0,-1
3, 8, 374.0,427.0,-1
8, 3, 374.0,427.0,-1
3, 9, 397.0,546.0,-1
9, 3, 397.0,546.0,-1
3, 10, 85.0,113.0,-1
10, 3, 85.0,113.0,-1
3, 11, 771.0,1018.0,-1
11, 3, 771.0,1018.0,-1
3, 12, 358.0,506.0,-1
12, 3, 358.0,506.0,-1
3, 13, 513.0,628.0,-1
13, 3, 513.0,628.0,-1
3, 14, 327.0,427.0,-1
14, 3, 327.0,427.0,-1
3, 15, 417.0,490.0,-1
15, 3, 417.0,490.0,-1
3, 16, 807.0,1134.0,-1
16, 3, 807.0,1134.0,-1
3, 3, 0.0,0.0,1
4, 5, 893.0,1076.0,1
5, 4, 893.0,1076.0,1
4, 6, 231.0,326.0,1
6, 4, 231.0,326.0,1
4, 7, 779.0,996.0,1
7, 4, 779.0,996.0,1
4, 8, 577.0,747.0,-1
8, 4, 577.0,747.0,-1
4, 9, 607.0,645.0,-1
9, 4, 607.0,645.0,-1
4, 10, 249.0,322.0,-1
10, 4, 249.0,322.0,-1
4, 11, 1047.0,1452.0,1
11, 4, 1047.0,1452.0,1
4, 12, 421.0,434.0,1
12, 4, 421.0,434.0,1
4, 13, 774.0,1062.0,-1
13, 4, 774.0,1062.0,-1
4, 14, 56.0,78.0,1
14, 4, 56.0,78.0,1
4, 15, 166.0,228.0,-1
15, 4, 166.0,228.0,-1
4, 16, 834.0,1036.0,1
16, 4, 834.0,1036.0,1
4, 4, 0.0,0.0,1
5, 6, 789.0,1064.0,-1
6, 5, 789.0,1064.0,-1
5, 7, 148.0,193.0,-1
7, 5, 148.0,193.0,-1
5, 8, 533.0,749.0,-1
8, 5, 533.0,749.0,-1
5, 9, 1219.0,1721.0,-1
9, 5, 1219.0,1721.0,-1
5, 10, 894.0,1218.0,-1
10, 5, 894.0,1218.0,-1
5, 11, 787.0,791.0,-1
11, 5, 787.0,791.0,-1
5, 12, 500.0,670.0,-1
12, 5, 500.0,670.0,-1
5, 13, 641.0,813.0,-1
13, 5, 641.0,813.0,-1
5, 14, 844.0,998.0,-1
14, 5, 844.0,998.0,-1
5, 15, 786.0,848.0,-1
15, 5, 786.0,848.0,-1
5, 16, 74.0,97.0,-1
16, 5, 74.0,97.0,-1
5, 5, 0.0,0.0,1
6, 7, 703.0,984.0,-1
7, 6, 703.0,984.0,-1
6, 8, 372.0,421.0,-1
8, 6, 372.0,421.0,-1
6, 9, 495.0,657.0,1
9, 6, 495.0,657.0,1
6, 10, 109.0,154.0,1
10, 6, 109.0,154.0,1
6, 11, 821.0,1126.0,-1
11, 6, 821.0,1126.0,-1
6, 12, 290.0,395.0,-1
12, 6, 290.0,395.0,-1
6, 13, 550.0,736.0,1
13, 6, 550.0,736.0,1
6, 14, 231.0,319.0,1
14, 6, 231.0,319.0,1
6, 15, 311.0,382.0,-1
15, 6, 311.0,382.0,-1
6, 16, 743.0,1024.0,1
16, 6, 743.0,1024.0,1
6, 6, 0.0,0.0,1
7, 8, 512.0,668.0,-1
8, 7, 512.0,668.0,-1
7, 9, 1162.0,1641.0,-1
9, 7, 1162.0,1641.0,-1
7, 10, 811.0,1138.0,-1
10, 7, 811.0,1138.0,-1
7, 11, 855.0,984.0,-1
11, 7, 855.0,984.0,-1
7, 12, 418.0,590.0,-1
12, 7, 418.0,590.0,-1
7, 13, 667.0,733.0,1
13, 7, 667.0,733.0,1
7, 14, 727.0,918.0,-1
14, 7, 727.0,918.0,-1
7, 15, 658.0,768.0,-1
15, 7, 658.0,768.0,-1
7, 16, 74.0,97.0,1
16, 7, 74.0,97.0,1
7, 7, 0.0,0.0,1
8, 9, 700.0,973.0,1
9, 8, 700.0,973.0,1
8, 10, 448.0,470.0,1
10, 8, 448.0,470.0,1
8, 11, 500.0,706.0,-1
11, 8, 500.0,706.0,-1
8, 12, 229.0,313.0,-1
12, 8, 229.0,313.0,-1
8, 13, 228.0,315.0,-1
13, 8, 228.0,315.0,-1
8, 14, 552.0,740.0,-1
14, 8, 552.0,740.0,-1
8, 15, 572.0,803.0,-1
15, 8, 572.0,803.0,-1
8, 16, 517.0,708.0,-1
16, 8, 517.0,708.0,-1
8, 8, 0.0,0.0,1
9, 10, 396.0,503.0,-1
10, 9, 396.0,503.0,-1
9, 11, 912.0,937.0,-1
11, 9, 912.0,937.0,-1
9, 12, 749.0,1052.0,1
12, 9, 749.0,1052.0,1
9, 13, 732.0,908.0,-1
13, 9, 732.0,908.0,-1
9, 14, 646.0,723.0,1
14, 9, 646.0,723.0,1
9, 15, 758.0,873.0,-1
15, 9, 758.0,873.0,-1
9, 16, 1188.0,1680.0,-1
16, 9, 1188.0,1680.0,-1
9, 9, 0.0,0.0,1
10, 11, 856.0,1130.0,-1
11, 10, 856.0,1130.0,-1
10, 12, 396.0,549.0,1
12, 10, 396.0,549.0,1
10, 13, 597.0,740.0,-1
13, 10, 597.0,740.0,-1
10, 14, 271.0,315.0,1
14, 10, 271.0,315.0,1
10, 15, 374.0,378.0,-1
15, 10, 374.0,378.0,-1
10, 16, 850.0,1177.0,-1
16, 10, 850.0,1177.0,-1
10, 10, 0.0,0.0,1
11, 12, 725.0,1018.0,1
12, 11, 725.0,1018.0,1
11, 13, 277.0,391.0,-1
13, 11, 277.0,391.0,-1
11, 14, 1033.0,1445.0,1
14, 11, 1033.0,1445.0,1
11, 15, 1067.0,1508.0,-1
15, 11, 1067.0,1508.0,-1
11, 16, 818.0,887.0,-1
16, 11, 818.0,887.0,-1
11, 11, 0.0,0.0,1
12, 13, 456.0,628.0,-1
13, 12, 456.0,628.0,-1
12, 14, 381.0,427.0,-1
14, 12, 381.0,427.0,-1
12, 15, 369.0,490.0,1
15, 12, 369.0,490.0,1
12, 16, 454.0,629.0,-1
16, 12, 454.0,629.0,-1
12, 12, 0.0,0.0,1
13, 14, 757.0,1055.0,-1
14, 13, 757.0,1055.0,-1
13, 15, 791.0,1118.0,1
15, 13, 791.0,1118.0,1
13, 16, 649.0,772.0,1
16, 13, 649.0,772.0,1
13, 13, 0.0,0.0,1
14, 15, 116.0,150.0,-1
15, 14, 116.0,150.0,-1
14, 16, 784.0,958.0,-1
16, 14, 784.0,958.0,-1
14, 14, 0.0,0.0,1
15, 16, 721.0,808.0,-1
16, 15, 721.0,808.0,-1
15, 15, 0.0,0.0,1
16, 16, 0.0,0.0,1


<end>