<number of nodes>
16

<ratio of available edges>
0.3

<max length of the drone flight>
100000 

<D 2/3>
1, 2, 3, 4, 5, 6, 7, 11, 12, 13, 15

<V>
4, 5, 7, 11, 12

<coordinates X,Y>
607.5663351482192, 258.9134904447055
80.71491509391005, 174.454122365277
387.3874773627504, 553.635376997201
222.65163608861778, 629.3234394772966
205.8908384130798, 860.5534279829869
334.32020888583213, 19.7502375865322
734.7678149292901, 284.96429282645124
504.36871843756626, 1.5037628178532725
500.24142521702606, 370.01122977287577
897.3228161264052, 629.8031348202494
28.34391319182405, 539.2978256362074
161.944147903379, 4.716710830304685
582.8586717183769, 731.7377991015092
694.4325894007338, 664.5170665790088
774.3210167903027, 379.9193084485277
74.87600548837628, 130.98356654596714

<adjacency matrix with truck distances>
1, 2, 534.0,612.0,1
2, 1, 534.0,612.0,1
1, 3, 368.0,515.0,-1
3, 1, 368.0,515.0,-1
1, 4, 535.0,756.0,-1
4, 1, 535.0,756.0,-1
1, 5, 724.0,1004.0,-1
5, 1, 724.0,1004.0,-1
1, 6, 364.0,513.0,-1
6, 1, 364.0,513.0,-1
1, 7, 130.0,154.0,-1
7, 1, 130.0,154.0,-1
1, 8, 278.0,361.0,-1
8, 1, 278.0,361.0,-1
1, 9, 155.0,219.0,-1
9, 1, 155.0,219.0,-1
1, 10, 471.0,661.0,-1
10, 1, 471.0,661.0,-1
1, 11, 644.0,860.0,1
11, 1, 644.0,860.0,1
1, 12, 514.0,700.0,1
12, 1, 514.0,700.0,1
1, 13, 474.0,498.0,-1
13, 1, 474.0,498.0,-1
1, 14, 415.0,493.0,1
14, 1, 415.0,493.0,1
1, 15, 207.0,288.0,1
15, 1, 207.0,288.0,1
1, 16, 548.0,661.0,1
16, 1, 548.0,661.0,1
1, 1, 0.0,0.0,1
2, 3, 488.0,686.0,-1
3, 2, 488.0,686.0,-1
2, 4, 477.0,597.0,-1
4, 2, 477.0,597.0,-1
2, 5, 698.0,812.0,-1
5, 2, 698.0,812.0,-1
2, 6, 298.0,409.0,-1
6, 2, 298.0,409.0,-1
2, 7, 664.0,765.0,-1
7, 2, 664.0,765.0,-1
2, 8, 458.0,597.0,1
8, 2, 458.0,597.0,1
2, 9, 463.0,616.0,-1
9, 2, 463.0,616.0,-1
2, 10, 935.0,1272.0,-1
10, 2, 935.0,1272.0,-1
2, 11, 369.0,418.0,-1
11, 2, 369.0,418.0,-1
2, 12, 189.0,251.0,-1
12, 2, 189.0,251.0,-1
2, 13, 751.0,1060.0,-1
13, 2, 751.0,1060.0,-1
2, 14, 786.0,1104.0,1
14, 2, 786.0,1104.0,1
2, 15, 724.0,900.0,-1
15, 2, 724.0,900.0,-1
2, 16, 44.0,50.0,1
16, 2, 44.0,50.0,1
2, 2, 0.0,0.0,1
3, 4, 182.0,241.0,-1
4, 3, 182.0,241.0,-1
3, 5, 357.0,489.0,1
5, 3, 357.0,489.0,1
3, 6, 537.0,587.0,-1
6, 3, 537.0,587.0,-1
3, 7, 440.0,617.0,1
7, 3, 440.0,617.0,1
3, 8, 565.0,670.0,-1
8, 3, 565.0,670.0,-1
3, 9, 216.0,297.0,-1
9, 3, 216.0,297.0,-1
3, 10, 516.0,587.0,-1
10, 3, 516.0,587.0,-1
3, 11, 360.0,374.0,-1
11, 3, 360.0,374.0,-1
3, 12, 594.0,775.0,1
12, 3, 594.0,775.0,1
3, 13, 265.0,374.0,-1
13, 3, 265.0,374.0,-1
3, 14, 327.0,418.0,-1
14, 3, 327.0,418.0,-1
3, 15, 425.0,561.0,-1
15, 3, 425.0,561.0,-1
3, 16, 526.0,736.0,-1
16, 3, 526.0,736.0,-1
3, 3, 0.0,0.0,1
4, 5, 232.0,248.0,-1
5, 4, 232.0,248.0,-1
4, 6, 620.0,722.0,-1
6, 4, 620.0,722.0,-1
4, 7, 618.0,857.0,1
7, 4, 618.0,857.0,1
4, 8, 689.0,910.0,-1
8, 4, 689.0,910.0,-1
4, 9, 380.0,537.0,1
9, 4, 380.0,537.0,1
4, 10, 675.0,676.0,-1
10, 4, 675.0,676.0,-1
4, 11, 215.0,285.0,-1
11, 4, 215.0,285.0,-1
4, 12, 628.0,686.0,-1
12, 4, 628.0,686.0,-1
4, 13, 375.0,463.0,1
13, 4, 375.0,463.0,1
4, 14, 474.0,507.0,1
14, 4, 474.0,507.0,1
4, 15, 606.0,802.0,1
15, 4, 606.0,802.0,1
4, 16, 520.0,647.0,-1
16, 4, 520.0,647.0,-1
4, 4, 0.0,0.0,1
5, 6, 851.0,970.0,-1
6, 5, 851.0,970.0,-1
5, 7, 782.0,1105.0,-1
7, 5, 782.0,1105.0,-1
5, 8, 910.0,1158.0,1
8, 5, 910.0,1158.0,1
5, 9, 573.0,785.0,1
9, 5, 573.0,785.0,1
5, 10, 729.0,923.0,-1
10, 5, 729.0,923.0,-1
5, 11, 368.0,499.0,-1
11, 5, 368.0,499.0,-1
5, 12, 857.0,900.0,-1
12, 5, 857.0,900.0,-1
5, 13, 399.0,506.0,-1
13, 5, 399.0,506.0,-1
5, 14, 527.0,685.0,-1
14, 5, 527.0,685.0,-1
5, 15, 745.0,1050.0,1
15, 5, 745.0,1050.0,1
5, 16, 742.0,861.0,1
16, 5, 742.0,861.0,1
5, 5, 0.0,0.0,1
6, 7, 481.0,666.0,1
7, 6, 481.0,666.0,1
6, 8, 172.0,189.0,1
8, 6, 172.0,189.0,1
6, 9, 388.0,517.0,-1
9, 6, 388.0,517.0,-1
6, 10, 831.0,1174.0,-1
10, 6, 831.0,1174.0,-1
6, 11, 603.0,826.0,-1
11, 6, 603.0,826.0,-1
6, 12, 174.0,188.0,-1
12, 6, 174.0,188.0,-1
6, 13, 755.0,961.0,-1
13, 6, 755.0,961.0,-1
6, 14, 739.0,1005.0,1
14, 6, 739.0,1005.0,1
6, 15, 569.0,801.0,-1
15, 6, 569.0,801.0,-1
6, 16, 283.0,371.0,-1
16, 6, 283.0,371.0,-1
6, 6, 0.0,0.0,1
7, 8, 366.0,514.0,1
8, 7, 366.0,514.0,1
7, 9, 250.0,320.0,-1
9, 7, 250.0,320.0,-1
7, 10, 382.0,508.0,1
10, 7, 382.0,508.0,1
7, 11, 751.0,961.0,-1
11, 7, 751.0,961.0,-1
7, 12, 638.0,854.0,-1
12, 7, 638.0,854.0,-1
7, 13, 472.0,599.0,-1
13, 7, 472.0,599.0,-1
7, 14, 382.0,420.0,-1
14, 7, 382.0,420.0,-1
7, 15, 103.0,135.0,-1
15, 7, 103.0,135.0,-1
7, 16, 678.0,814.0,-1
16, 7, 678.0,814.0,-1
7, 7, 0.0,0.0,1
8, 9, 369.0,373.0,-1
9, 8, 369.0,373.0,-1
8, 10, 742.0,1022.0,1
10, 8, 742.0,1022.0,1
8, 11, 719.0,1014.0,1
11, 8, 719.0,1014.0,1
8, 12, 343.0,346.0,1
12, 8, 343.0,346.0,1
8, 13, 735.0,809.0,-1
13, 8, 735.0,809.0,-1
8, 14, 690.0,854.0,-1
14, 8, 690.0,854.0,-1
8, 15, 465.0,649.0,-1
15, 8, 465.0,649.0,-1
8, 16, 449.0,559.0,-1
16, 8, 449.0,559.0,-1
8, 8, 0.0,0.0,1
9, 10, 475.0,657.0,-1
10, 9, 475.0,657.0,-1
9, 11, 502.0,642.0,-1
11, 9, 502.0,642.0,-1
9, 12, 498.0,704.0,-1
12, 9, 498.0,704.0,-1
9, 13, 372.0,445.0,-1
13, 9, 372.0,445.0,-1
9, 14, 353.0,489.0,-1
14, 9, 353.0,489.0,-1
9, 15, 275.0,284.0,1
15, 9, 275.0,284.0,1
9, 16, 488.0,665.0,-1
16, 9, 488.0,665.0,-1
9, 9, 0.0,0.0,1
10, 11, 874.0,960.0,-1
11, 10, 874.0,960.0,-1
10, 12, 966.0,1361.0,1
12, 10, 966.0,1361.0,1
10, 13, 331.0,417.0,1
13, 10, 331.0,417.0,1
10, 14, 206.0,238.0,1
14, 10, 206.0,238.0,1
10, 15, 279.0,373.0,-1
15, 10, 279.0,373.0,-1
10, 16, 962.0,1322.0,-1
16, 10, 962.0,1322.0,-1
10, 10, 0.0,0.0,1
11, 12, 552.0,669.0,-1
12, 11, 552.0,669.0,-1
11, 13, 587.0,747.0,1
13, 11, 587.0,747.0,1
11, 14, 678.0,792.0,-1
14, 11, 678.0,792.0,-1
11, 15, 763.0,906.0,-1
15, 11, 763.0,906.0,-1
11, 16, 411.0,455.0,1
16, 11, 411.0,455.0,1
11, 11, 0.0,0.0,1
12, 13, 841.0,1148.0,-1
13, 12, 841.0,1148.0,-1
12, 14, 848.0,1193.0,-1
14, 12, 848.0,1193.0,-1
12, 15, 719.0,988.0,-1
15, 12, 719.0,988.0,-1
12, 16, 154.0,214.0,-1
16, 12, 154.0,214.0,-1
12, 12, 0.0,0.0,1
13, 14, 131.0,179.0,-1
14, 13, 131.0,179.0,-1
13, 15, 401.0,544.0,-1
15, 13, 401.0,544.0,-1
13, 16, 787.0,1109.0,-1
16, 13, 787.0,1109.0,-1
13, 13, 0.0,0.0,1
14, 15, 296.0,365.0,1
15, 14, 296.0,365.0,1
14, 16, 818.0,1154.0,-1
16, 14, 818.0,1154.0,-1
14, 14, 0.0,0.0,1
15, 16, 743.0,949.0,-1
16, 15, 743.0,949.0,-1
15, 15, 0.0,0.0,1
16, 16, 0.0,0.0,1


<end>