<number of nodes>
16

<ratio of available edges>
0.3

<max length of the drone flight>
100000 

<D 2/3>
1, 3, 4, 5, 6, 7, 8, 9, 10, 12, 16

<V>
3, 5, 6, 10, 12

<coordinates X,Y>
140.56701325172259, 88.51598177744843
237.52076626077167, 793.8316307054708
415.71869847737526, 453.877711718822
264.3647505754655, 472.0207742804753
335.9307654118093, 724.5693139370716
108.89138035777322, 904.5031385675347
182.17534115070038, 694.9825489248873
98.63420190836003, 274.1141989417069
775.2338120015908, 108.96643904705682
535.6381849506614, 219.46386028614825
371.26832841915035, 253.75132504625745
480.66520840796017, 278.54748030955454
305.94926798465247, 711.2157518147689
118.50296937327688, 153.72717063021662
145.6611499666593, 778.4540739089647
650.4676223163548, 112.79292718080822

<adjacency matrix with truck distances>
1, 2, 712.0,803.0,1
2, 1, 712.0,803.0,1
1, 3, 458.0,641.0,-1
3, 1, 458.0,641.0,-1
1, 4, 403.0,508.0,-1
4, 1, 403.0,508.0,-1
1, 5, 666.0,832.0,1
5, 1, 666.0,832.0,1
1, 6, 817.0,848.0,-1
6, 1, 817.0,848.0,-1
1, 7, 608.0,649.0,-1
7, 1, 608.0,649.0,-1
1, 8, 191.0,228.0,-1
8, 1, 191.0,228.0,-1
1, 9, 635.0,656.0,-1
9, 1, 635.0,656.0,-1
1, 10, 417.0,527.0,-1
10, 1, 417.0,527.0,-1
1, 11, 284.0,396.0,-1
11, 1, 284.0,396.0,-1
1, 12, 390.0,531.0,1
12, 1, 390.0,531.0,1
1, 13, 645.0,789.0,1
13, 1, 645.0,789.0,1
1, 14, 69.0,88.0,-1
14, 1, 69.0,88.0,-1
1, 15, 690.0,696.0,1
15, 1, 690.0,696.0,1
1, 16, 511.0,535.0,1
16, 1, 511.0,535.0,1
1, 1, 0.0,0.0,1
2, 3, 384.0,519.0,-1
3, 2, 384.0,519.0,-1
2, 4, 323.0,349.0,-1
4, 2, 323.0,349.0,-1
2, 5, 121.0,168.0,-1
5, 2, 121.0,168.0,-1
2, 6, 170.0,240.0,-1
6, 2, 170.0,240.0,-1
2, 7, 114.0,155.0,-1
7, 2, 114.0,155.0,-1
2, 8, 538.0,659.0,-1
8, 2, 538.0,659.0,-1
2, 9, 871.0,1223.0,-1
9, 2, 871.0,1223.0,-1
2, 10, 648.0,873.0,-1
10, 2, 648.0,873.0,-1
2, 11, 557.0,674.0,-1
11, 2, 557.0,674.0,-1
2, 12, 570.0,759.0,-1
12, 2, 570.0,759.0,-1
2, 13, 108.0,152.0,-1
13, 2, 108.0,152.0,-1
2, 14, 652.0,760.0,1
14, 2, 652.0,760.0,1
2, 15, 94.0,108.0,-1
15, 2, 94.0,108.0,-1
2, 16, 797.0,1094.0,-1
16, 2, 797.0,1094.0,-1
2, 2, 0.0,0.0,1
3, 4, 153.0,170.0,1
4, 3, 153.0,170.0,1
3, 5, 283.0,351.0,-1
5, 3, 283.0,351.0,-1
3, 6, 546.0,758.0,-1
6, 3, 546.0,758.0,-1
3, 7, 336.0,475.0,-1
7, 3, 336.0,475.0,-1
3, 8, 365.0,497.0,-1
8, 3, 365.0,497.0,-1
3, 9, 499.0,705.0,-1
9, 3, 499.0,705.0,-1
3, 10, 264.0,355.0,-1
10, 3, 264.0,355.0,-1
3, 11, 206.0,245.0,1
11, 3, 206.0,245.0,1
3, 12, 187.0,241.0,-1
12, 3, 187.0,241.0,-1
3, 13, 280.0,368.0,-1
13, 3, 280.0,368.0,-1
3, 14, 423.0,598.0,-1
14, 3, 423.0,598.0,-1
3, 15, 423.0,595.0,-1
15, 3, 423.0,595.0,-1
3, 16, 415.0,576.0,-1
16, 3, 415.0,576.0,-1
3, 3, 0.0,0.0,1
4, 5, 263.0,325.0,1
5, 4, 263.0,325.0,1
4, 6, 460.0,588.0,-1
6, 4, 460.0,588.0,-1
4, 7, 238.0,306.0,1
7, 4, 238.0,306.0,1
4, 8, 259.0,364.0,-1
8, 4, 259.0,364.0,-1
4, 9, 627.0,874.0,1
9, 4, 627.0,874.0,1
4, 10, 371.0,524.0,-1
10, 4, 371.0,524.0,-1
4, 11, 244.0,326.0,1
11, 4, 244.0,326.0,1
4, 12, 291.0,410.0,-1
12, 4, 291.0,410.0,-1
4, 13, 243.0,281.0,-1
13, 4, 243.0,281.0,-1
4, 14, 351.0,465.0,-1
14, 4, 351.0,465.0,-1
4, 15, 329.0,426.0,-1
15, 4, 329.0,426.0,-1
4, 16, 528.0,746.0,-1
16, 4, 528.0,746.0,-1
4, 4, 0.0,0.0,1
5, 6, 290.0,407.0,1
6, 5, 290.0,407.0,1
5, 7, 157.0,184.0,-1
7, 5, 157.0,184.0,-1
5, 8, 510.0,688.0,-1
8, 5, 510.0,688.0,-1
5, 9, 757.0,1055.0,1
9, 5, 757.0,1055.0,1
5, 10, 544.0,705.0,-1
10, 5, 544.0,705.0,-1
5, 11, 473.0,507.0,-1
11, 5, 473.0,507.0,-1
5, 12, 469.0,591.0,-1
12, 5, 469.0,591.0,-1
5, 13, 33.0,44.0,-1
13, 5, 33.0,44.0,-1
5, 14, 611.0,789.0,1
14, 5, 611.0,789.0,1
5, 15, 198.0,245.0,-1
15, 5, 198.0,245.0,-1
5, 16, 688.0,927.0,-1
16, 5, 688.0,927.0,-1
5, 5, 0.0,0.0,1
6, 7, 222.0,283.0,1
7, 6, 222.0,283.0,1
6, 8, 631.0,641.0,-1
8, 6, 631.0,641.0,-1
6, 9, 1038.0,1462.0,-1
9, 6, 1038.0,1462.0,-1
6, 10, 808.0,1112.0,-1
10, 6, 808.0,1112.0,-1
6, 11, 702.0,914.0,1
11, 6, 702.0,914.0,1
6, 12, 729.0,998.0,1
12, 6, 729.0,998.0,1
6, 13, 277.0,391.0,1
13, 6, 277.0,391.0,1
6, 14, 751.0,761.0,-1
14, 6, 751.0,761.0,-1
6, 15, 132.0,163.0,-1
15, 6, 132.0,163.0,-1
6, 16, 960.0,1334.0,1
16, 6, 960.0,1334.0,1
6, 6, 0.0,0.0,1
7, 8, 430.0,505.0,-1
8, 7, 430.0,505.0,-1
7, 9, 834.0,1180.0,-1
9, 7, 834.0,1180.0,-1
7, 10, 593.0,829.0,1
10, 7, 593.0,829.0,1
7, 11, 481.0,631.0,-1
11, 7, 481.0,631.0,-1
7, 12, 513.0,715.0,-1
12, 7, 513.0,715.0,-1
7, 13, 125.0,141.0,-1
13, 7, 125.0,141.0,-1
7, 14, 545.0,605.0,-1
14, 7, 545.0,605.0,-1
7, 15, 92.0,120.0,1
15, 7, 92.0,120.0,1
7, 16, 748.0,1051.0,-1
16, 7, 748.0,1051.0,-1
7, 7, 0.0,0.0,1
8, 9, 697.0,842.0,-1
9, 8, 697.0,842.0,-1
8, 10, 441.0,492.0,-1
10, 8, 441.0,492.0,-1
8, 11, 274.0,293.0,1
11, 8, 274.0,293.0,1
8, 12, 383.0,387.0,1
12, 8, 383.0,387.0,1
8, 13, 484.0,645.0,-1
13, 8, 484.0,645.0,-1
8, 14, 123.0,141.0,-1
14, 8, 123.0,141.0,-1
8, 15, 507.0,552.0,1
15, 8, 507.0,552.0,1
8, 16, 575.0,714.0,-1
16, 8, 575.0,714.0,-1
8, 8, 0.0,0.0,1
9, 10, 264.0,351.0,-1
10, 9, 264.0,351.0,-1
9, 11, 430.0,549.0,-1
11, 9, 430.0,549.0,-1
9, 12, 340.0,465.0,-1
12, 9, 340.0,465.0,-1
9, 13, 764.0,1072.0,1
13, 9, 764.0,1072.0,1
9, 14, 659.0,702.0,1
14, 9, 659.0,702.0,1
9, 15, 920.0,1300.0,-1
15, 9, 920.0,1300.0,-1
9, 16, 125.0,129.0,-1
16, 9, 125.0,129.0,-1
9, 9, 0.0,0.0,1
10, 11, 168.0,199.0,-1
11, 10, 168.0,199.0,-1
10, 12, 81.0,115.0,1
12, 10, 81.0,115.0,1
10, 13, 543.0,722.0,-1
13, 10, 543.0,722.0,-1
10, 14, 423.0,483.0,-1
14, 10, 423.0,483.0,-1
10, 15, 682.0,949.0,-1
15, 10, 682.0,949.0,-1
10, 16, 157.0,222.0,1
16, 10, 157.0,222.0,1
10, 10, 0.0,0.0,1
11, 12, 113.0,135.0,-1
12, 11, 113.0,135.0,-1
11, 13, 463.0,523.0,1
13, 11, 463.0,523.0,1
11, 14, 272.0,353.0,-1
14, 11, 272.0,353.0,-1
11, 15, 572.0,751.0,-1
15, 11, 572.0,751.0,-1
11, 16, 313.0,421.0,-1
16, 11, 313.0,421.0,-1
11, 11, 0.0,0.0,1
12, 13, 467.0,608.0,1
13, 12, 467.0,608.0,1
12, 14, 384.0,487.0,1
14, 12, 384.0,487.0,1
12, 15, 602.0,835.0,1
15, 12, 602.0,835.0,1
12, 16, 238.0,336.0,-1
16, 12, 238.0,336.0,-1
12, 12, 0.0,0.0,1
13, 14, 589.0,745.0,-1
14, 13, 589.0,745.0,-1
13, 15, 174.0,228.0,1
15, 13, 174.0,228.0,1
13, 16, 691.0,943.0,-1
16, 13, 691.0,943.0,-1
13, 13, 0.0,0.0,1
14, 15, 626.0,652.0,-1
15, 14, 626.0,652.0,-1
14, 16, 534.0,573.0,-1
16, 14, 534.0,573.0,-1
14, 14, 0.0,0.0,1
15, 16, 836.0,1171.0,1
16, 15, 836.0,1171.0,1
15, 15, 0.0,0.0,1
16, 16, 0.0,0.0,1


<end>