<number of nodes>
16

<ratio of available edges>
0.3

<max length of the drone flight>
100000 

<D 2/3>
1, 2, 3, 4, 5, 6, 9, 10, 11, 12, 13

<V>
2, 3, 5, 6, 9

<coordinates X,Y>
839.734554157886, 47.41360481923056
934.6280993158056, 949.5040401328848
647.9573312331215, 334.34710461869247
94.9740766294983, 223.67592928230536
501.7928704981982, 428.05540857255033
309.52838743401264, 347.6619890535033
444.1786892322407, 178.45427511675024
751.6041827089147, 678.5256770283108
996.8880191115067, 145.40255739449518
394.58958680730416, 626.5153514561811
616.0702906397858, 446.9091911611134
26.43047859657298, 830.8151424247142
907.752291708092, 309.44260797396396
521.4731743627411, 473.38853630826685
21.529821552915788, 466.41321220633563
684.8429145046882, 271.9431325920225

<adjacency matrix with truck distances>
1, 2, 908.0,997.0,-1
2, 1, 908.0,997.0,-1
1, 3, 346.0,479.0,-1
3, 1, 346.0,479.0,-1
1, 4, 766.0,922.0,-1
4, 1, 766.0,922.0,-1
1, 5, 510.0,719.0,-1
5, 1, 510.0,719.0,-1
1, 6, 610.0,831.0,-1
6, 1, 610.0,831.0,-1
1, 7, 417.0,527.0,1
7, 1, 417.0,527.0,1
1, 8, 638.0,720.0,1
8, 1, 638.0,720.0,1
1, 9, 186.0,256.0,-1
9, 1, 186.0,256.0,-1
1, 10, 731.0,1025.0,-1
10, 1, 731.0,1025.0,-1
1, 11, 458.0,624.0,-1
11, 1, 458.0,624.0,-1
1, 12, 1130.0,1597.0,1
12, 1, 1130.0,1597.0,1
1, 13, 271.0,331.0,-1
13, 1, 271.0,331.0,-1
1, 14, 532.0,745.0,-1
14, 1, 532.0,745.0,-1
1, 15, 920.0,1238.0,-1
15, 1, 920.0,1238.0,-1
1, 16, 273.0,380.0,-1
16, 1, 273.0,380.0,-1
1, 1, 0.0,0.0,1
2, 3, 679.0,902.0,1
3, 2, 679.0,902.0,1
2, 4, 1110.0,1566.0,-1
4, 2, 1110.0,1566.0,-1
2, 5, 678.0,955.0,-1
5, 2, 678.0,955.0,-1
2, 6, 868.0,1227.0,1
6, 2, 868.0,1227.0,1
2, 7, 914.0,1262.0,-1
7, 2, 914.0,1262.0,-1
2, 8, 327.0,455.0,1
8, 2, 327.0,455.0,1
2, 9, 807.0,867.0,-1
9, 2, 807.0,867.0,-1
2, 10, 630.0,864.0,1
10, 2, 630.0,864.0,1
2, 11, 596.0,822.0,-1
11, 2, 596.0,822.0,-1
2, 12, 916.0,1027.0,-1
12, 2, 916.0,1027.0,-1
2, 13, 641.0,667.0,-1
13, 2, 641.0,667.0,-1
2, 14, 631.0,890.0,-1
14, 2, 631.0,890.0,-1
2, 15, 1034.0,1397.0,1
15, 2, 1034.0,1397.0,1
2, 16, 723.0,928.0,-1
16, 2, 723.0,928.0,-1
2, 2, 0.0,0.0,1
3, 4, 564.0,664.0,-1
4, 3, 564.0,664.0,-1
3, 5, 174.0,240.0,-1
5, 3, 174.0,240.0,-1
3, 6, 339.0,352.0,-1
6, 3, 339.0,352.0,-1
3, 7, 257.0,360.0,-1
7, 3, 257.0,360.0,-1
3, 8, 360.0,448.0,1
8, 3, 360.0,448.0,1
3, 9, 397.0,538.0,1
9, 3, 397.0,538.0,1
3, 10, 387.0,546.0,-1
10, 3, 387.0,546.0,-1
3, 11, 117.0,145.0,-1
11, 3, 117.0,145.0,-1
3, 12, 796.0,1118.0,1
12, 3, 796.0,1118.0,1
3, 13, 261.0,285.0,1
13, 3, 261.0,285.0,1
3, 14, 188.0,266.0,-1
14, 3, 188.0,266.0,-1
3, 15, 641.0,759.0,1
15, 3, 641.0,759.0,1
3, 16, 73.0,100.0,-1
16, 3, 73.0,100.0,-1
3, 3, 0.0,0.0,1
4, 5, 456.0,612.0,-1
5, 4, 456.0,612.0,-1
4, 6, 248.0,339.0,-1
6, 4, 248.0,339.0,-1
4, 7, 353.0,395.0,1
7, 4, 353.0,395.0,1
4, 8, 799.0,1112.0,-1
8, 4, 799.0,1112.0,-1
4, 9, 906.0,981.0,1
9, 4, 906.0,981.0,1
4, 10, 503.0,703.0,-1
10, 4, 503.0,703.0,-1
4, 11, 567.0,745.0,-1
11, 4, 567.0,745.0,-1
4, 12, 611.0,676.0,1
12, 4, 611.0,676.0,1
4, 13, 818.0,899.0,-1
13, 4, 818.0,899.0,-1
4, 14, 495.0,677.0,-1
14, 4, 495.0,677.0,-1
4, 15, 254.0,317.0,-1
15, 4, 254.0,317.0,-1
4, 16, 592.0,639.0,1
16, 4, 592.0,639.0,1
4, 4, 0.0,0.0,1
5, 6, 209.0,273.0,-1
6, 5, 209.0,273.0,-1
5, 7, 257.0,308.0,1
7, 5, 257.0,308.0,1
5, 8, 354.0,501.0,-1
8, 5, 354.0,501.0,-1
5, 9, 571.0,778.0,1
9, 5, 571.0,778.0,1
5, 10, 226.0,306.0,-1
10, 5, 226.0,306.0,-1
5, 11, 116.0,134.0,1
11, 5, 116.0,134.0,1
5, 12, 624.0,879.0,1
12, 5, 624.0,879.0,1
5, 13, 423.0,525.0,1
13, 5, 423.0,525.0,1
5, 14, 50.0,66.0,-1
14, 5, 50.0,66.0,-1
5, 15, 482.0,519.0,1
15, 5, 482.0,519.0,1
5, 16, 241.0,340.0,-1
16, 5, 241.0,340.0,-1
5, 5, 0.0,0.0,1
6, 7, 217.0,304.0,-1
7, 6, 217.0,304.0,-1
6, 8, 553.0,773.0,-1
8, 6, 553.0,773.0,-1
6, 9, 717.0,890.0,-1
9, 6, 717.0,890.0,-1
6, 10, 292.0,364.0,1
10, 6, 292.0,364.0,1
6, 11, 323.0,406.0,-1
11, 6, 323.0,406.0,-1
6, 12, 560.0,767.0,-1
12, 6, 560.0,767.0,-1
6, 13, 600.0,637.0,-1
13, 6, 600.0,637.0,-1
6, 14, 247.0,338.0,-1
14, 6, 247.0,338.0,-1
6, 15, 312.0,407.0,-1
15, 6, 312.0,407.0,-1
6, 16, 383.0,452.0,1
16, 6, 383.0,452.0,1
6, 6, 0.0,0.0,1
7, 8, 588.0,808.0,-1
8, 7, 588.0,808.0,-1
7, 9, 554.0,586.0,-1
9, 7, 554.0,586.0,-1
7, 10, 451.0,498.0,-1
10, 7, 451.0,498.0,-1
7, 11, 319.0,441.0,-1
11, 7, 319.0,441.0,-1
7, 12, 775.0,1071.0,-1
12, 7, 775.0,1071.0,-1
7, 13, 482.0,595.0,-1
13, 7, 482.0,595.0,-1
7, 14, 305.0,373.0,1
14, 7, 305.0,373.0,1
7, 15, 512.0,711.0,-1
15, 7, 512.0,711.0,-1
7, 16, 259.0,335.0,1
16, 7, 259.0,335.0,1
7, 7, 0.0,0.0,1
8, 9, 587.0,779.0,-1
9, 8, 587.0,779.0,-1
8, 10, 361.0,410.0,-1
10, 8, 361.0,410.0,-1
8, 11, 269.0,368.0,-1
11, 8, 269.0,368.0,-1
8, 12, 741.0,878.0,-1
12, 8, 741.0,878.0,-1
8, 13, 401.0,526.0,-1
13, 8, 401.0,526.0,-1
8, 14, 309.0,436.0,-1
14, 8, 309.0,436.0,-1
8, 15, 761.0,943.0,-1
15, 8, 761.0,943.0,-1
8, 16, 413.0,474.0,-1
16, 8, 413.0,474.0,-1
8, 8, 0.0,0.0,1
9, 10, 771.0,1084.0,-1
10, 9, 771.0,1084.0,-1
9, 11, 486.0,683.0,-1
11, 9, 486.0,683.0,-1
9, 12, 1189.0,1656.0,-1
12, 9, 1189.0,1656.0,-1
9, 13, 187.0,254.0,1
13, 9, 187.0,254.0,1
9, 14, 578.0,804.0,-1
14, 9, 578.0,804.0,-1
9, 15, 1027.0,1297.0,1
15, 9, 1027.0,1297.0,1
9, 16, 337.0,439.0,-1
16, 9, 337.0,439.0,-1
9, 9, 0.0,0.0,1
10, 11, 286.0,402.0,-1
11, 10, 286.0,402.0,-1
10, 12, 422.0,573.0,-1
12, 10, 422.0,573.0,-1
10, 13, 604.0,831.0,-1
13, 10, 604.0,831.0,-1
10, 14, 199.0,281.0,1
14, 10, 199.0,281.0,1
10, 15, 406.0,534.0,-1
15, 10, 406.0,534.0,-1
10, 16, 459.0,645.0,-1
16, 10, 459.0,645.0,-1
10, 10, 0.0,0.0,1
11, 12, 704.0,974.0,-1
12, 11, 704.0,974.0,-1
11, 13, 323.0,430.0,-1
13, 11, 323.0,430.0,-1
11, 14, 99.0,122.0,-1
14, 11, 99.0,122.0,-1
11, 15, 595.0,615.0,-1
15, 11, 595.0,615.0,-1
11, 16, 188.0,244.0,-1
16, 11, 188.0,244.0,-1
11, 11, 0.0,0.0,1
12, 13, 1024.0,1403.0,1
13, 12, 1024.0,1403.0,1
12, 14, 611.0,853.0,-1
14, 12, 611.0,853.0,-1
12, 15, 365.0,370.0,-1
15, 12, 365.0,370.0,-1
12, 16, 864.0,1218.0,1
16, 12, 864.0,1218.0,1
12, 12, 0.0,0.0,1
13, 14, 420.0,551.0,-1
14, 13, 420.0,551.0,-1
13, 15, 901.0,1044.0,1
15, 13, 901.0,1044.0,1
13, 16, 227.0,261.0,1
16, 13, 227.0,261.0,1
13, 13, 0.0,0.0,1
14, 15, 500.0,507.0,1
15, 14, 500.0,507.0,1
14, 16, 260.0,365.0,-1
16, 14, 260.0,365.0,-1
14, 14, 0.0,0.0,1
15, 16, 692.0,858.0,1
16, 15, 692.0,858.0,1
15, 15, 0.0,0.0,1
16, 16, 0.0,0.0,1


<end>