<number of nodes>
16

<ratio of available edges>
0.3

<max length of the drone flight>
100000 

<D 2/3>
1, 2, 3, 4, 6, 7, 10, 12, 13, 14, 16

<V>
2, 3, 6, 10, 14

<coordinates X,Y>
964.8191774504686, 382.34685199080826
141.25207917186205, 378.3045334926883
700.0399368607925, 866.0583258451826
813.428627752891, 307.19910536502977
307.9046955961096, 649.8791148341758
440.5795291089159, 992.4043396667757
126.61226280873784, 848.5811198042668
925.9671684278393, 963.6486046428473
826.6511330869137, 616.2893237127365
421.4454856172422, 338.1304682225596
470.2673369304796, 721.344789505151
334.0493413243349, 299.65676052737905
546.0807597407106, 640.4105358459964
462.9234991572829, 746.3610412295317
721.1521693079976, 843.1454817673952
459.01285163743427, 865.6716506742398

<adjacency matrix with truck distances>
1, 2, 824.0,828.0,-1
2, 1, 824.0,828.0,-1
1, 3, 552.0,749.0,-1
3, 1, 552.0,749.0,-1
1, 4, 170.0,227.0,-1
4, 1, 170.0,227.0,-1
1, 5, 710.0,925.0,1
5, 1, 710.0,925.0,1
1, 6, 805.0,1135.0,-1
6, 1, 805.0,1135.0,-1
1, 7, 960.0,1305.0,-1
7, 1, 960.0,1305.0,-1
1, 8, 583.0,621.0,1
8, 1, 583.0,621.0,1
1, 9, 272.0,373.0,-1
9, 1, 272.0,373.0,-1
1, 10, 546.0,588.0,1
10, 1, 546.0,588.0,1
1, 11, 600.0,834.0,-1
11, 1, 600.0,834.0,-1
1, 12, 637.0,714.0,-1
12, 1, 637.0,714.0,-1
1, 13, 492.0,677.0,-1
13, 1, 492.0,677.0,-1
1, 14, 621.0,866.0,-1
14, 1, 621.0,866.0,-1
1, 15, 522.0,705.0,1
15, 1, 522.0,705.0,1
1, 16, 700.0,990.0,1
16, 1, 700.0,990.0,1
1, 1, 0.0,0.0,1
2, 3, 742.0,1047.0,1
3, 2, 742.0,1047.0,1
2, 4, 676.0,744.0,-1
4, 2, 676.0,744.0,-1
2, 5, 319.0,439.0,-1
5, 2, 319.0,439.0,-1
2, 6, 684.0,914.0,1
6, 2, 684.0,914.0,1
2, 7, 471.0,485.0,-1
7, 2, 471.0,485.0,-1
2, 8, 979.0,1371.0,1
8, 2, 979.0,1371.0,1
2, 9, 726.0,924.0,1
9, 2, 726.0,924.0,1
2, 10, 284.0,321.0,1
10, 2, 284.0,321.0,1
2, 11, 476.0,673.0,-1
11, 2, 476.0,673.0,-1
2, 12, 209.0,272.0,1
12, 2, 209.0,272.0,1
2, 13, 483.0,667.0,-1
13, 2, 483.0,667.0,-1
2, 14, 489.0,690.0,1
14, 2, 489.0,690.0,1
2, 15, 744.0,1045.0,1
15, 2, 744.0,1045.0,1
2, 16, 582.0,806.0,-1
16, 2, 582.0,806.0,-1
2, 2, 0.0,0.0,1
3, 4, 571.0,673.0,-1
4, 3, 571.0,673.0,-1
3, 5, 448.0,609.0,-1
5, 3, 448.0,609.0,-1
3, 6, 289.0,386.0,-1
6, 3, 289.0,386.0,-1
3, 7, 574.0,591.0,-1
7, 3, 574.0,591.0,-1
3, 8, 247.0,324.0,1
8, 3, 247.0,324.0,1
3, 9, 281.0,377.0,-1
9, 3, 281.0,377.0,-1
3, 10, 597.0,807.0,1
10, 3, 597.0,807.0,1
3, 11, 272.0,375.0,-1
11, 3, 272.0,375.0,-1
3, 12, 675.0,933.0,1
12, 3, 675.0,933.0,1
3, 13, 274.0,380.0,-1
13, 3, 274.0,380.0,-1
3, 14, 266.0,357.0,-1
14, 3, 266.0,357.0,-1
3, 15, 32.0,45.0,1
15, 3, 32.0,45.0,1
3, 16, 242.0,242.0,1
16, 3, 242.0,242.0,1
3, 3, 0.0,0.0,1
4, 5, 611.0,849.0,1
5, 4, 611.0,849.0,1
4, 6, 781.0,1059.0,-1
6, 4, 781.0,1059.0,-1
4, 7, 875.0,1229.0,-1
7, 4, 875.0,1229.0,-1
4, 8, 667.0,769.0,-1
8, 4, 667.0,769.0,-1
4, 9, 310.0,323.0,-1
9, 4, 310.0,323.0,-1
4, 10, 394.0,423.0,1
10, 4, 394.0,423.0,1
4, 11, 538.0,758.0,-1
11, 4, 538.0,758.0,-1
4, 12, 480.0,487.0,-1
12, 4, 480.0,487.0,-1
4, 13, 428.0,601.0,-1
13, 4, 428.0,601.0,-1
4, 14, 562.0,790.0,-1
14, 4, 562.0,790.0,-1
4, 15, 544.0,629.0,1
15, 4, 544.0,629.0,1
4, 16, 662.0,913.0,-1
16, 4, 662.0,913.0,-1
4, 4, 0.0,0.0,1
5, 6, 368.0,476.0,-1
6, 5, 368.0,476.0,-1
5, 7, 269.0,380.0,1
7, 5, 269.0,380.0,1
5, 8, 694.0,932.0,-1
8, 5, 694.0,932.0,-1
5, 9, 520.0,553.0,-1
9, 5, 520.0,553.0,-1
5, 10, 332.0,426.0,-1
10, 5, 332.0,426.0,-1
5, 11, 178.0,234.0,-1
11, 5, 178.0,234.0,-1
5, 12, 352.0,377.0,1
12, 5, 352.0,377.0,1
5, 13, 239.0,248.0,-1
13, 5, 239.0,248.0,-1
5, 14, 183.0,252.0,-1
14, 5, 183.0,252.0,-1
5, 15, 457.0,607.0,-1
15, 5, 457.0,607.0,-1
5, 16, 264.0,367.0,-1
16, 5, 264.0,367.0,-1
5, 5, 0.0,0.0,1
6, 7, 346.0,458.0,-1
7, 6, 346.0,458.0,-1
6, 8, 487.0,515.0,-1
8, 6, 487.0,515.0,-1
6, 9, 539.0,763.0,1
9, 6, 539.0,763.0,1
6, 10, 655.0,674.0,-1
10, 6, 655.0,674.0,-1
6, 11, 273.0,301.0,-1
11, 6, 273.0,301.0,-1
6, 12, 701.0,800.0,1
12, 6, 701.0,800.0,1
6, 13, 368.0,458.0,-1
13, 6, 368.0,458.0,-1
6, 14, 248.0,269.0,-1
14, 6, 248.0,269.0,-1
6, 15, 318.0,430.0,-1
15, 6, 318.0,430.0,-1
6, 16, 129.0,146.0,-1
16, 6, 129.0,146.0,-1
6, 6, 0.0,0.0,1
7, 8, 808.0,915.0,-1
8, 7, 808.0,915.0,-1
7, 9, 738.0,933.0,-1
9, 7, 738.0,933.0,-1
7, 10, 590.0,806.0,-1
10, 7, 590.0,806.0,-1
7, 11, 367.0,471.0,1
11, 7, 367.0,471.0,1
7, 12, 587.0,757.0,-1
12, 7, 587.0,757.0,-1
7, 13, 469.0,628.0,-1
13, 7, 469.0,628.0,-1
7, 14, 352.0,439.0,-1
14, 7, 352.0,439.0,-1
7, 15, 595.0,600.0,-1
15, 7, 595.0,600.0,-1
7, 16, 333.0,350.0,-1
16, 7, 333.0,350.0,-1
7, 7, 0.0,0.0,1
8, 9, 362.0,447.0,1
9, 8, 362.0,447.0,1
8, 10, 804.0,1131.0,-1
10, 8, 804.0,1131.0,-1
8, 11, 517.0,699.0,1
11, 8, 517.0,699.0,1
8, 12, 890.0,1256.0,-1
12, 8, 890.0,1256.0,-1
8, 13, 499.0,704.0,-1
13, 8, 499.0,704.0,-1
8, 14, 512.0,681.0,-1
14, 8, 512.0,681.0,-1
8, 15, 238.0,326.0,-1
15, 8, 238.0,326.0,-1
8, 16, 478.0,565.0,-1
16, 8, 478.0,565.0,-1
8, 8, 0.0,0.0,1
9, 10, 492.0,684.0,1
10, 9, 492.0,684.0,1
9, 11, 372.0,462.0,1
11, 9, 372.0,462.0,1
9, 12, 586.0,810.0,-1
12, 9, 586.0,810.0,-1
9, 13, 282.0,305.0,1
13, 9, 282.0,305.0,1
9, 14, 387.0,494.0,-1
14, 9, 387.0,494.0,-1
9, 15, 251.0,333.0,-1
15, 9, 251.0,333.0,-1
9, 16, 445.0,618.0,-1
16, 9, 445.0,618.0,-1
9, 9, 0.0,0.0,1
10, 11, 387.0,433.0,-1
11, 10, 387.0,433.0,-1
10, 12, 96.0,126.0,-1
12, 10, 96.0,126.0,-1
10, 13, 327.0,427.0,-1
13, 10, 327.0,427.0,-1
10, 14, 411.0,450.0,1
14, 10, 411.0,450.0,1
10, 15, 588.0,805.0,-1
15, 10, 588.0,805.0,-1
10, 16, 529.0,566.0,-1
16, 10, 529.0,566.0,-1
10, 10, 0.0,0.0,1
11, 12, 444.0,558.0,1
12, 11, 444.0,558.0,1
11, 13, 111.0,157.0,-1
13, 11, 111.0,157.0,-1
11, 14, 27.0,33.0,-1
14, 11, 27.0,33.0,-1
11, 15, 279.0,373.0,-1
15, 11, 279.0,373.0,-1
11, 16, 145.0,156.0,-1
16, 11, 145.0,156.0,-1
11, 11, 0.0,0.0,1
12, 13, 402.0,553.0,1
13, 12, 402.0,553.0,1
12, 14, 465.0,576.0,-1
14, 12, 465.0,576.0,-1
12, 15, 668.0,931.0,-1
15, 12, 668.0,931.0,-1
12, 16, 580.0,691.0,-1
16, 12, 580.0,691.0,-1
12, 12, 0.0,0.0,1
13, 14, 135.0,190.0,-1
14, 13, 135.0,190.0,-1
13, 15, 268.0,378.0,-1
15, 13, 268.0,378.0,-1
13, 16, 242.0,313.0,1
16, 13, 242.0,313.0,1
13, 13, 0.0,0.0,1
14, 15, 276.0,356.0,-1
15, 14, 276.0,356.0,-1
14, 16, 120.0,124.0,1
16, 14, 120.0,124.0,1
14, 14, 0.0,0.0,1
15, 16, 264.0,285.0,-1
16, 15, 264.0,285.0,-1
15, 15, 0.0,0.0,1
16, 16, 0.0,0.0,1


<end>