<number of nodes>
16

<ratio of available edges>
0.3

<max length of the drone flight>
100000 

<D 2/3>
1, 3, 4, 5, 6, 8, 10, 11, 14, 15, 16

<V>
3, 4, 10, 11, 16

<coordinates X,Y>
137.25130513327846, 352.095125710399
491.854275076488, 387.59186513599246
632.4555395756167, 54.76464817592748
319.3470839502131, 9.32898294694549
286.73101721929476, 905.4682474629966
37.29456795040307, 794.6605241030704
595.1098462137002, 487.5503102519426
60.306990634285604, 905.810835846574
786.7803901823258, 994.0219951489588
833.1305739204003, 836.3286574288462
70.79608799356892, 194.45375231628944
71.20373316755128, 779.2030895315495
366.4599206214578, 484.7546885788439
221.49520849002377, 766.9938609516241
564.7194577402697, 615.8840883017521
565.326007106693, 502.3671803389963

<adjacency matrix with truck distances>
1, 2, 357.0,391.0,-1
2, 1, 357.0,391.0,-1
1, 3, 578.0,793.0,-1
3, 1, 578.0,793.0,-1
1, 4, 389.0,525.0,-1
4, 1, 389.0,525.0,-1
1, 5, 574.0,703.0,-1
5, 1, 574.0,703.0,-1
1, 6, 454.0,543.0,1
6, 1, 454.0,543.0,1
1, 7, 478.0,594.0,1
7, 1, 478.0,594.0,1
1, 8, 560.0,631.0,1
8, 1, 560.0,631.0,1
1, 9, 914.0,1292.0,-1
9, 1, 914.0,1292.0,-1
1, 10, 848.0,1181.0,-1
10, 1, 848.0,1181.0,-1
1, 11, 172.0,225.0,-1
11, 1, 172.0,225.0,-1
1, 12, 433.0,494.0,-1
12, 1, 433.0,494.0,-1
1, 13, 265.0,362.0,-1
13, 1, 265.0,362.0,-1
1, 14, 424.0,500.0,1
14, 1, 424.0,500.0,1
1, 15, 503.0,692.0,1
15, 1, 503.0,692.0,1
1, 16, 454.0,579.0,1
16, 1, 454.0,579.0,1
1, 1, 0.0,0.0,1
2, 3, 362.0,474.0,-1
3, 2, 362.0,474.0,-1
2, 4, 416.0,551.0,1
4, 2, 416.0,551.0,1
2, 5, 558.0,723.0,1
5, 2, 558.0,723.0,1
2, 6, 611.0,862.0,-1
6, 2, 611.0,862.0,-1
2, 7, 144.0,204.0,-1
7, 2, 144.0,204.0,-1
2, 8, 675.0,950.0,-1
8, 2, 675.0,950.0,-1
2, 9, 675.0,902.0,1
9, 2, 675.0,902.0,1
2, 10, 564.0,791.0,-1
10, 2, 564.0,791.0,-1
2, 11, 464.0,615.0,1
11, 2, 464.0,615.0,1
2, 12, 575.0,813.0,-1
12, 2, 575.0,813.0,-1
2, 13, 159.0,223.0,-1
13, 2, 159.0,223.0,-1
2, 14, 466.0,650.0,-1
14, 2, 466.0,650.0,-1
2, 15, 240.0,302.0,-1
15, 2, 240.0,302.0,-1
2, 16, 137.0,189.0,-1
16, 2, 137.0,189.0,-1
2, 2, 0.0,0.0,1
3, 4, 317.0,359.0,1
4, 3, 317.0,359.0,1
3, 5, 919.0,1197.0,-1
5, 3, 919.0,1197.0,-1
3, 6, 950.0,1336.0,-1
6, 3, 950.0,1336.0,-1
3, 7, 435.0,471.0,-1
7, 3, 435.0,471.0,-1
3, 8, 1026.0,1424.0,-1
8, 3, 1026.0,1424.0,-1
3, 9, 952.0,1094.0,-1
9, 3, 952.0,1094.0,-1
3, 10, 807.0,983.0,-1
10, 3, 807.0,983.0,-1
3, 11, 579.0,702.0,1
11, 3, 579.0,702.0,1
3, 12, 917.0,1286.0,1
12, 3, 917.0,1286.0,1
3, 13, 506.0,696.0,1
13, 3, 506.0,696.0,1
3, 14, 823.0,1124.0,-1
14, 3, 823.0,1124.0,-1
3, 15, 566.0,629.0,-1
15, 3, 566.0,629.0,-1
3, 16, 453.0,515.0,-1
16, 3, 453.0,515.0,-1
3, 3, 0.0,0.0,1
4, 5, 897.0,929.0,1
5, 4, 897.0,929.0,1
4, 6, 835.0,1068.0,-1
6, 4, 835.0,1068.0,-1
4, 7, 553.0,754.0,-1
7, 4, 553.0,754.0,-1
4, 8, 934.0,1156.0,-1
8, 4, 934.0,1156.0,-1
4, 9, 1091.0,1453.0,1
9, 4, 1091.0,1453.0,1
4, 10, 974.0,1341.0,1
10, 4, 974.0,1341.0,1
4, 11, 310.0,434.0,1
11, 4, 310.0,434.0,1
4, 12, 809.0,1019.0,1
12, 4, 809.0,1019.0,1
4, 13, 478.0,523.0,1
13, 4, 478.0,523.0,1
4, 14, 764.0,856.0,-1
14, 4, 764.0,856.0,-1
4, 15, 655.0,852.0,-1
15, 4, 655.0,852.0,-1
4, 16, 551.0,740.0,-1
16, 4, 551.0,740.0,-1
4, 4, 0.0,0.0,1
5, 6, 273.0,361.0,-1
6, 5, 273.0,361.0,-1
5, 7, 520.0,727.0,1
7, 5, 520.0,727.0,1
5, 8, 227.0,227.0,-1
8, 5, 227.0,227.0,-1
5, 9, 508.0,589.0,-1
9, 5, 508.0,589.0,-1
5, 10, 551.0,616.0,-1
10, 5, 551.0,616.0,-1
5, 11, 744.0,927.0,1
11, 5, 744.0,927.0,1
5, 12, 250.0,342.0,-1
12, 5, 250.0,342.0,-1
5, 13, 429.0,501.0,-1
13, 5, 429.0,501.0,-1
5, 14, 154.0,204.0,-1
14, 5, 154.0,204.0,-1
5, 15, 402.0,568.0,-1
15, 5, 402.0,568.0,-1
5, 16, 491.0,682.0,1
16, 5, 491.0,682.0,1
5, 5, 0.0,0.0,1
6, 7, 637.0,865.0,-1
7, 6, 637.0,865.0,-1
6, 8, 114.0,135.0,-1
8, 6, 114.0,135.0,-1
6, 9, 776.0,949.0,1
9, 6, 776.0,949.0,1
6, 10, 797.0,838.0,-1
10, 6, 797.0,838.0,-1
6, 11, 602.0,634.0,-1
11, 6, 602.0,634.0,-1
6, 12, 38.0,50.0,1
12, 6, 38.0,50.0,1
6, 13, 453.0,640.0,-1
13, 6, 453.0,640.0,-1
6, 14, 187.0,212.0,-1
14, 6, 187.0,212.0,-1
6, 15, 557.0,707.0,-1
15, 6, 557.0,707.0,-1
6, 16, 604.0,821.0,-1
16, 6, 604.0,821.0,-1
6, 6, 0.0,0.0,1
7, 8, 679.0,954.0,-1
8, 7, 679.0,954.0,-1
7, 9, 542.0,699.0,-1
9, 7, 542.0,699.0,-1
7, 10, 423.0,587.0,-1
10, 7, 423.0,587.0,-1
7, 11, 601.0,818.0,-1
11, 7, 601.0,818.0,-1
7, 12, 600.0,816.0,1
12, 7, 600.0,816.0,1
7, 13, 229.0,232.0,1
13, 7, 229.0,232.0,1
7, 14, 467.0,654.0,-1
14, 7, 467.0,654.0,-1
7, 15, 132.0,159.0,1
15, 7, 132.0,159.0,1
7, 16, 34.0,45.0,-1
16, 7, 34.0,45.0,-1
7, 7, 0.0,0.0,1
8, 9, 732.0,815.0,-1
9, 8, 732.0,815.0,-1
8, 10, 776.0,843.0,-1
10, 8, 776.0,843.0,-1
8, 11, 712.0,722.0,-1
11, 8, 712.0,722.0,-1
8, 12, 128.0,138.0,1
12, 8, 128.0,138.0,1
8, 13, 521.0,728.0,-1
13, 8, 521.0,728.0,-1
8, 14, 213.0,301.0,-1
14, 8, 213.0,301.0,-1
8, 15, 582.0,795.0,-1
15, 8, 582.0,795.0,-1
8, 16, 647.0,909.0,-1
16, 8, 647.0,909.0,-1
8, 8, 0.0,0.0,1
9, 10, 165.0,205.0,-1
10, 9, 165.0,205.0,-1
9, 11, 1074.0,1516.0,-1
11, 9, 1074.0,1516.0,-1
9, 12, 748.0,931.0,-1
12, 9, 748.0,931.0,-1
9, 13, 661.0,930.0,-1
13, 9, 661.0,930.0,-1
9, 14, 610.0,793.0,-1
14, 9, 610.0,793.0,-1
9, 15, 439.0,601.0,-1
15, 9, 439.0,601.0,-1
9, 16, 540.0,714.0,-1
16, 9, 540.0,714.0,-1
9, 9, 0.0,0.0,1
10, 11, 997.0,1405.0,1
11, 10, 997.0,1405.0,1
10, 12, 765.0,820.0,-1
12, 10, 765.0,820.0,-1
10, 13, 585.0,819.0,-1
13, 10, 585.0,819.0,-1
10, 14, 616.0,681.0,1
14, 10, 616.0,681.0,1
10, 15, 348.0,489.0,-1
15, 10, 348.0,489.0,-1
10, 16, 429.0,602.0,1
16, 10, 429.0,602.0,1
10, 10, 0.0,0.0,1
11, 12, 585.0,586.0,-1
12, 11, 585.0,586.0,-1
11, 13, 415.0,586.0,1
13, 11, 415.0,586.0,1
11, 14, 593.0,724.0,-1
14, 11, 593.0,724.0,-1
11, 15, 650.0,916.0,-1
15, 11, 650.0,916.0,-1
11, 16, 583.0,803.0,-1
16, 11, 583.0,803.0,-1
11, 11, 0.0,0.0,1
12, 13, 417.0,590.0,-1
13, 12, 417.0,590.0,-1
12, 14, 151.0,163.0,-1
14, 12, 151.0,163.0,-1
12, 15, 520.0,657.0,-1
15, 12, 520.0,657.0,-1
12, 16, 567.0,771.0,-1
16, 12, 567.0,771.0,-1
12, 12, 0.0,0.0,1
13, 14, 318.0,428.0,-1
14, 13, 318.0,428.0,-1
13, 15, 238.0,330.0,-1
15, 13, 238.0,330.0,-1
13, 16, 200.0,217.0,-1
16, 13, 200.0,217.0,-1
13, 13, 0.0,0.0,1
14, 15, 376.0,495.0,1
15, 14, 376.0,495.0,1
14, 16, 434.0,609.0,1
16, 14, 434.0,609.0,1
14, 14, 0.0,0.0,1
15, 16, 114.0,115.0,1
16, 15, 114.0,115.0,1
15, 15, 0.0,0.0,1
16, 16, 0.0,0.0,1


<end>