<number of nodes>
16

<ratio of available edges>
0.3

<max length of the drone flight>
100000 

<D 2/3>
1, 2, 5, 6, 7, 9, 11, 13, 14, 15, 16

<V>
6, 7, 9, 11, 14

<coordinates X,Y>
524.3942405405256, 390.3445733028619
469.659792800505, 31.504536608841757
559.024305425556, 948.5316269276557
25.486955418480324, 204.67980272644678
835.0000410594873, 433.752194781497
722.6518388183902, 198.970531610507
32.860397379123896, 277.1534668289032
69.0299138407782, 533.1186699777462
297.28188704352164, 814.3056019425908
949.2414875852253, 821.8845082698349
328.09288498291625, 380.2035958045794
493.6986694665646, 570.3244776103447
658.6098010892634, 155.74379974110676
507.47673244188195, 996.5034914824315
813.0538984110225, 987.527103278865
584.0125567077854, 228.35181352044947

<adjacency matrix with truck distances>
1, 2, 363.0,414.0,1
2, 1, 363.0,414.0,1
1, 3, 560.0,593.0,-1
3, 1, 560.0,593.0,-1
1, 4, 533.0,685.0,1
4, 1, 533.0,685.0,1
1, 5, 314.0,355.0,1
5, 1, 314.0,355.0,1
1, 6, 276.0,390.0,-1
6, 1, 276.0,390.0,-1
1, 7, 505.0,605.0,1
7, 1, 505.0,605.0,1
1, 8, 478.0,599.0,-1
8, 1, 478.0,599.0,-1
1, 9, 481.0,652.0,1
9, 1, 481.0,652.0,1
1, 10, 606.0,857.0,-1
10, 1, 606.0,857.0,-1
1, 11, 197.0,207.0,-1
11, 1, 197.0,207.0,-1
1, 12, 183.0,211.0,-1
12, 1, 183.0,211.0,-1
1, 13, 271.0,369.0,-1
13, 1, 271.0,369.0,-1
1, 14, 607.0,624.0,-1
14, 1, 607.0,624.0,-1
1, 15, 664.0,886.0,-1
15, 1, 664.0,886.0,-1
1, 16, 173.0,222.0,-1
16, 1, 173.0,222.0,-1
1, 1, 0.0,0.0,1
2, 3, 922.0,1007.0,-1
3, 2, 922.0,1007.0,-1
2, 4, 477.0,618.0,-1
4, 2, 477.0,618.0,-1
2, 5, 544.0,768.0,1
5, 2, 544.0,768.0,1
2, 6, 304.0,421.0,-1
6, 2, 304.0,421.0,-1
2, 7, 502.0,683.0,-1
7, 2, 502.0,683.0,-1
2, 8, 642.0,903.0,-1
8, 2, 642.0,903.0,-1
2, 9, 802.0,956.0,-1
9, 2, 802.0,956.0,-1
2, 10, 925.0,1270.0,-1
10, 2, 925.0,1270.0,-1
2, 11, 377.0,491.0,-1
11, 2, 377.0,491.0,-1
2, 12, 540.0,563.0,-1
12, 2, 540.0,563.0,-1
2, 13, 227.0,314.0,-1
13, 2, 227.0,314.0,-1
2, 14, 966.0,1003.0,-1
14, 2, 966.0,1003.0,-1
2, 15, 1016.0,1300.0,-1
15, 2, 1016.0,1300.0,-1
2, 16, 228.0,312.0,-1
16, 2, 228.0,312.0,-1
2, 2, 0.0,0.0,1
3, 4, 916.0,1278.0,1
4, 3, 916.0,1278.0,1
3, 5, 585.0,791.0,1
5, 3, 585.0,791.0,1
3, 6, 768.0,914.0,-1
6, 3, 768.0,914.0,-1
3, 7, 853.0,1198.0,-1
7, 3, 853.0,1198.0,-1
3, 8, 643.0,906.0,-1
8, 3, 643.0,906.0,-1
3, 9, 295.0,396.0,-1
9, 3, 295.0,396.0,-1
3, 10, 411.0,517.0,-1
10, 3, 411.0,517.0,-1
3, 11, 614.0,800.0,-1
11, 3, 614.0,800.0,-1
3, 12, 384.0,444.0,1
12, 3, 384.0,444.0,1
3, 13, 800.0,893.0,-1
13, 3, 800.0,893.0,-1
3, 14, 71.0,100.0,1
14, 3, 71.0,100.0,1
3, 15, 258.0,294.0,-1
15, 3, 258.0,294.0,-1
3, 16, 721.0,746.0,-1
16, 3, 721.0,746.0,-1
3, 3, 0.0,0.0,1
4, 5, 842.0,1039.0,1
5, 4, 842.0,1039.0,1
4, 6, 698.0,703.0,-1
6, 4, 698.0,703.0,-1
4, 7, 73.0,80.0,1
7, 4, 73.0,80.0,1
4, 8, 332.0,372.0,-1
8, 4, 332.0,372.0,-1
4, 9, 668.0,882.0,-1
9, 4, 668.0,882.0,-1
4, 10, 1111.0,1541.0,-1
10, 4, 1111.0,1541.0,-1
4, 11, 350.0,479.0,-1
11, 4, 350.0,479.0,-1
4, 12, 595.0,834.0,1
12, 4, 595.0,834.0,1
4, 13, 636.0,683.0,-1
13, 4, 636.0,683.0,-1
4, 14, 927.0,1274.0,-1
14, 4, 927.0,1274.0,-1
4, 15, 1111.0,1571.0,-1
15, 4, 1111.0,1571.0,-1
4, 16, 560.0,583.0,1
16, 4, 560.0,583.0,1
4, 4, 0.0,0.0,1
5, 6, 261.0,348.0,1
6, 5, 261.0,348.0,1
5, 7, 818.0,959.0,1
7, 5, 818.0,959.0,1
5, 8, 773.0,866.0,-1
8, 5, 773.0,866.0,-1
5, 9, 659.0,919.0,-1
9, 5, 659.0,919.0,-1
5, 10, 405.0,503.0,-1
10, 5, 405.0,503.0,-1
5, 11, 510.0,561.0,-1
11, 5, 510.0,561.0,-1
5, 12, 368.0,478.0,1
12, 5, 368.0,478.0,1
5, 13, 330.0,455.0,-1
13, 5, 330.0,455.0,-1
5, 14, 652.0,891.0,1
14, 5, 652.0,891.0,1
5, 15, 555.0,576.0,1
15, 5, 555.0,576.0,1
5, 16, 325.0,457.0,-1
16, 5, 325.0,457.0,-1
5, 5, 0.0,0.0,1
6, 7, 695.0,768.0,-1
7, 6, 695.0,768.0,-1
6, 8, 735.0,988.0,1
8, 6, 735.0,988.0,1
6, 9, 749.0,1041.0,-1
9, 6, 749.0,1041.0,-1
6, 10, 663.0,850.0,1
10, 6, 663.0,850.0,1
6, 11, 435.0,576.0,-1
11, 6, 435.0,576.0,-1
6, 12, 437.0,601.0,-1
12, 6, 437.0,601.0,-1
6, 13, 78.0,108.0,-1
13, 6, 78.0,108.0,-1
6, 14, 827.0,1013.0,-1
14, 6, 827.0,1013.0,-1
6, 15, 794.0,879.0,-1
15, 6, 794.0,879.0,-1
6, 16, 142.0,169.0,-1
16, 6, 142.0,169.0,-1
6, 6, 0.0,0.0,1
7, 8, 259.0,293.0,1
8, 7, 259.0,293.0,1
7, 9, 599.0,802.0,1
9, 7, 599.0,802.0,1
7, 10, 1067.0,1462.0,1
10, 7, 1067.0,1462.0,1
7, 11, 313.0,399.0,-1
11, 7, 313.0,399.0,-1
7, 12, 547.0,755.0,1
12, 7, 547.0,755.0,1
7, 13, 638.0,748.0,-1
13, 7, 638.0,748.0,-1
7, 14, 862.0,1194.0,-1
14, 7, 862.0,1194.0,-1
7, 15, 1056.0,1491.0,-1
15, 7, 1056.0,1491.0,-1
7, 16, 554.0,600.0,-1
16, 7, 554.0,600.0,-1
7, 7, 0.0,0.0,1
8, 9, 363.0,510.0,-1
9, 8, 363.0,510.0,-1
8, 10, 927.0,1169.0,-1
10, 8, 927.0,1169.0,-1
8, 11, 301.0,412.0,-1
11, 8, 301.0,412.0,-1
8, 12, 427.0,462.0,1
12, 8, 427.0,462.0,1
8, 13, 701.0,967.0,-1
13, 8, 701.0,967.0,-1
8, 14, 638.0,902.0,-1
14, 8, 638.0,902.0,-1
8, 15, 872.0,1199.0,-1
15, 8, 872.0,1199.0,-1
8, 16, 599.0,820.0,-1
16, 8, 599.0,820.0,-1
8, 8, 0.0,0.0,1
9, 10, 653.0,660.0,-1
10, 9, 653.0,660.0,-1
9, 11, 436.0,465.0,-1
11, 9, 436.0,465.0,-1
9, 12, 314.0,441.0,1
12, 9, 314.0,441.0,1
9, 13, 752.0,1020.0,-1
13, 9, 752.0,1020.0,-1
9, 14, 279.0,393.0,1
14, 9, 279.0,393.0,1
9, 15, 545.0,689.0,-1
15, 9, 545.0,689.0,-1
9, 16, 653.0,873.0,-1
16, 9, 653.0,873.0,-1
9, 9, 0.0,0.0,1
10, 11, 763.0,1063.0,-1
11, 10, 763.0,1063.0,-1
10, 12, 521.0,708.0,-1
12, 10, 521.0,708.0,-1
10, 13, 727.0,957.0,1
13, 10, 727.0,957.0,1
10, 14, 476.0,617.0,1
14, 10, 476.0,617.0,1
10, 15, 215.0,302.0,-1
15, 10, 215.0,302.0,-1
10, 16, 697.0,959.0,-1
16, 10, 697.0,959.0,-1
10, 10, 0.0,0.0,1
11, 12, 253.0,356.0,-1
12, 11, 253.0,356.0,-1
11, 13, 400.0,555.0,1
13, 11, 400.0,555.0,1
11, 14, 642.0,796.0,1
14, 11, 642.0,796.0,1
11, 15, 778.0,1093.0,-1
15, 11, 778.0,1093.0,-1
11, 16, 298.0,408.0,-1
16, 11, 298.0,408.0,-1
11, 11, 0.0,0.0,1
12, 13, 447.0,580.0,1
13, 12, 447.0,580.0,1
12, 14, 427.0,440.0,-1
14, 12, 427.0,440.0,-1
12, 15, 526.0,737.0,1
15, 12, 526.0,737.0,1
12, 16, 354.0,433.0,-1
16, 12, 354.0,433.0,-1
12, 12, 0.0,0.0,1
13, 14, 855.0,992.0,-1
14, 13, 855.0,992.0,-1
13, 15, 847.0,987.0,1
15, 13, 847.0,987.0,1
13, 16, 105.0,148.0,-1
16, 13, 105.0,148.0,-1
13, 13, 0.0,0.0,1
14, 15, 306.0,315.0,-1
15, 14, 306.0,315.0,-1
14, 16, 772.0,845.0,1
16, 14, 772.0,845.0,1
14, 14, 0.0,0.0,1
15, 16, 793.0,989.0,-1
16, 15, 793.0,989.0,-1
15, 15, 0.0,0.0,1
16, 16, 0.0,0.0,1


<end>