<number of nodes>
16

<ratio of available edges>
0.3

<max length of the drone flight>
100000 

<D 2/3>
1, 2, 4, 5, 6, 8, 9, 10, 11, 14, 15

<V>
2, 5, 8, 10, 15

<coordinates X,Y>
292.96971572818484, 717.7920899048028
449.32937065324285, 775.0544609293353
70.18414107021218, 486.43029875236266
156.4753443644208, 51.11167176189179
152.52842492321636, 90.45419726862417
128.92098700728124, 970.5306901444271
613.464435878256, 440.98702164676826
855.4224150844228, 671.7357731788649
94.2420428332235, 147.4490803942507
124.72398691482556, 75.25910770287203
948.1799622929445, 464.92533036091913
935.5856572641919, 785.9632566513135
217.84948415349004, 41.61389189863018
493.78687206951776, 867.0540487584127
492.4684666417546, 592.2271488615863
614.8657228654407, 224.87052316252542

<adjacency matrix with truck distances>
1, 2, 167.0,214.0,-1
2, 1, 167.0,214.0,-1
1, 3, 322.0,455.0,-1
3, 1, 322.0,455.0,-1
1, 4, 681.0,804.0,-1
4, 1, 681.0,804.0,-1
1, 5, 643.0,768.0,-1
5, 1, 643.0,768.0,-1
1, 6, 302.0,417.0,-1
6, 1, 302.0,417.0,-1
1, 7, 424.0,598.0,-1
7, 1, 424.0,598.0,-1
1, 8, 565.0,609.0,-1
8, 1, 565.0,609.0,-1
1, 9, 604.0,770.0,-1
9, 1, 604.0,770.0,-1
1, 10, 665.0,811.0,-1
10, 1, 665.0,811.0,-1
1, 11, 703.0,909.0,-1
11, 1, 703.0,909.0,-1
1, 12, 647.0,711.0,1
12, 1, 647.0,711.0,1
1, 13, 681.0,752.0,-1
13, 1, 681.0,752.0,-1
1, 14, 251.0,351.0,-1
14, 1, 251.0,351.0,-1
1, 15, 236.0,326.0,-1
15, 1, 236.0,326.0,-1
1, 16, 589.0,815.0,-1
16, 1, 589.0,815.0,-1
1, 1, 0.0,0.0,1
2, 3, 477.0,668.0,-1
3, 2, 477.0,668.0,-1
2, 4, 781.0,1017.0,-1
4, 2, 781.0,1017.0,-1
2, 5, 747.0,982.0,-1
5, 2, 747.0,982.0,-1
2, 6, 376.0,516.0,1
6, 2, 376.0,516.0,1
2, 7, 373.0,499.0,1
7, 2, 373.0,499.0,1
2, 8, 420.0,510.0,-1
8, 2, 420.0,510.0,-1
2, 9, 722.0,983.0,-1
9, 2, 722.0,983.0,-1
2, 10, 772.0,1025.0,-1
10, 2, 772.0,1025.0,-1
2, 11, 588.0,809.0,1
11, 2, 588.0,809.0,1
2, 12, 487.0,498.0,1
12, 2, 487.0,498.0,1
2, 13, 770.0,965.0,-1
13, 2, 770.0,965.0,-1
2, 14, 103.0,137.0,-1
14, 2, 103.0,137.0,-1
2, 15, 188.0,226.0,1
15, 2, 188.0,226.0,1
2, 16, 575.0,716.0,-1
16, 2, 575.0,716.0,-1
2, 2, 0.0,0.0,1
3, 4, 444.0,522.0,-1
4, 3, 444.0,522.0,-1
3, 5, 405.0,479.0,-1
5, 3, 405.0,479.0,-1
3, 6, 488.0,543.0,-1
6, 3, 488.0,543.0,-1
3, 7, 546.0,589.0,-1
7, 3, 546.0,589.0,-1
3, 8, 807.0,971.0,1
8, 3, 807.0,971.0,1
3, 9, 340.0,364.0,-1
9, 3, 340.0,364.0,-1
3, 10, 415.0,466.0,1
10, 3, 415.0,466.0,1
3, 11, 879.0,900.0,1
11, 3, 879.0,900.0,1
3, 12, 916.0,1165.0,-1
12, 3, 916.0,1165.0,-1
3, 13, 469.0,593.0,-1
13, 3, 469.0,593.0,-1
3, 14, 570.0,805.0,1
14, 3, 570.0,805.0,1
3, 15, 436.0,529.0,-1
15, 3, 436.0,529.0,-1
3, 16, 605.0,807.0,-1
16, 3, 605.0,807.0,-1
3, 3, 0.0,0.0,1
4, 5, 40.0,44.0,-1
5, 4, 40.0,44.0,-1
4, 6, 920.0,947.0,-1
6, 4, 920.0,947.0,-1
4, 7, 601.0,847.0,-1
7, 4, 601.0,847.0,-1
4, 8, 935.0,1320.0,-1
8, 4, 935.0,1320.0,-1
4, 9, 115.0,159.0,-1
9, 4, 115.0,159.0,-1
4, 10, 40.0,56.0,-1
10, 4, 40.0,56.0,-1
4, 11, 894.0,1206.0,-1
11, 4, 894.0,1206.0,-1
4, 12, 1071.0,1514.0,-1
12, 4, 1071.0,1514.0,-1
4, 13, 63.0,71.0,1
13, 4, 63.0,71.0,1
4, 14, 883.0,1154.0,1
14, 4, 883.0,1154.0,1
4, 15, 637.0,878.0,-1
15, 4, 637.0,878.0,-1
4, 16, 491.0,633.0,-1
16, 4, 491.0,633.0,-1
4, 4, 0.0,0.0,1
5, 6, 881.0,904.0,-1
6, 5, 881.0,904.0,-1
5, 7, 580.0,812.0,-1
7, 5, 580.0,812.0,-1
5, 8, 913.0,1285.0,-1
8, 5, 913.0,1285.0,-1
5, 9, 82.0,116.0,-1
9, 5, 82.0,116.0,-1
5, 10, 32.0,43.0,-1
10, 5, 32.0,43.0,-1
5, 11, 880.0,1171.0,-1
11, 5, 880.0,1171.0,-1
5, 12, 1048.0,1479.0,1
12, 5, 1048.0,1479.0,1
5, 13, 82.0,115.0,-1
13, 5, 82.0,115.0,-1
5, 14, 849.0,1118.0,-1
14, 5, 849.0,1118.0,-1
5, 15, 607.0,842.0,-1
15, 5, 607.0,842.0,-1
5, 16, 482.0,597.0,1
16, 5, 482.0,597.0,1
5, 5, 0.0,0.0,1
6, 7, 718.0,1015.0,-1
7, 6, 718.0,1015.0,-1
6, 8, 786.0,1026.0,1
8, 6, 786.0,1026.0,1
6, 9, 824.0,858.0,1
9, 6, 824.0,858.0,1
6, 10, 896.0,900.0,-1
10, 6, 896.0,900.0,-1
6, 11, 963.0,1325.0,-1
11, 6, 963.0,1325.0,-1
6, 12, 828.0,992.0,-1
12, 6, 828.0,992.0,-1
6, 13, 934.0,1018.0,1
13, 6, 934.0,1018.0,1
6, 14, 380.0,469.0,1
14, 6, 380.0,469.0,1
6, 15, 525.0,742.0,-1
15, 6, 525.0,742.0,-1
6, 16, 891.0,1232.0,-1
16, 6, 891.0,1232.0,-1
6, 6, 0.0,0.0,1
7, 8, 335.0,473.0,1
8, 7, 335.0,473.0,1
7, 9, 597.0,813.0,-1
9, 7, 597.0,813.0,-1
7, 10, 611.0,855.0,-1
10, 7, 611.0,855.0,-1
7, 11, 336.0,359.0,1
11, 7, 336.0,359.0,1
7, 12, 472.0,668.0,-1
12, 7, 472.0,668.0,-1
7, 13, 563.0,795.0,-1
13, 7, 563.0,795.0,-1
7, 14, 443.0,546.0,1
14, 7, 443.0,546.0,1
7, 15, 194.0,273.0,-1
15, 7, 194.0,273.0,-1
7, 16, 217.0,218.0,1
16, 7, 217.0,218.0,1
7, 7, 0.0,0.0,1
8, 9, 925.0,1286.0,-1
9, 8, 925.0,1286.0,-1
8, 10, 944.0,1328.0,-1
10, 8, 944.0,1328.0,-1
8, 11, 227.0,300.0,1
11, 8, 227.0,300.0,1
8, 12, 140.0,195.0,-1
12, 8, 140.0,195.0,-1
8, 13, 897.0,1268.0,-1
13, 8, 897.0,1268.0,-1
8, 14, 412.0,557.0,1
14, 8, 412.0,557.0,1
8, 15, 372.0,443.0,-1
15, 8, 372.0,443.0,-1
8, 16, 508.0,688.0,-1
16, 8, 508.0,688.0,-1
8, 8, 0.0,0.0,1
9, 10, 79.0,103.0,1
10, 9, 79.0,103.0,1
9, 11, 912.0,1172.0,-1
11, 9, 912.0,1172.0,-1
9, 12, 1057.0,1480.0,1
12, 9, 1057.0,1480.0,1
9, 13, 163.0,230.0,1
13, 9, 163.0,230.0,1
9, 14, 824.0,1120.0,-1
14, 9, 824.0,1120.0,-1
9, 15, 598.0,844.0,-1
15, 9, 598.0,844.0,-1
9, 16, 527.0,599.0,-1
16, 9, 527.0,599.0,-1
9, 9, 0.0,0.0,1
10, 11, 911.0,1214.0,-1
11, 10, 911.0,1214.0,-1
10, 12, 1079.0,1522.0,-1
12, 10, 1079.0,1522.0,-1
10, 13, 100.0,127.0,1
13, 10, 100.0,127.0,1
10, 14, 874.0,1161.0,1
14, 10, 874.0,1161.0,1
10, 15, 635.0,885.0,1
15, 10, 635.0,885.0,1
10, 16, 513.0,640.0,-1
16, 10, 513.0,640.0,-1
10, 10, 0.0,0.0,1
11, 12, 322.0,334.0,-1
12, 11, 322.0,334.0,-1
11, 13, 845.0,1154.0,-1
13, 11, 845.0,1154.0,-1
11, 14, 607.0,857.0,-1
14, 11, 607.0,857.0,-1
11, 15, 474.0,584.0,1
15, 11, 474.0,584.0,1
11, 16, 411.0,574.0,1
16, 11, 411.0,574.0,1
11, 11, 0.0,0.0,1
12, 13, 1035.0,1463.0,1
13, 12, 1035.0,1463.0,1
12, 14, 450.0,523.0,-1
14, 12, 450.0,523.0,-1
12, 15, 484.0,637.0,1
15, 12, 484.0,637.0,1
12, 16, 647.0,882.0,-1
16, 12, 647.0,882.0,-1
12, 12, 0.0,0.0,1
13, 14, 871.0,1102.0,-1
14, 13, 871.0,1102.0,-1
13, 15, 616.0,826.0,-1
15, 13, 616.0,826.0,-1
13, 16, 438.0,581.0,-1
16, 13, 438.0,581.0,-1
13, 13, 0.0,0.0,1
14, 15, 275.0,277.0,1
15, 14, 275.0,277.0,1
14, 16, 654.0,764.0,-1
16, 14, 654.0,764.0,-1
14, 14, 0.0,0.0,1
15, 16, 388.0,490.0,1
16, 15, 388.0,490.0,1
15, 15, 0.0,0.0,1
16, 16, 0.0,0.0,1


<end>