<number of nodes>
16

<ratio of available edges>
0.3

<max length of the drone flight>
100000 

<D 2/3>
1, 2, 3, 4, 6, 8, 9, 11, 12, 13, 14

<V>
3, 4, 11, 13, 14

<coordinates X,Y>
939.9738533909223, 990.2743305039845
448.40333838918946, 964.1523286845012
30.630379546388433, 526.8010390418607
237.53628077491513, 41.96881427289126
155.74301764679015, 545.5794527015119
536.4707203609843, 79.47906783009594
345.7193516946642, 465.77078447738774
397.9331093913411, 520.9480087902433
208.10198712025263, 149.89524717271783
378.05302766747235, 354.4128066837836
366.58107300323803, 663.0906401507509
811.0018943225202, 191.5337913485383
629.5618410667515, 53.38272813320359
369.4469876304017, 587.6870695502303
858.4887510246296, 595.5390790977499
451.8838470417653, 436.01922558795235

<adjacency matrix with truck distances>
1, 2, 493.0,518.0,-1
2, 1, 493.0,518.0,-1
1, 3, 1021.0,1373.0,-1
3, 1, 1021.0,1373.0,-1
1, 4, 1181.0,1651.0,-1
4, 1, 1181.0,1651.0,-1
1, 5, 902.0,1229.0,-1
5, 1, 902.0,1229.0,-1
1, 6, 997.0,1315.0,-1
6, 1, 997.0,1315.0,-1
1, 7, 793.0,1119.0,-1
7, 1, 793.0,1119.0,-1
1, 8, 717.0,1012.0,-1
8, 1, 717.0,1012.0,-1
1, 9, 1115.0,1573.0,-1
9, 1, 1115.0,1573.0,-1
1, 10, 849.0,1198.0,-1
10, 1, 849.0,1198.0,-1
1, 11, 661.0,901.0,-1
11, 1, 661.0,901.0,-1
1, 12, 810.0,928.0,-1
12, 1, 810.0,928.0,-1
1, 13, 987.0,1248.0,-1
13, 1, 987.0,1248.0,-1
1, 14, 699.0,974.0,1
14, 1, 699.0,974.0,1
1, 15, 404.0,477.0,-1
15, 1, 404.0,477.0,-1
1, 16, 739.0,1043.0,1
16, 1, 739.0,1043.0,1
1, 1, 0.0,0.0,1
2, 3, 605.0,856.0,1
3, 2, 605.0,856.0,1
2, 4, 946.0,1134.0,-1
4, 2, 946.0,1134.0,-1
2, 5, 511.0,712.0,-1
5, 2, 511.0,712.0,-1
2, 6, 890.0,973.0,1
6, 2, 890.0,973.0,1
2, 7, 509.0,602.0,-1
7, 2, 509.0,602.0,-1
2, 8, 447.0,494.0,-1
8, 2, 447.0,494.0,-1
2, 9, 849.0,1055.0,-1
9, 2, 849.0,1055.0,-1
2, 10, 614.0,681.0,-1
10, 2, 614.0,681.0,-1
2, 11, 312.0,383.0,1
11, 2, 312.0,383.0,1
2, 12, 854.0,1136.0,-1
12, 2, 854.0,1136.0,-1
2, 13, 929.0,1092.0,-1
13, 2, 929.0,1092.0,-1
2, 14, 385.0,456.0,-1
14, 2, 385.0,456.0,-1
2, 15, 552.0,779.0,-1
15, 2, 552.0,779.0,-1
2, 16, 529.0,532.0,-1
16, 2, 529.0,532.0,-1
2, 2, 0.0,0.0,1
3, 4, 528.0,692.0,1
4, 3, 528.0,692.0,1
3, 5, 127.0,144.0,-1
5, 3, 127.0,144.0,-1
3, 6, 676.0,954.0,1
6, 3, 676.0,954.0,1
3, 7, 321.0,377.0,1
7, 3, 321.0,377.0,1
3, 8, 368.0,374.0,1
8, 3, 368.0,374.0,1
3, 9, 417.0,555.0,-1
9, 3, 417.0,555.0,-1
3, 10, 388.0,520.0,-1
10, 3, 388.0,520.0,-1
3, 11, 363.0,473.0,1
11, 3, 363.0,473.0,1
3, 12, 850.0,1116.0,-1
12, 3, 850.0,1116.0,-1
3, 13, 764.0,1073.0,1
13, 3, 764.0,1073.0,1
3, 14, 345.0,400.0,-1
14, 3, 345.0,400.0,-1
3, 15, 831.0,897.0,-1
15, 3, 831.0,897.0,-1
3, 16, 431.0,513.0,-1
16, 3, 431.0,513.0,-1
3, 3, 0.0,0.0,1
4, 5, 511.0,586.0,1
5, 4, 511.0,586.0,1
4, 6, 302.0,337.0,-1
6, 4, 302.0,337.0,-1
4, 7, 438.0,532.0,-1
7, 4, 438.0,532.0,-1
4, 8, 506.0,640.0,-1
8, 4, 506.0,640.0,-1
4, 9, 112.0,138.0,1
9, 4, 112.0,138.0,1
4, 10, 343.0,453.0,1
10, 4, 343.0,453.0,1
4, 11, 635.0,751.0,-1
11, 4, 635.0,751.0,-1
4, 12, 593.0,724.0,-1
12, 4, 593.0,724.0,-1
4, 13, 393.0,404.0,-1
13, 4, 393.0,404.0,-1
4, 14, 562.0,678.0,1
14, 4, 562.0,678.0,1
4, 15, 832.0,1175.0,-1
15, 4, 832.0,1175.0,-1
4, 16, 449.0,609.0,-1
16, 4, 449.0,609.0,-1
4, 4, 0.0,0.0,1
5, 6, 602.0,847.0,1
6, 5, 602.0,847.0,1
5, 7, 207.0,270.0,-1
7, 5, 207.0,270.0,-1
5, 8, 244.0,267.0,-1
8, 5, 244.0,267.0,-1
5, 9, 400.0,449.0,-1
9, 5, 400.0,449.0,-1
5, 10, 294.0,414.0,-1
10, 5, 294.0,414.0,-1
5, 11, 242.0,329.0,1
11, 5, 242.0,329.0,1
5, 12, 745.0,1010.0,-1
12, 5, 745.0,1010.0,-1
5, 13, 684.0,967.0,-1
13, 5, 684.0,967.0,-1
5, 14, 218.0,256.0,-1
14, 5, 218.0,256.0,-1
5, 15, 705.0,753.0,-1
15, 5, 705.0,753.0,-1
5, 16, 316.0,406.0,-1
16, 5, 316.0,406.0,-1
5, 5, 0.0,0.0,1
6, 7, 431.0,578.0,-1
7, 6, 431.0,578.0,-1
6, 8, 463.0,581.0,1
8, 6, 463.0,581.0,1
6, 9, 336.0,399.0,-1
9, 6, 336.0,399.0,-1
6, 10, 318.0,434.0,-1
10, 6, 318.0,434.0,-1
6, 11, 608.0,754.0,-1
11, 6, 608.0,754.0,-1
6, 12, 297.0,387.0,-1
12, 6, 297.0,387.0,-1
6, 13, 97.0,120.0,-1
13, 6, 97.0,120.0,-1
6, 14, 535.0,676.0,-1
14, 6, 535.0,676.0,-1
6, 15, 609.0,839.0,-1
15, 6, 609.0,839.0,-1
6, 16, 367.0,442.0,1
16, 6, 367.0,442.0,1
6, 6, 0.0,0.0,1
7, 8, 76.0,108.0,1
8, 7, 76.0,108.0,1
7, 9, 345.0,454.0,1
9, 7, 345.0,454.0,1
7, 10, 116.0,144.0,-1
10, 7, 116.0,144.0,-1
7, 11, 199.0,219.0,1
11, 7, 199.0,219.0,1
7, 12, 541.0,740.0,-1
12, 7, 541.0,740.0,-1
7, 13, 501.0,697.0,1
13, 7, 501.0,697.0,1
7, 14, 125.0,146.0,-1
14, 7, 125.0,146.0,-1
7, 15, 529.0,643.0,-1
15, 7, 529.0,643.0,-1
7, 16, 111.0,136.0,-1
16, 7, 111.0,136.0,-1
7, 7, 0.0,0.0,1
8, 9, 417.0,561.0,1
9, 8, 417.0,561.0,1
8, 10, 168.0,187.0,-1
10, 8, 168.0,187.0,-1
8, 11, 146.0,174.0,1
11, 8, 146.0,174.0,1
8, 12, 529.0,743.0,-1
12, 8, 529.0,743.0,-1
8, 13, 522.0,700.0,1
13, 8, 522.0,700.0,1
8, 14, 73.0,96.0,1
14, 8, 73.0,96.0,1
8, 15, 467.0,536.0,-1
15, 8, 467.0,536.0,-1
8, 16, 101.0,139.0,-1
16, 8, 101.0,139.0,-1
8, 8, 0.0,0.0,1
9, 10, 266.0,375.0,1
10, 9, 266.0,375.0,1
9, 11, 538.0,672.0,-1
11, 9, 538.0,672.0,-1
9, 12, 605.0,645.0,-1
12, 9, 605.0,645.0,-1
9, 13, 433.0,518.0,-1
13, 9, 433.0,518.0,-1
9, 14, 467.0,600.0,-1
14, 9, 467.0,600.0,-1
9, 15, 789.0,1097.0,-1
15, 9, 789.0,1097.0,-1
9, 16, 376.0,530.0,-1
16, 9, 376.0,530.0,-1
9, 9, 0.0,0.0,1
10, 11, 309.0,321.0,1
11, 10, 309.0,321.0,1
10, 12, 463.0,596.0,-1
12, 10, 463.0,596.0,-1
10, 13, 393.0,553.0,-1
13, 10, 393.0,553.0,-1
10, 14, 234.0,242.0,1
14, 10, 234.0,242.0,1
10, 15, 538.0,722.0,-1
15, 10, 538.0,722.0,-1
10, 16, 111.0,156.0,-1
16, 10, 111.0,156.0,-1
10, 10, 0.0,0.0,1
11, 12, 648.0,916.0,-1
12, 11, 648.0,916.0,-1
11, 13, 665.0,873.0,-1
13, 11, 665.0,873.0,-1
11, 14, 76.0,79.0,1
14, 11, 76.0,79.0,1
11, 15, 497.0,560.0,1
15, 11, 497.0,560.0,1
11, 16, 243.0,313.0,-1
16, 11, 243.0,313.0,-1
11, 11, 0.0,0.0,1
12, 13, 229.0,320.0,-1
13, 12, 229.0,320.0,-1
12, 14, 594.0,838.0,-1
14, 12, 594.0,838.0,-1
12, 15, 407.0,452.0,1
15, 12, 407.0,452.0,1
12, 16, 435.0,604.0,1
16, 12, 435.0,604.0,1
12, 12, 0.0,0.0,1
13, 14, 595.0,795.0,-1
14, 13, 595.0,795.0,-1
13, 15, 589.0,772.0,1
15, 13, 589.0,772.0,1
13, 16, 422.0,561.0,-1
16, 13, 422.0,561.0,-1
13, 13, 0.0,0.0,1
14, 15, 490.0,497.0,-1
15, 14, 490.0,497.0,-1
14, 16, 173.0,235.0,-1
16, 14, 173.0,235.0,-1
14, 14, 0.0,0.0,1
15, 16, 437.0,567.0,1
16, 15, 437.0,567.0,1
15, 15, 0.0,0.0,1
16, 16, 0.0,0.0,1


<end>