<number of nodes>
16

<ratio of available edges>
0.3

<max length of the drone flight>
100000 

<D 2/3>
1, 2, 5, 7, 9, 10, 11, 12, 14, 15, 16

<V>
2, 5, 7, 9, 11

<coordinates X,Y>
101.41943166058114, 725.1748471983922
97.66077447677709, 305.12285925416495
188.01016963053667, 876.9462942919502
749.5013622763557, 869.4958010814969
401.6942599709155, 863.5903423940431
861.1296950540698, 205.41515660001875
154.44873481018575, 418.84748018906765
606.0739537867249, 647.9093481452371
244.30355069883097, 68.10375179236203
737.5381049378763, 538.3014760423558
778.2820749145387, 993.0778301023905
844.4170687053709, 714.5302450151011
8.367869100414477, 649.3736669945097
330.51448953287144, 891.3632996955055
806.9402523872328, 634.3803426465237
897.683279694883, 720.4220943165491

<adjacency matrix with truck distances>
1, 2, 421.0,424.0,-1
2, 1, 421.0,424.0,-1
1, 3, 175.0,239.0,1
3, 1, 175.0,239.0,1
1, 4, 664.0,793.0,-1
4, 1, 664.0,793.0,-1
1, 5, 331.0,439.0,-1
5, 1, 331.0,439.0,-1
1, 6, 921.0,1280.0,-1
6, 1, 921.0,1280.0,-1
1, 7, 311.0,360.0,1
7, 1, 311.0,360.0,1
1, 8, 511.0,582.0,-1
8, 1, 511.0,582.0,-1
1, 9, 673.0,800.0,-1
9, 1, 673.0,800.0,-1
1, 10, 663.0,823.0,-1
10, 1, 663.0,823.0,-1
1, 11, 728.0,945.0,-1
11, 1, 728.0,945.0,-1
1, 12, 744.0,754.0,-1
12, 1, 744.0,754.0,-1
1, 13, 121.0,169.0,-1
13, 1, 121.0,169.0,-1
1, 14, 284.0,396.0,-1
14, 1, 284.0,396.0,-1
1, 15, 712.0,797.0,1
15, 1, 712.0,797.0,1
1, 16, 797.0,802.0,1
16, 1, 797.0,802.0,1
1, 1, 0.0,0.0,1
2, 3, 579.0,663.0,1
3, 2, 579.0,663.0,1
2, 4, 863.0,1217.0,1
4, 2, 863.0,1217.0,1
2, 5, 636.0,863.0,-1
5, 2, 636.0,863.0,-1
2, 6, 770.0,864.0,1
6, 2, 770.0,864.0,1
2, 7, 128.0,171.0,1
7, 2, 128.0,171.0,1
2, 8, 614.0,852.0,-1
8, 2, 614.0,852.0,-1
2, 9, 279.0,384.0,1
9, 2, 279.0,384.0,1
2, 10, 682.0,874.0,-1
10, 2, 682.0,874.0,-1
2, 11, 968.0,1369.0,-1
11, 2, 968.0,1369.0,-1
2, 12, 852.0,1157.0,-1
12, 2, 852.0,1157.0,-1
2, 13, 356.0,434.0,-1
13, 2, 356.0,434.0,-1
2, 14, 631.0,820.0,-1
14, 2, 631.0,820.0,-1
2, 15, 782.0,1039.0,-1
15, 2, 782.0,1039.0,-1
2, 16, 902.0,1216.0,-1
16, 2, 902.0,1216.0,-1
2, 2, 0.0,0.0,1
3, 4, 562.0,569.0,-1
4, 3, 562.0,569.0,-1
3, 5, 215.0,228.0,1
5, 3, 215.0,228.0,1
3, 6, 951.0,1345.0,1
6, 3, 951.0,1345.0,1
3, 7, 460.0,492.0,-1
7, 3, 460.0,492.0,-1
3, 8, 477.0,648.0,-1
8, 3, 477.0,648.0,-1
3, 9, 811.0,866.0,1
9, 3, 811.0,866.0,1
3, 10, 646.0,889.0,-1
10, 3, 646.0,889.0,-1
3, 11, 602.0,707.0,-1
11, 3, 602.0,707.0,-1
3, 12, 677.0,819.0,1
12, 3, 677.0,819.0,1
3, 13, 290.0,408.0,-1
13, 3, 290.0,408.0,-1
3, 14, 144.0,157.0,-1
14, 3, 144.0,157.0,-1
3, 15, 665.0,862.0,-1
15, 3, 665.0,862.0,-1
3, 16, 727.0,867.0,1
16, 3, 727.0,867.0,1
3, 3, 0.0,0.0,1
4, 5, 348.0,354.0,1
5, 4, 348.0,354.0,1
4, 6, 674.0,776.0,1
6, 4, 674.0,776.0,1
4, 7, 747.0,1046.0,-1
7, 4, 747.0,1046.0,-1
4, 8, 264.0,366.0,1
8, 4, 264.0,366.0,1
4, 9, 948.0,1307.0,-1
9, 4, 948.0,1307.0,-1
4, 10, 332.0,344.0,-1
10, 4, 332.0,344.0,-1
4, 11, 127.0,153.0,1
11, 4, 127.0,153.0,1
4, 12, 182.0,250.0,-1
12, 4, 182.0,250.0,-1
4, 13, 774.0,962.0,1
13, 4, 774.0,962.0,1
4, 14, 420.0,441.0,-1
14, 4, 420.0,441.0,-1
4, 15, 243.0,293.0,1
15, 4, 243.0,293.0,1
4, 16, 211.0,298.0,-1
16, 4, 211.0,298.0,-1
4, 4, 0.0,0.0,1
5, 6, 803.0,1118.0,-1
6, 5, 803.0,1118.0,-1
5, 7, 509.0,692.0,-1
7, 5, 509.0,692.0,-1
5, 8, 298.0,421.0,-1
8, 5, 298.0,421.0,-1
5, 9, 811.0,953.0,-1
9, 5, 811.0,953.0,-1
5, 10, 468.0,662.0,1
10, 5, 468.0,662.0,1
5, 11, 399.0,507.0,-1
11, 5, 399.0,507.0,-1
5, 12, 468.0,592.0,-1
12, 5, 468.0,592.0,-1
5, 13, 448.0,608.0,-1
13, 5, 448.0,608.0,-1
5, 14, 77.0,99.0,1
14, 5, 77.0,99.0,1
5, 15, 466.0,635.0,-1
15, 5, 466.0,635.0,-1
5, 16, 517.0,640.0,-1
16, 5, 517.0,640.0,-1
5, 5, 0.0,0.0,1
6, 7, 739.0,921.0,1
7, 6, 739.0,921.0,1
6, 8, 511.0,698.0,-1
8, 6, 511.0,698.0,-1
6, 9, 632.0,755.0,-1
9, 6, 632.0,755.0,-1
6, 10, 356.0,457.0,-1
10, 6, 356.0,457.0,-1
6, 11, 793.0,871.0,-1
11, 6, 793.0,871.0,-1
6, 12, 510.0,526.0,-1
12, 6, 510.0,526.0,-1
6, 13, 962.0,1297.0,-1
13, 6, 962.0,1297.0,-1
6, 14, 868.0,1217.0,1
14, 6, 868.0,1217.0,1
6, 15, 433.0,484.0,-1
15, 6, 433.0,484.0,-1
6, 16, 517.0,552.0,-1
16, 6, 517.0,552.0,-1
6, 6, 0.0,0.0,1
7, 8, 507.0,681.0,-1
8, 7, 507.0,681.0,-1
7, 9, 363.0,441.0,-1
9, 7, 363.0,441.0,-1
7, 10, 596.0,703.0,1
10, 7, 596.0,703.0,1
7, 11, 848.0,1199.0,-1
11, 7, 848.0,1199.0,-1
7, 12, 751.0,986.0,-1
12, 7, 751.0,986.0,-1
7, 13, 273.0,377.0,1
13, 7, 273.0,377.0,1
7, 14, 505.0,649.0,-1
14, 7, 505.0,649.0,-1
7, 15, 688.0,869.0,-1
15, 7, 688.0,869.0,-1
7, 16, 803.0,1045.0,-1
16, 7, 803.0,1045.0,-1
7, 7, 0.0,0.0,1
8, 9, 684.0,942.0,1
9, 8, 684.0,942.0,1
8, 10, 172.0,242.0,1
10, 8, 172.0,242.0,1
8, 11, 386.0,518.0,-1
11, 8, 386.0,518.0,-1
8, 12, 248.0,305.0,-1
12, 8, 248.0,305.0,-1
8, 13, 598.0,600.0,-1
13, 8, 598.0,600.0,-1
8, 14, 368.0,520.0,-1
14, 8, 368.0,520.0,-1
8, 15, 202.0,215.0,1
15, 8, 202.0,215.0,1
8, 16, 301.0,365.0,-1
16, 8, 301.0,365.0,-1
8, 8, 0.0,0.0,1
9, 10, 682.0,964.0,-1
10, 9, 682.0,964.0,-1
9, 11, 1069.0,1459.0,-1
11, 9, 1069.0,1459.0,-1
9, 12, 883.0,1247.0,-1
12, 9, 883.0,1247.0,-1
9, 13, 628.0,818.0,-1
13, 9, 628.0,818.0,-1
9, 14, 828.0,910.0,-1
14, 9, 828.0,910.0,-1
9, 15, 799.0,1129.0,-1
15, 9, 799.0,1129.0,-1
9, 16, 924.0,1306.0,-1
16, 9, 924.0,1306.0,-1
9, 9, 0.0,0.0,1
10, 11, 457.0,496.0,-1
11, 10, 457.0,496.0,-1
10, 12, 207.0,284.0,-1
12, 10, 207.0,284.0,-1
10, 13, 738.0,841.0,-1
13, 10, 738.0,841.0,-1
10, 14, 539.0,761.0,-1
14, 10, 539.0,761.0,-1
10, 15, 119.0,166.0,-1
15, 10, 119.0,166.0,-1
10, 16, 243.0,343.0,-1
16, 10, 243.0,343.0,-1
10, 10, 0.0,0.0,1
11, 12, 287.0,345.0,-1
12, 11, 287.0,345.0,-1
11, 13, 844.0,1114.0,1
13, 11, 844.0,1114.0,1
11, 14, 460.0,550.0,-1
14, 11, 460.0,550.0,-1
11, 15, 360.0,388.0,-1
15, 11, 360.0,388.0,-1
11, 16, 298.0,393.0,-1
16, 11, 298.0,393.0,-1
11, 11, 0.0,0.0,1
12, 13, 839.0,902.0,-1
13, 12, 839.0,902.0,-1
12, 14, 544.0,691.0,1
14, 12, 544.0,691.0,1
12, 15, 89.0,118.0,-1
15, 12, 89.0,118.0,-1
12, 16, 54.0,60.0,-1
16, 12, 54.0,60.0,-1
12, 12, 0.0,0.0,1
13, 14, 403.0,565.0,1
14, 13, 403.0,565.0,1
13, 15, 799.0,814.0,1
15, 13, 799.0,814.0,1
13, 16, 893.0,961.0,1
16, 13, 893.0,961.0,1
13, 13, 0.0,0.0,1
14, 15, 542.0,734.0,1
15, 14, 542.0,734.0,1
14, 16, 593.0,739.0,1
16, 14, 593.0,739.0,1
14, 14, 0.0,0.0,1
15, 16, 126.0,177.0,-1
16, 15, 126.0,177.0,-1
15, 15, 0.0,0.0,1
16, 16, 0.0,0.0,1


<end>