<number of nodes>
16

<ratio of available edges>
0.3

<max length of the drone flight>
100000 

<D 2/3>
1, 2, 4, 6, 10, 11, 12, 13, 14, 15, 16

<V>
2, 4, 11, 13, 16

<coordinates X,Y>
838.3665128137196, 52.475145237537106
778.9605366628429, 651.7615536167167
792.2317636864552, 123.57401641177685
907.1287337007478, 131.1006570256559
802.71966092321, 688.0589254168799
517.5071220578521, 139.27083972219077
100.37915795933812, 260.4052801278081
747.7712925924183, 574.2384125649118
717.825736816398, 84.17969023847584
859.9837181637697, 875.5018922748158
507.64279657724126, 280.44511456012924
314.48857512547755, 980.1811139634988
227.543279824382, 550.24254901928
906.6052431845594, 299.6168919860055
986.8088372971786, 271.28984165488515
357.22034891530626, 114.50193969712039

<adjacency matrix with truck distances>
1, 2, 603.0,659.0,-1
2, 1, 603.0,659.0,-1
1, 3, 85.0,118.0,-1
3, 1, 85.0,118.0,-1
1, 4, 105.0,148.0,-1
4, 1, 105.0,148.0,-1
1, 5, 637.0,672.0,-1
5, 1, 637.0,672.0,-1
1, 6, 333.0,408.0,-1
6, 1, 333.0,408.0,-1
1, 7, 767.0,946.0,1
7, 1, 767.0,946.0,1
1, 8, 530.0,613.0,1
8, 1, 530.0,613.0,1
1, 9, 125.0,153.0,-1
9, 1, 125.0,153.0,-1
1, 10, 824.0,845.0,-1
10, 1, 824.0,845.0,-1
1, 11, 402.0,559.0,1
11, 1, 402.0,559.0,1
1, 12, 1066.0,1452.0,-1
12, 1, 1066.0,1452.0,-1
1, 13, 788.0,1109.0,-1
13, 1, 788.0,1109.0,-1
1, 14, 257.0,316.0,1
14, 1, 257.0,316.0,1
1, 15, 265.0,368.0,1
15, 1, 265.0,368.0,1
1, 16, 486.0,544.0,-1
16, 1, 486.0,544.0,-1
1, 1, 0.0,0.0,1
2, 3, 529.0,542.0,-1
3, 2, 529.0,542.0,-1
2, 4, 537.0,649.0,1
4, 2, 537.0,649.0,1
2, 5, 44.0,61.0,-1
5, 2, 44.0,61.0,-1
2, 6, 576.0,774.0,-1
6, 2, 576.0,774.0,-1
2, 7, 784.0,1070.0,-1
7, 2, 784.0,1070.0,-1
2, 8, 84.0,109.0,1
8, 2, 84.0,109.0,1
2, 9, 571.0,629.0,1
9, 2, 571.0,629.0,1
2, 10, 238.0,305.0,1
10, 2, 238.0,305.0,1
2, 11, 460.0,643.0,-1
11, 2, 460.0,643.0,-1
2, 12, 569.0,793.0,-1
12, 2, 569.0,793.0,-1
2, 13, 561.0,653.0,-1
13, 2, 561.0,653.0,-1
2, 14, 375.0,480.0,-1
14, 2, 375.0,480.0,-1
2, 15, 434.0,589.0,-1
15, 2, 434.0,589.0,-1
2, 16, 684.0,959.0,-1
16, 2, 684.0,959.0,-1
2, 2, 0.0,0.0,1
3, 4, 116.0,123.0,-1
4, 3, 116.0,123.0,-1
3, 5, 565.0,575.0,-1
5, 3, 565.0,575.0,-1
3, 6, 276.0,291.0,-1
6, 3, 276.0,291.0,-1
3, 7, 706.0,829.0,1
7, 3, 706.0,829.0,1
3, 8, 453.0,496.0,-1
8, 3, 453.0,496.0,-1
3, 9, 85.0,114.0,-1
9, 3, 85.0,114.0,-1
3, 10, 755.0,820.0,-1
10, 3, 755.0,820.0,-1
3, 11, 325.0,442.0,1
11, 3, 325.0,442.0,1
3, 12, 981.0,1335.0,1
12, 3, 981.0,1335.0,1
3, 13, 708.0,992.0,-1
13, 3, 708.0,992.0,-1
3, 14, 210.0,291.0,1
14, 3, 210.0,291.0,1
3, 15, 245.0,343.0,1
15, 3, 245.0,343.0,1
3, 16, 436.0,445.0,1
16, 3, 436.0,445.0,1
3, 3, 0.0,0.0,1
4, 5, 567.0,662.0,1
5, 4, 567.0,662.0,1
4, 6, 390.0,398.0,1
6, 4, 390.0,398.0,1
4, 7, 818.0,937.0,-1
7, 4, 818.0,937.0,-1
4, 8, 471.0,603.0,-1
8, 4, 471.0,603.0,-1
4, 9, 196.0,237.0,-1
9, 4, 196.0,237.0,-1
4, 10, 746.0,792.0,-1
10, 4, 746.0,792.0,-1
4, 11, 427.0,549.0,-1
11, 4, 427.0,549.0,-1
4, 12, 1036.0,1442.0,-1
12, 4, 1036.0,1442.0,-1
4, 13, 799.0,1099.0,1
13, 4, 799.0,1099.0,1
4, 14, 169.0,170.0,-1
14, 4, 169.0,170.0,-1
4, 15, 162.0,220.0,-1
15, 4, 162.0,220.0,-1
4, 16, 551.0,567.0,-1
16, 4, 551.0,567.0,-1
4, 4, 0.0,0.0,1
5, 6, 619.0,835.0,-1
6, 5, 619.0,835.0,-1
5, 7, 823.0,1130.0,1
7, 5, 823.0,1130.0,1
5, 8, 127.0,169.0,-1
8, 5, 127.0,169.0,-1
5, 9, 610.0,689.0,1
9, 5, 610.0,689.0,1
5, 10, 196.0,245.0,-1
10, 5, 196.0,245.0,-1
5, 11, 504.0,703.0,-1
11, 5, 504.0,703.0,-1
5, 12, 569.0,781.0,-1
12, 5, 569.0,781.0,-1
5, 13, 592.0,713.0,-1
13, 5, 592.0,713.0,-1
5, 14, 403.0,493.0,-1
14, 5, 403.0,493.0,-1
5, 15, 456.0,601.0,1
15, 5, 456.0,601.0,1
5, 16, 727.0,1020.0,-1
16, 5, 727.0,1020.0,-1
5, 5, 0.0,0.0,1
6, 7, 435.0,539.0,-1
7, 6, 435.0,539.0,-1
6, 8, 493.0,666.0,-1
8, 6, 493.0,666.0,-1
6, 9, 208.0,256.0,-1
9, 6, 208.0,256.0,-1
6, 10, 812.0,1079.0,-1
10, 6, 812.0,1079.0,-1
6, 11, 142.0,152.0,-1
11, 6, 142.0,152.0,-1
6, 12, 866.0,1044.0,1
12, 6, 866.0,1044.0,1
6, 13, 503.0,701.0,-1
13, 6, 503.0,701.0,-1
6, 14, 421.0,550.0,1
14, 6, 421.0,550.0,1
6, 15, 488.0,602.0,-1
15, 6, 488.0,602.0,-1
6, 16, 163.0,186.0,-1
16, 6, 163.0,186.0,-1
6, 6, 0.0,0.0,1
7, 8, 720.0,962.0,1
8, 7, 720.0,962.0,1
7, 9, 643.0,794.0,-1
9, 7, 643.0,794.0,-1
7, 10, 978.0,1375.0,-1
10, 7, 978.0,1375.0,-1
7, 11, 408.0,428.0,-1
11, 7, 408.0,428.0,-1
7, 12, 751.0,934.0,1
12, 7, 751.0,934.0,1
7, 13, 317.0,418.0,1
13, 7, 317.0,418.0,1
7, 14, 808.0,846.0,-1
14, 7, 808.0,846.0,-1
7, 15, 887.0,898.0,-1
15, 7, 887.0,898.0,-1
7, 16, 296.0,403.0,-1
16, 7, 296.0,403.0,-1
7, 7, 0.0,0.0,1
8, 9, 491.0,521.0,-1
9, 8, 491.0,521.0,-1
8, 10, 322.0,414.0,1
10, 8, 322.0,414.0,1
8, 11, 380.0,534.0,1
11, 8, 380.0,534.0,1
8, 12, 594.0,840.0,1
12, 8, 594.0,840.0,1
8, 13, 521.0,545.0,1
13, 8, 521.0,545.0,1
8, 14, 318.0,434.0,-1
14, 8, 318.0,434.0,-1
8, 15, 386.0,542.0,-1
15, 8, 386.0,542.0,-1
8, 16, 604.0,851.0,-1
16, 8, 604.0,851.0,-1
8, 8, 0.0,0.0,1
9, 10, 804.0,934.0,1
10, 9, 804.0,934.0,1
9, 11, 288.0,407.0,-1
11, 9, 288.0,407.0,-1
9, 12, 983.0,1300.0,-1
12, 9, 983.0,1300.0,-1
9, 13, 677.0,957.0,-1
13, 9, 677.0,957.0,-1
9, 14, 287.0,405.0,1
14, 9, 287.0,405.0,1
9, 15, 328.0,457.0,-1
15, 9, 328.0,457.0,-1
9, 16, 362.0,391.0,-1
16, 9, 362.0,391.0,-1
9, 9, 0.0,0.0,1
10, 11, 692.0,948.0,-1
11, 10, 692.0,948.0,-1
10, 12, 556.0,651.0,-1
12, 10, 556.0,651.0,-1
10, 13, 712.0,958.0,-1
13, 10, 712.0,958.0,-1
10, 14, 578.0,623.0,1
14, 10, 578.0,623.0,1
10, 15, 618.0,732.0,1
15, 10, 618.0,732.0,1
10, 16, 913.0,1264.0,-1
16, 10, 913.0,1264.0,-1
10, 10, 0.0,0.0,1
11, 12, 726.0,893.0,-1
12, 11, 726.0,893.0,-1
11, 13, 389.0,550.0,-1
13, 11, 389.0,550.0,-1
11, 14, 400.0,419.0,-1
14, 11, 400.0,419.0,-1
11, 15, 480.0,489.0,-1
15, 11, 480.0,489.0,-1
11, 16, 224.0,317.0,-1
16, 11, 224.0,317.0,-1
11, 11, 0.0,0.0,1
12, 13, 439.0,517.0,-1
13, 12, 439.0,517.0,-1
12, 14, 903.0,1273.0,-1
14, 12, 903.0,1273.0,-1
12, 15, 978.0,1382.0,-1
15, 12, 978.0,1382.0,-1
12, 16, 867.0,909.0,-1
16, 12, 867.0,909.0,-1
12, 12, 0.0,0.0,1
13, 14, 724.0,930.0,-1
14, 13, 724.0,930.0,-1
13, 15, 809.0,1039.0,1
15, 13, 809.0,1039.0,1
13, 16, 455.0,566.0,1
16, 13, 455.0,566.0,1
13, 13, 0.0,0.0,1
14, 15, 86.0,109.0,-1
15, 14, 86.0,109.0,-1
14, 16, 580.0,735.0,-1
16, 14, 580.0,735.0,-1
14, 14, 0.0,0.0,1
15, 16, 649.0,787.0,-1
16, 15, 649.0,787.0,-1
15, 15, 0.0,0.0,1
16, 16, 0.0,0.0,1


<end>