<number of nodes>
16

<ratio of available edges>
0.3

<max length of the drone flight>
100000 

<D 2/3>
1, 2, 4, 5, 6, 8, 9, 10, 11, 14, 16

<V>
2, 4, 5, 10, 14

<coordinates X,Y>
494.845036398726, 779.6784084483082
517.8878708343292, 579.4217004222522
242.5283695157463, 266.7826035852172
46.76581049055641, 770.3762263224612
913.5598096966369, 447.73530769328346
963.4405643071653, 739.2452897327809
368.5021474700149, 543.4356967678252
730.6457591355373, 772.1426692159923
185.07270875513575, 679.7814399494326
801.9206508612426, 214.3063843429496
242.75497224371443, 405.9476656950757
451.4551237729273, 438.68005903661424
842.6076733979901, 96.05516000115635
487.35295221239073, 487.9426264170491
426.620218463517, 232.40300510661544
393.8106778197506, 942.6317082398061

<adjacency matrix with truck distances>
1, 2, 202.0,224.0,-1
2, 1, 202.0,224.0,-1
1, 3, 572.0,766.0,-1
3, 1, 572.0,766.0,-1
1, 4, 449.0,458.0,-1
4, 1, 449.0,458.0,-1
1, 5, 535.0,751.0,1
5, 1, 535.0,751.0,1
1, 6, 471.0,510.0,-1
6, 1, 471.0,510.0,-1
1, 7, 268.0,363.0,-1
7, 1, 268.0,363.0,-1
1, 8, 236.0,244.0,-1
8, 1, 236.0,244.0,-1
1, 9, 326.0,410.0,1
9, 1, 326.0,410.0,1
1, 10, 644.0,873.0,-1
10, 1, 644.0,873.0,-1
1, 11, 451.0,626.0,-1
11, 1, 451.0,626.0,-1
1, 12, 344.0,385.0,1
12, 1, 344.0,385.0,1
1, 13, 767.0,1032.0,-1
13, 1, 767.0,1032.0,-1
1, 14, 292.0,300.0,-1
14, 1, 292.0,300.0,-1
1, 15, 552.0,616.0,-1
15, 1, 552.0,616.0,-1
1, 16, 192.0,264.0,-1
16, 1, 192.0,264.0,-1
1, 1, 0.0,0.0,1
2, 3, 417.0,588.0,-1
3, 2, 417.0,588.0,-1
2, 4, 509.0,663.0,-1
4, 2, 509.0,663.0,-1
2, 5, 418.0,528.0,-1
5, 2, 418.0,528.0,-1
2, 6, 474.0,606.0,-1
6, 2, 474.0,606.0,-1
2, 7, 154.0,186.0,1
7, 2, 154.0,186.0,1
2, 8, 288.0,406.0,-1
8, 2, 288.0,406.0,-1
2, 9, 348.0,434.0,-1
9, 2, 348.0,434.0,-1
2, 10, 463.0,650.0,1
10, 2, 463.0,650.0,1
2, 11, 326.0,449.0,1
11, 2, 326.0,449.0,1
2, 12, 156.0,208.0,1
12, 2, 156.0,208.0,1
2, 13, 583.0,809.0,-1
13, 2, 583.0,809.0,-1
2, 14, 97.0,123.0,-1
14, 2, 97.0,123.0,-1
2, 15, 359.0,439.0,1
15, 2, 359.0,439.0,1
2, 16, 384.0,488.0,-1
16, 2, 384.0,488.0,-1
2, 2, 0.0,0.0,1
3, 4, 541.0,700.0,-1
4, 3, 541.0,700.0,-1
3, 5, 696.0,852.0,1
5, 3, 696.0,852.0,1
3, 6, 862.0,1194.0,-1
6, 3, 862.0,1194.0,-1
3, 7, 304.0,403.0,-1
7, 3, 304.0,403.0,-1
3, 8, 703.0,994.0,-1
8, 3, 703.0,994.0,-1
3, 9, 417.0,471.0,1
9, 3, 417.0,471.0,1
3, 10, 562.0,612.0,-1
10, 3, 562.0,612.0,-1
3, 11, 140.0,140.0,-1
11, 3, 140.0,140.0,-1
3, 12, 271.0,381.0,1
12, 3, 271.0,381.0,1
3, 13, 624.0,771.0,1
13, 3, 624.0,771.0,1
3, 14, 330.0,466.0,1
14, 3, 330.0,466.0,1
3, 15, 188.0,219.0,-1
15, 3, 188.0,219.0,-1
3, 16, 693.0,828.0,-1
16, 3, 693.0,828.0,-1
3, 3, 0.0,0.0,1
4, 5, 925.0,1190.0,1
5, 4, 925.0,1190.0,1
4, 6, 918.0,948.0,-1
6, 4, 918.0,948.0,-1
4, 7, 394.0,549.0,1
7, 4, 394.0,549.0,1
4, 8, 684.0,686.0,-1
8, 4, 684.0,686.0,-1
4, 9, 166.0,229.0,-1
9, 4, 166.0,229.0,-1
4, 10, 938.0,1312.0,1
10, 4, 938.0,1312.0,1
4, 11, 414.0,561.0,1
11, 4, 414.0,561.0,1
4, 12, 524.0,737.0,1
12, 4, 524.0,737.0,1
4, 13, 1044.0,1471.0,-1
13, 4, 1044.0,1471.0,-1
4, 14, 524.0,724.0,1
14, 4, 524.0,724.0,1
4, 15, 659.0,918.0,1
15, 4, 659.0,918.0,1
4, 16, 388.0,520.0,-1
16, 4, 388.0,520.0,-1
4, 4, 0.0,0.0,1
5, 6, 296.0,342.0,-1
6, 5, 296.0,342.0,-1
5, 7, 554.0,641.0,-1
7, 5, 554.0,641.0,-1
5, 8, 373.0,508.0,1
8, 5, 373.0,508.0,1
5, 9, 765.0,961.0,-1
9, 5, 765.0,961.0,-1
5, 10, 259.0,346.0,1
10, 5, 259.0,346.0,1
5, 11, 673.0,713.0,-1
11, 5, 673.0,713.0,-1
5, 12, 463.0,472.0,-1
12, 5, 463.0,472.0,-1
5, 13, 359.0,423.0,-1
13, 5, 359.0,423.0,-1
5, 14, 429.0,467.0,1
14, 5, 429.0,467.0,1
5, 15, 533.0,703.0,-1
15, 5, 533.0,703.0,-1
5, 16, 718.0,1015.0,-1
16, 5, 718.0,1015.0,-1
5, 5, 0.0,0.0,1
6, 7, 627.0,791.0,-1
7, 6, 627.0,791.0,-1
6, 8, 236.0,266.0,-1
8, 6, 236.0,266.0,-1
6, 9, 781.0,838.0,-1
9, 6, 781.0,838.0,-1
6, 10, 550.0,687.0,-1
10, 6, 550.0,687.0,-1
6, 11, 795.0,1054.0,-1
11, 6, 795.0,1054.0,-1
6, 12, 594.0,813.0,1
12, 6, 594.0,813.0,1
6, 13, 655.0,765.0,1
13, 6, 655.0,765.0,1
6, 14, 539.0,728.0,-1
14, 6, 539.0,728.0,-1
6, 15, 739.0,1044.0,-1
15, 6, 739.0,1044.0,-1
6, 16, 605.0,774.0,-1
16, 6, 605.0,774.0,-1
6, 6, 0.0,0.0,1
7, 8, 429.0,591.0,-1
8, 7, 429.0,591.0,-1
7, 9, 229.0,320.0,1
9, 7, 229.0,320.0,1
7, 10, 545.0,763.0,-1
10, 7, 545.0,763.0,-1
7, 11, 187.0,264.0,-1
11, 7, 187.0,264.0,-1
7, 12, 134.0,188.0,-1
12, 7, 134.0,188.0,-1
7, 13, 652.0,922.0,1
13, 7, 652.0,922.0,1
7, 14, 132.0,175.0,-1
14, 7, 132.0,175.0,-1
7, 15, 317.0,370.0,-1
15, 7, 317.0,370.0,-1
7, 16, 400.0,425.0,1
16, 7, 400.0,425.0,1
7, 7, 0.0,0.0,1
8, 9, 554.0,638.0,-1
9, 8, 554.0,638.0,-1
8, 10, 563.0,630.0,-1
10, 8, 563.0,630.0,-1
8, 11, 611.0,855.0,-1
11, 8, 611.0,855.0,-1
8, 12, 435.0,613.0,-1
12, 8, 435.0,613.0,-1
8, 13, 686.0,789.0,-1
13, 8, 686.0,789.0,-1
8, 14, 375.0,528.0,-1
14, 8, 375.0,528.0,-1
8, 15, 620.0,844.0,-1
15, 8, 620.0,844.0,-1
8, 16, 378.0,508.0,-1
16, 8, 378.0,508.0,-1
8, 8, 0.0,0.0,1
9, 10, 773.0,1083.0,-1
10, 9, 773.0,1083.0,-1
9, 11, 280.0,332.0,-1
11, 9, 280.0,332.0,-1
9, 12, 360.0,508.0,-1
12, 9, 360.0,508.0,-1
9, 13, 880.0,1242.0,1
13, 9, 880.0,1242.0,1
9, 14, 359.0,495.0,-1
14, 9, 359.0,495.0,-1
9, 15, 509.0,689.0,-1
15, 9, 509.0,689.0,-1
9, 16, 336.0,472.0,1
16, 9, 336.0,472.0,1
9, 9, 0.0,0.0,1
10, 11, 592.0,751.0,-1
11, 10, 592.0,751.0,-1
10, 12, 417.0,575.0,-1
12, 10, 417.0,575.0,-1
10, 13, 126.0,159.0,-1
13, 10, 126.0,159.0,-1
10, 14, 417.0,589.0,1
14, 10, 417.0,589.0,1
10, 15, 376.0,394.0,-1
15, 10, 376.0,394.0,-1
10, 16, 835.0,1137.0,-1
16, 10, 835.0,1137.0,-1
10, 10, 0.0,0.0,1
11, 12, 212.0,242.0,1
12, 11, 212.0,242.0,1
11, 13, 676.0,910.0,1
13, 11, 676.0,910.0,1
11, 14, 258.0,327.0,-1
14, 11, 258.0,327.0,-1
11, 15, 253.0,358.0,-1
15, 11, 253.0,358.0,-1
11, 16, 558.0,688.0,-1
16, 11, 558.0,688.0,-1
11, 11, 0.0,0.0,1
12, 13, 520.0,734.0,-1
13, 12, 520.0,734.0,-1
12, 14, 61.0,86.0,-1
14, 12, 61.0,86.0,-1
12, 15, 208.0,232.0,1
15, 12, 208.0,232.0,1
12, 16, 508.0,562.0,-1
16, 12, 508.0,562.0,-1
12, 12, 0.0,0.0,1
13, 14, 529.0,748.0,-1
14, 13, 529.0,748.0,-1
13, 15, 438.0,553.0,1
15, 13, 438.0,553.0,1
13, 16, 959.0,1296.0,-1
16, 13, 959.0,1296.0,-1
13, 13, 0.0,0.0,1
14, 15, 263.0,317.0,-1
15, 14, 263.0,317.0,-1
14, 16, 465.0,549.0,1
16, 14, 465.0,549.0,1
14, 14, 0.0,0.0,1
15, 16, 711.0,744.0,-1
16, 15, 711.0,744.0,-1
15, 15, 0.0,0.0,1
16, 16, 0.0,0.0,1


<end>