<number of nodes>
16

<ratio of available edges>
0.3

<max length of the drone flight>
100000 

<D 2/3>
1, 2, 3, 4, 6, 7, 9, 10, 11, 12, 13

<V>
2, 3, 4, 7, 13

<coordinates X,Y>
586.4663241295412, 651.5474927826949
520.2957571625954, 999.4703868679507
257.6970200774267, 364.2903352689287
250.41548591347214, 399.80274364155963
570.3993778577864, 335.96810519012365
961.0355243422383, 333.5843172439577
406.3079287703359, 663.826743224517
418.870815023422, 830.3306709448226
352.3635815329125, 546.0388485943226
657.7235375960169, 504.60068498320476
317.1673273513906, 302.8254038668669
312.66632238384466, 89.43944870305026
308.1281467687133, 943.0996416359438
498.1520474381473, 672.781312498513
452.60123534025377, 33.9395928926384
109.29702497278133, 946.5806458177752

<adjacency matrix with truck distances>
1, 2, 355.0,415.0,-1
2, 1, 355.0,415.0,-1
1, 3, 437.0,617.0,-1
3, 1, 437.0,617.0,-1
1, 4, 420.0,588.0,-1
4, 1, 420.0,588.0,-1
1, 5, 316.0,332.0,-1
5, 1, 316.0,332.0,-1
1, 6, 492.0,693.0,1
6, 1, 492.0,693.0,1
1, 7, 181.0,193.0,-1
7, 1, 181.0,193.0,-1
1, 8, 246.0,347.0,-1
8, 1, 246.0,347.0,-1
1, 9, 257.0,340.0,1
9, 1, 257.0,340.0,1
1, 10, 164.0,219.0,1
10, 1, 164.0,219.0,1
1, 11, 441.0,619.0,-1
11, 1, 441.0,619.0,-1
1, 12, 626.0,836.0,-1
12, 1, 626.0,836.0,-1
1, 13, 404.0,570.0,-1
13, 1, 404.0,570.0,-1
1, 14, 91.0,110.0,1
14, 1, 91.0,110.0,1
1, 15, 632.0,752.0,-1
15, 1, 632.0,752.0,-1
1, 16, 562.0,773.0,1
16, 1, 562.0,773.0,1
1, 1, 0.0,0.0,1
2, 3, 688.0,898.0,1
3, 2, 688.0,898.0,1
2, 4, 658.0,870.0,1
4, 2, 658.0,870.0,1
2, 5, 666.0,714.0,-1
5, 2, 666.0,714.0,-1
2, 6, 799.0,1107.0,-1
6, 2, 799.0,1107.0,-1
2, 7, 355.0,450.0,-1
7, 2, 355.0,450.0,-1
2, 8, 198.0,271.0,1
8, 2, 198.0,271.0,1
2, 9, 484.0,622.0,1
9, 2, 484.0,622.0,1
2, 10, 514.0,633.0,-1
10, 2, 514.0,633.0,-1
2, 11, 726.0,900.0,-1
11, 2, 726.0,900.0,-1
2, 12, 934.0,1118.0,-1
12, 2, 934.0,1118.0,-1
2, 13, 220.0,269.0,-1
13, 2, 220.0,269.0,-1
2, 14, 328.0,349.0,-1
14, 2, 328.0,349.0,-1
2, 15, 968.0,1034.0,-1
15, 2, 968.0,1034.0,-1
2, 16, 415.0,464.0,-1
16, 2, 415.0,464.0,-1
2, 2, 0.0,0.0,1
3, 4, 37.0,43.0,-1
4, 3, 37.0,43.0,-1
3, 5, 314.0,342.0,1
5, 3, 314.0,342.0,1
3, 6, 705.0,735.0,1
6, 3, 705.0,735.0,1
3, 7, 335.0,449.0,-1
7, 3, 335.0,449.0,-1
3, 8, 494.0,628.0,-1
8, 3, 494.0,628.0,-1
3, 9, 205.0,277.0,-1
9, 3, 205.0,277.0,-1
3, 10, 424.0,541.0,-1
10, 3, 424.0,541.0,-1
3, 11, 86.0,121.0,-1
11, 3, 86.0,121.0,-1
3, 12, 281.0,330.0,-1
12, 3, 281.0,330.0,-1
3, 13, 582.0,630.0,-1
13, 3, 582.0,630.0,-1
3, 14, 392.0,549.0,-1
14, 3, 392.0,549.0,-1
3, 15, 384.0,526.0,-1
15, 3, 384.0,526.0,-1
3, 16, 601.0,731.0,1
16, 3, 601.0,731.0,1
3, 3, 0.0,0.0,1
4, 5, 327.0,384.0,-1
5, 4, 327.0,384.0,-1
4, 6, 714.0,777.0,1
6, 4, 714.0,777.0,1
4, 7, 307.0,420.0,1
7, 4, 307.0,420.0,1
4, 8, 463.0,599.0,-1
8, 4, 463.0,599.0,-1
4, 9, 179.0,249.0,-1
9, 4, 179.0,249.0,-1
4, 10, 421.0,513.0,-1
10, 4, 421.0,513.0,-1
4, 11, 118.0,164.0,1
11, 4, 118.0,164.0,1
4, 12, 317.0,373.0,1
12, 4, 317.0,373.0,1
4, 13, 547.0,602.0,1
13, 4, 547.0,602.0,1
4, 14, 369.0,521.0,-1
14, 4, 369.0,521.0,-1
4, 15, 419.0,569.0,-1
15, 4, 419.0,569.0,-1
4, 16, 565.0,688.0,-1
16, 4, 565.0,688.0,-1
4, 4, 0.0,0.0,1
5, 6, 391.0,394.0,-1
6, 5, 391.0,394.0,-1
5, 7, 367.0,492.0,-1
7, 5, 367.0,492.0,-1
5, 8, 518.0,646.0,-1
8, 5, 518.0,646.0,-1
5, 9, 303.0,429.0,-1
9, 5, 303.0,429.0,-1
5, 10, 190.0,256.0,-1
10, 5, 190.0,256.0,-1
5, 11, 256.0,287.0,-1
11, 5, 256.0,287.0,-1
5, 12, 357.0,505.0,-1
12, 5, 357.0,505.0,-1
5, 13, 662.0,870.0,1
13, 5, 662.0,870.0,1
5, 14, 345.0,410.0,-1
14, 5, 345.0,410.0,-1
5, 15, 325.0,420.0,1
15, 5, 325.0,420.0,1
5, 16, 766.0,1072.0,-1
16, 5, 766.0,1072.0,-1
5, 5, 0.0,0.0,1
6, 7, 646.0,885.0,1
7, 6, 646.0,885.0,1
6, 8, 736.0,1039.0,1
8, 6, 736.0,1039.0,1
6, 9, 645.0,822.0,-1
9, 6, 645.0,822.0,-1
6, 10, 349.0,475.0,-1
10, 6, 349.0,475.0,-1
6, 11, 645.0,675.0,-1
11, 6, 645.0,675.0,-1
6, 12, 693.0,893.0,-1
12, 6, 693.0,893.0,-1
6, 13, 894.0,1263.0,1
13, 6, 894.0,1263.0,1
6, 14, 574.0,803.0,-1
14, 6, 574.0,803.0,-1
6, 15, 591.0,809.0,-1
15, 6, 591.0,809.0,-1
6, 16, 1050.0,1465.0,1
16, 6, 1050.0,1465.0,1
6, 6, 0.0,0.0,1
7, 8, 167.0,180.0,-1
8, 7, 167.0,180.0,-1
7, 9, 130.0,172.0,-1
9, 7, 130.0,172.0,-1
7, 10, 298.0,411.0,-1
10, 7, 298.0,411.0,-1
7, 11, 372.0,451.0,-1
11, 7, 372.0,451.0,-1
7, 12, 582.0,669.0,1
12, 7, 582.0,669.0,1
7, 13, 297.0,378.0,-1
13, 7, 297.0,378.0,-1
7, 14, 93.0,101.0,-1
14, 7, 93.0,101.0,-1
7, 15, 632.0,677.0,-1
15, 7, 632.0,677.0,-1
7, 16, 411.0,580.0,-1
16, 7, 411.0,580.0,-1
7, 7, 0.0,0.0,1
8, 9, 292.0,351.0,-1
9, 8, 292.0,351.0,-1
8, 10, 404.0,565.0,-1
10, 8, 404.0,565.0,-1
8, 11, 538.0,630.0,-1
11, 8, 538.0,630.0,-1
8, 12, 749.0,848.0,-1
12, 8, 749.0,848.0,-1
8, 13, 159.0,224.0,-1
13, 8, 159.0,224.0,-1
8, 14, 177.0,237.0,-1
14, 8, 177.0,237.0,-1
8, 15, 798.0,831.0,-1
15, 8, 798.0,831.0,-1
8, 16, 331.0,426.0,-1
16, 8, 331.0,426.0,-1
8, 8, 0.0,0.0,1
9, 10, 309.0,347.0,-1
10, 9, 309.0,347.0,-1
9, 11, 246.0,279.0,-1
11, 9, 246.0,279.0,-1
9, 12, 459.0,497.0,-1
12, 9, 459.0,497.0,-1
9, 13, 400.0,442.0,1
13, 9, 400.0,442.0,1
9, 14, 194.0,273.0,-1
14, 9, 194.0,273.0,-1
9, 15, 522.0,613.0,1
15, 9, 522.0,613.0,1
9, 16, 469.0,644.0,-1
16, 9, 469.0,644.0,-1
9, 9, 0.0,0.0,1
10, 11, 396.0,543.0,-1
11, 10, 396.0,543.0,-1
10, 12, 540.0,761.0,-1
12, 10, 540.0,761.0,-1
10, 13, 561.0,789.0,-1
13, 10, 561.0,789.0,-1
10, 14, 232.0,328.0,-1
14, 10, 232.0,328.0,-1
10, 15, 514.0,676.0,1
15, 10, 514.0,676.0,1
10, 16, 705.0,991.0,1
16, 10, 705.0,991.0,1
10, 10, 0.0,0.0,1
11, 12, 214.0,218.0,1
12, 11, 214.0,218.0,1
11, 13, 641.0,650.0,1
13, 11, 641.0,650.0,1
11, 14, 412.0,551.0,-1
14, 11, 412.0,551.0,-1
11, 15, 302.0,405.0,1
15, 11, 302.0,405.0,1
11, 16, 677.0,852.0,-1
16, 11, 677.0,852.0,-1
11, 11, 0.0,0.0,1
12, 13, 854.0,859.0,-1
13, 12, 854.0,859.0,-1
12, 14, 613.0,769.0,1
14, 12, 613.0,769.0,1
12, 15, 151.0,196.0,1
15, 12, 151.0,196.0,1
12, 16, 881.0,1061.0,-1
16, 12, 881.0,1061.0,-1
12, 12, 0.0,0.0,1
13, 14, 331.0,461.0,-1
14, 13, 331.0,461.0,-1
13, 15, 921.0,1054.0,-1
15, 13, 921.0,1054.0,-1
13, 16, 199.0,203.0,1
16, 13, 199.0,203.0,1
13, 13, 0.0,0.0,1
14, 15, 641.0,685.0,-1
15, 14, 641.0,685.0,-1
14, 16, 476.0,663.0,1
16, 14, 476.0,663.0,1
14, 14, 0.0,0.0,1
15, 16, 976.0,1256.0,1
16, 15, 976.0,1256.0,1
15, 15, 0.0,0.0,1
16, 16, 0.0,0.0,1


<end>