<number of nodes>
16

<ratio of available edges>
0.3

<max length of the drone flight>
100000 

<D 2/3>
1, 2, 4, 5, 6, 7, 11, 13, 14, 15, 16

<V>
2, 4, 7, 11, 16

<coordinates X,Y>
374.701398319606, 941.3846719222907
364.18154316141454, 778.6291993968321
833.1243822752988, 96.87503866838783
506.4181059286142, 213.4177916159863
932.4120248426898, 862.9984572543709
462.8541167597181, 871.740016854442
120.35021753494036, 544.9791489999498
906.9934885640752, 934.054693351976
688.4650073037915, 36.668636439624514
352.0109134957718, 0.9558055487401607
661.5645283928063, 8.371658983618257
143.85211029739028, 514.1091395197701
856.8934474761458, 402.62193817830314
441.6021190678472, 490.31878048090823
996.6847305020608, 74.02182811374891
448.46355305667066, 388.0416889765838

<adjacency matrix with truck distances>
1, 2, 164.0,174.0,-1
2, 1, 164.0,174.0,-1
1, 3, 961.0,1303.0,-1
3, 1, 961.0,1303.0,-1
1, 4, 740.0,860.0,-1
4, 1, 740.0,860.0,-1
1, 5, 564.0,637.0,-1
5, 1, 564.0,637.0,-1
1, 6, 113.0,158.0,1
6, 1, 113.0,158.0,1
1, 7, 471.0,651.0,-1
7, 1, 471.0,651.0,-1
1, 8, 533.0,540.0,-1
8, 1, 533.0,540.0,-1
1, 9, 958.0,1219.0,-1
9, 1, 958.0,1219.0,-1
1, 10, 941.0,964.0,-1
10, 1, 941.0,964.0,-1
1, 11, 977.0,1220.0,-1
11, 1, 977.0,1220.0,-1
1, 12, 486.0,659.0,-1
12, 1, 486.0,659.0,-1
1, 13, 724.0,1021.0,-1
13, 1, 724.0,1021.0,-1
1, 14, 457.0,518.0,-1
14, 1, 457.0,518.0,-1
1, 15, 1068.0,1490.0,1
15, 1, 1068.0,1490.0,1
1, 16, 559.0,628.0,-1
16, 1, 559.0,628.0,-1
1, 1, 0.0,0.0,1
2, 3, 828.0,1151.0,-1
3, 2, 828.0,1151.0,-1
2, 4, 583.0,708.0,-1
4, 2, 583.0,708.0,-1
2, 5, 575.0,653.0,-1
5, 2, 575.0,653.0,-1
2, 6, 136.0,192.0,-1
6, 2, 136.0,192.0,-1
2, 7, 338.0,478.0,-1
7, 2, 338.0,478.0,-1
2, 8, 565.0,699.0,-1
8, 2, 565.0,699.0,-1
2, 9, 810.0,1067.0,-1
9, 2, 810.0,1067.0,-1
2, 10, 778.0,790.0,-1
10, 2, 778.0,790.0,-1
2, 11, 826.0,1068.0,-1
11, 2, 826.0,1068.0,-1
2, 12, 345.0,485.0,1
12, 2, 345.0,485.0,1
2, 13, 620.0,869.0,1
13, 2, 620.0,869.0,1
2, 14, 299.0,366.0,1
14, 2, 299.0,366.0,1
2, 15, 947.0,1338.0,-1
15, 2, 947.0,1338.0,-1
2, 16, 400.0,475.0,-1
16, 2, 400.0,475.0,-1
2, 2, 0.0,0.0,1
3, 4, 347.0,444.0,-1
4, 3, 347.0,444.0,-1
3, 5, 773.0,866.0,-1
5, 3, 773.0,866.0,-1
3, 6, 859.0,1146.0,1
6, 3, 859.0,1146.0,1
3, 7, 842.0,1161.0,-1
7, 3, 842.0,1161.0,-1
3, 8, 841.0,912.0,-1
8, 3, 841.0,912.0,-1
3, 9, 157.0,205.0,1
9, 3, 157.0,205.0,1
3, 10, 491.0,578.0,1
10, 3, 491.0,578.0,1
3, 11, 194.0,261.0,-1
11, 3, 194.0,261.0,-1
3, 12, 806.0,1107.0,-1
12, 3, 806.0,1107.0,-1
3, 13, 307.0,330.0,1
13, 3, 307.0,330.0,1
3, 14, 556.0,785.0,-1
14, 3, 556.0,785.0,-1
3, 15, 166.0,187.0,-1
15, 3, 166.0,187.0,-1
3, 16, 483.0,676.0,-1
16, 3, 483.0,676.0,-1
3, 3, 0.0,0.0,1
4, 5, 777.0,1076.0,-1
5, 4, 777.0,1076.0,-1
4, 6, 660.0,702.0,-1
6, 4, 660.0,702.0,-1
4, 7, 509.0,718.0,-1
7, 4, 509.0,718.0,-1
4, 8, 825.0,1122.0,-1
8, 4, 825.0,1122.0,-1
4, 9, 254.0,359.0,-1
9, 4, 254.0,359.0,-1
4, 10, 263.0,367.0,1
10, 4, 263.0,367.0,1
4, 11, 258.0,361.0,-1
11, 4, 258.0,361.0,-1
4, 12, 472.0,664.0,-1
12, 4, 472.0,664.0,-1
4, 13, 399.0,540.0,-1
13, 4, 399.0,540.0,-1
4, 14, 285.0,342.0,-1
14, 4, 285.0,342.0,-1
4, 15, 510.0,630.0,1
15, 4, 510.0,630.0,1
4, 16, 184.0,233.0,-1
16, 4, 184.0,233.0,-1
4, 4, 0.0,0.0,1
5, 6, 470.0,479.0,1
6, 5, 470.0,479.0,1
5, 7, 873.0,1131.0,-1
7, 5, 873.0,1131.0,-1
5, 8, 76.0,97.0,-1
8, 5, 76.0,97.0,-1
5, 9, 862.0,1071.0,-1
9, 5, 862.0,1071.0,-1
5, 10, 1040.0,1443.0,1
10, 5, 1040.0,1443.0,1
5, 11, 897.0,1126.0,1
11, 5, 897.0,1126.0,1
5, 12, 863.0,1138.0,1
12, 5, 863.0,1138.0,1
5, 13, 467.0,536.0,-1
13, 5, 467.0,536.0,-1
5, 14, 617.0,864.0,-1
14, 5, 617.0,864.0,-1
5, 15, 792.0,854.0,1
15, 5, 792.0,854.0,1
5, 16, 679.0,959.0,-1
16, 5, 679.0,959.0,-1
5, 5, 0.0,0.0,1
6, 7, 474.0,670.0,-1
7, 6, 474.0,670.0,-1
6, 8, 449.0,507.0,-1
8, 6, 449.0,507.0,-1
6, 9, 866.0,1061.0,-1
9, 6, 866.0,1061.0,-1
6, 10, 878.0,982.0,-1
10, 6, 878.0,982.0,-1
6, 11, 886.0,1063.0,-1
11, 6, 886.0,1063.0,-1
6, 12, 480.0,677.0,-1
12, 6, 480.0,677.0,-1
6, 13, 613.0,864.0,-1
13, 6, 613.0,864.0,-1
6, 14, 383.0,403.0,1
14, 6, 383.0,403.0,1
6, 15, 960.0,1332.0,-1
15, 6, 960.0,1332.0,-1
6, 16, 484.0,499.0,-1
16, 6, 484.0,499.0,-1
6, 6, 0.0,0.0,1
7, 8, 878.0,1176.0,1
8, 7, 878.0,1176.0,1
7, 9, 763.0,1077.0,-1
9, 7, 763.0,1077.0,-1
7, 10, 592.0,776.0,-1
10, 7, 592.0,776.0,-1
7, 11, 763.0,1078.0,1
11, 7, 763.0,1078.0,1
7, 12, 39.0,55.0,-1
12, 7, 39.0,55.0,-1
7, 13, 751.0,879.0,-1
13, 7, 751.0,879.0,-1
7, 14, 326.0,376.0,-1
14, 7, 326.0,376.0,-1
7, 15, 995.0,1348.0,1
15, 7, 995.0,1348.0,1
7, 16, 364.0,486.0,-1
16, 7, 364.0,486.0,-1
7, 7, 0.0,0.0,1
8, 9, 924.0,1116.0,-1
9, 8, 924.0,1116.0,-1
8, 10, 1086.0,1489.0,1
10, 8, 1086.0,1489.0,1
8, 11, 958.0,1172.0,1
11, 8, 958.0,1172.0,1
8, 12, 872.0,1184.0,-1
12, 8, 872.0,1184.0,-1
8, 13, 534.0,582.0,-1
13, 8, 534.0,582.0,-1
8, 14, 644.0,910.0,-1
14, 8, 644.0,910.0,-1
8, 15, 865.0,950.0,1
15, 8, 865.0,950.0,1
8, 16, 714.0,1005.0,-1
16, 8, 714.0,1005.0,-1
8, 8, 0.0,0.0,1
9, 10, 339.0,373.0,-1
10, 9, 339.0,373.0,-1
9, 11, 40.0,56.0,1
11, 9, 40.0,56.0,1
9, 12, 725.0,1023.0,1
12, 9, 725.0,1023.0,1
9, 13, 403.0,535.0,-1
13, 9, 403.0,535.0,-1
9, 14, 517.0,701.0,-1
14, 9, 517.0,701.0,-1
9, 15, 311.0,346.0,1
15, 9, 311.0,346.0,1
9, 16, 426.0,592.0,-1
16, 9, 426.0,592.0,-1
9, 9, 0.0,0.0,1
10, 11, 310.0,317.0,1
11, 10, 310.0,317.0,1
10, 12, 554.0,722.0,-1
12, 10, 554.0,722.0,-1
10, 13, 646.0,907.0,-1
13, 10, 646.0,907.0,-1
10, 14, 498.0,579.0,-1
14, 10, 498.0,579.0,-1
10, 15, 649.0,718.0,1
15, 10, 649.0,718.0,1
10, 16, 399.0,484.0,1
16, 10, 399.0,484.0,1
10, 10, 0.0,0.0,1
11, 12, 724.0,1024.0,1
12, 11, 724.0,1024.0,1
11, 13, 440.0,590.0,1
13, 11, 440.0,590.0,1
11, 14, 530.0,702.0,1
14, 11, 530.0,702.0,1
11, 15, 342.0,401.0,-1
15, 11, 342.0,401.0,-1
11, 16, 436.0,593.0,1
16, 11, 436.0,593.0,1
11, 11, 0.0,0.0,1
12, 13, 722.0,825.0,-1
13, 12, 722.0,825.0,-1
12, 14, 299.0,322.0,1
14, 12, 299.0,322.0,1
12, 15, 960.0,1293.0,-1
15, 12, 960.0,1293.0,-1
12, 16, 330.0,431.0,1
16, 12, 330.0,431.0,1
12, 12, 0.0,0.0,1
13, 14, 425.0,503.0,-1
14, 13, 425.0,503.0,-1
13, 15, 358.0,469.0,-1
15, 13, 358.0,469.0,-1
13, 16, 409.0,424.0,-1
16, 13, 409.0,424.0,-1
13, 13, 0.0,0.0,1
14, 15, 694.0,972.0,1
15, 14, 694.0,972.0,1
14, 16, 103.0,110.0,-1
16, 14, 103.0,110.0,-1
14, 14, 0.0,0.0,1
15, 16, 632.0,863.0,-1
16, 15, 632.0,863.0,-1
15, 15, 0.0,0.0,1
16, 16, 0.0,0.0,1


<end>