<number of nodes>
16

<ratio of available edges>
0.3

<max length of the drone flight>
100000 

<D 2/3>
1, 2, 3, 5, 6, 7, 9, 11, 14, 15, 16

<V>
2, 5, 14, 15, 16

<coordinates X,Y>
954.7920182667476, 837.9948516491704
309.0681096285599, 532.1587662769392
114.05901071087666, 249.72628494377042
351.7672566777014, 418.6201092784311
36.12376451818624, 880.6115384748724
370.89901518425523, 673.3323647866587
818.8383677890125, 978.6760114603801
827.3218596673838, 841.4605632923942
392.7619682987116, 67.59872477108112
960.9927406107056, 28.632238785295694
577.9194648910999, 893.3177765116332
227.9846179065928, 388.4476897159581
48.40665916408444, 500.8220471657377
650.277615392021, 412.4395193571706
812.8712736316099, 211.08808840806196
714.0079525025952, 695.8211151492466

<adjacency matrix with truck distances>
1, 2, 715.0,952.0,-1
2, 1, 715.0,952.0,-1
1, 3, 1027.0,1430.0,-1
3, 1, 1027.0,1430.0,-1
1, 4, 735.0,1023.0,-1
4, 1, 735.0,1023.0,-1
1, 5, 920.0,962.0,-1
5, 1, 920.0,962.0,-1
1, 6, 607.0,749.0,-1
6, 1, 607.0,749.0,-1
1, 7, 196.0,277.0,-1
7, 1, 196.0,277.0,-1
1, 8, 128.0,131.0,1
8, 1, 128.0,131.0,1
1, 9, 954.0,1333.0,-1
9, 1, 954.0,1333.0,-1
1, 10, 810.0,816.0,-1
10, 1, 810.0,816.0,-1
1, 11, 381.0,433.0,1
11, 1, 381.0,433.0,1
1, 12, 855.0,1177.0,-1
12, 1, 855.0,1177.0,-1
1, 13, 968.0,1244.0,1
13, 1, 968.0,1244.0,1
1, 14, 524.0,731.0,-1
14, 1, 524.0,731.0,-1
1, 15, 643.0,769.0,1
15, 1, 643.0,769.0,1
1, 16, 280.0,383.0,-1
16, 1, 280.0,383.0,-1
1, 1, 0.0,0.0,1
2, 3, 344.0,478.0,-1
3, 2, 344.0,478.0,-1
2, 4, 122.0,157.0,1
4, 2, 122.0,157.0,1
2, 5, 443.0,622.0,-1
5, 2, 443.0,622.0,-1
2, 6, 155.0,204.0,1
6, 2, 155.0,204.0,1
2, 7, 678.0,957.0,-1
7, 2, 678.0,957.0,-1
2, 8, 604.0,828.0,-1
8, 2, 604.0,828.0,-1
2, 9, 473.0,549.0,-1
9, 2, 473.0,549.0,-1
2, 10, 824.0,1156.0,-1
10, 2, 824.0,1156.0,-1
2, 11, 451.0,631.0,-1
11, 2, 451.0,631.0,-1
2, 12, 166.0,225.0,-1
12, 2, 166.0,225.0,-1
2, 13, 263.0,292.0,1
13, 2, 263.0,292.0,1
2, 14, 362.0,461.0,1
14, 2, 362.0,461.0,1
2, 15, 598.0,825.0,-1
15, 2, 598.0,825.0,-1
2, 16, 437.0,569.0,-1
16, 2, 437.0,569.0,-1
2, 2, 0.0,0.0,1
3, 4, 292.0,407.0,1
4, 3, 292.0,407.0,1
3, 5, 636.0,709.0,1
5, 3, 636.0,709.0,1
3, 6, 496.0,681.0,1
6, 3, 496.0,681.0,1
3, 7, 1014.0,1434.0,-1
7, 3, 1014.0,1434.0,-1
3, 8, 927.0,1305.0,-1
8, 3, 927.0,1305.0,-1
3, 9, 333.0,461.0,-1
9, 3, 333.0,461.0,-1
3, 10, 876.0,1069.0,-1
10, 3, 876.0,1069.0,-1
3, 11, 794.0,1108.0,-1
11, 3, 794.0,1108.0,-1
3, 12, 180.0,253.0,-1
12, 3, 180.0,253.0,-1
3, 13, 260.0,317.0,-1
13, 3, 260.0,317.0,-1
3, 14, 561.0,699.0,-1
14, 3, 561.0,699.0,-1
3, 15, 700.0,738.0,1
15, 3, 700.0,738.0,1
3, 16, 748.0,1047.0,1
16, 3, 748.0,1047.0,1
3, 3, 0.0,0.0,1
4, 5, 560.0,778.0,-1
5, 4, 560.0,778.0,-1
4, 6, 256.0,274.0,1
6, 4, 256.0,274.0,1
4, 7, 730.0,1028.0,-1
7, 4, 730.0,1028.0,-1
4, 8, 637.0,899.0,1
8, 4, 637.0,899.0,1
4, 9, 354.0,393.0,-1
9, 4, 354.0,393.0,-1
4, 10, 724.0,1000.0,-1
10, 4, 724.0,1000.0,-1
4, 11, 526.0,701.0,-1
11, 4, 526.0,701.0,-1
4, 12, 128.0,154.0,1
12, 4, 128.0,154.0,1
4, 13, 315.0,386.0,-1
13, 4, 315.0,386.0,-1
4, 14, 299.0,305.0,-1
14, 4, 299.0,305.0,-1
4, 15, 506.0,669.0,1
15, 4, 506.0,669.0,1
4, 16, 457.0,640.0,-1
16, 4, 457.0,640.0,-1
4, 4, 0.0,0.0,1
5, 6, 394.0,543.0,1
6, 5, 394.0,543.0,1
5, 7, 789.0,881.0,1
7, 5, 789.0,881.0,1
5, 8, 793.0,831.0,-1
8, 5, 793.0,831.0,-1
5, 9, 888.0,1170.0,-1
9, 5, 888.0,1170.0,-1
5, 10, 1258.0,1777.0,-1
10, 5, 1258.0,1777.0,-1
5, 11, 542.0,555.0,-1
11, 5, 542.0,555.0,-1
5, 12, 529.0,685.0,-1
12, 5, 529.0,685.0,-1
5, 13, 380.0,393.0,-1
13, 5, 380.0,393.0,-1
5, 14, 773.0,1083.0,-1
14, 5, 773.0,1083.0,-1
5, 15, 1026.0,1447.0,-1
15, 5, 1026.0,1447.0,-1
5, 16, 703.0,863.0,1
16, 5, 703.0,863.0,1
5, 5, 0.0,0.0,1
6, 7, 543.0,754.0,-1
7, 6, 543.0,754.0,-1
6, 8, 487.0,625.0,1
8, 6, 487.0,625.0,1
6, 9, 607.0,628.0,-1
9, 6, 607.0,628.0,-1
6, 10, 874.0,1235.0,-1
10, 6, 874.0,1235.0,-1
6, 11, 303.0,428.0,-1
11, 6, 303.0,428.0,-1
6, 12, 319.0,428.0,-1
12, 6, 319.0,428.0,-1
6, 13, 366.0,496.0,-1
13, 6, 366.0,496.0,-1
6, 14, 383.0,541.0,-1
14, 6, 383.0,541.0,-1
6, 15, 640.0,905.0,-1
15, 6, 640.0,905.0,-1
6, 16, 344.0,366.0,-1
16, 6, 344.0,366.0,-1
6, 6, 0.0,0.0,1
7, 8, 138.0,146.0,-1
8, 7, 138.0,146.0,-1
7, 9, 1006.0,1338.0,1
9, 7, 1006.0,1338.0,1
7, 10, 961.0,1093.0,-1
10, 7, 961.0,1093.0,-1
7, 11, 256.0,327.0,1
11, 7, 256.0,327.0,1
7, 12, 836.0,1182.0,-1
12, 7, 836.0,1182.0,-1
7, 13, 907.0,1249.0,-1
13, 7, 907.0,1249.0,-1
7, 14, 591.0,735.0,1
14, 7, 591.0,735.0,1
7, 15, 768.0,774.0,-1
15, 7, 768.0,774.0,-1
7, 16, 302.0,388.0,-1
16, 7, 302.0,388.0,-1
7, 7, 0.0,0.0,1
8, 9, 888.0,1209.0,-1
9, 8, 888.0,1209.0,-1
8, 10, 824.0,947.0,-1
10, 8, 824.0,947.0,-1
8, 11, 255.0,302.0,1
11, 8, 255.0,302.0,1
8, 12, 752.0,1053.0,-1
12, 8, 752.0,1053.0,-1
8, 13, 851.0,1120.0,-1
13, 8, 851.0,1120.0,-1
8, 14, 465.0,607.0,1
14, 8, 465.0,607.0,1
8, 15, 631.0,645.0,1
15, 8, 631.0,645.0,1
8, 16, 185.0,259.0,-1
16, 8, 185.0,259.0,-1
8, 8, 0.0,0.0,1
9, 10, 570.0,608.0,-1
10, 9, 570.0,608.0,-1
9, 11, 847.0,1011.0,-1
11, 9, 847.0,1011.0,-1
9, 12, 361.0,486.0,-1
12, 9, 361.0,486.0,-1
9, 13, 554.0,778.0,1
13, 9, 554.0,778.0,1
9, 14, 431.0,603.0,-1
14, 9, 431.0,603.0,-1
9, 15, 444.0,564.0,-1
15, 9, 444.0,564.0,-1
9, 16, 706.0,950.0,-1
16, 9, 706.0,950.0,-1
9, 9, 0.0,0.0,1
10, 11, 946.0,1248.0,-1
11, 10, 946.0,1248.0,-1
10, 12, 817.0,1093.0,-1
12, 10, 817.0,1093.0,-1
10, 13, 1028.0,1385.0,-1
13, 10, 1028.0,1385.0,-1
10, 14, 494.0,695.0,1
14, 10, 494.0,695.0,1
10, 15, 236.0,331.0,-1
15, 10, 236.0,331.0,-1
10, 16, 712.0,915.0,-1
16, 10, 712.0,915.0,-1
10, 10, 0.0,0.0,1
11, 12, 615.0,855.0,1
12, 11, 615.0,855.0,1
11, 13, 660.0,923.0,1
13, 11, 660.0,923.0,1
11, 14, 487.0,554.0,1
14, 11, 487.0,554.0,1
11, 15, 722.0,918.0,-1
15, 11, 722.0,918.0,-1
11, 16, 240.0,334.0,-1
16, 11, 240.0,334.0,-1
11, 11, 0.0,0.0,1
12, 13, 212.0,292.0,1
13, 12, 212.0,292.0,1
12, 14, 423.0,447.0,1
14, 12, 423.0,447.0,1
12, 15, 612.0,763.0,-1
15, 12, 612.0,763.0,-1
12, 16, 576.0,794.0,-1
16, 12, 576.0,794.0,-1
12, 12, 0.0,0.0,1
13, 14, 609.0,691.0,1
14, 13, 609.0,691.0,1
13, 15, 818.0,1055.0,-1
15, 13, 818.0,1055.0,-1
13, 16, 694.0,861.0,-1
16, 13, 694.0,861.0,-1
13, 13, 0.0,0.0,1
14, 15, 259.0,364.0,1
15, 14, 259.0,364.0,1
14, 16, 291.0,348.0,-1
16, 14, 291.0,348.0,-1
14, 14, 0.0,0.0,1
15, 16, 495.0,584.0,-1
16, 15, 495.0,584.0,-1
15, 15, 0.0,0.0,1
16, 16, 0.0,0.0,1


<end>