<number of nodes>
16

<ratio of available edges>
0.3

<max length of the drone flight>
100000 

<D 2/3>
1, 4, 5, 6, 8, 9, 10, 12, 14, 15, 16

<V>
4, 5, 6, 10, 15

<coordinates X,Y>
223.88358562802543, 934.6840146816104
362.0549219013104, 229.3327460890684
105.394763084649, 1.178752496813275
389.78616863104605, 672.07857350762
700.1271582732197, 962.6391103957392
775.5159631102681, 462.15981567561766
330.95405239002474, 176.6878190108263
608.4793059791538, 194.62163022116331
128.01953729046133, 659.016922092038
891.9126727134842, 661.3813520561469
796.7827182648878, 674.2123977322005
429.8034227920983, 876.2503870414363
698.6529582463291, 213.0700941317088
615.3576572599839, 981.4802630104347
703.3106578635476, 65.9172898612568
321.28737451211623, 283.02717451664364

<adjacency matrix with truck distances>
1, 2, 719.0,844.0,-1
2, 1, 719.0,844.0,-1
1, 3, 941.0,1052.0,-1
3, 1, 941.0,1052.0,-1
1, 4, 311.0,429.0,-1
4, 1, 311.0,429.0,-1
1, 5, 478.0,505.0,-1
5, 1, 478.0,505.0,-1
1, 6, 727.0,1025.0,1
6, 1, 727.0,1025.0,1
1, 7, 766.0,866.0,-1
7, 1, 766.0,866.0,-1
1, 8, 835.0,1125.0,-1
8, 1, 835.0,1125.0,-1
1, 9, 292.0,372.0,-1
9, 1, 292.0,372.0,-1
1, 10, 722.0,942.0,1
10, 1, 722.0,942.0,1
1, 11, 630.0,834.0,-1
11, 1, 630.0,834.0,-1
1, 12, 215.0,265.0,-1
12, 1, 215.0,265.0,-1
1, 13, 864.0,1197.0,-1
13, 1, 864.0,1197.0,-1
1, 14, 395.0,439.0,-1
14, 1, 395.0,439.0,-1
1, 15, 993.0,1349.0,-1
15, 1, 993.0,1349.0,-1
1, 16, 659.0,750.0,-1
16, 1, 659.0,750.0,-1
1, 1, 0.0,0.0,1
2, 3, 344.0,485.0,-1
3, 2, 344.0,485.0,-1
2, 4, 444.0,471.0,-1
4, 2, 444.0,471.0,-1
2, 5, 808.0,1072.0,1
5, 2, 808.0,1072.0,1
2, 6, 475.0,647.0,-1
6, 2, 475.0,647.0,-1
2, 7, 62.0,84.0,-1
7, 2, 62.0,84.0,-1
2, 8, 249.0,282.0,1
8, 2, 249.0,282.0,1
2, 9, 490.0,664.0,-1
9, 2, 490.0,664.0,-1
2, 10, 684.0,962.0,-1
10, 2, 684.0,962.0,-1
2, 11, 623.0,880.0,1
11, 2, 623.0,880.0,1
2, 12, 651.0,715.0,-1
12, 2, 651.0,715.0,-1
2, 13, 337.0,353.0,1
13, 2, 337.0,353.0,1
2, 14, 794.0,1006.0,1
14, 2, 794.0,1006.0,1
2, 15, 379.0,505.0,1
15, 2, 379.0,505.0,1
2, 16, 68.0,95.0,-1
16, 2, 68.0,95.0,-1
2, 2, 0.0,0.0,1
3, 4, 729.0,956.0,1
4, 3, 729.0,956.0,1
3, 5, 1131.0,1557.0,-1
5, 3, 1131.0,1557.0,-1
3, 6, 814.0,1132.0,1
6, 3, 814.0,1132.0,1
3, 7, 286.0,402.0,1
7, 3, 286.0,402.0,1
3, 8, 539.0,697.0,-1
8, 3, 539.0,697.0,-1
3, 9, 659.0,681.0,-1
9, 3, 659.0,681.0,-1
3, 10, 1027.0,1447.0,-1
10, 3, 1027.0,1447.0,-1
3, 11, 965.0,1365.0,-1
11, 3, 965.0,1365.0,-1
3, 12, 934.0,1200.0,-1
12, 3, 934.0,1200.0,-1
3, 13, 630.0,806.0,1
13, 3, 630.0,806.0,1
3, 14, 1106.0,1491.0,1
14, 3, 1106.0,1491.0,1
3, 15, 602.0,663.0,-1
15, 3, 602.0,663.0,-1
3, 16, 356.0,498.0,1
16, 3, 356.0,498.0,1
3, 3, 0.0,0.0,1
4, 5, 426.0,601.0,1
5, 4, 426.0,601.0,1
4, 6, 440.0,596.0,1
6, 4, 440.0,596.0,1
4, 7, 499.0,555.0,-1
7, 4, 499.0,555.0,-1
4, 8, 526.0,697.0,1
8, 4, 526.0,697.0,1
4, 9, 263.0,275.0,-1
9, 4, 263.0,275.0,-1
4, 10, 503.0,513.0,-1
10, 4, 503.0,513.0,-1
4, 11, 408.0,410.0,1
11, 4, 408.0,410.0,1
4, 12, 209.0,245.0,-1
12, 4, 209.0,245.0,-1
4, 13, 554.0,768.0,-1
13, 4, 554.0,768.0,-1
4, 14, 383.0,535.0,-1
14, 4, 383.0,535.0,-1
4, 15, 683.0,920.0,-1
15, 4, 683.0,920.0,-1
4, 16, 396.0,458.0,-1
16, 4, 396.0,458.0,-1
4, 4, 0.0,0.0,1
5, 6, 507.0,576.0,-1
6, 5, 507.0,576.0,-1
5, 7, 869.0,1156.0,1
7, 5, 869.0,1156.0,1
5, 8, 774.0,860.0,-1
8, 5, 774.0,860.0,-1
5, 9, 648.0,876.0,1
9, 5, 648.0,876.0,1
5, 10, 358.0,494.0,-1
10, 5, 358.0,494.0,-1
5, 11, 305.0,386.0,-1
11, 5, 305.0,386.0,-1
5, 12, 284.0,357.0,-1
12, 5, 284.0,357.0,-1
5, 13, 750.0,752.0,-1
13, 5, 750.0,752.0,-1
5, 14, 87.0,104.0,-1
14, 5, 87.0,104.0,-1
5, 15, 897.0,900.0,1
15, 5, 897.0,900.0,1
5, 16, 779.0,1059.0,-1
16, 5, 779.0,1059.0,-1
5, 5, 0.0,0.0,1
6, 7, 529.0,731.0,-1
7, 6, 529.0,731.0,-1
6, 8, 316.0,435.0,-1
8, 6, 316.0,435.0,-1
6, 9, 677.0,845.0,1
9, 6, 677.0,845.0,1
6, 10, 231.0,316.0,-1
10, 6, 231.0,316.0,-1
6, 11, 214.0,234.0,-1
11, 6, 214.0,234.0,-1
6, 12, 540.0,760.0,-1
12, 6, 540.0,760.0,-1
6, 13, 261.0,326.0,1
13, 6, 261.0,326.0,1
6, 14, 544.0,680.0,-1
14, 6, 544.0,680.0,-1
6, 15, 403.0,469.0,-1
15, 6, 403.0,469.0,-1
6, 16, 489.0,634.0,-1
16, 6, 489.0,634.0,-1
6, 6, 0.0,0.0,1
7, 8, 279.0,296.0,-1
8, 7, 279.0,296.0,-1
7, 9, 524.0,686.0,-1
9, 7, 524.0,686.0,-1
7, 10, 742.0,1046.0,1
10, 7, 742.0,1046.0,1
7, 11, 682.0,964.0,1
11, 7, 682.0,964.0,1
7, 12, 707.0,799.0,1
12, 7, 707.0,799.0,1
7, 13, 370.0,405.0,-1
13, 7, 370.0,405.0,-1
7, 14, 854.0,1090.0,-1
14, 7, 854.0,1090.0,-1
7, 15, 389.0,484.0,-1
15, 7, 389.0,484.0,-1
7, 16, 107.0,117.0,-1
16, 7, 107.0,117.0,-1
7, 7, 0.0,0.0,1
8, 9, 669.0,945.0,-1
9, 8, 669.0,945.0,-1
8, 10, 547.0,751.0,1
10, 8, 547.0,751.0,1
8, 11, 516.0,668.0,-1
11, 8, 516.0,668.0,-1
8, 12, 705.0,861.0,-1
12, 8, 705.0,861.0,-1
8, 13, 93.0,109.0,-1
13, 8, 93.0,109.0,-1
8, 14, 787.0,794.0,-1
14, 8, 787.0,794.0,-1
8, 15, 160.0,224.0,-1
15, 8, 160.0,224.0,-1
8, 16, 301.0,376.0,-1
16, 8, 301.0,376.0,-1
8, 8, 0.0,0.0,1
9, 10, 764.0,767.0,-1
10, 9, 764.0,767.0,-1
9, 11, 669.0,684.0,-1
11, 9, 669.0,684.0,-1
9, 12, 372.0,520.0,-1
12, 9, 372.0,520.0,-1
9, 13, 725.0,1017.0,1
13, 9, 725.0,1017.0,1
9, 14, 585.0,810.0,-1
14, 9, 585.0,810.0,-1
9, 15, 827.0,1169.0,-1
15, 9, 827.0,1169.0,-1
9, 16, 423.0,570.0,-1
16, 9, 423.0,570.0,-1
9, 9, 0.0,0.0,1
10, 11, 96.0,108.0,-1
11, 10, 96.0,108.0,-1
10, 12, 510.0,677.0,1
12, 10, 510.0,677.0,1
10, 13, 489.0,642.0,1
13, 10, 489.0,642.0,1
10, 14, 424.0,597.0,-1
14, 10, 424.0,597.0,-1
10, 15, 625.0,785.0,-1
15, 10, 625.0,785.0,-1
10, 16, 685.0,949.0,-1
16, 10, 685.0,949.0,-1
10, 10, 0.0,0.0,1
11, 12, 419.0,570.0,1
12, 11, 419.0,570.0,1
11, 13, 472.0,560.0,-1
13, 11, 472.0,560.0,-1
11, 14, 357.0,489.0,-1
14, 11, 357.0,489.0,-1
11, 15, 616.0,702.0,-1
15, 11, 616.0,702.0,-1
11, 16, 616.0,867.0,1
16, 11, 616.0,867.0,1
11, 11, 0.0,0.0,1
12, 13, 716.0,933.0,-1
13, 12, 716.0,933.0,-1
12, 14, 214.0,291.0,1
14, 12, 214.0,291.0,1
12, 15, 856.0,1084.0,-1
15, 12, 856.0,1084.0,-1
12, 16, 604.0,702.0,-1
16, 12, 604.0,702.0,-1
12, 12, 0.0,0.0,1
13, 14, 773.0,852.0,1
14, 13, 773.0,852.0,1
13, 15, 148.0,152.0,-1
15, 13, 148.0,152.0,-1
13, 16, 384.0,448.0,-1
16, 13, 384.0,448.0,-1
13, 13, 0.0,0.0,1
14, 15, 920.0,1004.0,1
15, 14, 920.0,1004.0,1
14, 16, 758.0,993.0,1
16, 14, 758.0,993.0,1
14, 14, 0.0,0.0,1
15, 16, 440.0,600.0,-1
16, 15, 440.0,600.0,-1
15, 15, 0.0,0.0,1
16, 16, 0.0,0.0,1


<end>