<number of nodes>
16

<ratio of available edges>
0.3

<max length of the drone flight>
100000 

<D 2/3>
1, 2, 3, 4, 5, 7, 8, 12, 13, 14, 16

<V>
2, 7, 8, 13, 14

<coordinates X,Y>
157.14095511697738, 2.3304329053762967
985.3603851683857, 460.9687075953854
599.322223413817, 326.2141546405583
645.1731758629356, 530.1441214460988
638.7857119039616, 482.9951910693721
255.4063614455355, 101.09712679209882
97.56709880566821, 539.7965683859886
407.70471086269566, 202.16957847910948
366.9182254595437, 627.1071613810423
934.9263289120837, 587.9233592700016
877.1589492725309, 591.4245278107762
615.7003273956681, 298.1521910696186
428.0884359975036, 44.10308870386684
875.267314771019, 797.39923395285
666.6949004891221, 407.9549217641748
371.34465894880384, 196.96578488899212

<adjacency matrix with truck distances>
1, 2, 947.0,1287.0,1
2, 1, 947.0,1287.0,1
1, 3, 549.0,767.0,-1
3, 1, 549.0,767.0,-1
1, 4, 719.0,1016.0,-1
4, 1, 719.0,1016.0,-1
1, 5, 681.0,963.0,-1
5, 1, 681.0,963.0,-1
1, 6, 140.0,198.0,-1
6, 1, 140.0,198.0,-1
1, 7, 541.0,598.0,1
7, 1, 541.0,598.0,1
1, 8, 321.0,451.0,1
8, 1, 321.0,451.0,1
1, 9, 660.0,835.0,-1
9, 1, 660.0,835.0,-1
1, 10, 974.0,1364.0,-1
10, 1, 974.0,1364.0,-1
1, 11, 931.0,1310.0,1
11, 1, 931.0,1310.0,1
1, 12, 546.0,755.0,-1
12, 1, 546.0,755.0,-1
1, 13, 275.0,313.0,-1
13, 1, 275.0,313.0,-1
1, 14, 1072.0,1514.0,1
14, 1, 1072.0,1514.0,1
1, 15, 652.0,916.0,-1
15, 1, 652.0,916.0,-1
1, 16, 290.0,409.0,-1
16, 1, 290.0,409.0,-1
1, 1, 0.0,0.0,1
2, 3, 409.0,521.0,-1
3, 2, 409.0,521.0,-1
2, 4, 348.0,410.0,-1
4, 2, 348.0,410.0,-1
2, 5, 348.0,369.0,-1
5, 2, 348.0,369.0,-1
2, 6, 814.0,1090.0,-1
6, 2, 814.0,1090.0,-1
2, 7, 892.0,967.0,1
7, 2, 892.0,967.0,1
2, 8, 633.0,837.0,-1
8, 2, 633.0,837.0,-1
2, 9, 641.0,785.0,1
9, 2, 641.0,785.0,1
2, 10, 137.0,178.0,-1
10, 2, 137.0,178.0,-1
2, 11, 170.0,239.0,1
11, 2, 170.0,239.0,1
2, 12, 404.0,533.0,-1
12, 2, 404.0,533.0,-1
2, 13, 696.0,975.0,-1
13, 2, 696.0,975.0,-1
2, 14, 354.0,447.0,-1
14, 2, 354.0,447.0,-1
2, 15, 324.0,372.0,-1
15, 2, 324.0,372.0,-1
2, 16, 669.0,879.0,-1
16, 2, 669.0,879.0,-1
2, 2, 0.0,0.0,1
3, 4, 210.0,250.0,-1
4, 3, 210.0,250.0,-1
3, 5, 162.0,197.0,1
5, 3, 162.0,197.0,1
3, 6, 412.0,570.0,-1
6, 3, 412.0,570.0,-1
3, 7, 546.0,716.0,1
7, 3, 546.0,716.0,1
3, 8, 229.0,316.0,1
8, 3, 229.0,316.0,1
3, 9, 381.0,534.0,1
9, 3, 381.0,534.0,1
3, 10, 426.0,598.0,1
10, 3, 426.0,598.0,1
3, 11, 385.0,544.0,1
11, 3, 385.0,544.0,1
3, 12, 33.0,45.0,-1
12, 3, 33.0,45.0,-1
3, 13, 331.0,454.0,1
13, 3, 331.0,454.0,1
3, 14, 547.0,748.0,-1
14, 3, 547.0,748.0,-1
3, 15, 106.0,150.0,1
15, 3, 106.0,150.0,1
3, 16, 263.0,358.0,-1
16, 3, 263.0,358.0,-1
3, 3, 0.0,0.0,1
4, 5, 48.0,54.0,-1
5, 4, 48.0,54.0,-1
4, 6, 580.0,819.0,-1
6, 4, 580.0,819.0,-1
4, 7, 548.0,558.0,1
7, 4, 548.0,558.0,1
4, 8, 405.0,566.0,1
8, 4, 405.0,566.0,1
4, 9, 295.0,376.0,-1
9, 4, 295.0,376.0,-1
4, 10, 296.0,348.0,-1
10, 4, 296.0,348.0,-1
4, 11, 240.0,294.0,-1
11, 4, 240.0,294.0,-1
4, 12, 234.0,262.0,-1
12, 4, 234.0,262.0,-1
4, 13, 533.0,704.0,-1
13, 4, 533.0,704.0,-1
4, 14, 353.0,498.0,-1
14, 4, 353.0,498.0,-1
4, 15, 125.0,144.0,-1
15, 4, 125.0,144.0,-1
4, 16, 432.0,608.0,-1
16, 4, 432.0,608.0,-1
4, 4, 0.0,0.0,1
5, 6, 542.0,766.0,-1
6, 5, 542.0,766.0,-1
5, 7, 545.0,599.0,-1
7, 5, 545.0,599.0,-1
5, 8, 364.0,512.0,1
8, 5, 364.0,512.0,1
5, 9, 308.0,416.0,-1
9, 5, 308.0,416.0,-1
5, 10, 315.0,402.0,-1
10, 5, 315.0,402.0,-1
5, 11, 262.0,347.0,1
11, 5, 262.0,347.0,1
5, 12, 187.0,208.0,-1
12, 5, 187.0,208.0,-1
5, 13, 487.0,650.0,1
13, 5, 487.0,650.0,1
5, 14, 394.0,551.0,-1
14, 5, 394.0,551.0,-1
5, 15, 81.0,103.0,-1
15, 5, 81.0,103.0,-1
5, 16, 392.0,554.0,-1
16, 5, 392.0,554.0,-1
5, 5, 0.0,0.0,1
6, 7, 467.0,597.0,1
7, 6, 467.0,597.0,1
6, 8, 183.0,254.0,-1
8, 6, 183.0,254.0,-1
6, 9, 538.0,638.0,-1
9, 6, 538.0,638.0,-1
6, 10, 836.0,1167.0,1
10, 6, 836.0,1167.0,1
6, 11, 792.0,1113.0,-1
11, 6, 792.0,1113.0,-1
6, 12, 411.0,558.0,1
12, 6, 411.0,558.0,1
6, 13, 182.0,230.0,-1
13, 6, 182.0,230.0,-1
6, 14, 933.0,1317.0,1
14, 6, 933.0,1317.0,1
6, 15, 514.0,719.0,-1
15, 6, 514.0,719.0,-1
6, 16, 151.0,212.0,1
16, 6, 151.0,212.0,1
6, 6, 0.0,0.0,1
7, 8, 459.0,648.0,-1
8, 7, 459.0,648.0,-1
7, 9, 284.0,357.0,-1
9, 7, 284.0,357.0,-1
7, 10, 839.0,886.0,1
10, 7, 839.0,886.0,1
7, 11, 782.0,832.0,-1
11, 7, 782.0,832.0,-1
7, 12, 572.0,760.0,1
12, 7, 572.0,760.0,1
7, 13, 596.0,827.0,-1
13, 7, 596.0,827.0,-1
7, 14, 820.0,1036.0,-1
14, 7, 820.0,1036.0,-1
7, 15, 585.0,701.0,-1
15, 7, 585.0,701.0,-1
7, 16, 439.0,617.0,-1
16, 7, 439.0,617.0,-1
7, 7, 0.0,0.0,1
8, 9, 427.0,466.0,-1
9, 8, 427.0,466.0,-1
8, 10, 654.0,913.0,-1
10, 8, 654.0,913.0,-1
8, 11, 610.0,859.0,-1
11, 8, 610.0,859.0,-1
8, 12, 230.0,304.0,-1
12, 8, 230.0,304.0,-1
8, 13, 160.0,179.0,-1
13, 8, 160.0,179.0,-1
8, 14, 757.0,1063.0,-1
14, 8, 757.0,1063.0,-1
8, 15, 331.0,465.0,-1
15, 8, 331.0,465.0,-1
8, 16, 37.0,42.0,-1
16, 8, 37.0,42.0,-1
8, 8, 0.0,0.0,1
9, 10, 570.0,608.0,1
10, 9, 570.0,608.0,1
9, 11, 512.0,546.0,-1
11, 9, 512.0,546.0,-1
9, 12, 413.0,578.0,-1
12, 9, 413.0,578.0,-1
9, 13, 587.0,645.0,-1
13, 9, 587.0,645.0,-1
9, 14, 537.0,679.0,-1
14, 9, 537.0,679.0,-1
9, 15, 372.0,519.0,-1
15, 9, 372.0,519.0,-1
9, 16, 431.0,435.0,1
16, 9, 431.0,435.0,1
9, 9, 0.0,0.0,1
10, 11, 58.0,62.0,1
11, 10, 58.0,62.0,1
10, 12, 432.0,609.0,-1
12, 10, 432.0,609.0,-1
10, 13, 744.0,1051.0,-1
13, 10, 744.0,1051.0,-1
10, 14, 218.0,270.0,-1
14, 10, 218.0,270.0,-1
10, 15, 324.0,449.0,1
15, 10, 324.0,449.0,1
10, 16, 686.0,955.0,-1
16, 10, 686.0,955.0,-1
10, 10, 0.0,0.0,1
11, 12, 393.0,555.0,-1
12, 11, 393.0,555.0,-1
11, 13, 708.0,997.0,-1
13, 11, 708.0,997.0,-1
11, 14, 206.0,208.0,1
14, 11, 206.0,208.0,1
11, 15, 280.0,394.0,-1
15, 11, 280.0,394.0,-1
11, 16, 642.0,901.0,-1
16, 11, 642.0,901.0,-1
11, 11, 0.0,0.0,1
12, 13, 316.0,442.0,-1
13, 12, 316.0,442.0,-1
12, 14, 563.0,759.0,-1
14, 12, 563.0,759.0,-1
12, 15, 122.0,161.0,-1
15, 12, 122.0,161.0,-1
12, 16, 265.0,346.0,-1
16, 12, 265.0,346.0,-1
12, 12, 0.0,0.0,1
13, 14, 877.0,1201.0,1
14, 13, 877.0,1201.0,1
13, 15, 436.0,603.0,-1
15, 13, 436.0,603.0,-1
13, 16, 164.0,210.0,1
16, 13, 164.0,210.0,1
13, 13, 0.0,0.0,1
14, 15, 442.0,599.0,1
15, 14, 442.0,599.0,1
14, 16, 784.0,1105.0,-1
16, 14, 784.0,1105.0,-1
14, 14, 0.0,0.0,1
15, 16, 363.0,507.0,-1
16, 15, 363.0,507.0,-1
15, 15, 0.0,0.0,1
16, 16, 0.0,0.0,1


<end>