<number of nodes>
16

<ratio of available edges>
0.3

<max length of the drone flight>
100000 

<D 2/3>
1, 3, 5, 7, 8, 9, 10, 11, 12, 13, 15

<V>
3, 10, 11, 12, 13

<coordinates X,Y>
703.2775484902894, 80.88550692008816
984.31981566251, 408.28919226067666
139.32036574633815, 510.8908521829844
69.3846301570803, 849.1436911310243
537.2602057257926, 734.2867216754042
550.6899319102241, 830.1358780237657
618.1642894571916, 556.7845493083972
898.6292767717774, 946.8539129209697
475.3345520334664, 94.04423998734559
944.4261471255031, 670.5340270927959
104.77876886136563, 822.6316542784213
326.83724362697785, 762.471879809714
692.7628694839145, 691.2353389098956
38.566012027444636, 514.1228494485713
724.6270139945264, 668.3457387831218
463.63045957291166, 37.99604455671052

<adjacency matrix with truck distances>
1, 2, 432.0,609.0,-1
2, 1, 432.0,609.0,-1
1, 3, 710.0,994.0,1
3, 1, 710.0,994.0,1
1, 4, 997.0,1403.0,-1
4, 1, 997.0,1403.0,-1
1, 5, 675.0,820.0,-1
5, 1, 675.0,820.0,-1
1, 6, 765.0,902.0,1
6, 1, 765.0,902.0,1
1, 7, 484.0,562.0,-1
7, 1, 484.0,562.0,-1
1, 8, 888.0,1062.0,1
8, 1, 888.0,1062.0,1
1, 9, 229.0,242.0,1
9, 1, 229.0,242.0,1
1, 10, 638.0,831.0,-1
10, 1, 638.0,831.0,-1
1, 11, 954.0,1341.0,-1
11, 1, 954.0,1341.0,-1
1, 12, 779.0,1059.0,-1
12, 1, 779.0,1059.0,-1
1, 13, 611.0,621.0,-1
13, 1, 611.0,621.0,-1
1, 14, 794.0,1098.0,1
14, 1, 794.0,1098.0,1
1, 15, 588.0,609.0,-1
15, 1, 588.0,609.0,-1
1, 16, 244.0,283.0,-1
16, 1, 244.0,283.0,-1
1, 1, 0.0,0.0,1
2, 3, 852.0,948.0,1
3, 2, 852.0,948.0,1
2, 4, 1016.0,1356.0,1
4, 2, 1016.0,1356.0,1
2, 5, 554.0,774.0,-1
5, 2, 554.0,774.0,-1
2, 6, 605.0,856.0,-1
6, 2, 605.0,856.0,-1
2, 7, 396.0,515.0,1
7, 2, 396.0,515.0,1
2, 8, 546.0,625.0,1
8, 2, 546.0,625.0,1
2, 9, 599.0,824.0,-1
9, 2, 599.0,824.0,-1
2, 10, 266.0,303.0,-1
10, 2, 266.0,303.0,-1
2, 11, 973.0,1294.0,1
11, 2, 973.0,1294.0,1
2, 12, 747.0,1012.0,-1
12, 2, 747.0,1012.0,-1
2, 13, 407.0,575.0,-1
13, 2, 407.0,575.0,-1
2, 14, 952.0,1052.0,1
14, 2, 952.0,1052.0,1
2, 15, 368.0,520.0,-1
15, 2, 368.0,520.0,-1
2, 16, 639.0,891.0,-1
16, 2, 639.0,891.0,-1
2, 2, 0.0,0.0,1
3, 4, 346.0,409.0,-1
4, 3, 346.0,409.0,-1
3, 5, 457.0,622.0,-1
5, 3, 457.0,622.0,-1
3, 6, 521.0,731.0,-1
6, 3, 521.0,731.0,-1
3, 7, 482.0,525.0,-1
7, 3, 482.0,525.0,-1
3, 8, 876.0,1196.0,-1
8, 3, 876.0,1196.0,-1
3, 9, 536.0,753.0,-1
9, 3, 536.0,753.0,-1
3, 10, 821.0,965.0,-1
10, 3, 821.0,965.0,-1
3, 11, 314.0,347.0,-1
11, 3, 314.0,347.0,-1
3, 12, 314.0,440.0,-1
12, 3, 314.0,440.0,-1
3, 13, 583.0,734.0,1
13, 3, 583.0,734.0,1
3, 14, 101.0,104.0,-1
14, 3, 101.0,104.0,-1
3, 15, 607.0,743.0,1
15, 3, 607.0,743.0,1
3, 16, 574.0,798.0,-1
16, 3, 574.0,798.0,-1
3, 3, 0.0,0.0,1
4, 5, 482.0,583.0,1
5, 4, 482.0,583.0,1
4, 6, 482.0,501.0,-1
6, 4, 482.0,501.0,-1
4, 7, 622.0,842.0,-1
7, 4, 622.0,842.0,-1
4, 8, 835.0,927.0,-1
8, 4, 835.0,927.0,-1
4, 9, 858.0,1162.0,-1
9, 4, 858.0,1162.0,-1
4, 10, 894.0,1054.0,-1
10, 4, 894.0,1054.0,-1
4, 11, 45.0,62.0,1
11, 4, 45.0,62.0,1
4, 12, 272.0,345.0,-1
12, 4, 272.0,345.0,-1
4, 13, 644.0,782.0,-1
13, 4, 644.0,782.0,-1
4, 14, 337.0,366.0,-1
14, 4, 337.0,366.0,-1
4, 15, 680.0,837.0,1
15, 4, 680.0,837.0,1
4, 16, 902.0,1206.0,-1
16, 4, 902.0,1206.0,-1
4, 4, 0.0,0.0,1
5, 6, 97.0,110.0,-1
6, 5, 97.0,110.0,-1
5, 7, 196.0,259.0,1
7, 5, 196.0,259.0,1
5, 8, 420.0,574.0,1
8, 5, 420.0,574.0,1
5, 9, 644.0,703.0,-1
9, 5, 644.0,703.0,-1
5, 10, 413.0,471.0,1
10, 5, 413.0,471.0,1
5, 11, 442.0,521.0,1
11, 5, 442.0,521.0,1
5, 12, 213.0,239.0,-1
12, 5, 213.0,239.0,-1
5, 13, 162.0,199.0,-1
13, 5, 162.0,199.0,-1
5, 14, 546.0,719.0,-1
14, 5, 546.0,719.0,-1
5, 15, 199.0,254.0,-1
15, 5, 199.0,254.0,-1
5, 16, 701.0,770.0,1
16, 5, 701.0,770.0,1
5, 5, 0.0,0.0,1
6, 7, 282.0,341.0,-1
7, 6, 282.0,341.0,-1
6, 8, 367.0,465.0,1
8, 6, 367.0,465.0,1
6, 9, 740.0,812.0,-1
9, 6, 740.0,812.0,-1
6, 10, 425.0,554.0,-1
10, 6, 425.0,554.0,-1
6, 11, 446.0,454.0,-1
11, 6, 446.0,454.0,-1
6, 12, 234.0,292.0,-1
12, 6, 234.0,292.0,-1
6, 13, 199.0,281.0,-1
13, 6, 199.0,281.0,-1
6, 14, 602.0,829.0,-1
14, 6, 602.0,829.0,-1
6, 15, 238.0,336.0,1
15, 6, 238.0,336.0,1
6, 16, 797.0,880.0,-1
16, 6, 797.0,880.0,-1
6, 6, 0.0,0.0,1
7, 8, 481.0,671.0,-1
8, 7, 481.0,671.0,-1
7, 9, 485.0,606.0,1
9, 7, 485.0,606.0,1
7, 10, 346.0,441.0,-1
10, 7, 346.0,441.0,-1
7, 11, 579.0,780.0,-1
11, 7, 579.0,780.0,-1
7, 12, 357.0,498.0,1
12, 7, 357.0,498.0,1
7, 13, 154.0,210.0,-1
13, 7, 154.0,210.0,-1
7, 14, 582.0,623.0,-1
14, 7, 582.0,623.0,-1
7, 15, 155.0,219.0,-1
15, 7, 155.0,219.0,-1
7, 16, 542.0,674.0,-1
16, 7, 542.0,674.0,-1
7, 7, 0.0,0.0,1
8, 9, 953.0,1277.0,-1
9, 8, 953.0,1277.0,-1
8, 10, 281.0,323.0,-1
10, 8, 281.0,323.0,-1
8, 11, 804.0,919.0,-1
11, 8, 804.0,919.0,-1
8, 12, 601.0,757.0,1
12, 8, 601.0,757.0,1
8, 13, 329.0,462.0,1
13, 8, 329.0,462.0,1
8, 14, 963.0,1293.0,-1
14, 8, 963.0,1293.0,-1
8, 15, 329.0,453.0,-1
15, 8, 329.0,453.0,-1
8, 16, 1008.0,1344.0,-1
16, 8, 1008.0,1344.0,-1
8, 8, 0.0,0.0,1
9, 10, 744.0,1046.0,-1
10, 9, 744.0,1046.0,-1
9, 11, 818.0,1100.0,-1
11, 9, 818.0,1100.0,-1
9, 12, 685.0,817.0,-1
12, 9, 685.0,817.0,-1
9, 13, 636.0,815.0,1
13, 9, 636.0,815.0,1
9, 14, 606.0,857.0,-1
14, 9, 606.0,857.0,-1
9, 15, 627.0,824.0,-1
15, 9, 627.0,824.0,-1
9, 16, 58.0,68.0,-1
16, 9, 58.0,68.0,-1
9, 9, 0.0,0.0,1
10, 11, 854.0,992.0,-1
11, 10, 854.0,992.0,-1
10, 12, 625.0,710.0,-1
12, 10, 625.0,710.0,-1
10, 13, 253.0,273.0,1
13, 10, 253.0,273.0,1
10, 14, 920.0,1063.0,1
14, 10, 920.0,1063.0,1
10, 15, 220.0,222.0,-1
15, 10, 220.0,222.0,-1
10, 16, 795.0,1114.0,-1
16, 10, 795.0,1114.0,-1
10, 10, 0.0,0.0,1
11, 12, 231.0,283.0,-1
12, 11, 231.0,283.0,-1
11, 13, 603.0,720.0,-1
13, 11, 603.0,720.0,-1
11, 14, 316.0,375.0,1
14, 11, 316.0,375.0,1
11, 15, 639.0,775.0,1
15, 11, 639.0,775.0,1
11, 16, 863.0,1144.0,-1
16, 11, 863.0,1144.0,-1
11, 11, 0.0,0.0,1
12, 13, 373.0,438.0,-1
13, 12, 373.0,438.0,-1
12, 14, 381.0,537.0,1
14, 12, 381.0,537.0,1
12, 15, 409.0,492.0,-1
15, 12, 409.0,492.0,-1
12, 16, 738.0,862.0,-1
16, 12, 738.0,862.0,-1
12, 12, 0.0,0.0,1
13, 14, 678.0,832.0,-1
14, 13, 678.0,832.0,-1
13, 15, 40.0,55.0,1
15, 13, 40.0,55.0,1
13, 16, 693.0,883.0,1
16, 13, 693.0,883.0,1
13, 13, 0.0,0.0,1
14, 15, 704.0,841.0,-1
15, 14, 704.0,841.0,-1
14, 16, 639.0,902.0,1
16, 14, 639.0,902.0,1
14, 14, 0.0,0.0,1
15, 16, 683.0,892.0,-1
16, 15, 683.0,892.0,-1
15, 15, 0.0,0.0,1
16, 16, 0.0,0.0,1


<end>