<number of nodes>
16

<ratio of available edges>
0.3

<max length of the drone flight>
100000 

<D 2/3>
1, 2, 4, 6, 7, 9, 11, 12, 14, 15, 16

<V>
2, 4, 11, 14, 15

<coordinates X,Y>
895.8012991902468, 186.6841465196787
243.36097839435402, 347.9050705267671
550.8720617789161, 624.4576556520689
24.620352708574003, 479.2968496032029
609.0381623427918, 712.9276578806652
145.28016528701787, 499.0465725119138
238.91183922353645, 848.4237960651179
77.18993721519995, 358.66541042483914
2.4441128418671045, 125.60684655186944
375.8987926633998, 615.4650046629929
230.66572362064807, 378.0562272737374
107.6247838929724, 405.1303056094803
169.94767123404424, 951.4189119325547
241.46166789830156, 995.2887755137801
77.58879803894648, 351.41299845666
410.7693295239417, 395.28984362330607

<adjacency matrix with truck distances>
1, 2, 673.0,814.0,1
2, 1, 673.0,814.0,1
1, 3, 558.0,783.0,-1
3, 1, 558.0,783.0,-1
1, 4, 920.0,1164.0,-1
4, 1, 920.0,1164.0,-1
1, 5, 600.0,814.0,1
5, 1, 600.0,814.0,1
1, 6, 813.0,1063.0,-1
6, 1, 813.0,1063.0,-1
1, 7, 933.0,1319.0,-1
7, 1, 933.0,1319.0,-1
1, 8, 837.0,991.0,-1
8, 1, 837.0,991.0,-1
1, 9, 896.0,955.0,-1
9, 1, 896.0,955.0,-1
1, 10, 674.0,949.0,-1
10, 1, 674.0,949.0,-1
1, 11, 693.0,857.0,1
11, 1, 693.0,857.0,1
1, 12, 818.0,1007.0,-1
12, 1, 818.0,1007.0,-1
1, 13, 1055.0,1491.0,-1
13, 1, 1055.0,1491.0,-1
1, 14, 1041.0,1463.0,-1
14, 1, 1041.0,1463.0,-1
1, 15, 835.0,983.0,-1
15, 1, 835.0,983.0,-1
1, 16, 528.0,694.0,1
16, 1, 528.0,694.0,1
1, 1, 0.0,0.0,1
2, 3, 414.0,585.0,-1
3, 2, 414.0,585.0,-1
2, 4, 256.0,351.0,-1
4, 2, 256.0,351.0,-1
2, 5, 517.0,731.0,-1
5, 2, 517.0,731.0,-1
2, 6, 181.0,250.0,1
6, 2, 181.0,250.0,1
2, 7, 501.0,505.0,1
7, 2, 501.0,505.0,1
2, 8, 167.0,177.0,-1
8, 2, 167.0,177.0,-1
2, 9, 328.0,464.0,-1
9, 2, 328.0,464.0,-1
2, 10, 299.0,401.0,-1
10, 2, 299.0,401.0,-1
2, 11, 33.0,43.0,1
11, 2, 33.0,43.0,1
2, 12, 148.0,193.0,-1
12, 2, 148.0,193.0,-1
2, 13, 608.0,677.0,-1
13, 2, 608.0,677.0,-1
2, 14, 648.0,650.0,-1
14, 2, 648.0,650.0,-1
2, 15, 166.0,170.0,-1
15, 2, 166.0,170.0,-1
2, 16, 174.0,215.0,-1
16, 2, 174.0,215.0,-1
2, 2, 0.0,0.0,1
3, 4, 546.0,672.0,-1
4, 3, 546.0,672.0,-1
3, 5, 106.0,147.0,-1
5, 3, 106.0,147.0,-1
3, 6, 425.0,532.0,-1
6, 3, 425.0,532.0,-1
3, 7, 385.0,536.0,1
7, 3, 385.0,536.0,1
3, 8, 544.0,740.0,-1
8, 3, 544.0,740.0,-1
3, 9, 742.0,1048.0,-1
9, 3, 742.0,1048.0,-1
3, 10, 176.0,184.0,1
10, 3, 176.0,184.0,1
3, 11, 405.0,567.0,-1
11, 3, 405.0,567.0,-1
3, 12, 495.0,663.0,1
12, 3, 495.0,663.0,1
3, 13, 503.0,708.0,1
13, 3, 503.0,708.0,1
3, 14, 483.0,681.0,1
14, 3, 483.0,681.0,1
3, 15, 547.0,747.0,-1
15, 3, 547.0,747.0,-1
3, 16, 269.0,370.0,1
16, 3, 269.0,370.0,1
3, 3, 0.0,0.0,1
4, 5, 630.0,819.0,-1
5, 4, 630.0,819.0,-1
4, 6, 123.0,141.0,1
6, 4, 123.0,141.0,1
4, 7, 427.0,584.0,1
7, 4, 427.0,584.0,1
4, 8, 132.0,174.0,-1
8, 4, 132.0,174.0,-1
4, 9, 355.0,376.0,-1
9, 4, 355.0,376.0,-1
4, 10, 377.0,488.0,1
10, 4, 377.0,488.0,1
4, 11, 230.0,308.0,-1
11, 4, 230.0,308.0,-1
4, 12, 112.0,158.0,1
12, 4, 112.0,158.0,1
4, 13, 494.0,618.0,-1
13, 4, 494.0,618.0,-1
4, 14, 560.0,733.0,-1
14, 4, 560.0,733.0,-1
4, 15, 139.0,181.0,-1
15, 4, 139.0,181.0,-1
4, 16, 396.0,471.0,-1
16, 4, 396.0,471.0,-1
4, 4, 0.0,0.0,1
5, 6, 511.0,678.0,-1
6, 5, 511.0,678.0,-1
5, 7, 395.0,506.0,-1
7, 5, 395.0,506.0,-1
5, 8, 640.0,887.0,1
8, 5, 640.0,887.0,1
5, 9, 845.0,1194.0,-1
9, 5, 845.0,1194.0,-1
5, 10, 253.0,331.0,-1
10, 5, 253.0,331.0,-1
5, 11, 506.0,714.0,1
11, 5, 506.0,714.0,1
5, 12, 589.0,810.0,1
12, 5, 589.0,810.0,1
5, 13, 500.0,678.0,-1
13, 5, 500.0,678.0,-1
5, 14, 464.0,650.0,-1
14, 5, 464.0,650.0,-1
5, 15, 643.0,893.0,1
15, 5, 643.0,893.0,1
5, 16, 375.0,516.0,-1
16, 5, 375.0,516.0,-1
5, 5, 0.0,0.0,1
6, 7, 362.0,444.0,1
7, 6, 362.0,444.0,1
6, 8, 157.0,209.0,1
8, 6, 157.0,209.0,1
6, 9, 400.0,517.0,1
9, 6, 400.0,517.0,1
6, 10, 259.0,348.0,-1
10, 6, 259.0,348.0,-1
6, 11, 149.0,207.0,-1
11, 6, 149.0,207.0,-1
6, 12, 102.0,132.0,-1
12, 6, 102.0,132.0,-1
6, 13, 454.0,478.0,-1
13, 6, 454.0,478.0,-1
6, 14, 506.0,593.0,-1
14, 6, 506.0,593.0,-1
6, 15, 163.0,216.0,-1
15, 6, 163.0,216.0,-1
6, 16, 286.0,370.0,-1
16, 6, 286.0,370.0,-1
6, 6, 0.0,0.0,1
7, 8, 516.0,652.0,1
8, 7, 516.0,652.0,1
7, 9, 761.0,960.0,-1
9, 7, 761.0,960.0,-1
7, 10, 271.0,370.0,1
10, 7, 271.0,370.0,1
7, 11, 471.0,479.0,-1
11, 7, 471.0,479.0,-1
7, 12, 463.0,575.0,-1
12, 7, 463.0,575.0,-1
7, 13, 124.0,172.0,1
13, 7, 124.0,172.0,1
7, 14, 147.0,150.0,1
14, 7, 147.0,150.0,1
7, 15, 523.0,659.0,-1
15, 7, 523.0,659.0,-1
7, 16, 485.0,625.0,-1
16, 7, 485.0,625.0,-1
7, 7, 0.0,0.0,1
8, 9, 245.0,308.0,-1
9, 8, 245.0,308.0,-1
8, 10, 394.0,556.0,-1
10, 8, 394.0,556.0,-1
8, 11, 155.0,173.0,-1
11, 8, 155.0,173.0,-1
8, 12, 56.0,77.0,-1
12, 8, 56.0,77.0,-1
8, 13, 600.0,686.0,-1
13, 8, 600.0,686.0,-1
8, 14, 658.0,801.0,-1
14, 8, 658.0,801.0,-1
8, 15, 8.0,8.0,-1
15, 8, 8.0,8.0,-1
8, 16, 336.0,371.0,-1
16, 8, 336.0,371.0,-1
8, 8, 0.0,0.0,1
9, 10, 616.0,864.0,-1
10, 9, 616.0,864.0,-1
9, 11, 341.0,481.0,-1
11, 9, 341.0,481.0,-1
9, 12, 299.0,385.0,-1
12, 9, 299.0,385.0,-1
9, 13, 843.0,994.0,-1
13, 9, 843.0,994.0,-1
9, 14, 902.0,1109.0,1
14, 9, 902.0,1109.0,1
9, 15, 238.0,301.0,-1
15, 9, 238.0,301.0,-1
9, 16, 490.0,679.0,-1
16, 9, 490.0,679.0,-1
9, 9, 0.0,0.0,1
10, 11, 279.0,383.0,-1
11, 10, 279.0,383.0,-1
10, 12, 341.0,479.0,1
12, 10, 341.0,479.0,1
10, 13, 395.0,542.0,-1
13, 10, 395.0,542.0,-1
10, 14, 403.0,515.0,-1
14, 10, 403.0,515.0,-1
10, 15, 399.0,563.0,1
15, 10, 399.0,563.0,1
10, 16, 223.0,256.0,-1
16, 10, 223.0,256.0,-1
10, 10, 0.0,0.0,1
11, 12, 126.0,151.0,-1
12, 11, 126.0,151.0,-1
11, 13, 577.0,635.0,-1
13, 11, 577.0,635.0,-1
11, 14, 618.0,629.0,1
14, 11, 618.0,629.0,1
11, 15, 156.0,180.0,-1
15, 11, 156.0,180.0,-1
11, 16, 181.0,198.0,-1
16, 11, 181.0,198.0,-1
11, 11, 0.0,0.0,1
12, 13, 550.0,609.0,1
13, 12, 550.0,609.0,1
12, 14, 606.0,724.0,1
14, 12, 606.0,724.0,1
12, 15, 62.0,84.0,-1
15, 12, 62.0,84.0,-1
12, 16, 304.0,313.0,-1
16, 12, 304.0,313.0,-1
12, 12, 0.0,0.0,1
13, 14, 84.0,116.0,-1
14, 13, 84.0,116.0,-1
13, 15, 608.0,693.0,-1
15, 13, 608.0,693.0,-1
13, 16, 607.0,797.0,-1
16, 13, 607.0,797.0,-1
13, 13, 0.0,0.0,1
14, 15, 665.0,808.0,1
15, 14, 665.0,808.0,1
14, 16, 624.0,770.0,-1
16, 14, 624.0,770.0,-1
14, 14, 0.0,0.0,1
15, 16, 337.0,378.0,1
16, 15, 337.0,378.0,1
15, 15, 0.0,0.0,1
16, 16, 0.0,0.0,1


<end>