<number of nodes>
16

<ratio of available edges>
0.3

<max length of the drone flight>
100000 

<D 2/3>
1, 2, 3, 4, 6, 7, 8, 9, 12, 13, 15

<V>
2, 4, 6, 9, 13

<coordinates X,Y>
950.0326922050751, 140.53832917710452
215.37542042986377, 409.61338361058773
556.1974953143174, 952.2497974481277
40.98528740814813, 343.5359793321337
291.90221005628973, 343.0934592153127
312.5932708097465, 360.8225574740702
940.0331944365407, 144.56225497563986
401.61712881942566, 733.6874528873385
561.0154723553428, 26.18245684996964
191.47574244572027, 376.0055912748081
899.8960040178998, 319.8155039180078
125.89639036941372, 298.6838003120714
255.10210965699852, 792.2197050574148
856.4242246286143, 170.5368757593578
184.21981988153644, 918.8463438213536
24.40867366948083, 613.8135963717461

<adjacency matrix with truck distances>
1, 2, 783.0,1004.0,-1
2, 1, 783.0,1004.0,-1
1, 3, 903.0,1206.0,-1
3, 1, 903.0,1206.0,-1
1, 4, 932.0,1113.0,1
4, 1, 932.0,1113.0,1
1, 5, 689.0,861.0,-1
5, 1, 689.0,861.0,-1
1, 6, 675.0,858.0,-1
6, 1, 675.0,858.0,-1
1, 7, 11.0,15.0,-1
7, 1, 11.0,15.0,-1
1, 8, 808.0,1142.0,-1
8, 1, 808.0,1142.0,-1
1, 9, 406.0,504.0,-1
9, 1, 406.0,504.0,-1
1, 10, 795.0,995.0,-1
10, 1, 795.0,995.0,-1
1, 11, 187.0,230.0,1
11, 1, 187.0,230.0,1
1, 12, 840.0,983.0,1
12, 1, 840.0,983.0,1
1, 13, 953.0,1347.0,-1
13, 1, 953.0,1347.0,-1
1, 14, 99.0,124.0,-1
14, 1, 99.0,124.0,-1
1, 15, 1092.0,1545.0,1
15, 1, 1092.0,1545.0,1
1, 16, 1040.0,1399.0,-1
16, 1, 1040.0,1399.0,-1
1, 1, 0.0,0.0,1
2, 3, 641.0,884.0,-1
3, 2, 641.0,884.0,-1
2, 4, 187.0,241.0,-1
4, 2, 187.0,241.0,-1
2, 5, 102.0,144.0,-1
5, 2, 102.0,144.0,-1
2, 6, 109.0,147.0,-1
6, 2, 109.0,147.0,-1
2, 7, 772.0,990.0,-1
7, 2, 772.0,990.0,-1
2, 8, 374.0,511.0,-1
8, 2, 374.0,511.0,-1
2, 9, 517.0,730.0,-1
9, 2, 517.0,730.0,-1
2, 10, 42.0,58.0,1
10, 2, 42.0,58.0,1
2, 11, 691.0,775.0,-1
11, 2, 691.0,775.0,-1
2, 12, 143.0,201.0,1
12, 2, 143.0,201.0,1
2, 13, 385.0,423.0,-1
13, 2, 385.0,423.0,-1
2, 14, 685.0,881.0,-1
14, 2, 685.0,881.0,-1
2, 15, 511.0,541.0,1
15, 2, 511.0,541.0,1
2, 16, 280.0,396.0,-1
16, 2, 280.0,396.0,-1
2, 2, 0.0,0.0,1
3, 4, 798.0,1124.0,-1
4, 3, 798.0,1124.0,-1
3, 5, 665.0,874.0,1
5, 3, 665.0,874.0,1
3, 6, 640.0,836.0,1
6, 3, 640.0,836.0,1
3, 7, 895.0,1192.0,-1
7, 3, 895.0,1192.0,-1
3, 8, 268.0,374.0,1
8, 3, 268.0,374.0,1
3, 9, 927.0,931.0,-1
9, 3, 927.0,931.0,-1
3, 10, 682.0,941.0,-1
10, 3, 682.0,941.0,-1
3, 11, 720.0,977.0,-1
11, 3, 720.0,977.0,-1
3, 12, 783.0,1084.0,-1
12, 3, 783.0,1084.0,-1
3, 13, 341.0,462.0,1
13, 3, 341.0,462.0,1
3, 14, 838.0,1082.0,-1
14, 3, 838.0,1082.0,-1
3, 15, 374.0,406.0,1
15, 3, 374.0,406.0,1
3, 16, 631.0,871.0,1
16, 3, 631.0,871.0,1
3, 3, 0.0,0.0,1
4, 5, 251.0,252.0,1
5, 4, 251.0,252.0,1
4, 6, 273.0,289.0,-1
6, 4, 273.0,289.0,-1
4, 7, 921.0,1099.0,-1
7, 4, 921.0,1099.0,-1
4, 8, 532.0,751.0,1
8, 4, 532.0,751.0,1
4, 9, 610.0,838.0,-1
9, 4, 610.0,838.0,-1
4, 10, 154.0,183.0,-1
10, 4, 154.0,183.0,-1
4, 11, 860.0,883.0,-1
11, 4, 860.0,883.0,-1
4, 12, 97.0,130.0,-1
12, 4, 97.0,130.0,-1
4, 13, 498.0,663.0,-1
13, 4, 498.0,663.0,-1
4, 14, 834.0,989.0,-1
14, 4, 834.0,989.0,-1
4, 15, 593.0,719.0,-1
15, 4, 593.0,719.0,-1
4, 16, 271.0,287.0,1
16, 4, 271.0,287.0,1
4, 4, 0.0,0.0,1
5, 6, 28.0,39.0,1
6, 5, 28.0,39.0,1
5, 7, 678.0,847.0,-1
7, 5, 678.0,847.0,-1
5, 8, 406.0,501.0,-1
8, 5, 406.0,501.0,-1
5, 9, 416.0,587.0,1
9, 5, 416.0,587.0,1
5, 10, 106.0,134.0,1
10, 5, 106.0,134.0,1
5, 11, 609.0,632.0,-1
11, 5, 609.0,632.0,-1
5, 12, 172.0,211.0,-1
12, 5, 172.0,211.0,-1
5, 13, 451.0,486.0,-1
13, 5, 451.0,486.0,-1
5, 14, 591.0,738.0,-1
14, 5, 591.0,738.0,-1
5, 15, 586.0,684.0,-1
15, 5, 586.0,684.0,-1
5, 16, 381.0,539.0,-1
16, 5, 381.0,539.0,-1
5, 5, 0.0,0.0,1
6, 7, 664.0,844.0,1
7, 6, 664.0,844.0,1
6, 8, 384.0,462.0,-1
8, 6, 384.0,462.0,-1
6, 9, 417.0,584.0,-1
9, 6, 417.0,584.0,-1
6, 10, 123.0,137.0,-1
10, 6, 123.0,137.0,-1
6, 11, 589.0,629.0,-1
11, 6, 589.0,629.0,-1
6, 12, 197.0,249.0,-1
12, 6, 197.0,249.0,-1
6, 13, 436.0,489.0,-1
13, 6, 436.0,489.0,-1
6, 14, 577.0,735.0,-1
14, 6, 577.0,735.0,-1
6, 15, 573.0,687.0,-1
15, 6, 573.0,687.0,-1
6, 16, 384.0,542.0,-1
16, 6, 384.0,542.0,-1
6, 6, 0.0,0.0,1
7, 8, 799.0,1128.0,-1
8, 7, 799.0,1128.0,-1
7, 9, 398.0,498.0,-1
9, 7, 398.0,498.0,-1
7, 10, 784.0,981.0,-1
10, 7, 784.0,981.0,-1
7, 11, 180.0,216.0,-1
11, 7, 180.0,216.0,-1
7, 12, 829.0,969.0,1
12, 7, 829.0,969.0,1
7, 13, 943.0,1333.0,1
13, 7, 943.0,1333.0,1
7, 14, 88.0,110.0,1
14, 7, 88.0,110.0,1
7, 15, 1083.0,1531.0,-1
15, 7, 1083.0,1531.0,-1
7, 16, 1029.0,1385.0,1
16, 7, 1029.0,1385.0,1
7, 7, 0.0,0.0,1
8, 9, 726.0,867.0,-1
9, 8, 726.0,867.0,-1
8, 10, 415.0,568.0,-1
10, 8, 415.0,568.0,-1
8, 11, 648.0,913.0,-1
11, 8, 648.0,913.0,-1
8, 12, 516.0,711.0,-1
12, 8, 516.0,711.0,-1
8, 13, 158.0,206.0,-1
13, 8, 158.0,206.0,-1
8, 14, 724.0,1018.0,1
14, 8, 724.0,1018.0,1
8, 15, 286.0,403.0,1
15, 8, 286.0,403.0,1
8, 16, 396.0,498.0,1
16, 8, 396.0,498.0,1
8, 8, 0.0,0.0,1
9, 10, 509.0,720.0,-1
10, 9, 509.0,720.0,-1
9, 11, 449.0,633.0,-1
11, 9, 449.0,633.0,-1
9, 12, 514.0,708.0,-1
12, 9, 514.0,708.0,-1
9, 13, 825.0,1072.0,1
13, 9, 825.0,1072.0,1
9, 14, 329.0,440.0,1
14, 9, 329.0,440.0,1
9, 15, 969.0,1270.0,-1
15, 9, 969.0,1270.0,-1
9, 16, 796.0,1125.0,-1
16, 9, 796.0,1125.0,-1
9, 9, 0.0,0.0,1
10, 11, 711.0,765.0,-1
11, 10, 711.0,765.0,-1
10, 12, 102.0,143.0,-1
12, 10, 102.0,143.0,-1
10, 13, 422.0,480.0,1
13, 10, 422.0,480.0,1
10, 14, 696.0,871.0,-1
14, 10, 696.0,871.0,-1
10, 15, 543.0,551.0,-1
15, 10, 543.0,551.0,-1
10, 16, 291.0,405.0,1
16, 10, 291.0,405.0,1
10, 10, 0.0,0.0,1
11, 12, 775.0,796.0,-1
12, 11, 775.0,796.0,-1
11, 13, 800.0,1118.0,-1
13, 11, 800.0,1118.0,-1
11, 14, 156.0,193.0,-1
14, 11, 156.0,193.0,-1
11, 15, 934.0,1315.0,-1
15, 11, 934.0,1315.0,-1
11, 16, 924.0,1170.0,1
16, 11, 924.0,1170.0,1
11, 11, 0.0,0.0,1
12, 13, 511.0,623.0,-1
13, 12, 511.0,623.0,-1
12, 14, 742.0,859.0,1
14, 12, 742.0,859.0,1
12, 15, 623.0,679.0,1
15, 12, 623.0,679.0,1
12, 16, 332.0,417.0,1
16, 12, 332.0,417.0,1
12, 12, 0.0,0.0,1
13, 14, 865.0,1224.0,-1
14, 13, 865.0,1224.0,-1
13, 15, 146.0,198.0,-1
15, 13, 146.0,198.0,-1
13, 16, 292.0,410.0,-1
16, 13, 292.0,410.0,-1
13, 13, 0.0,0.0,1
14, 15, 1006.0,1421.0,-1
15, 14, 1006.0,1421.0,-1
14, 16, 943.0,1276.0,1
16, 14, 943.0,1276.0,1
14, 14, 0.0,0.0,1
15, 16, 345.0,465.0,-1
16, 15, 345.0,465.0,-1
15, 15, 0.0,0.0,1
16, 16, 0.0,0.0,1


<end>