<number of nodes>
16

<ratio of available edges>
0.3

<max length of the drone flight>
100000 

<D 2/3>
1, 2, 4, 7, 8, 9, 10, 12, 13, 15, 16

<V>
2, 7, 9, 15, 16

<coordinates X,Y>
97.41558388160756, 746.1797787689839
261.0342320417479, 760.6822283222889
172.89781748245468, 792.7606247087324
528.3974289434153, 435.3516094257553
165.3210700032566, 667.0128367511284
443.3978979848922, 530.8190808382041
119.15412170792915, 380.94486273841443
126.75325900596324, 391.65557712820123
652.3321720326611, 507.13173325145493
521.673590533671, 217.8776227774507
684.1337118091636, 833.5152236511202
874.3019198121091, 269.1582681355868
395.0184149938671, 703.0908652469243
896.3720009433645, 131.70851541411602
624.8049024318559, 42.17250421437341
718.5511463517485, 989.87506245364

<adjacency matrix with truck distances>
1, 2, 165.0,179.0,-1
2, 1, 165.0,179.0,-1
1, 3, 89.0,123.0,-1
3, 1, 89.0,123.0,-1
1, 4, 532.0,742.0,-1
4, 1, 532.0,742.0,-1
1, 5, 105.0,148.0,1
5, 1, 105.0,148.0,1
1, 6, 408.0,562.0,1
6, 1, 408.0,562.0,1
1, 7, 366.0,387.0,-1
7, 1, 366.0,387.0,-1
1, 8, 356.0,384.0,1
8, 1, 356.0,384.0,1
1, 9, 605.0,794.0,-1
9, 1, 605.0,794.0,-1
1, 10, 678.0,953.0,1
10, 1, 678.0,953.0,1
1, 11, 594.0,675.0,1
11, 1, 594.0,675.0,1
1, 12, 912.0,1254.0,-1
12, 1, 912.0,1254.0,-1
1, 13, 301.0,341.0,1
13, 1, 301.0,341.0,1
1, 14, 1008.0,1414.0,-1
14, 1, 1008.0,1414.0,-1
1, 15, 880.0,1232.0,1
15, 1, 880.0,1232.0,1
1, 16, 668.0,865.0,-1
16, 1, 668.0,865.0,-1
1, 1, 0.0,0.0,1
2, 3, 94.0,121.0,1
3, 2, 94.0,121.0,1
2, 4, 422.0,593.0,-1
4, 2, 422.0,593.0,-1
2, 5, 134.0,190.0,-1
5, 2, 134.0,190.0,-1
2, 6, 294.0,413.0,-1
6, 2, 294.0,413.0,-1
2, 7, 406.0,522.0,-1
7, 2, 406.0,522.0,-1
2, 8, 393.0,504.0,-1
8, 2, 393.0,504.0,-1
2, 9, 467.0,645.0,-1
9, 2, 467.0,645.0,-1
2, 10, 603.0,804.0,-1
10, 2, 603.0,804.0,-1
2, 11, 430.0,496.0,-1
11, 2, 430.0,496.0,-1
2, 12, 786.0,1105.0,1
12, 2, 786.0,1105.0,1
2, 13, 146.0,192.0,-1
13, 2, 146.0,192.0,-1
2, 14, 895.0,1265.0,1
14, 2, 895.0,1265.0,1
2, 15, 806.0,1083.0,-1
15, 2, 806.0,1083.0,-1
2, 16, 512.0,687.0,-1
16, 2, 512.0,687.0,-1
2, 2, 0.0,0.0,1
3, 4, 505.0,713.0,1
4, 3, 505.0,713.0,1
3, 5, 126.0,134.0,-1
5, 3, 126.0,134.0,-1
3, 6, 377.0,533.0,-1
6, 3, 377.0,533.0,-1
3, 7, 416.0,466.0,-1
7, 3, 416.0,466.0,-1
3, 8, 404.0,448.0,-1
8, 3, 404.0,448.0,-1
3, 9, 559.0,766.0,-1
9, 3, 559.0,766.0,-1
3, 10, 673.0,924.0,1
10, 3, 673.0,924.0,1
3, 11, 513.0,552.0,-1
11, 3, 513.0,552.0,-1
3, 12, 876.0,1226.0,-1
12, 3, 876.0,1226.0,-1
3, 13, 240.0,312.0,-1
13, 3, 240.0,312.0,-1
3, 14, 981.0,1385.0,-1
14, 3, 981.0,1385.0,-1
3, 15, 877.0,1203.0,-1
15, 3, 877.0,1203.0,-1
3, 16, 581.0,743.0,-1
16, 3, 581.0,743.0,-1
3, 3, 0.0,0.0,1
4, 5, 431.0,595.0,1
5, 4, 431.0,595.0,1
4, 6, 128.0,181.0,-1
6, 4, 128.0,181.0,-1
4, 7, 413.0,464.0,-1
7, 4, 413.0,464.0,-1
4, 8, 405.0,446.0,-1
8, 4, 405.0,446.0,-1
4, 9, 144.0,196.0,1
9, 4, 144.0,196.0,1
4, 10, 218.0,225.0,-1
10, 4, 218.0,225.0,-1
4, 11, 428.0,554.0,1
11, 4, 428.0,554.0,1
4, 12, 384.0,513.0,-1
12, 4, 384.0,513.0,-1
4, 13, 300.0,402.0,-1
13, 4, 300.0,402.0,-1
4, 14, 478.0,672.0,-1
14, 4, 478.0,672.0,-1
4, 15, 405.0,490.0,1
15, 4, 405.0,490.0,1
4, 16, 587.0,745.0,-1
16, 4, 587.0,745.0,-1
4, 4, 0.0,0.0,1
5, 6, 310.0,415.0,1
6, 5, 310.0,415.0,1
5, 7, 290.0,333.0,-1
7, 5, 290.0,333.0,-1
5, 8, 279.0,314.0,-1
8, 5, 279.0,314.0,-1
5, 9, 513.0,647.0,-1
9, 5, 513.0,647.0,-1
5, 10, 574.0,806.0,-1
10, 5, 574.0,806.0,-1
5, 11, 545.0,686.0,-1
11, 5, 545.0,686.0,-1
5, 12, 813.0,1107.0,1
12, 5, 813.0,1107.0,1
5, 13, 233.0,266.0,-1
13, 5, 233.0,266.0,-1
5, 14, 907.0,1267.0,1
14, 5, 907.0,1267.0,1
5, 15, 776.0,1085.0,1
15, 5, 776.0,1085.0,1
5, 16, 641.0,877.0,-1
16, 5, 641.0,877.0,-1
5, 5, 0.0,0.0,1
6, 7, 358.0,475.0,-1
7, 6, 358.0,475.0,-1
6, 8, 346.0,456.0,-1
8, 6, 346.0,456.0,-1
6, 9, 211.0,233.0,-1
9, 6, 211.0,233.0,-1
6, 10, 323.0,392.0,-1
10, 6, 323.0,392.0,-1
6, 11, 387.0,544.0,1
11, 6, 387.0,544.0,1
6, 12, 505.0,693.0,-1
12, 6, 505.0,693.0,-1
6, 13, 179.0,221.0,-1
13, 6, 179.0,221.0,-1
6, 14, 604.0,853.0,1
14, 6, 604.0,853.0,1
6, 15, 522.0,671.0,-1
15, 6, 522.0,671.0,-1
6, 16, 536.0,735.0,1
16, 6, 536.0,735.0,1
6, 6, 0.0,0.0,1
7, 8, 14.0,19.0,-1
8, 7, 14.0,19.0,-1
7, 9, 548.0,660.0,-1
9, 7, 548.0,660.0,-1
7, 10, 435.0,566.0,-1
10, 7, 435.0,566.0,-1
7, 11, 724.0,1018.0,-1
11, 7, 724.0,1018.0,-1
7, 12, 764.0,867.0,-1
12, 7, 764.0,867.0,-1
7, 13, 425.0,599.0,-1
13, 7, 425.0,599.0,-1
7, 14, 817.0,1027.0,-1
14, 7, 817.0,1027.0,-1
7, 15, 609.0,845.0,-1
15, 7, 609.0,845.0,-1
7, 16, 855.0,1209.0,1
16, 7, 855.0,1209.0,1
7, 7, 0.0,0.0,1
8, 9, 539.0,642.0,-1
9, 8, 539.0,642.0,-1
8, 10, 432.0,569.0,1
10, 8, 432.0,569.0,1
8, 11, 712.0,1000.0,-1
11, 8, 712.0,1000.0,-1
8, 12, 758.0,871.0,-1
12, 8, 758.0,871.0,-1
8, 13, 412.0,580.0,1
13, 8, 412.0,580.0,1
8, 14, 813.0,1030.0,-1
14, 8, 813.0,1030.0,-1
8, 15, 609.0,848.0,-1
15, 8, 609.0,848.0,-1
8, 16, 842.0,1191.0,1
16, 8, 842.0,1191.0,1
8, 8, 0.0,0.0,1
9, 10, 318.0,420.0,-1
10, 9, 318.0,420.0,-1
9, 11, 328.0,359.0,1
11, 9, 328.0,359.0,1
9, 12, 326.0,460.0,-1
12, 9, 326.0,460.0,-1
9, 13, 324.0,454.0,1
13, 9, 324.0,454.0,1
9, 14, 448.0,620.0,-1
14, 9, 448.0,620.0,-1
9, 15, 466.0,493.0,1
15, 9, 466.0,493.0,1
9, 16, 488.0,549.0,-1
16, 9, 488.0,549.0,-1
9, 9, 0.0,0.0,1
10, 11, 637.0,779.0,1
11, 10, 637.0,779.0,1
10, 12, 357.0,404.0,-1
12, 10, 357.0,404.0,-1
10, 13, 502.0,612.0,1
13, 10, 502.0,612.0,1
10, 14, 385.0,461.0,-1
14, 10, 385.0,461.0,-1
10, 15, 204.0,279.0,1
15, 10, 204.0,279.0,1
10, 16, 797.0,969.0,-1
16, 10, 797.0,969.0,-1
10, 10, 0.0,0.0,1
11, 12, 596.0,755.0,-1
12, 11, 596.0,755.0,-1
11, 13, 318.0,420.0,-1
13, 11, 318.0,420.0,-1
11, 14, 734.0,915.0,1
14, 11, 734.0,915.0,1
11, 15, 794.0,851.0,-1
15, 11, 794.0,851.0,-1
11, 16, 161.0,191.0,-1
16, 11, 161.0,191.0,-1
11, 11, 0.0,0.0,1
12, 13, 647.0,914.0,1
13, 12, 647.0,914.0,1
12, 14, 140.0,160.0,-1
14, 12, 140.0,160.0,-1
12, 15, 338.0,477.0,-1
15, 12, 338.0,477.0,-1
12, 16, 738.0,877.0,-1
16, 12, 738.0,877.0,-1
12, 12, 0.0,0.0,1
13, 14, 761.0,1073.0,1
14, 13, 761.0,1073.0,1
13, 15, 700.0,891.0,-1
15, 13, 700.0,891.0,-1
13, 16, 433.0,611.0,-1
16, 13, 433.0,611.0,-1
13, 13, 0.0,0.0,1
14, 15, 286.0,362.0,-1
15, 14, 286.0,362.0,-1
14, 16, 877.0,1036.0,-1
16, 14, 877.0,1036.0,-1
14, 14, 0.0,0.0,1
15, 16, 953.0,1042.0,-1
16, 15, 953.0,1042.0,-1
15, 15, 0.0,0.0,1
16, 16, 0.0,0.0,1


<end>