<number of nodes>
16

<ratio of available edges>
0.3

<max length of the drone flight>
100000 

<D 2/3>
1, 2, 3, 4, 5, 7, 9, 10, 12, 13, 16

<V>
3, 5, 9, 10, 13

<coordinates X,Y>
321.51655248919485, 372.70736980628857
918.201930920805, 772.6723343941582
729.6704695071974, 963.0093138981282
76.66565041516586, 155.74880985394796
663.5462802422526, 504.4278953630906
782.2827574602087, 599.1290089357944
620.0757875814162, 578.5293600959087
760.6097524082702, 908.7842951037828
382.9225033862191, 984.0479383707924
848.7711796274376, 21.465482485118965
579.4381314460976, 404.75808098042586
572.2190407765019, 232.86857822232545
754.2731467741933, 230.14569395594384
266.8605482823762, 311.3656530196873
816.4397347469825, 607.1495421201158
565.892954382029, 832.3233519929493

<adjacency matrix with truck distances>
1, 2, 719.0,997.0,1
2, 1, 719.0,997.0,1
1, 3, 718.0,999.0,-1
3, 1, 718.0,999.0,-1
1, 4, 328.0,462.0,1
4, 1, 328.0,462.0,1
1, 5, 367.0,474.0,-1
5, 1, 367.0,474.0,-1
1, 6, 514.0,688.0,-1
6, 1, 514.0,688.0,-1
1, 7, 363.0,505.0,1
7, 1, 363.0,505.0,1
1, 8, 693.0,976.0,-1
8, 1, 693.0,976.0,-1
1, 9, 615.0,673.0,-1
9, 1, 615.0,673.0,-1
1, 10, 634.0,879.0,1
10, 1, 634.0,879.0,1
1, 11, 260.0,290.0,-1
11, 1, 260.0,290.0,-1
1, 12, 288.0,391.0,1
12, 1, 288.0,391.0,1
1, 13, 456.0,576.0,-1
13, 1, 456.0,576.0,-1
1, 14, 83.0,116.0,-1
14, 1, 83.0,116.0,-1
1, 15, 548.0,730.0,1
15, 1, 548.0,730.0,1
1, 16, 521.0,704.0,-1
16, 1, 521.0,704.0,-1
1, 1, 0.0,0.0,1
2, 3, 268.0,379.0,-1
3, 2, 268.0,379.0,-1
2, 4, 1044.0,1459.0,-1
4, 2, 1044.0,1459.0,-1
2, 5, 370.0,523.0,-1
5, 2, 370.0,523.0,-1
2, 6, 221.0,310.0,-1
6, 2, 221.0,310.0,-1
2, 7, 356.0,493.0,-1
7, 2, 356.0,493.0,-1
2, 8, 209.0,294.0,-1
8, 2, 209.0,294.0,-1
2, 9, 576.0,747.0,-1
9, 2, 576.0,747.0,-1
2, 10, 755.0,821.0,-1
10, 2, 755.0,821.0,-1
2, 11, 501.0,707.0,-1
11, 2, 501.0,707.0,-1
2, 12, 642.0,886.0,-1
12, 2, 642.0,886.0,-1
2, 13, 567.0,707.0,-1
13, 2, 567.0,707.0,-1
2, 14, 799.0,1113.0,-1
14, 2, 799.0,1113.0,-1
2, 15, 195.0,268.0,-1
15, 2, 195.0,268.0,-1
2, 16, 358.0,412.0,1
16, 2, 358.0,412.0,1
2, 2, 0.0,0.0,1
3, 4, 1039.0,1461.0,-1
4, 3, 1039.0,1461.0,-1
3, 5, 464.0,525.0,-1
5, 3, 464.0,525.0,-1
3, 6, 368.0,417.0,-1
6, 3, 368.0,417.0,-1
3, 7, 400.0,495.0,-1
7, 3, 400.0,495.0,-1
3, 8, 63.0,86.0,-1
8, 3, 63.0,86.0,-1
3, 9, 348.0,368.0,-1
9, 3, 348.0,368.0,-1
3, 10, 950.0,1061.0,-1
10, 3, 950.0,1061.0,-1
3, 11, 579.0,709.0,-1
11, 3, 579.0,709.0,-1
3, 12, 747.0,888.0,-1
12, 3, 747.0,888.0,-1
3, 13, 734.0,758.0,-1
13, 3, 734.0,758.0,-1
3, 14, 800.0,1115.0,1
14, 3, 800.0,1115.0,1
3, 15, 367.0,443.0,-1
15, 3, 367.0,443.0,-1
3, 16, 210.0,295.0,-1
16, 3, 210.0,295.0,-1
3, 3, 0.0,0.0,1
4, 5, 683.0,936.0,1
5, 4, 683.0,936.0,1
4, 6, 834.0,1149.0,-1
6, 4, 834.0,1149.0,-1
4, 7, 689.0,967.0,1
7, 4, 689.0,967.0,1
4, 8, 1018.0,1437.0,1
8, 4, 1018.0,1437.0,1
4, 9, 884.0,1135.0,1
9, 4, 884.0,1135.0,1
4, 10, 784.0,907.0,-1
10, 4, 784.0,907.0,-1
4, 11, 562.0,752.0,-1
11, 4, 562.0,752.0,-1
4, 12, 502.0,573.0,-1
12, 4, 502.0,573.0,-1
4, 13, 682.0,753.0,1
13, 4, 682.0,753.0,1
4, 14, 246.0,346.0,1
14, 4, 246.0,346.0,1
4, 15, 867.0,1192.0,1
15, 4, 867.0,1192.0,1
4, 16, 835.0,1166.0,-1
16, 4, 835.0,1166.0,-1
4, 4, 0.0,0.0,1
5, 6, 152.0,214.0,1
6, 5, 152.0,214.0,1
5, 7, 86.0,118.0,1
7, 5, 86.0,118.0,1
5, 8, 416.0,502.0,1
8, 5, 416.0,502.0,1
5, 9, 556.0,761.0,1
9, 5, 556.0,761.0,1
5, 10, 518.0,669.0,-1
10, 5, 518.0,669.0,-1
5, 11, 131.0,184.0,-1
11, 5, 131.0,184.0,-1
5, 12, 287.0,363.0,-1
12, 5, 287.0,363.0,-1
5, 13, 289.0,366.0,-1
13, 5, 289.0,366.0,-1
5, 14, 442.0,590.0,-1
14, 5, 442.0,590.0,-1
5, 15, 185.0,256.0,1
15, 5, 185.0,256.0,1
5, 16, 343.0,426.0,-1
16, 5, 343.0,426.0,-1
5, 5, 0.0,0.0,1
6, 7, 164.0,183.0,-1
7, 6, 164.0,183.0,-1
6, 8, 311.0,332.0,1
8, 6, 311.0,332.0,1
6, 9, 555.0,785.0,-1
9, 6, 555.0,785.0,-1
6, 10, 582.0,645.0,-1
10, 6, 582.0,645.0,-1
6, 11, 281.0,398.0,1
11, 6, 281.0,398.0,1
6, 12, 423.0,577.0,-1
12, 6, 423.0,577.0,-1
6, 13, 371.0,397.0,1
13, 6, 371.0,397.0,1
6, 14, 591.0,804.0,-1
14, 6, 591.0,804.0,-1
6, 15, 36.0,43.0,-1
15, 6, 36.0,43.0,-1
6, 16, 319.0,450.0,1
16, 6, 319.0,450.0,1
6, 6, 0.0,0.0,1
7, 8, 359.0,471.0,-1
8, 7, 359.0,471.0,-1
7, 9, 470.0,643.0,1
9, 7, 470.0,643.0,1
7, 10, 603.0,786.0,-1
10, 7, 603.0,786.0,-1
7, 11, 179.0,215.0,-1
11, 7, 179.0,215.0,-1
7, 12, 349.0,394.0,1
12, 7, 349.0,394.0,1
7, 13, 374.0,483.0,1
13, 7, 374.0,483.0,1
7, 14, 443.0,621.0,-1
14, 7, 443.0,621.0,-1
7, 15, 199.0,225.0,-1
15, 7, 199.0,225.0,-1
7, 16, 260.0,308.0,-1
16, 7, 260.0,308.0,-1
7, 7, 0.0,0.0,1
8, 9, 386.0,453.0,1
9, 8, 386.0,453.0,1
8, 10, 892.0,976.0,-1
10, 8, 892.0,976.0,-1
8, 11, 536.0,686.0,-1
11, 8, 536.0,686.0,-1
8, 12, 702.0,865.0,-1
12, 8, 702.0,865.0,-1
8, 13, 679.0,685.0,1
13, 8, 679.0,685.0,1
8, 14, 776.0,1092.0,-1
14, 8, 776.0,1092.0,-1
8, 15, 307.0,358.0,-1
15, 8, 307.0,358.0,-1
8, 16, 210.0,272.0,-1
16, 8, 210.0,272.0,-1
8, 8, 0.0,0.0,1
9, 10, 1070.0,1429.0,1
10, 9, 1070.0,1429.0,1
9, 11, 612.0,776.0,-1
11, 9, 612.0,776.0,-1
9, 12, 775.0,941.0,-1
12, 9, 775.0,941.0,-1
9, 13, 841.0,1126.0,-1
13, 9, 841.0,1126.0,-1
9, 14, 683.0,789.0,-1
14, 9, 683.0,789.0,-1
9, 15, 575.0,811.0,-1
15, 9, 575.0,811.0,-1
9, 16, 238.0,335.0,1
16, 9, 238.0,335.0,1
9, 9, 0.0,0.0,1
10, 11, 469.0,653.0,-1
11, 10, 469.0,653.0,-1
10, 12, 349.0,488.0,-1
12, 10, 349.0,488.0,-1
10, 13, 230.0,304.0,-1
13, 10, 230.0,304.0,-1
10, 14, 651.0,872.0,-1
14, 10, 651.0,872.0,-1
10, 15, 587.0,619.0,-1
15, 10, 587.0,619.0,-1
10, 16, 859.0,1094.0,1
16, 10, 859.0,1094.0,1
10, 10, 0.0,0.0,1
11, 12, 173.0,180.0,-1
12, 11, 173.0,180.0,-1
11, 13, 248.0,350.0,1
13, 11, 248.0,350.0,1
11, 14, 327.0,406.0,-1
14, 11, 327.0,406.0,-1
11, 15, 312.0,440.0,1
15, 11, 312.0,440.0,1
11, 16, 428.0,442.0,-1
16, 11, 428.0,442.0,-1
11, 11, 0.0,0.0,1
12, 13, 183.0,185.0,-1
13, 12, 183.0,185.0,-1
12, 14, 316.0,384.0,-1
14, 12, 316.0,384.0,-1
12, 15, 447.0,619.0,1
15, 12, 447.0,619.0,1
12, 16, 600.0,606.0,-1
16, 12, 600.0,606.0,-1
12, 12, 0.0,0.0,1
13, 14, 495.0,569.0,-1
14, 13, 495.0,569.0,-1
13, 15, 383.0,440.0,-1
15, 13, 383.0,440.0,-1
13, 16, 631.0,791.0,-1
16, 13, 631.0,791.0,-1
13, 13, 0.0,0.0,1
14, 15, 625.0,846.0,-1
15, 14, 625.0,846.0,-1
14, 16, 601.0,820.0,-1
16, 14, 601.0,820.0,-1
14, 14, 0.0,0.0,1
15, 16, 337.0,476.0,1
16, 15, 337.0,476.0,1
15, 15, 0.0,0.0,1
16, 16, 0.0,0.0,1


<end>