<number of nodes>
16

<ratio of available edges>
0.3

<max length of the drone flight>
100000 

<D 2/3>
1, 2, 3, 4, 5, 6, 8, 9, 10, 14, 16

<V>
2, 4, 9, 10, 16

<coordinates X,Y>
26.537219736287483, 172.78334322729788
164.72821533835202, 228.20985582651787
35.532199070908575, 384.28943026270343
384.67907051494905, 149.52612580594823
788.185248479236, 569.412669998575
338.91386702319426, 426.0233605551936
190.8982822336244, 964.8141935038869
780.9574412820315, 623.6041170566114
877.2250990400187, 91.17091696896225
252.30748635397217, 654.546901701165
832.0594312926721, 637.5237496339985
229.673850915087, 631.452095115835
619.8846779485799, 436.2966710146292
532.677582485808, 756.9939169177062
489.3341607016994, 829.3400029955295
831.0358265201212, 382.58535995993907

<adjacency matrix with truck distances>
1, 2, 149.0,194.0,-1
2, 1, 149.0,194.0,-1
1, 3, 212.0,221.0,1
3, 1, 212.0,221.0,1
1, 4, 359.0,382.0,-1
4, 1, 359.0,382.0,-1
1, 5, 859.0,1159.0,1
5, 1, 859.0,1159.0,1
1, 6, 403.0,566.0,-1
6, 1, 403.0,566.0,-1
1, 7, 809.0,957.0,1
7, 1, 809.0,957.0,1
1, 8, 879.0,1206.0,-1
8, 1, 879.0,1206.0,-1
1, 9, 855.0,933.0,1
9, 1, 855.0,933.0,1
1, 10, 533.0,708.0,-1
10, 1, 533.0,708.0,-1
1, 11, 930.0,1271.0,1
11, 1, 930.0,1271.0,1
1, 12, 502.0,662.0,-1
12, 1, 502.0,662.0,-1
1, 13, 650.0,857.0,1
13, 1, 650.0,857.0,1
1, 14, 773.0,1091.0,1
14, 1, 773.0,1091.0,1
1, 15, 804.0,1120.0,-1
15, 1, 804.0,1120.0,-1
1, 16, 832.0,1015.0,-1
16, 1, 832.0,1015.0,-1
1, 1, 0.0,0.0,1
2, 3, 203.0,286.0,-1
3, 2, 203.0,286.0,-1
2, 4, 234.0,299.0,-1
4, 2, 234.0,299.0,-1
2, 5, 711.0,965.0,-1
5, 2, 711.0,965.0,-1
2, 6, 264.0,372.0,-1
6, 2, 264.0,372.0,-1
2, 7, 738.0,763.0,-1
7, 2, 738.0,763.0,-1
2, 8, 733.0,1012.0,-1
8, 2, 733.0,1012.0,-1
2, 9, 726.0,850.0,-1
9, 2, 726.0,850.0,-1
2, 10, 436.0,514.0,-1
10, 2, 436.0,514.0,-1
2, 11, 783.0,1077.0,1
11, 2, 783.0,1077.0,1
2, 12, 409.0,469.0,-1
12, 2, 409.0,469.0,-1
2, 13, 501.0,664.0,1
13, 2, 501.0,664.0,1
2, 14, 645.0,897.0,-1
14, 2, 645.0,897.0,-1
2, 15, 684.0,926.0,1
15, 2, 684.0,926.0,1
2, 16, 684.0,821.0,-1
16, 2, 684.0,821.0,-1
2, 2, 0.0,0.0,1
3, 4, 421.0,584.0,-1
4, 3, 421.0,584.0,-1
3, 5, 776.0,938.0,-1
5, 3, 776.0,938.0,-1
3, 6, 307.0,346.0,-1
6, 3, 307.0,346.0,-1
3, 7, 601.0,736.0,-1
7, 3, 601.0,736.0,-1
3, 8, 783.0,985.0,-1
8, 3, 783.0,985.0,-1
3, 9, 892.0,1135.0,1
9, 3, 892.0,1135.0,1
3, 10, 347.0,488.0,1
10, 3, 347.0,488.0,1
3, 11, 836.0,1050.0,-1
11, 3, 836.0,1050.0,-1
3, 12, 315.0,442.0,-1
12, 3, 315.0,442.0,-1
3, 13, 587.0,637.0,1
13, 3, 587.0,637.0,1
3, 14, 622.0,870.0,-1
14, 3, 622.0,870.0,-1
3, 15, 636.0,899.0,-1
15, 3, 636.0,899.0,-1
3, 16, 796.0,798.0,-1
16, 3, 796.0,798.0,-1
3, 3, 0.0,0.0,1
4, 5, 583.0,824.0,1
5, 4, 583.0,824.0,1
4, 6, 281.0,323.0,1
6, 4, 281.0,323.0,1
4, 7, 839.0,1010.0,-1
7, 4, 839.0,1010.0,-1
4, 8, 618.0,871.0,-1
8, 4, 618.0,871.0,-1
4, 9, 496.0,551.0,-1
9, 4, 496.0,551.0,-1
4, 10, 523.0,638.0,-1
10, 4, 523.0,638.0,-1
4, 11, 663.0,936.0,-1
11, 4, 663.0,936.0,-1
4, 12, 507.0,637.0,1
12, 4, 507.0,637.0,1
4, 13, 371.0,522.0,-1
13, 4, 371.0,522.0,-1
4, 14, 626.0,756.0,1
14, 4, 626.0,756.0,1
4, 15, 688.0,785.0,-1
15, 4, 688.0,785.0,-1
4, 16, 504.0,680.0,1
16, 4, 504.0,680.0,1
4, 4, 0.0,0.0,1
5, 6, 472.0,593.0,-1
6, 5, 472.0,593.0,-1
5, 7, 717.0,993.0,-1
7, 5, 717.0,993.0,-1
5, 8, 55.0,62.0,-1
8, 5, 55.0,62.0,-1
5, 9, 487.0,568.0,-1
9, 5, 487.0,568.0,-1
5, 10, 543.0,622.0,-1
10, 5, 543.0,622.0,-1
5, 11, 82.0,112.0,-1
11, 5, 82.0,112.0,-1
5, 12, 562.0,621.0,1
12, 5, 562.0,621.0,1
5, 13, 215.0,302.0,-1
13, 5, 215.0,302.0,-1
5, 14, 317.0,444.0,1
14, 5, 317.0,444.0,1
5, 15, 397.0,559.0,-1
15, 5, 397.0,559.0,-1
5, 16, 192.0,230.0,1
16, 5, 192.0,230.0,1
5, 5, 0.0,0.0,1
6, 7, 559.0,687.0,-1
7, 6, 559.0,687.0,-1
6, 8, 485.0,640.0,1
8, 6, 485.0,640.0,1
6, 9, 634.0,874.0,-1
9, 6, 634.0,874.0,-1
6, 10, 245.0,316.0,1
10, 6, 245.0,316.0,1
6, 11, 537.0,705.0,1
11, 6, 537.0,705.0,1
6, 12, 233.0,315.0,-1
12, 6, 233.0,315.0,-1
6, 13, 282.0,292.0,-1
13, 6, 282.0,292.0,-1
6, 14, 384.0,525.0,-1
14, 6, 384.0,525.0,-1
6, 15, 431.0,554.0,-1
15, 6, 431.0,554.0,-1
6, 16, 495.0,536.0,-1
16, 6, 495.0,536.0,-1
6, 6, 0.0,0.0,1
7, 8, 682.0,932.0,-1
8, 7, 682.0,932.0,-1
7, 9, 1111.0,1560.0,-1
9, 7, 1111.0,1560.0,-1
7, 10, 317.0,372.0,1
10, 7, 317.0,372.0,1
7, 11, 720.0,969.0,1
11, 7, 720.0,969.0,1
7, 12, 336.0,373.0,-1
12, 7, 336.0,373.0,-1
7, 13, 681.0,958.0,1
13, 7, 681.0,958.0,1
7, 14, 401.0,550.0,-1
14, 7, 401.0,550.0,-1
7, 15, 328.0,434.0,-1
15, 7, 328.0,434.0,-1
7, 16, 866.0,1223.0,-1
16, 7, 866.0,1223.0,-1
7, 7, 0.0,0.0,1
8, 9, 542.0,629.0,-1
9, 8, 542.0,629.0,-1
8, 10, 530.0,560.0,1
10, 8, 530.0,560.0,1
8, 11, 53.0,66.0,-1
11, 8, 53.0,66.0,-1
8, 12, 552.0,560.0,-1
12, 8, 552.0,560.0,-1
8, 13, 248.0,349.0,-1
13, 8, 248.0,349.0,-1
8, 14, 282.0,382.0,-1
14, 8, 282.0,382.0,-1
8, 15, 357.0,498.0,-1
15, 8, 357.0,498.0,-1
8, 16, 247.0,292.0,-1
16, 8, 247.0,292.0,-1
8, 8, 0.0,0.0,1
9, 10, 842.0,1189.0,1
10, 9, 842.0,1189.0,1
9, 11, 549.0,592.0,-1
11, 9, 549.0,592.0,-1
9, 12, 844.0,1188.0,-1
12, 9, 844.0,1188.0,-1
9, 13, 431.0,603.0,-1
13, 9, 431.0,603.0,-1
9, 14, 750.0,1011.0,-1
14, 9, 750.0,1011.0,-1
9, 15, 834.0,1127.0,-1
15, 9, 834.0,1127.0,-1
9, 16, 296.0,338.0,-1
16, 9, 296.0,338.0,-1
9, 9, 0.0,0.0,1
10, 11, 581.0,597.0,1
11, 10, 581.0,597.0,1
10, 12, 33.0,46.0,-1
12, 10, 33.0,46.0,-1
10, 13, 428.0,586.0,-1
13, 10, 428.0,586.0,-1
10, 14, 299.0,383.0,-1
14, 10, 299.0,383.0,-1
10, 15, 295.0,412.0,1
15, 10, 295.0,412.0,1
10, 16, 640.0,851.0,-1
16, 10, 640.0,851.0,-1
10, 10, 0.0,0.0,1
11, 12, 603.0,609.0,-1
12, 11, 603.0,609.0,-1
11, 13, 293.0,414.0,-1
13, 11, 293.0,414.0,-1
11, 14, 323.0,419.0,-1
14, 11, 323.0,419.0,-1
11, 15, 393.0,535.0,-1
15, 11, 393.0,535.0,-1
11, 16, 255.0,256.0,-1
16, 11, 255.0,256.0,-1
11, 11, 0.0,0.0,1
12, 13, 437.0,586.0,-1
13, 12, 437.0,586.0,-1
12, 14, 328.0,429.0,1
14, 12, 328.0,429.0,1
12, 15, 327.0,458.0,-1
15, 12, 327.0,458.0,-1
12, 16, 651.0,851.0,-1
16, 12, 651.0,851.0,-1
12, 12, 0.0,0.0,1
13, 14, 333.0,408.0,1
14, 13, 333.0,408.0,1
13, 15, 415.0,524.0,1
15, 13, 415.0,524.0,1
13, 16, 218.0,265.0,-1
16, 13, 218.0,265.0,-1
13, 13, 0.0,0.0,1
14, 15, 85.0,116.0,-1
15, 14, 85.0,116.0,-1
14, 16, 479.0,673.0,1
16, 14, 479.0,673.0,1
14, 14, 0.0,0.0,1
15, 16, 563.0,789.0,1
16, 15, 563.0,789.0,1
15, 15, 0.0,0.0,1
16, 16, 0.0,0.0,1


<end>