<number of nodes>
16

<ratio of available edges>
0.3

<max length of the drone flight>
100000 

<D 2/3>
1, 2, 3, 4, 5, 9, 10, 11, 12, 13, 14

<V>
3, 5, 10, 11, 12

<coordinates X,Y>
632.1246364407423, 732.1678092563645
148.4963338150325, 169.8166957730514
777.8295178199126, 793.7171013451249
996.2467067563967, 510.9552849426951
547.7086732403142, 279.3813653010325
813.5194436087448, 206.2292944898562
399.28231252268586, 372.37401029125084
883.2830696969567, 479.7988061081195
868.426015040758, 396.64708514587403
617.4192517197432, 625.5104227378608
763.5939893171427, 129.5720064005656
862.7711020728923, 484.14663279748464
615.3903895236099, 40.869128336379106
894.9951044127675, 474.11237646445517
530.022453270185, 839.3775395291426
176.67390761268095, 959.177673973319

<adjacency matrix with truck distances>
1, 2, 742.0,1046.0,-1
2, 1, 742.0,1046.0,-1
1, 3, 159.0,208.0,-1
3, 1, 159.0,208.0,-1
1, 4, 427.0,586.0,-1
4, 1, 427.0,586.0,-1
1, 5, 461.0,538.0,1
5, 1, 461.0,538.0,1
1, 6, 557.0,708.0,-1
6, 1, 557.0,708.0,-1
1, 7, 429.0,593.0,-1
7, 1, 429.0,593.0,-1
1, 8, 357.0,504.0,-1
8, 1, 357.0,504.0,-1
1, 9, 411.0,572.0,-1
9, 1, 411.0,572.0,-1
1, 10, 108.0,122.0,-1
10, 1, 108.0,122.0,-1
1, 11, 617.0,735.0,1
11, 1, 617.0,735.0,1
1, 12, 339.0,479.0,-1
12, 1, 339.0,479.0,-1
1, 13, 692.0,709.0,1
13, 1, 692.0,709.0,1
1, 14, 369.0,521.0,-1
14, 1, 369.0,521.0,-1
1, 15, 149.0,210.0,-1
15, 1, 149.0,210.0,-1
1, 16, 509.0,683.0,-1
16, 1, 509.0,683.0,-1
1, 1, 0.0,0.0,1
2, 3, 887.0,1254.0,-1
3, 2, 887.0,1254.0,-1
2, 4, 914.0,1189.0,-1
4, 2, 914.0,1189.0,-1
2, 5, 414.0,509.0,1
5, 2, 414.0,509.0,1
2, 6, 667.0,702.0,1
6, 2, 667.0,702.0,1
2, 7, 323.0,454.0,-1
7, 2, 323.0,454.0,-1
2, 8, 798.0,1045.0,-1
8, 2, 798.0,1045.0,-1
2, 9, 755.0,947.0,-1
9, 2, 755.0,947.0,-1
2, 10, 654.0,925.0,-1
10, 2, 654.0,925.0,-1
2, 11, 617.0,656.0,-1
11, 2, 617.0,656.0,-1
2, 12, 781.0,1029.0,-1
12, 2, 781.0,1029.0,-1
2, 13, 485.0,596.0,-1
13, 2, 485.0,596.0,-1
2, 14, 807.0,1051.0,-1
14, 2, 807.0,1051.0,-1
2, 15, 771.0,1052.0,-1
15, 2, 771.0,1052.0,-1
2, 16, 790.0,818.0,-1
16, 2, 790.0,818.0,-1
2, 2, 0.0,0.0,1
3, 4, 358.0,502.0,-1
4, 3, 358.0,502.0,-1
3, 5, 564.0,745.0,-1
5, 3, 564.0,745.0,-1
3, 6, 589.0,624.0,-1
6, 3, 589.0,624.0,-1
3, 7, 567.0,800.0,-1
7, 3, 567.0,800.0,-1
3, 8, 332.0,420.0,-1
8, 3, 332.0,420.0,-1
3, 9, 408.0,488.0,-1
9, 3, 408.0,488.0,-1
3, 10, 233.0,329.0,1
10, 3, 233.0,329.0,1
3, 11, 665.0,679.0,1
11, 3, 665.0,679.0,1
3, 12, 322.0,395.0,-1
12, 3, 322.0,395.0,-1
3, 13, 771.0,916.0,-1
13, 3, 771.0,916.0,-1
3, 14, 341.0,437.0,-1
14, 3, 341.0,437.0,-1
3, 15, 252.0,294.0,-1
15, 3, 252.0,294.0,-1
3, 16, 624.0,767.0,1
16, 3, 624.0,767.0,1
3, 3, 0.0,0.0,1
4, 5, 505.0,681.0,1
5, 4, 505.0,681.0,1
4, 6, 356.0,488.0,-1
6, 4, 356.0,488.0,-1
4, 7, 613.0,736.0,-1
7, 4, 613.0,736.0,-1
4, 8, 118.0,145.0,-1
8, 4, 118.0,145.0,-1
4, 9, 172.0,243.0,-1
9, 4, 172.0,243.0,-1
4, 10, 396.0,494.0,-1
10, 4, 396.0,494.0,-1
4, 11, 447.0,615.0,-1
11, 4, 447.0,615.0,-1
4, 12, 137.0,161.0,1
12, 4, 137.0,161.0,1
4, 13, 606.0,851.0,-1
13, 4, 606.0,851.0,-1
4, 14, 108.0,139.0,-1
14, 4, 108.0,139.0,-1
4, 15, 571.0,795.0,1
15, 4, 571.0,795.0,1
4, 16, 935.0,1268.0,-1
16, 4, 935.0,1268.0,-1
4, 4, 0.0,0.0,1
5, 6, 276.0,339.0,1
6, 5, 276.0,339.0,1
5, 7, 176.0,242.0,1
7, 5, 176.0,242.0,1
5, 8, 391.0,536.0,1
8, 5, 391.0,536.0,1
5, 9, 342.0,438.0,-1
9, 5, 342.0,438.0,-1
5, 10, 354.0,416.0,1
10, 5, 354.0,416.0,1
5, 11, 263.0,366.0,-1
11, 5, 263.0,366.0,-1
5, 12, 376.0,520.0,-1
12, 5, 376.0,520.0,-1
5, 13, 248.0,307.0,-1
13, 5, 248.0,307.0,-1
5, 14, 399.0,543.0,-1
14, 5, 399.0,543.0,-1
5, 15, 561.0,578.0,-1
15, 5, 561.0,578.0,-1
5, 16, 775.0,1051.0,-1
16, 5, 775.0,1051.0,-1
5, 5, 0.0,0.0,1
6, 7, 447.0,581.0,1
7, 6, 447.0,581.0,1
6, 8, 283.0,344.0,-1
8, 6, 283.0,344.0,-1
6, 9, 199.0,246.0,1
9, 6, 199.0,246.0,1
6, 10, 463.0,616.0,1
10, 6, 463.0,616.0,1
6, 11, 92.0,127.0,-1
11, 6, 92.0,127.0,-1
6, 12, 283.0,328.0,-1
12, 6, 283.0,328.0,-1
6, 13, 259.0,364.0,-1
13, 6, 259.0,364.0,-1
6, 14, 280.0,350.0,1
14, 6, 280.0,350.0,1
6, 15, 694.0,917.0,-1
15, 6, 694.0,917.0,-1
6, 16, 987.0,1390.0,-1
16, 6, 987.0,1390.0,-1
6, 6, 0.0,0.0,1
7, 8, 496.0,592.0,1
8, 7, 496.0,592.0,1
7, 9, 470.0,494.0,-1
9, 7, 470.0,494.0,-1
7, 10, 335.0,472.0,1
10, 7, 335.0,472.0,1
7, 11, 438.0,608.0,-1
11, 7, 438.0,608.0,-1
7, 12, 477.0,576.0,1
12, 7, 477.0,576.0,1
7, 13, 396.0,548.0,-1
13, 7, 396.0,548.0,-1
7, 14, 507.0,598.0,1
14, 7, 507.0,598.0,1
7, 15, 485.0,598.0,-1
15, 7, 485.0,598.0,-1
7, 16, 628.0,810.0,-1
16, 7, 628.0,810.0,-1
7, 7, 0.0,0.0,1
8, 9, 85.0,99.0,-1
9, 8, 85.0,99.0,-1
8, 10, 304.0,412.0,-1
10, 8, 304.0,412.0,-1
8, 11, 371.0,470.0,1
11, 8, 371.0,470.0,1
8, 12, 21.0,25.0,-1
12, 8, 21.0,25.0,-1
8, 13, 515.0,707.0,1
13, 8, 515.0,707.0,1
8, 14, 14.0,18.0,-1
14, 8, 14.0,18.0,-1
8, 15, 505.0,713.0,-1
15, 8, 505.0,713.0,-1
8, 16, 854.0,1186.0,1
16, 8, 854.0,1186.0,1
8, 8, 0.0,0.0,1
9, 10, 340.0,480.0,1
10, 9, 340.0,480.0,1
9, 11, 287.0,372.0,-1
11, 9, 287.0,372.0,-1
9, 12, 88.0,94.0,-1
12, 9, 88.0,94.0,-1
9, 13, 437.0,609.0,-1
13, 9, 437.0,609.0,-1
9, 14, 82.0,105.0,1
14, 9, 82.0,105.0,1
9, 15, 558.0,782.0,-1
15, 9, 558.0,782.0,-1
9, 16, 892.0,1255.0,1
16, 9, 892.0,1255.0,1
9, 9, 0.0,0.0,1
10, 11, 518.0,643.0,-1
11, 10, 518.0,643.0,-1
10, 12, 284.0,387.0,-1
12, 10, 284.0,387.0,-1
10, 13, 585.0,587.0,-1
13, 10, 585.0,587.0,-1
10, 14, 317.0,429.0,-1
14, 10, 317.0,429.0,-1
10, 15, 232.0,302.0,1
15, 10, 232.0,302.0,1
10, 16, 553.0,775.0,1
16, 10, 553.0,775.0,1
10, 10, 0.0,0.0,1
11, 12, 369.0,454.0,-1
12, 11, 369.0,454.0,-1
11, 13, 173.0,237.0,1
13, 11, 173.0,237.0,1
11, 14, 369.0,476.0,-1
14, 11, 369.0,476.0,-1
11, 15, 748.0,944.0,1
15, 11, 748.0,944.0,1
11, 16, 1017.0,1417.0,-1
16, 11, 1017.0,1417.0,-1
11, 11, 0.0,0.0,1
12, 13, 508.0,691.0,-1
13, 12, 508.0,691.0,-1
12, 14, 34.0,43.0,-1
14, 12, 34.0,43.0,-1
12, 15, 487.0,688.0,-1
15, 12, 487.0,688.0,-1
12, 16, 835.0,1162.0,-1
16, 12, 835.0,1162.0,-1
12, 12, 0.0,0.0,1
13, 14, 516.0,713.0,-1
14, 13, 516.0,713.0,-1
13, 15, 804.0,884.0,1
15, 13, 804.0,884.0,1
13, 16, 1018.0,1358.0,1
16, 13, 1018.0,1358.0,1
13, 13, 0.0,0.0,1
14, 15, 517.0,731.0,-1
15, 14, 517.0,731.0,-1
14, 16, 867.0,1204.0,1
16, 14, 867.0,1204.0,1
14, 14, 0.0,0.0,1
15, 16, 374.0,474.0,-1
16, 15, 374.0,474.0,-1
15, 15, 0.0,0.0,1
16, 16, 0.0,0.0,1


<end>