<number of nodes>
16

<ratio of available edges>
0.3

<max length of the drone flight>
100000 

<D 2/3>
1, 4, 5, 6, 8, 9, 10, 11, 12, 13, 15

<V>
9, 10, 12, 13, 15

<coordinates X,Y>
966.2516336336021, 478.85085166666113
757.328463579003, 86.42953550777543
482.61548819516565, 979.2897139786165
214.8210948752489, 915.1452859814231
431.8660265634615, 202.76769100646385
776.2349056370177, 250.5262028994151
703.8513911912389, 455.8604132717016
234.18206283904686, 544.4459440266205
355.8567935911589, 680.3157685347286
630.1477545120414, 25.535256326748684
261.7135034423933, 343.4259865462853
605.908218255354, 346.4267161141667
387.50462809082154, 179.18013314111963
471.513694371331, 630.2643507609081
906.5482730587865, 712.2122732122422
791.9887672210673, 518.5848380986301

<adjacency matrix with truck distances>
1, 2, 445.0,602.0,-1
2, 1, 445.0,602.0,-1
1, 3, 696.0,985.0,1
3, 1, 696.0,985.0,1
1, 4, 869.0,1188.0,-1
4, 1, 869.0,1188.0,-1
1, 5, 602.0,811.0,-1
5, 1, 602.0,811.0,-1
1, 6, 298.0,419.0,1
6, 1, 298.0,419.0,1
1, 7, 264.0,286.0,1
7, 1, 264.0,286.0,1
1, 8, 736.0,798.0,1
8, 1, 736.0,798.0,1
1, 9, 643.0,812.0,-1
9, 1, 643.0,812.0,-1
1, 10, 565.0,790.0,-1
10, 1, 565.0,790.0,-1
1, 11, 718.0,840.0,-1
11, 1, 718.0,840.0,-1
1, 12, 384.0,493.0,-1
12, 1, 384.0,493.0,-1
1, 13, 652.0,879.0,1
13, 1, 652.0,879.0,1
1, 14, 518.0,647.0,1
14, 1, 518.0,647.0,1
1, 15, 241.0,294.0,-1
15, 1, 241.0,294.0,-1
1, 16, 179.0,214.0,1
16, 1, 179.0,214.0,1
1, 1, 0.0,0.0,1
2, 3, 935.0,1168.0,1
3, 2, 935.0,1168.0,1
2, 4, 991.0,1372.0,-1
4, 2, 991.0,1372.0,-1
2, 5, 346.0,442.0,-1
5, 2, 346.0,442.0,-1
2, 6, 166.0,184.0,-1
6, 2, 166.0,184.0,-1
2, 7, 374.0,423.0,1
7, 2, 374.0,423.0,1
2, 8, 696.0,982.0,-1
8, 2, 696.0,982.0,-1
2, 9, 717.0,996.0,-1
9, 2, 717.0,996.0,-1
2, 10, 142.0,189.0,-1
10, 2, 142.0,189.0,-1
2, 11, 559.0,753.0,-1
11, 2, 559.0,753.0,-1
2, 12, 301.0,412.0,-1
12, 2, 301.0,412.0,-1
2, 13, 382.0,463.0,1
13, 2, 382.0,463.0,1
2, 14, 615.0,830.0,-1
14, 2, 615.0,830.0,-1
2, 15, 644.0,776.0,-1
15, 2, 644.0,776.0,-1
2, 16, 434.0,467.0,1
16, 2, 434.0,467.0,1
2, 2, 0.0,0.0,1
3, 4, 276.0,332.0,-1
4, 3, 276.0,332.0,-1
3, 5, 779.0,828.0,-1
5, 3, 779.0,828.0,-1
3, 6, 786.0,1023.0,-1
6, 3, 786.0,1023.0,-1
3, 7, 569.0,745.0,-1
7, 3, 569.0,745.0,-1
3, 8, 501.0,684.0,1
8, 3, 501.0,684.0,1
3, 9, 325.0,426.0,-1
9, 3, 325.0,426.0,-1
3, 10, 966.0,1102.0,1
10, 3, 966.0,1102.0,1
3, 11, 674.0,857.0,1
11, 3, 674.0,857.0,1
3, 12, 645.0,757.0,-1
12, 3, 645.0,757.0,-1
3, 13, 806.0,896.0,-1
13, 3, 806.0,896.0,-1
3, 14, 350.0,361.0,-1
14, 3, 350.0,361.0,-1
3, 15, 502.0,692.0,-1
15, 3, 502.0,692.0,-1
3, 16, 555.0,771.0,-1
16, 3, 555.0,771.0,-1
3, 3, 0.0,0.0,1
4, 5, 745.0,930.0,1
5, 4, 745.0,930.0,1
4, 6, 871.0,1227.0,-1
6, 4, 871.0,1227.0,-1
4, 7, 671.0,949.0,-1
7, 4, 671.0,949.0,-1
4, 8, 372.0,391.0,-1
8, 4, 372.0,391.0,-1
4, 9, 274.0,376.0,1
9, 4, 274.0,376.0,1
4, 10, 982.0,1305.0,-1
10, 4, 982.0,1305.0,-1
4, 11, 574.0,619.0,-1
11, 4, 574.0,619.0,-1
4, 12, 691.0,960.0,-1
12, 4, 691.0,960.0,-1
4, 13, 756.0,909.0,-1
13, 4, 756.0,909.0,-1
4, 14, 384.0,542.0,-1
14, 4, 384.0,542.0,-1
4, 15, 721.0,895.0,-1
15, 4, 721.0,895.0,-1
4, 16, 701.0,974.0,-1
16, 4, 701.0,974.0,-1
4, 4, 0.0,0.0,1
5, 6, 348.0,393.0,1
6, 5, 348.0,393.0,1
5, 7, 372.0,526.0,1
7, 5, 372.0,526.0,1
5, 8, 395.0,540.0,-1
8, 5, 395.0,540.0,-1
5, 9, 484.0,554.0,-1
9, 5, 484.0,554.0,-1
5, 10, 266.0,376.0,-1
10, 5, 266.0,376.0,-1
5, 11, 221.0,311.0,-1
11, 5, 221.0,311.0,-1
5, 12, 226.0,318.0,1
12, 5, 226.0,318.0,1
5, 13, 51.0,68.0,-1
13, 5, 51.0,68.0,-1
5, 14, 430.0,468.0,1
14, 5, 430.0,468.0,1
5, 15, 697.0,985.0,1
15, 5, 697.0,985.0,1
5, 16, 479.0,676.0,-1
16, 5, 479.0,676.0,-1
5, 5, 0.0,0.0,1
6, 7, 218.0,278.0,-1
7, 6, 218.0,278.0,-1
6, 8, 617.0,836.0,-1
8, 6, 617.0,836.0,-1
6, 9, 602.0,851.0,-1
9, 6, 602.0,851.0,-1
6, 10, 269.0,372.0,1
10, 6, 269.0,372.0,1
6, 11, 523.0,608.0,-1
11, 6, 523.0,608.0,-1
6, 12, 196.0,267.0,-1
12, 6, 196.0,267.0,-1
6, 13, 396.0,461.0,-1
13, 6, 396.0,461.0,-1
6, 14, 487.0,685.0,-1
14, 6, 487.0,685.0,-1
6, 15, 480.0,592.0,-1
15, 6, 480.0,592.0,-1
6, 16, 269.0,284.0,1
16, 6, 269.0,284.0,1
6, 6, 0.0,0.0,1
7, 8, 478.0,559.0,1
8, 7, 478.0,559.0,1
7, 9, 415.0,573.0,-1
9, 7, 415.0,573.0,-1
7, 10, 437.0,505.0,1
10, 7, 437.0,505.0,1
7, 11, 457.0,555.0,-1
11, 7, 457.0,555.0,-1
7, 12, 147.0,208.0,-1
12, 7, 147.0,208.0,-1
7, 13, 421.0,594.0,-1
13, 7, 421.0,594.0,-1
7, 14, 291.0,407.0,1
14, 7, 291.0,407.0,1
7, 15, 327.0,460.0,-1
15, 7, 327.0,460.0,-1
7, 16, 109.0,151.0,-1
16, 7, 109.0,151.0,-1
7, 7, 0.0,0.0,1
8, 9, 183.0,258.0,-1
9, 8, 183.0,258.0,-1
8, 10, 653.0,915.0,1
10, 8, 653.0,915.0,1
8, 11, 203.0,229.0,1
11, 8, 203.0,229.0,1
8, 12, 422.0,570.0,1
12, 8, 422.0,570.0,1
8, 13, 397.0,519.0,-1
13, 8, 397.0,519.0,-1
8, 14, 253.0,324.0,-1
14, 8, 253.0,324.0,-1
8, 15, 693.0,841.0,-1
15, 8, 693.0,841.0,-1
8, 16, 559.0,584.0,-1
16, 8, 559.0,584.0,-1
8, 8, 0.0,0.0,1
9, 10, 710.0,930.0,-1
10, 9, 710.0,930.0,-1
9, 11, 350.0,432.0,-1
11, 9, 350.0,432.0,-1
9, 12, 418.0,584.0,-1
12, 9, 418.0,584.0,-1
9, 13, 503.0,533.0,-1
13, 9, 503.0,533.0,-1
9, 14, 127.0,166.0,1
14, 9, 127.0,166.0,1
9, 15, 552.0,583.0,-1
15, 9, 552.0,583.0,-1
9, 16, 466.0,598.0,-1
16, 9, 466.0,598.0,-1
9, 9, 0.0,0.0,1
10, 11, 487.0,687.0,-1
11, 10, 487.0,687.0,-1
10, 12, 322.0,346.0,-1
12, 10, 322.0,346.0,-1
10, 13, 288.0,397.0,-1
13, 10, 288.0,397.0,-1
10, 14, 626.0,764.0,-1
14, 10, 626.0,764.0,-1
10, 15, 741.0,964.0,1
15, 10, 741.0,964.0,1
10, 16, 519.0,655.0,-1
16, 10, 519.0,655.0,-1
10, 10, 0.0,0.0,1
11, 12, 345.0,348.0,1
12, 11, 345.0,348.0,1
11, 13, 207.0,291.0,-1
13, 11, 207.0,291.0,-1
11, 14, 356.0,497.0,-1
14, 11, 356.0,497.0,-1
11, 15, 743.0,1014.0,1
15, 11, 743.0,1014.0,1
11, 16, 559.0,706.0,-1
16, 11, 559.0,706.0,-1
11, 11, 0.0,0.0,1
12, 13, 276.0,386.0,-1
13, 12, 276.0,386.0,-1
12, 14, 315.0,419.0,-1
14, 12, 315.0,419.0,-1
12, 15, 474.0,667.0,1
15, 12, 474.0,667.0,1
12, 16, 254.0,359.0,-1
16, 12, 254.0,359.0,-1
12, 12, 0.0,0.0,1
13, 14, 459.0,536.0,-1
14, 13, 459.0,536.0,-1
13, 15, 744.0,1053.0,-1
15, 13, 744.0,1053.0,-1
13, 16, 529.0,744.0,-1
16, 13, 529.0,744.0,-1
13, 13, 0.0,0.0,1
14, 15, 443.0,517.0,1
15, 14, 443.0,517.0,1
14, 16, 340.0,433.0,1
16, 14, 340.0,433.0,1
14, 14, 0.0,0.0,1
15, 16, 225.0,309.0,-1
16, 15, 225.0,309.0,-1
15, 15, 0.0,0.0,1
16, 16, 0.0,0.0,1


<end>