<number of nodes>
16

<ratio of available edges>
0.3

<max length of the drone flight>
100000 

<D 2/3>
1, 2, 3, 4, 5, 6, 8, 10, 11, 12, 13

<V>
3, 4, 6, 8, 12

<coordinates X,Y>
415.83581556339374, 836.7826079176192
814.4404047707594, 702.2269517015449
169.90938451825997, 556.5312732881094
893.3380569894678, 916.7373794154255
330.7615358982028, 423.8260476578583
507.2854926076658, 709.8927076182721
658.0573332132498, 139.98850632491732
638.9455428689623, 151.02566019127144
608.324093053654, 607.2970679233802
51.05934112335747, 342.2892224692411
346.4730822282708, 898.6915935237058
609.7819471601096, 827.6705463605783
43.12014057454565, 581.9653024254563
11.697315201455895, 301.2994326762338
884.6955315821156, 12.3511770576217
261.7372399622606, 974.5093666962276

<adjacency matrix with truck distances>
1, 2, 421.0,534.0,-1
2, 1, 421.0,534.0,-1
1, 3, 373.0,527.0,1
3, 1, 373.0,527.0,1
1, 4, 485.0,558.0,1
4, 1, 485.0,558.0,1
1, 5, 422.0,499.0,-1
5, 1, 422.0,499.0,-1
1, 6, 157.0,219.0,-1
6, 1, 157.0,219.0,-1
1, 7, 738.0,940.0,-1
7, 1, 738.0,940.0,-1
1, 8, 722.0,909.0,-1
8, 1, 722.0,909.0,-1
1, 9, 300.0,422.0,1
9, 1, 300.0,422.0,1
1, 10, 615.0,860.0,-1
10, 1, 615.0,860.0,-1
1, 11, 93.0,132.0,-1
11, 1, 93.0,132.0,-1
1, 12, 195.0,204.0,-1
12, 1, 195.0,204.0,-1
1, 13, 452.0,628.0,1
13, 1, 452.0,628.0,1
1, 14, 671.0,940.0,-1
14, 1, 671.0,940.0,-1
1, 15, 949.0,1294.0,-1
15, 1, 949.0,1294.0,-1
1, 16, 207.0,292.0,-1
16, 1, 207.0,292.0,-1
1, 1, 0.0,0.0,1
2, 3, 661.0,791.0,1
3, 2, 661.0,791.0,1
2, 4, 229.0,294.0,-1
4, 2, 229.0,294.0,-1
2, 5, 559.0,763.0,1
5, 2, 559.0,763.0,1
2, 6, 308.0,315.0,1
6, 2, 308.0,315.0,1
2, 7, 584.0,719.0,-1
7, 2, 584.0,719.0,-1
2, 8, 579.0,727.0,1
8, 2, 579.0,727.0,1
2, 9, 227.0,302.0,1
9, 2, 227.0,302.0,1
2, 10, 844.0,1124.0,-1
10, 2, 844.0,1124.0,-1
2, 11, 508.0,665.0,1
11, 2, 508.0,665.0,1
2, 12, 241.0,331.0,1
12, 2, 241.0,331.0,1
2, 13, 781.0,892.0,-1
13, 2, 781.0,892.0,-1
2, 14, 898.0,1204.0,1
14, 2, 898.0,1204.0,1
2, 15, 694.0,761.0,-1
15, 2, 694.0,761.0,-1
2, 16, 617.0,825.0,1
16, 2, 617.0,825.0,1
2, 2, 0.0,0.0,1
3, 4, 809.0,1084.0,-1
4, 3, 809.0,1084.0,-1
3, 5, 209.0,294.0,-1
5, 3, 209.0,294.0,-1
3, 6, 371.0,491.0,-1
6, 3, 371.0,491.0,-1
3, 7, 642.0,905.0,-1
7, 3, 642.0,905.0,-1
3, 8, 621.0,875.0,-1
8, 3, 621.0,875.0,-1
3, 9, 442.0,490.0,1
9, 3, 442.0,490.0,1
3, 10, 245.0,334.0,-1
10, 3, 245.0,334.0,-1
3, 11, 386.0,519.0,-1
11, 3, 386.0,519.0,-1
3, 12, 517.0,712.0,-1
12, 3, 517.0,712.0,-1
3, 13, 130.0,153.0,1
13, 3, 130.0,153.0,1
3, 14, 301.0,414.0,1
14, 3, 301.0,414.0,1
3, 15, 899.0,1259.0,-1
15, 3, 899.0,1259.0,-1
3, 16, 428.0,510.0,-1
16, 3, 428.0,510.0,-1
3, 3, 0.0,0.0,1
4, 5, 748.0,1056.0,-1
5, 4, 748.0,1056.0,-1
4, 6, 438.0,593.0,1
6, 4, 438.0,593.0,1
4, 7, 812.0,1013.0,-1
7, 4, 812.0,1013.0,-1
4, 8, 807.0,1021.0,-1
8, 4, 807.0,1021.0,-1
4, 9, 421.0,595.0,1
9, 4, 421.0,595.0,1
4, 10, 1020.0,1417.0,-1
10, 4, 1020.0,1417.0,-1
4, 11, 548.0,565.0,-1
11, 4, 548.0,565.0,-1
4, 12, 298.0,373.0,-1
12, 4, 298.0,373.0,-1
4, 13, 914.0,1185.0,-1
13, 4, 914.0,1185.0,-1
4, 14, 1076.0,1498.0,1
14, 4, 1076.0,1498.0,1
4, 15, 905.0,914.0,-1
15, 4, 905.0,914.0,-1
4, 16, 635.0,690.0,-1
16, 4, 635.0,690.0,-1
4, 4, 0.0,0.0,1
5, 6, 337.0,463.0,-1
6, 5, 337.0,463.0,-1
5, 7, 434.0,612.0,-1
7, 5, 434.0,612.0,-1
5, 8, 412.0,581.0,-1
8, 5, 412.0,581.0,-1
5, 9, 333.0,462.0,-1
9, 5, 333.0,462.0,-1
5, 10, 292.0,362.0,-1
10, 5, 292.0,362.0,-1
5, 11, 476.0,491.0,-1
11, 5, 476.0,491.0,-1
5, 12, 491.0,683.0,1
12, 5, 491.0,683.0,1
5, 13, 329.0,446.0,-1
13, 5, 329.0,446.0,-1
5, 14, 342.0,442.0,1
14, 5, 342.0,442.0,1
5, 15, 691.0,966.0,-1
15, 5, 691.0,966.0,-1
5, 16, 555.0,620.0,-1
16, 5, 555.0,620.0,-1
5, 5, 0.0,0.0,1
6, 7, 590.0,721.0,1
7, 6, 590.0,721.0,1
6, 8, 575.0,691.0,-1
8, 6, 575.0,691.0,-1
6, 9, 144.0,204.0,1
9, 6, 144.0,204.0,1
6, 10, 586.0,824.0,1
10, 6, 586.0,824.0,1
6, 11, 249.0,350.0,-1
11, 6, 249.0,350.0,-1
6, 12, 157.0,221.0,-1
12, 6, 157.0,221.0,-1
6, 13, 482.0,593.0,-1
13, 6, 482.0,593.0,-1
6, 14, 643.0,905.0,1
14, 6, 643.0,905.0,1
6, 15, 794.0,1075.0,-1
15, 6, 794.0,1075.0,-1
6, 16, 361.0,511.0,1
16, 6, 361.0,511.0,1
6, 6, 0.0,0.0,1
7, 8, 23.0,31.0,-1
8, 7, 23.0,31.0,-1
7, 9, 470.0,518.0,-1
9, 7, 470.0,518.0,-1
7, 10, 640.0,810.0,-1
10, 7, 640.0,810.0,-1
7, 11, 821.0,1071.0,1
11, 7, 821.0,1071.0,1
7, 12, 690.0,736.0,-1
12, 7, 690.0,736.0,-1
7, 13, 758.0,1057.0,-1
13, 7, 758.0,1057.0,-1
7, 14, 667.0,808.0,-1
14, 7, 667.0,808.0,-1
7, 15, 261.0,355.0,-1
15, 7, 261.0,355.0,-1
7, 16, 924.0,1231.0,-1
16, 7, 924.0,1231.0,-1
7, 7, 0.0,0.0,1
8, 9, 458.0,487.0,-1
9, 8, 458.0,487.0,-1
8, 10, 619.0,780.0,-1
10, 8, 619.0,780.0,-1
8, 11, 803.0,1041.0,1
11, 8, 803.0,1041.0,1
8, 12, 678.0,706.0,-1
12, 8, 678.0,706.0,-1
8, 13, 736.0,1027.0,-1
13, 8, 736.0,1027.0,-1
8, 14, 645.0,778.0,1
14, 8, 645.0,778.0,1
8, 15, 283.0,385.0,-1
15, 8, 283.0,385.0,-1
8, 16, 906.0,1201.0,-1
16, 8, 906.0,1201.0,-1
8, 8, 0.0,0.0,1
9, 10, 618.0,823.0,-1
10, 9, 618.0,823.0,-1
9, 11, 392.0,554.0,-1
11, 9, 392.0,554.0,-1
9, 12, 221.0,222.0,1
12, 9, 221.0,222.0,1
9, 13, 566.0,591.0,1
13, 9, 566.0,591.0,1
9, 14, 671.0,903.0,-1
14, 9, 671.0,903.0,-1
9, 15, 657.0,872.0,-1
15, 9, 657.0,872.0,-1
9, 16, 505.0,714.0,-1
16, 9, 505.0,714.0,-1
9, 9, 0.0,0.0,1
10, 11, 630.0,852.0,-1
11, 10, 630.0,852.0,-1
10, 12, 741.0,1045.0,-1
12, 10, 741.0,1045.0,-1
10, 13, 240.0,248.0,-1
13, 10, 240.0,248.0,-1
10, 14, 57.0,81.0,-1
14, 10, 57.0,81.0,-1
10, 15, 897.0,1164.0,-1
15, 10, 897.0,1164.0,-1
10, 16, 667.0,843.0,-1
16, 10, 667.0,843.0,-1
10, 10, 0.0,0.0,1
11, 12, 273.0,335.0,1
12, 11, 273.0,335.0,1
11, 13, 439.0,621.0,1
13, 11, 439.0,621.0,1
11, 14, 685.0,933.0,-1
14, 11, 685.0,933.0,-1
11, 15, 1037.0,1425.0,-1
15, 11, 1037.0,1425.0,-1
11, 16, 114.0,161.0,-1
16, 11, 114.0,161.0,-1
11, 11, 0.0,0.0,1
12, 13, 618.0,813.0,-1
13, 12, 618.0,813.0,-1
12, 14, 797.0,1125.0,1
14, 12, 797.0,1125.0,1
12, 15, 861.0,1091.0,-1
15, 12, 861.0,1091.0,-1
12, 16, 378.0,495.0,1
16, 12, 378.0,495.0,1
12, 12, 0.0,0.0,1
13, 14, 283.0,313.0,-1
14, 13, 283.0,313.0,-1
13, 15, 1017.0,1412.0,1
15, 13, 1017.0,1412.0,1
13, 16, 450.0,612.0,-1
16, 13, 450.0,612.0,-1
13, 13, 0.0,0.0,1
14, 15, 920.0,1162.0,-1
15, 14, 920.0,1162.0,-1
14, 16, 719.0,924.0,-1
16, 14, 719.0,924.0,-1
14, 14, 0.0,0.0,1
15, 16, 1147.0,1586.0,-1
16, 15, 1147.0,1586.0,-1
15, 15, 0.0,0.0,1
16, 16, 0.0,0.0,1


<end>