<number of nodes>
16

<ratio of available edges>
0.3

<max length of the drone flight>
100000 

<D 2/3>
1, 2, 3, 4, 7, 9, 10, 11, 12, 13, 16

<V>
4, 7, 9, 11, 12

<coordinates X,Y>
421.56081024603907, 102.09598304494206
773.0582400618493, 323.0077376106935
900.7967097491172, 133.58542096872785
182.8067793099425, 155.74034174880276
795.1089227609141, 622.9777952333078
665.2997850006739, 121.33888520546056
791.1698717306283, 610.7553898804208
342.18495552845206, 496.6064051488365
738.711951587417, 313.96616129098555
798.9123562658694, 686.7698044310717
102.5512776453887, 782.8058154068975
116.27078533988421, 199.69434732091355
663.7662082902488, 249.24979347184504
321.28171091487525, 403.1958458140656
180.7873152498133, 323.5732868585955
118.04648376519785, 348.37379286435345

<adjacency matrix with truck distances>
1, 2, 416.0,573.0,-1
2, 1, 416.0,573.0,-1
1, 3, 481.0,511.0,-1
3, 1, 481.0,511.0,-1
1, 4, 245.0,293.0,1
4, 1, 245.0,293.0,1
1, 5, 641.0,895.0,1
5, 1, 641.0,895.0,1
1, 6, 245.0,263.0,1
6, 1, 245.0,263.0,1
1, 7, 629.0,879.0,-1
7, 1, 629.0,879.0,-1
1, 8, 403.0,474.0,-1
8, 1, 403.0,474.0,-1
1, 9, 382.0,530.0,-1
9, 1, 382.0,530.0,-1
1, 10, 696.0,963.0,1
10, 1, 696.0,963.0,1
1, 11, 752.0,1000.0,-1
11, 1, 752.0,1000.0,-1
1, 12, 321.0,403.0,1
12, 1, 321.0,403.0,1
1, 13, 284.0,390.0,-1
13, 1, 284.0,390.0,-1
1, 14, 318.0,402.0,-1
14, 1, 318.0,402.0,-1
1, 15, 328.0,463.0,-1
15, 1, 328.0,463.0,-1
1, 16, 391.0,550.0,1
16, 1, 391.0,550.0,1
1, 1, 0.0,0.0,1
2, 3, 229.0,318.0,1
3, 2, 229.0,318.0,1
2, 4, 614.0,758.0,-1
4, 2, 614.0,758.0,-1
2, 5, 301.0,323.0,-1
5, 2, 301.0,323.0,-1
2, 6, 229.0,310.0,-1
6, 2, 229.0,310.0,-1
2, 7, 289.0,306.0,-1
7, 2, 289.0,306.0,-1
2, 8, 465.0,605.0,-1
8, 2, 465.0,605.0,-1
2, 9, 36.0,44.0,-1
9, 2, 36.0,44.0,-1
2, 10, 365.0,390.0,1
10, 2, 365.0,390.0,1
2, 11, 814.0,1131.0,-1
11, 2, 814.0,1131.0,-1
2, 12, 669.0,781.0,1
12, 2, 669.0,781.0,1
2, 13, 132.0,184.0,1
13, 2, 132.0,184.0,1
2, 14, 459.0,532.0,-1
14, 2, 459.0,532.0,-1
2, 15, 593.0,593.0,1
15, 2, 593.0,593.0,1
2, 16, 656.0,681.0,-1
16, 2, 656.0,681.0,-1
2, 2, 0.0,0.0,1
3, 4, 719.0,741.0,1
4, 3, 719.0,741.0,1
3, 5, 501.0,596.0,1
5, 3, 501.0,596.0,1
3, 6, 236.0,248.0,-1
6, 3, 236.0,248.0,-1
3, 7, 490.0,587.0,-1
7, 3, 490.0,587.0,-1
3, 8, 667.0,922.0,-1
8, 3, 667.0,922.0,-1
3, 9, 243.0,343.0,-1
9, 3, 243.0,343.0,-1
3, 10, 563.0,656.0,-1
10, 3, 563.0,656.0,-1
3, 11, 1029.0,1448.0,-1
11, 3, 1029.0,1448.0,-1
3, 12, 788.0,851.0,-1
12, 3, 788.0,851.0,-1
3, 13, 264.0,353.0,-1
13, 3, 264.0,353.0,-1
3, 14, 640.0,850.0,1
14, 3, 640.0,850.0,1
3, 15, 745.0,910.0,-1
15, 3, 745.0,910.0,-1
3, 16, 812.0,998.0,-1
16, 3, 812.0,998.0,-1
3, 3, 0.0,0.0,1
4, 5, 771.0,1080.0,-1
5, 4, 771.0,1080.0,-1
4, 6, 484.0,517.0,1
6, 4, 484.0,517.0,1
4, 7, 760.0,1064.0,-1
7, 4, 760.0,1064.0,-1
4, 8, 377.0,501.0,1
8, 4, 377.0,501.0,1
4, 9, 578.0,715.0,1
9, 4, 578.0,715.0,1
4, 10, 814.0,1148.0,-1
10, 4, 814.0,1148.0,-1
4, 11, 633.0,708.0,1
11, 4, 633.0,708.0,1
4, 12, 80.0,111.0,-1
12, 4, 80.0,111.0,-1
4, 13, 490.0,575.0,1
13, 4, 490.0,575.0,1
4, 14, 284.0,386.0,1
14, 4, 284.0,386.0,1
4, 15, 168.0,170.0,-1
15, 4, 168.0,170.0,-1
4, 16, 204.0,258.0,-1
16, 4, 204.0,258.0,-1
4, 4, 0.0,0.0,1
5, 6, 519.0,632.0,-1
6, 5, 519.0,632.0,-1
5, 7, 13.0,17.0,-1
7, 5, 13.0,17.0,-1
5, 8, 471.0,580.0,-1
8, 5, 471.0,580.0,-1
5, 9, 315.0,366.0,-1
9, 5, 315.0,366.0,-1
5, 10, 64.0,68.0,-1
10, 5, 64.0,68.0,-1
5, 11, 711.0,853.0,-1
11, 5, 711.0,853.0,-1
5, 12, 800.0,1103.0,-1
12, 5, 800.0,1103.0,-1
5, 13, 397.0,506.0,-1
13, 5, 397.0,506.0,-1
5, 14, 523.0,694.0,-1
14, 5, 523.0,694.0,-1
5, 15, 684.0,914.0,-1
15, 5, 684.0,914.0,-1
5, 16, 731.0,952.0,1
16, 5, 731.0,952.0,1
5, 5, 0.0,0.0,1
6, 7, 506.0,616.0,-1
7, 6, 506.0,616.0,-1
6, 8, 496.0,699.0,-1
8, 6, 496.0,699.0,-1
6, 9, 207.0,267.0,1
9, 6, 207.0,267.0,1
6, 10, 582.0,700.0,-1
10, 6, 582.0,700.0,-1
6, 11, 869.0,1225.0,-1
11, 6, 869.0,1225.0,-1
6, 12, 555.0,628.0,-1
12, 6, 555.0,628.0,-1
6, 13, 128.0,130.0,-1
13, 6, 128.0,130.0,-1
6, 14, 445.0,626.0,-1
14, 6, 445.0,626.0,-1
6, 15, 526.0,687.0,1
15, 6, 526.0,687.0,1
6, 16, 593.0,775.0,-1
16, 6, 593.0,775.0,-1
6, 6, 0.0,0.0,1
7, 8, 464.0,564.0,1
8, 7, 464.0,564.0,1
7, 9, 302.0,350.0,-1
9, 7, 302.0,350.0,-1
7, 10, 77.0,84.0,-1
10, 7, 77.0,84.0,-1
7, 11, 710.0,861.0,-1
11, 7, 710.0,861.0,-1
7, 12, 791.0,1086.0,-1
12, 7, 791.0,1086.0,-1
7, 13, 384.0,489.0,-1
13, 7, 384.0,489.0,-1
7, 14, 514.0,678.0,1
14, 7, 514.0,678.0,1
7, 15, 675.0,898.0,-1
15, 7, 675.0,898.0,-1
7, 16, 723.0,936.0,-1
16, 7, 723.0,936.0,-1
7, 7, 0.0,0.0,1
8, 9, 437.0,580.0,-1
9, 8, 437.0,580.0,-1
8, 10, 495.0,647.0,-1
10, 8, 495.0,647.0,-1
8, 11, 374.0,526.0,-1
11, 8, 374.0,526.0,-1
8, 12, 374.0,523.0,-1
12, 8, 374.0,523.0,-1
8, 13, 406.0,569.0,1
13, 8, 406.0,569.0,1
8, 14, 96.0,115.0,-1
14, 8, 96.0,115.0,-1
8, 15, 237.0,335.0,-1
15, 8, 237.0,335.0,-1
8, 16, 269.0,373.0,1
16, 8, 269.0,373.0,1
8, 8, 0.0,0.0,1
9, 10, 378.0,434.0,1
10, 9, 378.0,434.0,1
9, 11, 791.0,1106.0,-1
11, 9, 791.0,1106.0,-1
9, 12, 633.0,737.0,1
12, 9, 633.0,737.0,1
9, 13, 100.0,140.0,1
13, 9, 100.0,140.0,1
9, 14, 427.0,507.0,-1
14, 9, 427.0,507.0,-1
9, 15, 559.0,568.0,1
15, 9, 559.0,568.0,1
9, 16, 622.0,656.0,-1
16, 9, 622.0,656.0,-1
9, 9, 0.0,0.0,1
10, 11, 703.0,793.0,-1
11, 10, 703.0,793.0,-1
10, 12, 839.0,1170.0,1
12, 10, 839.0,1170.0,1
10, 13, 458.0,573.0,-1
13, 10, 458.0,573.0,-1
10, 14, 556.0,762.0,-1
14, 10, 556.0,762.0,-1
10, 15, 717.0,982.0,-1
15, 10, 717.0,982.0,-1
10, 16, 761.0,1020.0,-1
16, 10, 761.0,1020.0,-1
10, 10, 0.0,0.0,1
11, 12, 584.0,597.0,-1
12, 11, 584.0,597.0,-1
11, 13, 775.0,1095.0,-1
13, 11, 775.0,1095.0,-1
11, 14, 439.0,599.0,-1
14, 11, 439.0,599.0,-1
11, 15, 466.0,538.0,-1
15, 11, 466.0,538.0,-1
11, 16, 435.0,450.0,-1
16, 11, 435.0,450.0,-1
11, 11, 0.0,0.0,1
12, 13, 550.0,598.0,-1
13, 12, 550.0,598.0,-1
12, 14, 289.0,409.0,-1
14, 12, 289.0,409.0,-1
12, 15, 140.0,189.0,1
15, 12, 140.0,189.0,1
12, 16, 149.0,151.0,-1
16, 12, 149.0,151.0,-1
12, 12, 0.0,0.0,1
13, 14, 376.0,497.0,1
14, 13, 376.0,497.0,1
13, 15, 489.0,558.0,-1
15, 13, 489.0,558.0,-1
13, 16, 555.0,645.0,1
16, 13, 555.0,645.0,1
13, 13, 0.0,0.0,1
14, 15, 162.0,221.0,-1
15, 14, 162.0,221.0,-1
14, 16, 211.0,259.0,-1
16, 14, 211.0,259.0,-1
14, 14, 0.0,0.0,1
15, 16, 68.0,88.0,1
16, 15, 68.0,88.0,1
15, 15, 0.0,0.0,1
16, 16, 0.0,0.0,1


<end>