<number of nodes>
16

<ratio of available edges>
0.3

<max length of the drone flight>
100000 

<D 2/3>
1, 2, 3, 4, 6, 7, 10, 11, 13, 14, 15

<V>
2, 3, 4, 6, 13

<coordinates X,Y>
130.15363721436864, 59.8471565779758
914.535579564662, 338.61606157587073
122.60109624733629, 374.0110036287679
963.1274659622811, 514.0144361663721
769.6940019983681, 59.069932875161186
701.1301178091873, 134.49415876608566
134.91040664550889, 681.6076207656748
735.093893857347, 734.8107850073986
160.9173293793852, 580.9174014857591
769.004496045713, 498.3649548051154
777.0675892847601, 419.39630462828245
867.5404042337855, 998.6921843939466
627.7590287437245, 635.3160457589831
967.9178530593962, 383.82656104508146
429.5059220632953, 151.24624529823762
386.0042982491062, 392.0980626981199

<adjacency matrix with truck distances>
1, 2, 833.0,1064.0,-1
2, 1, 833.0,1064.0,-1
1, 3, 315.0,322.0,-1
3, 1, 315.0,322.0,-1
1, 4, 949.0,1288.0,-1
4, 1, 949.0,1288.0,-1
1, 5, 640.0,641.0,1
5, 1, 640.0,641.0,1
1, 6, 576.0,646.0,1
6, 1, 576.0,646.0,1
1, 7, 622.0,627.0,-1
7, 1, 622.0,627.0,-1
1, 8, 907.0,1280.0,-1
8, 1, 907.0,1280.0,-1
1, 9, 522.0,552.0,1
9, 1, 522.0,552.0,1
1, 10, 775.0,1078.0,-1
10, 1, 775.0,1078.0,-1
1, 11, 741.0,1007.0,-1
11, 1, 741.0,1007.0,-1
1, 12, 1194.0,1677.0,-1
12, 1, 1194.0,1677.0,-1
1, 13, 761.0,1074.0,-1
13, 1, 761.0,1074.0,-1
1, 14, 899.0,1162.0,1
14, 1, 899.0,1162.0,1
1, 15, 313.0,391.0,-1
15, 1, 313.0,391.0,-1
1, 16, 420.0,589.0,1
16, 1, 420.0,589.0,1
1, 1, 0.0,0.0,1
2, 3, 793.0,828.0,1
3, 2, 793.0,828.0,1
2, 4, 183.0,224.0,-1
4, 2, 183.0,224.0,-1
2, 5, 315.0,425.0,1
5, 2, 315.0,425.0,1
2, 6, 296.0,418.0,-1
6, 2, 296.0,418.0,-1
2, 7, 852.0,1123.0,-1
7, 2, 852.0,1123.0,-1
2, 8, 435.0,576.0,1
8, 2, 435.0,576.0,1
2, 9, 792.0,996.0,-1
9, 2, 792.0,996.0,-1
2, 10, 217.0,306.0,1
10, 2, 217.0,306.0,1
2, 11, 160.0,219.0,-1
11, 2, 160.0,219.0,-1
2, 12, 662.0,708.0,1
12, 2, 662.0,708.0,1
2, 13, 413.0,584.0,-1
13, 2, 413.0,584.0,-1
2, 14, 70.0,99.0,1
14, 2, 70.0,99.0,1
2, 15, 520.0,673.0,1
15, 2, 520.0,673.0,1
2, 16, 532.0,583.0,1
16, 2, 532.0,583.0,1
2, 2, 0.0,0.0,1
3, 4, 853.0,981.0,1
4, 3, 853.0,981.0,1
3, 5, 720.0,963.0,-1
5, 3, 720.0,963.0,-1
3, 6, 627.0,819.0,-1
6, 3, 627.0,819.0,-1
3, 7, 308.0,320.0,1
7, 3, 308.0,320.0,1
3, 8, 711.0,974.0,-1
8, 3, 711.0,974.0,-1
3, 9, 211.0,246.0,-1
9, 3, 211.0,246.0,-1
3, 10, 659.0,771.0,-1
10, 3, 659.0,771.0,-1
3, 11, 657.0,700.0,-1
11, 3, 657.0,700.0,-1
3, 12, 973.0,1370.0,-1
12, 3, 973.0,1370.0,-1
3, 13, 569.0,767.0,-1
13, 3, 569.0,767.0,-1
3, 14, 846.0,856.0,1
14, 3, 846.0,856.0,1
3, 15, 380.0,530.0,-1
15, 3, 380.0,530.0,-1
3, 16, 265.0,282.0,-1
16, 3, 265.0,282.0,-1
3, 3, 0.0,0.0,1
4, 5, 495.0,649.0,-1
5, 4, 495.0,649.0,-1
4, 6, 462.0,642.0,-1
6, 4, 462.0,642.0,-1
4, 7, 846.0,996.0,1
7, 4, 846.0,996.0,1
4, 8, 318.0,449.0,1
8, 4, 318.0,449.0,1
4, 9, 805.0,870.0,-1
9, 4, 805.0,870.0,-1
4, 10, 195.0,210.0,-1
10, 4, 195.0,210.0,-1
4, 11, 209.0,281.0,-1
11, 4, 209.0,281.0,-1
4, 12, 495.0,581.0,-1
12, 4, 495.0,581.0,-1
4, 13, 357.0,457.0,-1
13, 4, 357.0,457.0,-1
4, 14, 131.0,135.0,-1
14, 4, 131.0,135.0,-1
4, 15, 646.0,897.0,-1
15, 4, 646.0,897.0,-1
4, 16, 590.0,700.0,-1
16, 4, 590.0,700.0,-1
4, 4, 0.0,0.0,1
5, 6, 102.0,144.0,-1
6, 5, 102.0,144.0,-1
5, 7, 890.0,1258.0,-1
7, 5, 890.0,1258.0,-1
5, 8, 677.0,711.0,-1
8, 5, 677.0,711.0,-1
5, 9, 802.0,1131.0,-1
9, 5, 802.0,1131.0,-1
5, 10, 440.0,440.0,-1
10, 5, 440.0,440.0,-1
5, 11, 361.0,368.0,-1
11, 5, 361.0,368.0,-1
5, 12, 945.0,1038.0,1
12, 5, 945.0,1038.0,1
5, 13, 594.0,719.0,-1
13, 5, 594.0,719.0,-1
5, 14, 381.0,523.0,-1
14, 5, 381.0,523.0,-1
5, 15, 353.0,433.0,1
15, 5, 353.0,433.0,1
5, 16, 509.0,717.0,-1
16, 5, 509.0,717.0,-1
5, 5, 0.0,0.0,1
6, 7, 788.0,1114.0,1
7, 6, 788.0,1114.0,1
6, 8, 602.0,635.0,-1
8, 6, 602.0,635.0,-1
6, 9, 701.0,987.0,-1
9, 6, 701.0,987.0,-1
6, 10, 371.0,432.0,-1
10, 6, 371.0,432.0,-1
6, 11, 295.0,361.0,-1
11, 6, 295.0,361.0,-1
6, 12, 881.0,1031.0,-1
12, 6, 881.0,1031.0,-1
6, 13, 507.0,575.0,-1
13, 6, 507.0,575.0,-1
6, 14, 366.0,517.0,-1
14, 6, 366.0,517.0,-1
6, 15, 273.0,289.0,-1
15, 6, 273.0,289.0,-1
6, 16, 408.0,573.0,-1
16, 6, 408.0,573.0,-1
6, 6, 0.0,0.0,1
7, 8, 603.0,654.0,-1
8, 7, 603.0,654.0,-1
7, 9, 104.0,127.0,-1
9, 7, 104.0,127.0,-1
7, 10, 661.0,818.0,-1
10, 7, 661.0,818.0,-1
7, 11, 694.0,905.0,1
11, 7, 694.0,905.0,1
7, 12, 799.0,1050.0,1
12, 7, 799.0,1050.0,1
7, 13, 496.0,540.0,1
13, 7, 496.0,540.0,1
7, 14, 885.0,1131.0,-1
14, 7, 885.0,1131.0,-1
7, 15, 607.0,825.0,-1
15, 7, 607.0,825.0,-1
7, 16, 384.0,541.0,-1
16, 7, 384.0,541.0,-1
7, 7, 0.0,0.0,1
8, 9, 595.0,729.0,-1
9, 8, 595.0,729.0,-1
8, 10, 239.0,271.0,1
10, 8, 239.0,271.0,1
8, 11, 319.0,358.0,-1
11, 8, 319.0,358.0,-1
8, 12, 296.0,397.0,1
12, 8, 296.0,397.0,1
8, 13, 147.0,207.0,-1
13, 8, 147.0,207.0,-1
8, 14, 422.0,584.0,1
14, 8, 422.0,584.0,1
8, 15, 659.0,890.0,1
15, 8, 659.0,890.0,1
8, 16, 490.0,692.0,-1
16, 8, 490.0,692.0,-1
8, 8, 0.0,0.0,1
9, 10, 614.0,691.0,1
10, 9, 614.0,691.0,1
9, 11, 637.0,778.0,-1
11, 9, 637.0,778.0,-1
9, 12, 821.0,1125.0,-1
12, 9, 821.0,1125.0,-1
9, 13, 471.0,522.0,1
13, 9, 471.0,522.0,1
9, 14, 831.0,1005.0,1
14, 9, 831.0,1005.0,1
9, 15, 507.0,699.0,1
15, 9, 507.0,699.0,1
9, 16, 294.0,414.0,-1
16, 9, 294.0,414.0,-1
9, 9, 0.0,0.0,1
10, 11, 80.0,88.0,-1
11, 10, 80.0,88.0,-1
10, 12, 510.0,599.0,-1
12, 10, 510.0,599.0,-1
10, 13, 197.0,279.0,-1
13, 10, 197.0,279.0,-1
10, 14, 230.0,314.0,1
14, 10, 230.0,314.0,1
10, 15, 486.0,687.0,-1
15, 10, 486.0,687.0,-1
10, 16, 398.0,490.0,-1
16, 10, 398.0,490.0,-1
10, 10, 0.0,0.0,1
11, 12, 587.0,670.0,1
12, 11, 587.0,670.0,1
11, 13, 263.0,366.0,-1
13, 11, 263.0,366.0,-1
11, 14, 195.0,227.0,-1
14, 11, 195.0,227.0,-1
11, 15, 439.0,616.0,1
15, 11, 439.0,616.0,1
11, 16, 393.0,419.0,-1
16, 11, 393.0,419.0,-1
11, 11, 0.0,0.0,1
12, 13, 436.0,604.0,-1
13, 12, 436.0,604.0,-1
12, 14, 624.0,716.0,-1
14, 12, 624.0,716.0,-1
12, 15, 954.0,1286.0,-1
15, 12, 954.0,1286.0,-1
12, 16, 775.0,1089.0,-1
16, 12, 775.0,1089.0,-1
12, 12, 0.0,0.0,1
13, 14, 424.0,592.0,-1
14, 13, 424.0,592.0,-1
13, 15, 524.0,683.0,-1
15, 13, 524.0,683.0,-1
13, 16, 343.0,485.0,-1
16, 13, 343.0,485.0,-1
13, 13, 0.0,0.0,1
14, 15, 587.0,771.0,-1
15, 14, 587.0,771.0,-1
14, 16, 582.0,591.0,-1
16, 14, 582.0,591.0,-1
14, 14, 0.0,0.0,1
15, 16, 245.0,285.0,1
16, 15, 245.0,285.0,1
15, 15, 0.0,0.0,1
16, 16, 0.0,0.0,1


<end>