<number of nodes>
16

<ratio of available edges>
0.3

<max length of the drone flight>
100000 

<D 2/3>
1, 3, 4, 7, 8, 9, 10, 11, 12, 15, 16

<V>
3, 4, 8, 12, 15

<coordinates X,Y>
663.7186238101553, 911.1866448099435
509.65957817248034, 372.8332216438126
303.8974902336929, 69.72736084694625
68.26680954764439, 15.522085650450151
172.37896159892088, 625.2222131481523
382.2023464678641, 634.4530039971485
356.0926632947851, 603.6859735317812
93.07676018712017, 569.0015939604149
797.0864715402394, 835.2168204660273
449.99430669006676, 247.45378587166323
31.75587517427411, 798.6064233889898
996.7670541666444, 528.5606899899343
3.8626375819139196, 825.1820297360184
259.82529333049666, 613.6806220839361
246.11709674339093, 41.27124846623536
621.7993886602729, 776.6346714547981

<adjacency matrix with truck distances>
1, 2, 560.0,693.0,1
2, 1, 560.0,693.0,1
1, 3, 916.0,1202.0,-1
3, 1, 916.0,1202.0,-1
1, 4, 1076.0,1492.0,1
4, 1, 1076.0,1492.0,1
1, 5, 569.0,778.0,1
5, 1, 569.0,778.0,1
1, 6, 395.0,559.0,-1
6, 1, 395.0,559.0,-1
1, 7, 435.0,616.0,-1
7, 1, 435.0,616.0,-1
1, 8, 666.0,913.0,-1
8, 1, 666.0,913.0,-1
1, 9, 154.0,210.0,-1
9, 1, 154.0,210.0,-1
1, 10, 698.0,878.0,-1
10, 1, 698.0,878.0,-1
1, 11, 642.0,745.0,-1
11, 1, 642.0,745.0,-1
1, 12, 508.0,716.0,-1
12, 1, 508.0,716.0,-1
1, 13, 666.0,746.0,-1
13, 1, 666.0,746.0,-1
1, 14, 502.0,702.0,-1
14, 1, 502.0,702.0,-1
1, 15, 965.0,1288.0,-1
15, 1, 965.0,1288.0,-1
1, 16, 141.0,177.0,-1
16, 1, 141.0,177.0,-1
1, 1, 0.0,0.0,1
2, 3, 367.0,509.0,-1
3, 2, 367.0,509.0,-1
2, 4, 568.0,799.0,-1
4, 2, 568.0,799.0,-1
2, 5, 422.0,590.0,-1
5, 2, 422.0,590.0,-1
2, 6, 292.0,390.0,-1
6, 2, 292.0,390.0,-1
2, 7, 278.0,385.0,1
7, 2, 278.0,385.0,1
2, 8, 461.0,613.0,-1
8, 2, 461.0,613.0,-1
2, 9, 545.0,750.0,-1
9, 2, 545.0,750.0,-1
2, 10, 139.0,186.0,-1
10, 2, 139.0,186.0,-1
2, 11, 641.0,904.0,1
11, 2, 641.0,904.0,1
2, 12, 512.0,643.0,1
12, 2, 512.0,643.0,1
2, 13, 679.0,959.0,-1
13, 2, 679.0,959.0,-1
2, 14, 348.0,491.0,-1
14, 2, 348.0,491.0,-1
2, 15, 424.0,596.0,1
15, 2, 424.0,596.0,1
2, 16, 420.0,516.0,-1
16, 2, 420.0,516.0,-1
2, 2, 0.0,0.0,1
3, 4, 242.0,290.0,-1
4, 3, 242.0,290.0,-1
3, 5, 571.0,688.0,1
5, 3, 571.0,688.0,1
3, 6, 571.0,644.0,1
6, 3, 571.0,644.0,1
3, 7, 537.0,587.0,-1
7, 3, 537.0,587.0,-1
3, 8, 542.0,711.0,1
8, 3, 542.0,711.0,1
3, 9, 911.0,1259.0,-1
9, 3, 911.0,1259.0,-1
3, 10, 231.0,324.0,1
10, 3, 231.0,324.0,1
3, 11, 779.0,1002.0,-1
11, 3, 779.0,1002.0,-1
3, 12, 832.0,1152.0,1
12, 3, 832.0,1152.0,1
3, 13, 813.0,1056.0,-1
13, 3, 813.0,1056.0,-1
3, 14, 546.0,589.0,-1
14, 3, 546.0,589.0,-1
3, 15, 65.0,87.0,1
15, 3, 65.0,87.0,1
3, 16, 776.0,1025.0,1
16, 3, 776.0,1025.0,1
3, 3, 0.0,0.0,1
4, 5, 619.0,714.0,-1
5, 4, 619.0,714.0,-1
4, 6, 694.0,933.0,-1
6, 4, 694.0,933.0,-1
4, 7, 655.0,876.0,-1
7, 4, 655.0,876.0,-1
4, 8, 555.0,579.0,-1
8, 4, 555.0,579.0,-1
4, 9, 1097.0,1549.0,-1
9, 4, 1097.0,1549.0,-1
4, 10, 447.0,614.0,-1
10, 4, 447.0,614.0,-1
4, 11, 784.0,820.0,-1
11, 4, 784.0,820.0,-1
4, 12, 1061.0,1442.0,1
12, 4, 1061.0,1442.0,1
4, 13, 813.0,875.0,1
13, 4, 813.0,875.0,1
4, 14, 629.0,790.0,1
14, 4, 629.0,790.0,1
4, 15, 180.0,204.0,-1
15, 4, 180.0,204.0,-1
4, 16, 942.0,1315.0,-1
16, 4, 942.0,1315.0,-1
4, 4, 0.0,0.0,1
5, 6, 211.0,220.0,-1
6, 5, 211.0,220.0,-1
5, 7, 185.0,206.0,-1
7, 5, 185.0,206.0,-1
5, 8, 98.0,136.0,-1
8, 5, 98.0,136.0,-1
5, 9, 660.0,835.0,-1
9, 5, 660.0,835.0,-1
5, 10, 469.0,656.0,-1
10, 5, 469.0,656.0,-1
5, 11, 224.0,315.0,-1
11, 5, 224.0,315.0,-1
5, 12, 831.0,922.0,-1
12, 5, 831.0,922.0,-1
5, 13, 262.0,369.0,-1
13, 5, 262.0,369.0,-1
5, 14, 89.0,99.0,-1
14, 5, 89.0,99.0,-1
5, 15, 589.0,658.0,-1
15, 5, 589.0,658.0,-1
5, 16, 475.0,601.0,1
16, 5, 475.0,601.0,1
5, 5, 0.0,0.0,1
6, 7, 41.0,57.0,-1
7, 6, 41.0,57.0,-1
6, 8, 297.0,355.0,-1
8, 6, 297.0,355.0,-1
6, 9, 461.0,616.0,-1
9, 6, 461.0,616.0,-1
6, 10, 393.0,455.0,1
10, 6, 393.0,455.0,1
6, 11, 387.0,515.0,-1
11, 6, 387.0,515.0,-1
6, 12, 624.0,721.0,1
12, 6, 624.0,721.0,1
6, 13, 424.0,570.0,-1
13, 6, 424.0,570.0,-1
6, 14, 125.0,144.0,-1
14, 6, 125.0,144.0,-1
6, 15, 609.0,730.0,-1
15, 6, 609.0,730.0,-1
6, 16, 279.0,382.0,1
16, 6, 279.0,382.0,1
6, 6, 0.0,0.0,1
7, 8, 266.0,298.0,-1
8, 7, 266.0,298.0,-1
7, 9, 499.0,673.0,-1
9, 7, 499.0,673.0,-1
7, 10, 369.0,451.0,-1
10, 7, 369.0,451.0,-1
7, 11, 379.0,520.0,-1
11, 7, 379.0,520.0,-1
7, 12, 646.0,716.0,1
12, 7, 646.0,716.0,1
7, 13, 417.0,574.0,-1
13, 7, 417.0,574.0,-1
7, 14, 97.0,107.0,1
14, 7, 97.0,107.0,1
7, 15, 574.0,673.0,1
15, 7, 574.0,673.0,1
7, 16, 318.0,439.0,1
16, 7, 318.0,439.0,1
7, 7, 0.0,0.0,1
8, 9, 753.0,971.0,-1
9, 8, 753.0,971.0,-1
8, 10, 481.0,679.0,1
10, 8, 481.0,679.0,1
8, 11, 238.0,291.0,1
11, 8, 238.0,291.0,1
8, 12, 905.0,945.0,-1
12, 8, 905.0,945.0,-1
8, 13, 272.0,346.0,1
13, 8, 272.0,346.0,1
8, 14, 173.0,212.0,1
14, 8, 173.0,212.0,1
8, 15, 550.0,681.0,-1
15, 8, 550.0,681.0,-1
8, 16, 569.0,737.0,-1
16, 8, 569.0,737.0,-1
8, 8, 0.0,0.0,1
9, 10, 683.0,935.0,-1
10, 9, 683.0,935.0,-1
9, 11, 767.0,802.0,-1
11, 9, 767.0,802.0,-1
9, 12, 366.0,507.0,-1
12, 9, 366.0,507.0,-1
9, 13, 794.0,804.0,-1
13, 9, 794.0,804.0,-1
9, 14, 582.0,759.0,1
14, 9, 582.0,759.0,1
9, 15, 967.0,1345.0,1
15, 9, 967.0,1345.0,1
9, 16, 185.0,234.0,-1
16, 9, 185.0,234.0,-1
9, 9, 0.0,0.0,1
10, 11, 692.0,970.0,-1
11, 10, 692.0,970.0,-1
10, 12, 615.0,828.0,-1
12, 10, 615.0,828.0,-1
10, 13, 730.0,1024.0,-1
13, 10, 730.0,1024.0,-1
10, 14, 413.0,557.0,-1
14, 10, 413.0,557.0,-1
10, 15, 290.0,411.0,-1
15, 10, 290.0,411.0,-1
10, 16, 557.0,701.0,1
16, 10, 557.0,701.0,1
10, 10, 0.0,0.0,1
11, 12, 1003.0,1236.0,-1
12, 11, 1003.0,1236.0,-1
11, 13, 39.0,55.0,-1
13, 11, 39.0,55.0,-1
11, 14, 294.0,413.0,-1
14, 11, 294.0,413.0,-1
11, 15, 788.0,972.0,1
15, 11, 788.0,972.0,1
11, 16, 591.0,613.0,-1
16, 11, 591.0,613.0,-1
11, 11, 0.0,0.0,1
12, 13, 1037.0,1290.0,-1
13, 12, 1037.0,1290.0,-1
12, 14, 742.0,823.0,-1
14, 12, 742.0,823.0,-1
12, 15, 895.0,1238.0,-1
15, 12, 895.0,1238.0,-1
12, 16, 450.0,624.0,-1
16, 12, 450.0,624.0,-1
12, 12, 0.0,0.0,1
13, 14, 333.0,468.0,1
14, 13, 333.0,468.0,1
13, 15, 821.0,1027.0,1
15, 13, 821.0,1027.0,1
13, 16, 620.0,667.0,-1
16, 13, 620.0,667.0,-1
13, 13, 0.0,0.0,1
14, 15, 573.0,587.0,-1
15, 14, 573.0,587.0,-1
14, 16, 397.0,525.0,-1
16, 14, 397.0,525.0,-1
14, 14, 0.0,0.0,1
15, 16, 826.0,1112.0,1
16, 15, 826.0,1112.0,1
15, 15, 0.0,0.0,1
16, 16, 0.0,0.0,1


<end>