<number of nodes>
16

<ratio of available edges>
0.3

<max length of the drone flight>
100000 

<D 2/3>
1, 2, 5, 6, 8, 10, 11, 13, 14, 15, 16

<V>
6, 8, 10, 11, 15

<coordinates X,Y>
217.6211765569193, 121.7284650893408
180.70225927619964, 735.6511986772884
605.070164473824, 111.47489151726118
308.34797424535515, 353.6546521803935
883.7100895106018, 56.437139996241804
198.67007587547727, 583.2209707536022
383.51637491543704, 997.0447372173986
734.6910640600811, 32.686516166024745
888.3669450073353, 702.6751170649259
925.1565364465791, 937.5632162450426
392.2387575473144, 875.7925603907512
484.19747310416574, 450.0939090239788
825.0174376355214, 487.4688893289839
436.95746631045074, 803.2944860506462
34.616398324988275, 744.444717527921
914.511538036753, 378.6990164872278

<adjacency matrix with truck distances>
1, 2, 616.0,651.0,1
2, 1, 616.0,651.0,1
1, 3, 388.0,398.0,1
3, 1, 388.0,398.0,1
1, 4, 250.0,323.0,1
4, 1, 250.0,323.0,1
1, 5, 670.0,732.0,-1
5, 1, 670.0,732.0,-1
1, 6, 462.0,481.0,-1
6, 1, 462.0,481.0,-1
1, 7, 891.0,1042.0,-1
7, 1, 891.0,1042.0,-1
1, 8, 525.0,607.0,-1
8, 1, 525.0,607.0,-1
1, 9, 888.0,1252.0,-1
9, 1, 888.0,1252.0,-1
1, 10, 1080.0,1524.0,-1
10, 1, 1080.0,1524.0,-1
1, 11, 775.0,929.0,-1
11, 1, 775.0,929.0,-1
1, 12, 423.0,595.0,-1
12, 1, 423.0,595.0,-1
1, 13, 710.0,974.0,-1
13, 1, 710.0,974.0,-1
1, 14, 716.0,901.0,-1
14, 1, 716.0,901.0,-1
1, 15, 650.0,806.0,-1
15, 1, 650.0,806.0,-1
1, 16, 743.0,954.0,-1
16, 1, 743.0,954.0,-1
1, 1, 0.0,0.0,1
2, 3, 755.0,1049.0,1
3, 2, 755.0,1049.0,1
2, 4, 403.0,510.0,-1
4, 2, 403.0,510.0,-1
2, 5, 978.0,1383.0,1
5, 2, 978.0,1383.0,1
2, 6, 154.0,171.0,-1
6, 2, 154.0,171.0,-1
2, 7, 331.0,465.0,1
7, 2, 331.0,465.0,1
2, 8, 896.0,1257.0,-1
8, 2, 896.0,1257.0,-1
2, 9, 709.0,741.0,1
9, 2, 709.0,741.0,1
2, 10, 772.0,947.0,-1
10, 2, 772.0,947.0,-1
2, 11, 254.0,352.0,-1
11, 2, 254.0,352.0,-1
2, 12, 417.0,590.0,-1
12, 2, 417.0,590.0,-1
2, 13, 691.0,893.0,-1
13, 2, 691.0,893.0,-1
2, 14, 266.0,324.0,-1
14, 2, 266.0,324.0,-1
2, 15, 147.0,155.0,-1
15, 2, 147.0,155.0,-1
2, 16, 817.0,1091.0,1
16, 2, 817.0,1091.0,1
2, 2, 0.0,0.0,1
3, 4, 384.0,539.0,-1
4, 3, 384.0,539.0,-1
3, 5, 285.0,334.0,1
5, 3, 285.0,334.0,1
3, 6, 623.0,879.0,-1
6, 3, 623.0,879.0,-1
3, 7, 913.0,1108.0,-1
7, 3, 913.0,1108.0,-1
3, 8, 152.0,209.0,-1
8, 3, 152.0,209.0,-1
3, 9, 656.0,875.0,-1
9, 3, 656.0,875.0,-1
3, 10, 886.0,1147.0,1
10, 3, 886.0,1147.0,1
3, 11, 794.0,978.0,1
11, 3, 794.0,978.0,1
3, 12, 360.0,460.0,-1
12, 3, 360.0,460.0,-1
3, 13, 436.0,596.0,-1
13, 3, 436.0,596.0,-1
3, 14, 712.0,860.0,-1
14, 3, 712.0,860.0,-1
3, 15, 853.0,1204.0,-1
15, 3, 853.0,1204.0,-1
3, 16, 409.0,577.0,-1
16, 3, 409.0,577.0,-1
3, 3, 0.0,0.0,1
4, 5, 648.0,873.0,-1
5, 4, 648.0,873.0,-1
4, 6, 255.0,340.0,-1
6, 4, 255.0,340.0,-1
4, 7, 648.0,719.0,-1
7, 4, 648.0,719.0,-1
4, 8, 534.0,748.0,-1
8, 4, 534.0,748.0,-1
4, 9, 677.0,930.0,-1
9, 4, 677.0,930.0,-1
4, 10, 850.0,1201.0,-1
10, 4, 850.0,1201.0,-1
4, 11, 529.0,607.0,-1
11, 4, 529.0,607.0,-1
4, 12, 201.0,273.0,1
12, 4, 201.0,273.0,1
4, 13, 534.0,651.0,-1
13, 4, 534.0,651.0,-1
4, 14, 468.0,579.0,1
14, 4, 468.0,579.0,1
4, 15, 478.0,665.0,-1
15, 4, 478.0,665.0,-1
4, 16, 607.0,632.0,1
16, 4, 607.0,632.0,1
4, 4, 0.0,0.0,1
5, 6, 865.0,1212.0,-1
6, 5, 865.0,1212.0,-1
5, 7, 1066.0,1441.0,-1
7, 5, 1066.0,1441.0,-1
5, 8, 151.0,173.0,-1
8, 5, 151.0,173.0,-1
5, 9, 647.0,651.0,-1
9, 5, 647.0,651.0,-1
5, 10, 883.0,923.0,1
10, 5, 883.0,923.0,1
5, 11, 956.0,1311.0,1
11, 5, 956.0,1311.0,1
5, 12, 561.0,794.0,1
12, 5, 561.0,794.0,1
5, 13, 436.0,490.0,-1
13, 5, 436.0,490.0,-1
5, 14, 871.0,1194.0,-1
14, 5, 871.0,1194.0,-1
5, 15, 1093.0,1538.0,-1
15, 5, 1093.0,1538.0,-1
5, 16, 324.0,354.0,-1
16, 5, 324.0,354.0,-1
5, 5, 0.0,0.0,1
6, 7, 454.0,599.0,-1
7, 6, 454.0,599.0,-1
6, 8, 769.0,1087.0,-1
8, 6, 769.0,1087.0,-1
6, 9, 700.0,810.0,1
9, 6, 700.0,810.0,1
6, 10, 809.0,1081.0,-1
10, 6, 809.0,1081.0,-1
6, 11, 351.0,487.0,-1
11, 6, 351.0,487.0,-1
6, 12, 316.0,419.0,1
12, 6, 316.0,419.0,1
6, 13, 634.0,723.0,1
13, 6, 634.0,723.0,1
6, 14, 325.0,459.0,1
14, 6, 325.0,459.0,1
6, 15, 231.0,326.0,1
15, 6, 231.0,326.0,1
6, 16, 745.0,921.0,-1
16, 6, 745.0,921.0,-1
6, 6, 0.0,0.0,1
7, 8, 1027.0,1316.0,-1
8, 7, 1027.0,1316.0,-1
7, 9, 585.0,800.0,-1
9, 7, 585.0,800.0,-1
7, 10, 545.0,602.0,1
10, 7, 545.0,602.0,1
7, 11, 122.0,130.0,-1
11, 7, 122.0,130.0,-1
7, 12, 557.0,648.0,-1
12, 7, 557.0,648.0,-1
7, 13, 675.0,952.0,-1
13, 7, 675.0,952.0,-1
7, 14, 201.0,248.0,1
14, 7, 201.0,248.0,1
7, 15, 431.0,602.0,-1
15, 7, 431.0,602.0,-1
7, 16, 816.0,1150.0,1
16, 7, 816.0,1150.0,1
7, 7, 0.0,0.0,1
8, 9, 688.0,824.0,1
9, 8, 688.0,824.0,1
8, 10, 925.0,1096.0,-1
10, 8, 925.0,1096.0,-1
8, 11, 911.0,1186.0,1
11, 8, 911.0,1186.0,1
8, 12, 487.0,668.0,1
12, 8, 487.0,668.0,1
8, 13, 464.0,546.0,-1
13, 8, 464.0,546.0,-1
8, 14, 827.0,1069.0,-1
14, 8, 827.0,1069.0,-1
8, 15, 999.0,1412.0,1
15, 8, 999.0,1412.0,1
8, 16, 390.0,526.0,-1
16, 8, 390.0,526.0,-1
8, 8, 0.0,0.0,1
9, 10, 238.0,272.0,-1
10, 9, 238.0,272.0,-1
9, 11, 526.0,670.0,-1
11, 9, 526.0,670.0,-1
9, 12, 477.0,657.0,1
12, 9, 477.0,657.0,1
9, 13, 225.0,279.0,-1
13, 9, 225.0,279.0,-1
9, 14, 463.0,553.0,-1
14, 9, 463.0,553.0,-1
9, 15, 855.0,896.0,-1
15, 9, 855.0,896.0,-1
9, 16, 326.0,351.0,-1
16, 9, 326.0,351.0,-1
9, 9, 0.0,0.0,1
10, 11, 537.0,595.0,-1
11, 10, 537.0,595.0,-1
10, 12, 658.0,929.0,-1
12, 10, 658.0,929.0,-1
10, 13, 462.0,551.0,-1
13, 10, 462.0,551.0,-1
10, 14, 507.0,623.0,1
14, 10, 507.0,623.0,1
10, 15, 912.0,1084.0,-1
15, 10, 912.0,1084.0,-1
10, 16, 559.0,570.0,-1
16, 10, 559.0,570.0,-1
10, 10, 0.0,0.0,1
11, 12, 436.0,518.0,1
12, 11, 436.0,518.0,1
11, 13, 582.0,822.0,-1
13, 11, 582.0,822.0,-1
11, 14, 86.0,118.0,1
14, 11, 86.0,118.0,1
11, 15, 381.0,489.0,1
15, 11, 381.0,489.0,1
11, 16, 722.0,1020.0,-1
16, 11, 722.0,1020.0,-1
11, 11, 0.0,0.0,1
12, 13, 343.0,379.0,-1
13, 12, 343.0,379.0,-1
12, 14, 357.0,401.0,1
14, 12, 357.0,401.0,1
12, 15, 538.0,744.0,-1
15, 12, 538.0,744.0,-1
12, 16, 437.0,502.0,-1
16, 12, 437.0,502.0,-1
12, 12, 0.0,0.0,1
13, 14, 501.0,704.0,1
14, 13, 501.0,704.0,1
13, 15, 832.0,1048.0,-1
15, 13, 832.0,1048.0,-1
13, 16, 141.0,199.0,-1
16, 13, 141.0,199.0,-1
13, 13, 0.0,0.0,1
14, 15, 407.0,462.0,-1
15, 14, 407.0,462.0,-1
14, 16, 640.0,903.0,-1
16, 14, 640.0,903.0,-1
14, 14, 0.0,0.0,1
15, 16, 953.0,1246.0,-1
16, 15, 953.0,1246.0,-1
15, 15, 0.0,0.0,1
16, 16, 0.0,0.0,1


<end>