<number of nodes>
16

<ratio of available edges>
0.3

<max length of the drone flight>
100000 

<D 2/3>
1, 2, 5, 6, 8, 9, 11, 12, 13, 14, 16

<V>
5, 6, 11, 12, 16

<coordinates X,Y>
900.056383368075, 845.0343906830659
934.403029743553, 853.1414221950635
967.2681541622851, 569.8065296053776
26.715027498644474, 228.39188141653975
143.36427757480013, 245.67721156301099
878.390634749747, 895.8317019715272
695.8276746453283, 811.74339784662
104.8666206033316, 753.9059577283933
435.03613498902996, 937.8283862700144
657.7378085159211, 363.8033666804367
297.1527313650668, 16.473857289896255
983.0884596133355, 312.7197693555903
748.97465634584, 319.97310265427984
954.5609110859077, 438.97363155991513
312.76731742891076, 491.718261588239
190.0341068575476, 258.167007930896

<adjacency matrix with truck distances>
1, 2, 36.0,43.0,1
2, 1, 36.0,43.0,1
1, 3, 284.0,343.0,1
3, 1, 284.0,343.0,1
1, 4, 1070.0,1490.0,-1
4, 1, 1070.0,1490.0,-1
1, 5, 966.0,1357.0,-1
5, 1, 966.0,1357.0,-1
1, 6, 56.0,73.0,1
6, 1, 56.0,73.0,1
1, 7, 207.0,238.0,1
7, 1, 207.0,238.0,1
1, 8, 801.0,887.0,-1
8, 1, 801.0,887.0,-1
1, 9, 475.0,558.0,-1
9, 1, 475.0,558.0,-1
1, 10, 539.0,724.0,-1
10, 1, 539.0,724.0,-1
1, 11, 1025.0,1432.0,1
11, 1, 1025.0,1432.0,1
1, 12, 539.0,616.0,-1
12, 1, 539.0,616.0,-1
1, 13, 547.0,677.0,-1
13, 1, 547.0,677.0,-1
1, 14, 410.0,461.0,-1
14, 1, 410.0,461.0,-1
1, 15, 686.0,941.0,1
15, 1, 686.0,941.0,1
1, 16, 922.0,1297.0,1
16, 1, 922.0,1297.0,1
1, 1, 0.0,0.0,1
2, 3, 286.0,317.0,1
3, 2, 286.0,317.0,1
2, 4, 1102.0,1533.0,1
4, 2, 1102.0,1533.0,1
2, 5, 998.0,1399.0,-1
5, 2, 998.0,1399.0,-1
2, 6, 71.0,99.0,-1
6, 2, 71.0,99.0,-1
2, 7, 243.0,280.0,-1
7, 2, 243.0,280.0,-1
2, 8, 836.0,929.0,-1
8, 2, 836.0,929.0,-1
2, 9, 507.0,585.0,-1
9, 2, 507.0,585.0,-1
2, 10, 563.0,767.0,-1
10, 2, 563.0,767.0,-1
2, 11, 1052.0,1474.0,1
11, 2, 1052.0,1474.0,1
2, 12, 543.0,590.0,1
12, 2, 543.0,590.0,1
2, 13, 565.0,719.0,-1
13, 2, 565.0,719.0,-1
2, 14, 415.0,435.0,1
14, 2, 415.0,435.0,1
2, 15, 720.0,984.0,-1
15, 2, 720.0,984.0,-1
2, 16, 953.0,1340.0,-1
16, 2, 953.0,1340.0,-1
2, 2, 0.0,0.0,1
3, 4, 1001.0,1282.0,-1
4, 3, 1001.0,1282.0,-1
3, 5, 886.0,1149.0,-1
5, 3, 886.0,1149.0,-1
3, 6, 338.0,415.0,-1
6, 3, 338.0,415.0,-1
3, 7, 364.0,514.0,-1
7, 3, 364.0,514.0,-1
3, 8, 882.0,1047.0,1
8, 3, 882.0,1047.0,1
3, 9, 648.0,901.0,-1
9, 3, 648.0,901.0,-1
3, 10, 372.0,516.0,-1
10, 3, 372.0,516.0,-1
3, 11, 870.0,1224.0,1
11, 3, 870.0,1224.0,1
3, 12, 258.0,273.0,1
12, 3, 258.0,273.0,1
3, 13, 332.0,469.0,-1
13, 3, 332.0,469.0,-1
3, 14, 132.0,144.0,-1
14, 3, 132.0,144.0,-1
3, 15, 660.0,733.0,1
15, 3, 660.0,733.0,1
3, 16, 838.0,1089.0,-1
16, 3, 838.0,1089.0,-1
3, 3, 0.0,0.0,1
4, 5, 118.0,134.0,-1
5, 4, 118.0,134.0,-1
4, 6, 1083.0,1520.0,-1
6, 4, 1083.0,1520.0,-1
4, 7, 888.0,1253.0,-1
7, 4, 888.0,1253.0,-1
4, 8, 532.0,604.0,1
8, 4, 532.0,604.0,1
4, 9, 819.0,1118.0,1
9, 4, 819.0,1118.0,1
4, 10, 646.0,767.0,-1
10, 4, 646.0,767.0,-1
4, 11, 344.0,483.0,1
11, 4, 344.0,483.0,1
4, 12, 961.0,1041.0,-1
12, 4, 961.0,1041.0,-1
4, 13, 729.0,814.0,1
13, 4, 729.0,814.0,1
4, 14, 952.0,1139.0,1
14, 4, 952.0,1139.0,1
4, 15, 389.0,550.0,-1
15, 4, 389.0,550.0,-1
4, 16, 167.0,194.0,1
16, 4, 167.0,194.0,1
4, 4, 0.0,0.0,1
5, 6, 982.0,1386.0,-1
6, 5, 982.0,1386.0,-1
5, 7, 791.0,1119.0,1
7, 5, 791.0,1119.0,1
5, 8, 510.0,547.0,-1
8, 5, 510.0,547.0,-1
5, 9, 752.0,984.0,-1
9, 5, 752.0,984.0,-1
5, 10, 528.0,633.0,-1
10, 5, 528.0,633.0,-1
5, 11, 277.0,383.0,1
11, 5, 277.0,383.0,1
5, 12, 843.0,907.0,-1
12, 5, 843.0,907.0,-1
5, 13, 611.0,680.0,-1
13, 5, 611.0,680.0,-1
5, 14, 834.0,1005.0,-1
14, 5, 834.0,1005.0,-1
5, 15, 299.0,416.0,-1
15, 5, 299.0,416.0,-1
5, 16, 49.0,60.0,-1
16, 5, 49.0,60.0,-1
5, 5, 0.0,0.0,1
6, 7, 201.0,267.0,1
7, 6, 201.0,267.0,1
6, 8, 787.0,916.0,-1
8, 6, 787.0,916.0,-1
6, 9, 446.0,486.0,-1
9, 6, 446.0,486.0,-1
6, 10, 576.0,753.0,-1
10, 6, 576.0,753.0,-1
6, 11, 1055.0,1461.0,1
11, 6, 1055.0,1461.0,1
6, 12, 593.0,688.0,-1
12, 6, 593.0,688.0,-1
6, 13, 591.0,706.0,-1
13, 6, 591.0,706.0,-1
6, 14, 464.0,534.0,1
14, 6, 464.0,534.0,1
6, 15, 696.0,970.0,-1
15, 6, 696.0,970.0,-1
6, 16, 939.0,1327.0,-1
16, 6, 939.0,1327.0,-1
6, 6, 0.0,0.0,1
7, 8, 594.0,649.0,1
8, 7, 594.0,649.0,1
7, 9, 290.0,387.0,1
9, 7, 290.0,387.0,1
7, 10, 450.0,487.0,-1
10, 7, 450.0,487.0,-1
7, 11, 890.0,1194.0,-1
11, 7, 890.0,1194.0,-1
7, 12, 576.0,787.0,-1
12, 7, 576.0,787.0,-1
7, 13, 495.0,545.0,1
13, 7, 495.0,545.0,1
7, 14, 454.0,632.0,-1
14, 7, 454.0,632.0,-1
7, 15, 500.0,704.0,-1
15, 7, 500.0,704.0,-1
7, 16, 750.0,1060.0,-1
16, 7, 750.0,1060.0,-1
7, 7, 0.0,0.0,1
8, 9, 378.0,515.0,-1
9, 8, 378.0,515.0,-1
8, 10, 677.0,943.0,-1
10, 8, 677.0,943.0,-1
8, 11, 763.0,930.0,-1
11, 8, 763.0,930.0,-1
8, 12, 983.0,1320.0,-1
12, 8, 983.0,1320.0,-1
8, 13, 777.0,1079.0,-1
13, 8, 777.0,1079.0,-1
8, 14, 907.0,1165.0,-1
14, 8, 907.0,1165.0,-1
8, 15, 335.0,471.0,-1
15, 8, 335.0,471.0,-1
8, 16, 504.0,581.0,-1
16, 8, 504.0,581.0,-1
8, 8, 0.0,0.0,1
9, 10, 616.0,797.0,-1
10, 9, 616.0,797.0,-1
9, 11, 932.0,1060.0,1
11, 9, 932.0,1060.0,1
9, 12, 832.0,1174.0,1
12, 9, 832.0,1174.0,1
9, 13, 694.0,932.0,-1
13, 9, 694.0,932.0,-1
9, 14, 721.0,1019.0,1
14, 9, 721.0,1019.0,1
9, 15, 463.0,569.0,-1
15, 9, 463.0,569.0,-1
9, 16, 723.0,925.0,-1
16, 9, 723.0,925.0,-1
9, 9, 0.0,0.0,1
10, 11, 501.0,708.0,1
11, 10, 501.0,708.0,1
10, 12, 330.0,377.0,-1
12, 10, 330.0,377.0,-1
10, 13, 102.0,136.0,-1
13, 10, 102.0,136.0,-1
10, 14, 307.0,372.0,-1
14, 10, 307.0,372.0,-1
10, 15, 368.0,473.0,-1
15, 10, 368.0,473.0,-1
10, 16, 480.0,574.0,-1
16, 10, 480.0,574.0,-1
10, 10, 0.0,0.0,1
11, 12, 748.0,983.0,-1
12, 11, 748.0,983.0,-1
11, 13, 545.0,756.0,1
13, 11, 545.0,756.0,1
11, 14, 782.0,1080.0,1
14, 11, 782.0,1080.0,1
11, 15, 476.0,491.0,-1
15, 11, 476.0,491.0,-1
11, 16, 265.0,349.0,-1
16, 11, 265.0,349.0,-1
11, 11, 0.0,0.0,1
12, 13, 235.0,242.0,-1
13, 12, 235.0,242.0,-1
12, 14, 130.0,155.0,-1
14, 12, 130.0,155.0,-1
12, 15, 694.0,850.0,-1
15, 12, 694.0,850.0,-1
12, 16, 795.0,848.0,-1
16, 12, 795.0,848.0,-1
12, 12, 0.0,0.0,1
13, 14, 238.0,325.0,-1
14, 13, 238.0,325.0,-1
13, 15, 469.0,608.0,-1
15, 13, 469.0,608.0,-1
13, 16, 563.0,621.0,-1
16, 13, 563.0,621.0,-1
13, 13, 0.0,0.0,1
14, 15, 644.0,695.0,-1
15, 14, 644.0,695.0,-1
14, 16, 786.0,946.0,-1
16, 14, 786.0,946.0,-1
14, 14, 0.0,0.0,1
15, 16, 264.0,357.0,-1
16, 15, 264.0,357.0,-1
15, 15, 0.0,0.0,1
16, 16, 0.0,0.0,1


<end>