<number of nodes>
16

<ratio of available edges>
0.3

<max length of the drone flight>
100000 

<D 2/3>
1, 3, 5, 6, 7, 9, 11, 13, 14, 15, 16

<V>
3, 6, 7, 13, 16

<coordinates X,Y>
612.4612476406312, 3.74966039844516
24.433055845579563, 895.0590094547315
83.6415470631794, 514.5769933091491
238.33208666739012, 499.31616471490725
176.50145754335824, 818.2456071902915
400.550489952876, 393.48804785906395
936.5374435673739, 365.2197280898493
993.6691351518258, 937.2806468515838
417.2696839358539, 44.72407428254212
584.7685528129807, 304.3645799260099
851.7387052888212, 172.78133273330945
21.819280661368083, 556.4988301885214
834.2352051585992, 474.83032680111194
353.92180841771165, 614.6492014275659
285.0541924038441, 957.1859150432554
506.9513558091973, 533.6067802437617

<adjacency matrix with truck distances>
1, 2, 1068.0,1480.0,1
2, 1, 1068.0,1480.0,1
1, 3, 736.0,1040.0,1
3, 1, 736.0,1040.0,1
1, 4, 621.0,870.0,-1
4, 1, 621.0,870.0,-1
1, 5, 924.0,1251.0,-1
5, 1, 924.0,1251.0,-1
1, 6, 444.0,602.0,1
6, 1, 444.0,602.0,1
1, 7, 486.0,686.0,-1
7, 1, 486.0,686.0,-1
1, 8, 1009.0,1315.0,-1
8, 1, 1009.0,1315.0,-1
1, 9, 200.0,237.0,-1
9, 1, 200.0,237.0,-1
1, 10, 302.0,329.0,1
10, 1, 302.0,329.0,1
1, 11, 293.0,409.0,1
11, 1, 293.0,409.0,1
1, 12, 809.0,1144.0,-1
12, 1, 809.0,1144.0,-1
1, 13, 521.0,693.0,1
13, 1, 521.0,693.0,1
1, 14, 664.0,870.0,-1
14, 1, 664.0,870.0,-1
1, 15, 1009.0,1281.0,-1
15, 1, 1009.0,1281.0,-1
1, 16, 541.0,636.0,-1
16, 1, 541.0,636.0,-1
1, 1, 0.0,0.0,1
2, 3, 386.0,440.0,-1
3, 2, 386.0,440.0,-1
2, 4, 450.0,610.0,1
4, 2, 450.0,610.0,1
2, 5, 171.0,229.0,1
5, 2, 171.0,229.0,1
2, 6, 627.0,878.0,-1
6, 2, 627.0,878.0,-1
2, 7, 1055.0,1442.0,1
7, 2, 1055.0,1442.0,1
2, 8, 971.0,1012.0,-1
8, 2, 971.0,1012.0,-1
2, 9, 937.0,1244.0,1
9, 2, 937.0,1244.0,1
2, 10, 815.0,1152.0,1
10, 2, 815.0,1152.0,1
2, 11, 1099.0,1550.0,-1
11, 2, 1099.0,1550.0,-1
2, 12, 339.0,342.0,1
12, 2, 339.0,342.0,1
2, 13, 913.0,1231.0,-1
13, 2, 913.0,1231.0,-1
2, 14, 433.0,610.0,-1
14, 2, 433.0,610.0,-1
2, 15, 268.0,323.0,-1
15, 2, 268.0,323.0,-1
2, 16, 603.0,844.0,-1
16, 2, 603.0,844.0,-1
2, 2, 0.0,0.0,1
3, 4, 156.0,170.0,-1
4, 3, 156.0,170.0,-1
3, 5, 318.0,397.0,1
5, 3, 318.0,397.0,1
3, 6, 340.0,438.0,-1
6, 3, 340.0,438.0,-1
3, 7, 866.0,1003.0,-1
7, 3, 866.0,1003.0,-1
3, 8, 1004.0,1333.0,1
8, 3, 1004.0,1333.0,1
3, 9, 577.0,804.0,-1
9, 3, 577.0,804.0,-1
3, 10, 544.0,712.0,-1
10, 3, 544.0,712.0,-1
3, 11, 841.0,1110.0,-1
11, 3, 841.0,1110.0,-1
3, 12, 75.0,104.0,-1
12, 3, 75.0,104.0,-1
3, 13, 752.0,791.0,1
13, 3, 752.0,791.0,1
3, 14, 289.0,371.0,-1
14, 3, 289.0,371.0,-1
3, 15, 487.0,645.0,-1
15, 3, 487.0,645.0,-1
3, 16, 424.0,443.0,1
16, 3, 424.0,443.0,1
3, 3, 0.0,0.0,1
4, 5, 325.0,381.0,-1
5, 4, 325.0,381.0,-1
4, 6, 194.0,269.0,-1
6, 4, 194.0,269.0,-1
4, 7, 711.0,833.0,1
7, 4, 711.0,833.0,1
4, 8, 874.0,1194.0,-1
8, 4, 874.0,1194.0,-1
4, 9, 489.0,634.0,-1
9, 4, 489.0,634.0,-1
4, 10, 398.0,542.0,-1
10, 4, 398.0,542.0,-1
4, 11, 695.0,940.0,-1
11, 4, 695.0,940.0,-1
4, 12, 224.0,274.0,1
12, 4, 224.0,274.0,1
4, 13, 597.0,621.0,1
13, 4, 597.0,621.0,1
4, 14, 164.0,231.0,1
14, 4, 164.0,231.0,1
4, 15, 461.0,505.0,-1
15, 4, 461.0,505.0,-1
4, 16, 271.0,303.0,-1
16, 4, 271.0,303.0,-1
4, 4, 0.0,0.0,1
5, 6, 481.0,649.0,-1
6, 5, 481.0,649.0,-1
5, 7, 885.0,1214.0,1
7, 5, 885.0,1214.0,1
5, 8, 826.0,937.0,-1
8, 5, 826.0,937.0,-1
5, 9, 811.0,1015.0,1
9, 5, 811.0,1015.0,1
5, 10, 657.0,923.0,-1
10, 5, 657.0,923.0,-1
5, 11, 935.0,1321.0,1
11, 5, 935.0,1321.0,1
5, 12, 305.0,417.0,1
12, 5, 305.0,417.0,1
5, 13, 742.0,1002.0,-1
13, 5, 742.0,1002.0,-1
5, 14, 271.0,382.0,-1
14, 5, 271.0,382.0,-1
5, 15, 177.0,248.0,1
15, 5, 177.0,248.0,1
5, 16, 437.0,616.0,-1
16, 5, 437.0,616.0,-1
5, 5, 0.0,0.0,1
6, 7, 537.0,565.0,-1
7, 6, 537.0,565.0,-1
6, 8, 805.0,1137.0,-1
8, 6, 805.0,1137.0,-1
6, 9, 350.0,366.0,1
9, 6, 350.0,366.0,1
6, 10, 205.0,274.0,1
10, 6, 205.0,274.0,1
6, 11, 503.0,672.0,-1
11, 6, 503.0,672.0,-1
6, 12, 413.0,542.0,-1
12, 6, 413.0,542.0,-1
6, 13, 442.0,516.0,-1
13, 6, 442.0,516.0,-1
6, 14, 227.0,268.0,-1
14, 6, 227.0,268.0,-1
6, 15, 576.0,680.0,-1
15, 6, 576.0,680.0,-1
6, 16, 176.0,247.0,-1
16, 6, 176.0,247.0,-1
6, 6, 0.0,0.0,1
7, 8, 575.0,630.0,-1
8, 7, 575.0,630.0,-1
7, 9, 611.0,840.0,-1
9, 7, 611.0,840.0,-1
7, 10, 357.0,413.0,-1
10, 7, 357.0,413.0,-1
7, 11, 211.0,278.0,-1
11, 7, 211.0,278.0,-1
7, 12, 935.0,1106.0,-1
12, 7, 935.0,1106.0,-1
7, 13, 150.0,212.0,1
13, 7, 150.0,212.0,1
7, 14, 634.0,833.0,-1
14, 7, 634.0,833.0,-1
7, 15, 881.0,1244.0,-1
15, 7, 881.0,1244.0,-1
7, 16, 462.0,598.0,-1
16, 7, 462.0,598.0,-1
7, 7, 0.0,0.0,1
8, 9, 1063.0,1469.0,-1
9, 8, 1063.0,1469.0,-1
8, 10, 754.0,1042.0,-1
10, 8, 754.0,1042.0,-1
8, 11, 778.0,907.0,-1
11, 8, 778.0,907.0,-1
8, 12, 1044.0,1353.0,-1
12, 8, 1044.0,1353.0,-1
8, 13, 490.0,622.0,1
13, 8, 490.0,622.0,1
8, 14, 717.0,963.0,-1
14, 8, 717.0,963.0,-1
8, 15, 709.0,729.0,-1
15, 8, 709.0,729.0,-1
8, 16, 633.0,891.0,-1
16, 8, 633.0,891.0,-1
8, 8, 0.0,0.0,1
9, 10, 309.0,428.0,-1
10, 9, 309.0,428.0,-1
9, 11, 453.0,563.0,-1
11, 9, 453.0,563.0,-1
9, 12, 647.0,908.0,-1
12, 9, 647.0,908.0,-1
9, 13, 600.0,848.0,-1
13, 9, 600.0,848.0,-1
9, 14, 574.0,634.0,-1
14, 9, 574.0,634.0,-1
9, 15, 922.0,1045.0,-1
15, 9, 922.0,1045.0,-1
9, 16, 498.0,579.0,-1
16, 9, 498.0,579.0,-1
9, 9, 0.0,0.0,1
10, 11, 298.0,399.0,1
11, 10, 298.0,399.0,1
10, 12, 617.0,816.0,-1
12, 10, 617.0,816.0,-1
10, 13, 303.0,420.0,1
13, 10, 303.0,420.0,1
10, 14, 387.0,542.0,1
14, 10, 387.0,542.0,1
10, 15, 719.0,953.0,-1
15, 10, 719.0,953.0,-1
10, 16, 243.0,308.0,-1
16, 10, 243.0,308.0,-1
10, 10, 0.0,0.0,1
11, 12, 915.0,1214.0,1
12, 11, 915.0,1214.0,1
11, 13, 303.0,320.0,-1
13, 11, 303.0,320.0,-1
11, 14, 666.0,940.0,-1
14, 11, 666.0,940.0,-1
11, 15, 968.0,1352.0,-1
15, 11, 968.0,1352.0,-1
11, 16, 500.0,706.0,-1
16, 11, 500.0,706.0,-1
11, 11, 0.0,0.0,1
12, 13, 817.0,895.0,-1
13, 12, 817.0,895.0,-1
12, 14, 338.0,391.0,-1
14, 12, 338.0,391.0,-1
12, 15, 480.0,664.0,-1
15, 12, 480.0,664.0,-1
12, 16, 486.0,509.0,-1
16, 12, 486.0,509.0,-1
12, 12, 0.0,0.0,1
13, 14, 501.0,621.0,1
14, 13, 501.0,621.0,1
13, 15, 731.0,1032.0,-1
15, 13, 731.0,1032.0,-1
13, 16, 333.0,387.0,1
16, 13, 333.0,387.0,1
13, 13, 0.0,0.0,1
14, 15, 350.0,412.0,1
15, 14, 350.0,412.0,1
14, 16, 174.0,235.0,-1
16, 14, 174.0,235.0,-1
14, 14, 0.0,0.0,1
15, 16, 479.0,646.0,-1
16, 15, 479.0,646.0,-1
15, 15, 0.0,0.0,1
16, 16, 0.0,0.0,1


<end>