<number of nodes>
16

<ratio of available edges>
0.3

<max length of the drone flight>
100000 

<D 2/3>
1, 2, 3, 4, 6, 7, 10, 11, 12, 15, 16

<V>
3, 4, 6, 7, 15

<coordinates X,Y>
160.09608296634426, 672.5189479783284
773.200344971036, 954.4041704981511
234.2796164667185, 548.1205300264994
135.49895633883312, 309.7026582445016
367.7265378635137, 12.396177271355366
696.64690796561, 517.9986588262126
883.1981554898531, 249.54029543980266
994.3351970355262, 959.8271933311148
167.70060857708506, 659.976724213516
238.9716010000624, 14.98918973009271
906.525509424044, 108.01376039362783
654.3338368512993, 145.36641314282855
885.7686749458137, 742.5240446511247
615.6302447993219, 330.269393329121
841.1448119357368, 30.822516961287015
349.3517847679809, 746.8954243822782

<adjacency matrix with truck distances>
1, 2, 675.0,895.0,-1
2, 1, 675.0,895.0,-1
1, 3, 145.0,199.0,1
3, 1, 145.0,199.0,1
1, 4, 364.0,388.0,-1
4, 1, 364.0,388.0,-1
1, 5, 693.0,868.0,1
5, 1, 693.0,868.0,1
1, 6, 559.0,692.0,-1
6, 1, 559.0,692.0,-1
1, 7, 838.0,1147.0,-1
7, 1, 838.0,1147.0,-1
1, 8, 883.0,1122.0,1
8, 1, 883.0,1122.0,1
1, 9, 15.0,21.0,1
9, 1, 15.0,21.0,1
1, 10, 663.0,737.0,1
10, 1, 663.0,737.0,1
1, 11, 936.0,1311.0,1
11, 1, 936.0,1311.0,1
1, 12, 723.0,1022.0,-1
12, 1, 723.0,1022.0,-1
1, 13, 730.0,796.0,-1
13, 1, 730.0,796.0,-1
1, 14, 570.0,798.0,-1
14, 1, 570.0,798.0,-1
1, 15, 936.0,1323.0,-1
15, 1, 936.0,1323.0,-1
1, 16, 204.0,264.0,1
16, 1, 204.0,264.0,1
1, 1, 0.0,0.0,1
2, 3, 675.0,946.0,-1
3, 2, 675.0,946.0,-1
2, 4, 907.0,1283.0,-1
4, 2, 907.0,1283.0,-1
2, 5, 1026.0,1348.0,-1
5, 2, 1026.0,1348.0,-1
2, 6, 444.0,513.0,-1
6, 2, 444.0,513.0,-1
2, 7, 714.0,815.0,1
7, 2, 714.0,815.0,1
2, 8, 222.0,227.0,-1
8, 2, 222.0,227.0,-1
2, 9, 674.0,900.0,-1
9, 2, 674.0,900.0,-1
2, 10, 1081.0,1474.0,-1
10, 2, 1081.0,1474.0,-1
2, 11, 857.0,980.0,-1
11, 2, 857.0,980.0,-1
2, 12, 818.0,928.0,-1
12, 2, 818.0,928.0,-1
2, 13, 240.0,325.0,-1
13, 2, 240.0,325.0,-1
2, 14, 644.0,782.0,-1
14, 2, 644.0,782.0,-1
2, 15, 927.0,992.0,-1
15, 2, 927.0,992.0,-1
2, 16, 472.0,632.0,-1
16, 2, 472.0,632.0,-1
2, 2, 0.0,0.0,1
3, 4, 259.0,338.0,-1
4, 3, 259.0,338.0,-1
3, 5, 553.0,670.0,1
5, 3, 553.0,670.0,1
3, 6, 464.0,493.0,-1
6, 3, 464.0,493.0,-1
3, 7, 715.0,948.0,-1
7, 3, 715.0,948.0,-1
3, 8, 865.0,1172.0,-1
8, 3, 865.0,1172.0,-1
3, 9, 131.0,179.0,1
9, 3, 131.0,179.0,1
3, 10, 534.0,538.0,1
10, 3, 534.0,538.0,1
3, 11, 804.0,1113.0,-1
11, 3, 804.0,1113.0,-1
3, 12, 582.0,823.0,1
12, 3, 582.0,823.0,1
3, 13, 680.0,846.0,-1
13, 3, 680.0,846.0,-1
3, 14, 440.0,600.0,-1
14, 3, 440.0,600.0,-1
3, 15, 798.0,1125.0,-1
15, 3, 798.0,1125.0,-1
3, 16, 230.0,314.0,-1
16, 3, 230.0,314.0,-1
3, 3, 0.0,0.0,1
4, 5, 378.0,530.0,1
5, 4, 378.0,530.0,1
4, 6, 599.0,770.0,-1
6, 4, 599.0,770.0,-1
4, 7, 751.0,808.0,1
7, 4, 751.0,808.0,1
4, 8, 1078.0,1509.0,-1
8, 4, 1078.0,1509.0,-1
4, 9, 352.0,383.0,-1
9, 4, 352.0,383.0,-1
4, 10, 313.0,399.0,-1
10, 4, 313.0,399.0,-1
4, 11, 797.0,973.0,1
11, 4, 797.0,973.0,1
4, 12, 545.0,684.0,1
12, 4, 545.0,684.0,1
4, 13, 867.0,1184.0,1
13, 4, 867.0,1184.0,1
4, 14, 481.0,501.0,1
14, 4, 481.0,501.0,1
4, 15, 759.0,985.0,-1
15, 4, 759.0,985.0,-1
4, 16, 487.0,652.0,-1
16, 4, 487.0,652.0,-1
4, 4, 0.0,0.0,1
5, 6, 604.0,835.0,-1
6, 5, 604.0,835.0,-1
5, 7, 568.0,753.0,-1
7, 5, 568.0,753.0,-1
5, 8, 1136.0,1575.0,1
8, 5, 1136.0,1575.0,1
5, 9, 678.0,848.0,-1
9, 5, 678.0,848.0,-1
5, 10, 129.0,132.0,1
10, 5, 129.0,132.0,1
5, 11, 548.0,635.0,-1
11, 5, 548.0,635.0,-1
5, 12, 316.0,420.0,-1
12, 5, 316.0,420.0,-1
5, 13, 896.0,1249.0,-1
13, 5, 896.0,1249.0,-1
5, 14, 404.0,566.0,1
14, 5, 404.0,566.0,1
5, 15, 474.0,492.0,-1
15, 5, 474.0,492.0,-1
5, 16, 735.0,753.0,-1
16, 5, 735.0,753.0,-1
5, 5, 0.0,0.0,1
6, 7, 327.0,456.0,-1
7, 6, 327.0,456.0,-1
6, 8, 533.0,740.0,1
8, 6, 533.0,740.0,1
6, 9, 548.0,671.0,-1
9, 6, 548.0,671.0,-1
6, 10, 681.0,961.0,-1
10, 6, 681.0,961.0,-1
6, 11, 461.0,620.0,-1
11, 6, 461.0,620.0,-1
6, 12, 376.0,415.0,1
12, 6, 376.0,415.0,1
6, 13, 294.0,414.0,1
13, 6, 294.0,414.0,1
6, 14, 205.0,269.0,-1
14, 6, 205.0,269.0,-1
6, 15, 509.0,632.0,-1
15, 6, 509.0,632.0,-1
6, 16, 416.0,577.0,-1
16, 6, 416.0,577.0,-1
6, 6, 0.0,0.0,1
7, 8, 719.0,822.0,-1
8, 7, 719.0,822.0,-1
7, 9, 825.0,1126.0,-1
9, 7, 825.0,1126.0,-1
7, 10, 686.0,879.0,-1
10, 7, 686.0,879.0,-1
7, 11, 144.0,165.0,1
11, 7, 144.0,165.0,1
7, 12, 252.0,334.0,-1
12, 7, 252.0,334.0,-1
7, 13, 493.0,496.0,-1
13, 7, 493.0,496.0,-1
7, 14, 280.0,349.0,-1
14, 7, 280.0,349.0,-1
7, 15, 223.0,261.0,1
15, 7, 223.0,261.0,1
7, 16, 730.0,1032.0,-1
16, 7, 730.0,1032.0,-1
7, 7, 0.0,0.0,1
8, 9, 880.0,1127.0,-1
9, 8, 880.0,1127.0,-1
8, 10, 1210.0,1701.0,-1
10, 8, 1210.0,1701.0,-1
8, 11, 857.0,940.0,-1
11, 8, 857.0,940.0,-1
8, 12, 883.0,1155.0,-1
12, 8, 883.0,1155.0,-1
8, 13, 243.0,326.0,-1
13, 8, 243.0,326.0,-1
8, 14, 735.0,1009.0,-1
14, 8, 735.0,1009.0,-1
8, 15, 942.0,1083.0,-1
15, 8, 942.0,1083.0,-1
8, 16, 680.0,858.0,-1
16, 8, 680.0,858.0,-1
8, 8, 0.0,0.0,1
9, 10, 649.0,717.0,-1
10, 9, 649.0,717.0,-1
9, 11, 923.0,1291.0,-1
11, 9, 923.0,1291.0,-1
9, 12, 709.0,1002.0,-1
12, 9, 709.0,1002.0,-1
9, 13, 723.0,801.0,1
13, 9, 723.0,801.0,1
9, 14, 557.0,778.0,1
14, 9, 557.0,778.0,1
9, 15, 922.0,1303.0,1
15, 9, 922.0,1303.0,1
9, 16, 202.0,269.0,-1
16, 9, 202.0,269.0,-1
9, 9, 0.0,0.0,1
10, 11, 675.0,761.0,-1
11, 10, 675.0,761.0,-1
10, 12, 436.0,546.0,-1
12, 10, 436.0,546.0,-1
10, 13, 974.0,1375.0,1
13, 10, 974.0,1375.0,1
10, 14, 492.0,692.0,1
14, 10, 492.0,692.0,1
10, 15, 603.0,619.0,1
15, 10, 603.0,619.0,1
10, 16, 741.0,843.0,-1
16, 10, 741.0,843.0,-1
10, 10, 0.0,0.0,1
11, 12, 255.0,290.0,1
12, 11, 255.0,290.0,1
11, 13, 635.0,656.0,-1
13, 11, 635.0,656.0,-1
11, 14, 367.0,514.0,-1
14, 11, 367.0,514.0,-1
11, 15, 102.0,143.0,-1
15, 11, 102.0,143.0,-1
11, 16, 848.0,1197.0,1
16, 11, 848.0,1197.0,1
11, 11, 0.0,0.0,1
12, 13, 641.0,829.0,-1
13, 12, 641.0,829.0,-1
12, 14, 189.0,224.0,-1
14, 12, 189.0,224.0,-1
12, 15, 220.0,302.0,-1
15, 12, 220.0,302.0,-1
12, 16, 675.0,907.0,-1
16, 12, 675.0,907.0,-1
12, 12, 0.0,0.0,1
13, 14, 493.0,683.0,-1
14, 13, 493.0,683.0,-1
13, 15, 714.0,757.0,-1
15, 13, 714.0,757.0,-1
13, 16, 537.0,541.0,-1
16, 13, 537.0,541.0,-1
13, 13, 0.0,0.0,1
14, 15, 375.0,525.0,1
15, 14, 375.0,525.0,1
14, 16, 495.0,683.0,1
16, 14, 495.0,683.0,1
14, 14, 0.0,0.0,1
15, 16, 869.0,1208.0,-1
16, 15, 869.0,1208.0,-1
15, 15, 0.0,0.0,1
16, 16, 0.0,0.0,1


<end>