<number of nodes>
16

<ratio of available edges>
0.3

<max length of the drone flight>
100000 

<D 2/3>
1, 2, 5, 6, 8, 9, 10, 11, 12, 15, 16

<V>
2, 5, 8, 10, 15

<coordinates X,Y>
434.02296566849213, 735.8068402338012
572.0697205543278, 842.095910678246
861.2392661074523, 370.0555188964255
834.4027696664828, 948.3288996481023
839.3441759830191, 770.7634092387522
660.391487985879, 296.4682668047103
849.423114713352, 147.06284312032534
158.3697255272276, 410.24501494571825
865.0985473907895, 773.1718065323948
859.0178741639596, 286.52019450338315
713.0368934459703, 983.0768370936244
724.6606776303147, 658.667912101719
634.6518818378999, 826.5161554281752
940.6265622157473, 354.77157522405435
621.061408151743, 560.8489060810994
789.2497211839782, 125.61317173161063

<adjacency matrix with truck distances>
1, 2, 175.0,245.0,-1
2, 1, 175.0,245.0,-1
1, 3, 563.0,793.0,-1
3, 1, 563.0,793.0,-1
1, 4, 454.0,613.0,-1
4, 1, 454.0,613.0,-1
1, 5, 407.0,441.0,1
5, 1, 407.0,441.0,1
1, 6, 495.0,666.0,-1
6, 1, 495.0,666.0,-1
1, 7, 721.0,1005.0,1
7, 1, 721.0,1005.0,1
1, 8, 427.0,602.0,-1
8, 1, 427.0,602.0,-1
1, 9, 433.0,469.0,-1
9, 1, 433.0,469.0,-1
1, 10, 619.0,875.0,-1
10, 1, 619.0,875.0,-1
1, 11, 373.0,527.0,-1
11, 1, 373.0,527.0,-1
1, 12, 301.0,368.0,-1
12, 1, 301.0,368.0,-1
1, 13, 221.0,292.0,1
13, 1, 221.0,292.0,1
1, 14, 634.0,888.0,1
14, 1, 634.0,888.0,1
1, 15, 257.0,362.0,-1
15, 1, 257.0,362.0,-1
1, 16, 707.0,966.0,1
16, 1, 707.0,966.0,1
1, 1, 0.0,0.0,1
2, 3, 554.0,762.0,-1
3, 2, 554.0,762.0,-1
2, 4, 284.0,369.0,-1
4, 2, 284.0,369.0,-1
2, 5, 277.0,339.0,-1
5, 2, 277.0,339.0,-1
2, 6, 553.0,634.0,1
6, 2, 553.0,634.0,1
2, 7, 749.0,973.0,1
7, 2, 749.0,973.0,1
2, 8, 599.0,846.0,-1
8, 2, 599.0,846.0,-1
2, 9, 302.0,362.0,1
9, 2, 302.0,362.0,1
2, 10, 626.0,843.0,-1
10, 2, 626.0,843.0,-1
2, 11, 200.0,282.0,-1
11, 2, 200.0,282.0,-1
2, 12, 239.0,337.0,-1
12, 2, 239.0,337.0,-1
2, 13, 65.0,79.0,1
13, 2, 65.0,79.0,1
2, 14, 611.0,856.0,-1
14, 2, 611.0,856.0,-1
2, 15, 286.0,331.0,-1
15, 2, 286.0,331.0,-1
2, 16, 749.0,934.0,-1
16, 2, 749.0,934.0,-1
2, 2, 0.0,0.0,1
3, 4, 579.0,606.0,1
4, 3, 579.0,606.0,1
3, 5, 402.0,423.0,1
5, 3, 402.0,423.0,1
3, 6, 214.0,275.0,1
6, 3, 214.0,275.0,1
3, 7, 224.0,235.0,-1
7, 3, 224.0,235.0,-1
3, 8, 705.0,744.0,-1
8, 3, 705.0,744.0,-1
3, 9, 404.0,407.0,-1
9, 3, 404.0,407.0,-1
3, 10, 84.0,86.0,-1
10, 3, 84.0,86.0,-1
3, 11, 631.0,762.0,-1
11, 3, 631.0,762.0,-1
3, 12, 320.0,426.0,-1
12, 3, 320.0,426.0,-1
3, 13, 510.0,684.0,-1
13, 3, 510.0,684.0,-1
3, 14, 81.0,95.0,-1
14, 3, 81.0,95.0,-1
3, 15, 307.0,431.0,-1
15, 3, 307.0,431.0,-1
3, 16, 255.0,317.0,-1
16, 3, 255.0,317.0,-1
3, 3, 0.0,0.0,1
4, 5, 178.0,183.0,-1
5, 4, 178.0,183.0,-1
4, 6, 675.0,826.0,1
6, 4, 675.0,826.0,1
4, 7, 802.0,817.0,1
7, 4, 802.0,817.0,1
4, 8, 865.0,1215.0,1
8, 4, 865.0,1215.0,1
4, 9, 178.0,206.0,-1
9, 4, 178.0,206.0,-1
4, 10, 663.0,687.0,-1
10, 4, 663.0,687.0,-1
4, 11, 127.0,157.0,1
11, 4, 127.0,157.0,1
4, 12, 310.0,400.0,-1
12, 4, 310.0,400.0,-1
4, 13, 234.0,322.0,-1
13, 4, 234.0,322.0,-1
4, 14, 603.0,700.0,-1
14, 4, 603.0,700.0,-1
4, 15, 443.0,601.0,-1
15, 4, 443.0,601.0,-1
4, 16, 824.0,868.0,-1
16, 4, 824.0,868.0,-1
4, 4, 0.0,0.0,1
5, 6, 507.0,654.0,-1
6, 5, 507.0,654.0,-1
5, 7, 624.0,634.0,-1
7, 5, 624.0,634.0,-1
5, 8, 771.0,1042.0,-1
8, 5, 771.0,1042.0,-1
5, 9, 26.0,29.0,1
9, 5, 26.0,29.0,1
5, 10, 485.0,504.0,1
10, 5, 485.0,504.0,1
5, 11, 248.0,339.0,-1
11, 5, 248.0,339.0,-1
5, 12, 161.0,227.0,-1
12, 5, 161.0,227.0,-1
5, 13, 213.0,261.0,-1
13, 5, 213.0,261.0,-1
5, 14, 429.0,518.0,-1
14, 5, 429.0,518.0,-1
5, 15, 303.0,429.0,-1
15, 5, 303.0,429.0,-1
5, 16, 648.0,696.0,-1
16, 5, 648.0,696.0,-1
5, 5, 0.0,0.0,1
6, 7, 241.0,339.0,-1
7, 6, 241.0,339.0,-1
6, 8, 515.0,616.0,-1
8, 6, 515.0,616.0,-1
6, 9, 519.0,682.0,1
9, 6, 519.0,682.0,1
6, 10, 199.0,209.0,1
10, 6, 199.0,209.0,1
6, 11, 689.0,740.0,-1
11, 6, 689.0,740.0,-1
6, 12, 368.0,427.0,-1
12, 6, 368.0,427.0,-1
6, 13, 531.0,556.0,-1
13, 6, 531.0,556.0,-1
6, 14, 287.0,339.0,-1
14, 6, 287.0,339.0,-1
6, 15, 268.0,304.0,-1
15, 6, 268.0,304.0,-1
6, 16, 214.0,300.0,-1
16, 6, 214.0,300.0,-1
6, 6, 0.0,0.0,1
7, 8, 740.0,955.0,-1
8, 7, 740.0,955.0,-1
7, 9, 627.0,642.0,1
9, 7, 627.0,642.0,1
7, 10, 140.0,150.0,-1
10, 7, 140.0,150.0,-1
7, 11, 848.0,973.0,-1
11, 7, 848.0,973.0,-1
7, 12, 527.0,637.0,1
12, 7, 527.0,637.0,1
7, 13, 713.0,895.0,-1
13, 7, 713.0,895.0,-1
7, 14, 227.0,299.0,-1
14, 7, 227.0,299.0,-1
7, 15, 473.0,643.0,-1
15, 7, 473.0,643.0,-1
7, 16, 64.0,82.0,1
16, 7, 64.0,82.0,1
7, 7, 0.0,0.0,1
8, 9, 795.0,1070.0,-1
9, 8, 795.0,1070.0,-1
8, 10, 712.0,825.0,-1
10, 8, 712.0,825.0,-1
8, 11, 798.0,1128.0,1
11, 8, 798.0,1128.0,1
8, 12, 619.0,815.0,-1
12, 8, 619.0,815.0,-1
8, 13, 633.0,893.0,-1
13, 8, 633.0,893.0,-1
8, 14, 785.0,838.0,-1
14, 8, 785.0,838.0,-1
8, 15, 487.0,614.0,-1
15, 8, 487.0,614.0,-1
8, 16, 693.0,916.0,1
16, 8, 693.0,916.0,1
8, 8, 0.0,0.0,1
9, 10, 487.0,493.0,1
10, 9, 487.0,493.0,1
9, 11, 260.0,362.0,-1
11, 9, 260.0,362.0,-1
9, 12, 182.0,255.0,-1
12, 9, 182.0,255.0,-1
9, 13, 237.0,284.0,1
13, 9, 237.0,284.0,1
9, 14, 426.0,494.0,-1
14, 9, 426.0,494.0,-1
9, 15, 324.0,457.0,1
15, 9, 324.0,457.0,1
9, 16, 652.0,724.0,1
16, 9, 652.0,724.0,1
9, 9, 0.0,0.0,1
10, 11, 712.0,843.0,1
11, 10, 712.0,843.0,1
10, 12, 396.0,507.0,1
12, 10, 396.0,507.0,1
10, 13, 585.0,765.0,-1
13, 10, 585.0,765.0,-1
10, 14, 107.0,150.0,-1
14, 10, 107.0,150.0,-1
10, 15, 364.0,513.0,-1
15, 10, 364.0,513.0,-1
10, 16, 176.0,231.0,1
16, 10, 176.0,231.0,1
10, 10, 0.0,0.0,1
11, 12, 325.0,337.0,-1
12, 11, 325.0,337.0,-1
11, 13, 176.0,235.0,-1
13, 11, 176.0,235.0,-1
11, 14, 669.0,856.0,-1
14, 11, 669.0,856.0,-1
11, 15, 433.0,515.0,1
15, 11, 433.0,515.0,1
11, 16, 861.0,934.0,-1
16, 11, 861.0,934.0,-1
11, 11, 0.0,0.0,1
12, 13, 191.0,258.0,1
13, 12, 191.0,258.0,1
12, 14, 373.0,520.0,-1
14, 12, 373.0,520.0,-1
12, 15, 143.0,202.0,1
15, 12, 143.0,202.0,1
12, 16, 537.0,598.0,-1
16, 12, 537.0,598.0,-1
12, 12, 0.0,0.0,1
13, 14, 563.0,778.0,-1
14, 13, 563.0,778.0,-1
13, 15, 267.0,280.0,1
15, 13, 267.0,280.0,1
13, 16, 718.0,856.0,-1
16, 13, 718.0,856.0,-1
13, 13, 0.0,0.0,1
14, 15, 381.0,526.0,-1
15, 14, 381.0,526.0,-1
14, 16, 275.0,381.0,-1
16, 14, 275.0,381.0,-1
14, 14, 0.0,0.0,1
15, 16, 467.0,604.0,-1
16, 15, 467.0,604.0,-1
15, 15, 0.0,0.0,1
16, 16, 0.0,0.0,1


<end>