<number of nodes>
16

<ratio of available edges>
0.3

<max length of the drone flight>
100000 

<D 2/3>
1, 2, 3, 4, 5, 6, 8, 9, 10, 12, 13

<V>
2, 4, 6, 8, 13

<coordinates X,Y>
120.066315815594, 301.53664975188144
449.1359979955116, 58.151764452627475
572.4080196288136, 462.2395376879887
434.48906897872644, 410.5317668954555
24.671108422850757, 976.8670317028398
751.4200877144425, 118.2032230199549
722.0013436537239, 26.545578688074972
530.0671368122385, 226.8057302662795
234.12868738884754, 976.8211825769229
932.6060656272874, 149.52860294760762
131.4624875748519, 469.4216534667196
823.8745297799361, 237.39236738695675
78.0080820055042, 297.6242504924655
101.24474045523186, 191.79271064261232
789.9018742178843, 674.3541085734714
361.78116913704025, 835.9302669562928

<adjacency matrix with truck distances>
1, 2, 410.0,573.0,-1
2, 1, 410.0,573.0,-1
1, 3, 481.0,614.0,-1
3, 1, 481.0,614.0,-1
1, 4, 333.0,424.0,-1
4, 1, 333.0,424.0,-1
1, 5, 683.0,771.0,-1
5, 1, 683.0,771.0,-1
1, 6, 658.0,815.0,-1
6, 1, 658.0,815.0,-1
1, 7, 662.0,877.0,-1
7, 1, 662.0,877.0,-1
1, 8, 417.0,485.0,-1
8, 1, 417.0,485.0,-1
1, 9, 685.0,790.0,-1
9, 1, 685.0,790.0,-1
1, 10, 827.0,965.0,1
10, 1, 827.0,965.0,1
1, 11, 169.0,180.0,-1
11, 1, 169.0,180.0,-1
1, 12, 707.0,768.0,-1
12, 1, 707.0,768.0,-1
1, 13, 43.0,46.0,1
13, 1, 43.0,46.0,1
1, 14, 112.0,129.0,-1
14, 1, 112.0,129.0,-1
1, 15, 767.0,1043.0,-1
15, 1, 767.0,1043.0,-1
1, 16, 587.0,777.0,-1
16, 1, 587.0,777.0,-1
1, 1, 0.0,0.0,1
2, 3, 423.0,528.0,1
3, 2, 423.0,528.0,1
2, 4, 353.0,368.0,-1
4, 2, 353.0,368.0,-1
2, 5, 1013.0,1344.0,-1
5, 2, 1013.0,1344.0,-1
2, 6, 309.0,363.0,-1
6, 2, 309.0,363.0,-1
2, 7, 275.0,305.0,-1
7, 2, 275.0,305.0,-1
2, 8, 188.0,250.0,-1
8, 2, 188.0,250.0,-1
2, 9, 944.0,1134.0,1
9, 2, 944.0,1134.0,1
2, 10, 493.0,575.0,-1
10, 2, 493.0,575.0,-1
2, 11, 520.0,729.0,1
11, 2, 520.0,729.0,1
2, 12, 416.0,554.0,1
12, 2, 416.0,554.0,1
2, 13, 442.0,611.0,-1
13, 2, 442.0,611.0,-1
2, 14, 373.0,482.0,-1
14, 2, 373.0,482.0,-1
2, 15, 705.0,957.0,-1
15, 2, 705.0,957.0,-1
2, 16, 783.0,866.0,-1
16, 2, 783.0,866.0,-1
2, 2, 0.0,0.0,1
3, 4, 148.0,190.0,1
4, 3, 148.0,190.0,1
3, 5, 752.0,1063.0,1
5, 3, 752.0,1063.0,1
3, 6, 388.0,524.0,-1
6, 3, 388.0,524.0,-1
3, 7, 461.0,586.0,-1
7, 3, 461.0,586.0,-1
3, 8, 240.0,278.0,1
8, 3, 240.0,278.0,1
3, 9, 616.0,853.0,1
9, 3, 616.0,853.0,1
3, 10, 478.0,673.0,-1
10, 3, 478.0,673.0,-1
3, 11, 442.0,449.0,-1
11, 3, 442.0,449.0,-1
3, 12, 338.0,477.0,1
12, 3, 338.0,477.0,1
3, 13, 522.0,660.0,-1
13, 3, 522.0,660.0,-1
3, 14, 544.0,742.0,-1
14, 3, 544.0,742.0,-1
3, 15, 304.0,430.0,1
15, 3, 304.0,430.0,1
3, 16, 429.0,585.0,-1
16, 3, 429.0,585.0,-1
3, 3, 0.0,0.0,1
4, 5, 700.0,977.0,-1
5, 4, 700.0,977.0,-1
4, 6, 432.0,610.0,-1
6, 4, 432.0,610.0,-1
4, 7, 480.0,672.0,1
7, 4, 480.0,672.0,1
4, 8, 208.0,280.0,-1
8, 4, 208.0,280.0,-1
4, 9, 601.0,767.0,1
9, 4, 601.0,767.0,1
4, 10, 563.0,760.0,1
10, 4, 563.0,760.0,1
4, 11, 309.0,362.0,-1
11, 4, 309.0,362.0,-1
4, 12, 427.0,563.0,-1
12, 4, 427.0,563.0,-1
4, 13, 374.0,470.0,-1
13, 4, 374.0,470.0,-1
4, 14, 399.0,552.0,-1
14, 4, 399.0,552.0,-1
4, 15, 443.0,620.0,1
15, 4, 443.0,620.0,1
4, 16, 432.0,499.0,-1
16, 4, 432.0,499.0,-1
4, 4, 0.0,0.0,1
5, 6, 1125.0,1586.0,-1
6, 5, 1125.0,1586.0,-1
5, 7, 1179.0,1648.0,1
7, 5, 1179.0,1648.0,1
5, 8, 905.0,1256.0,1
8, 5, 905.0,1256.0,1
5, 9, 210.0,210.0,1
9, 5, 210.0,210.0,1
5, 10, 1229.0,1736.0,-1
10, 5, 1229.0,1736.0,-1
5, 11, 519.0,615.0,1
11, 5, 519.0,615.0,1
5, 12, 1089.0,1539.0,-1
12, 5, 1089.0,1539.0,-1
5, 13, 682.0,733.0,-1
13, 5, 682.0,733.0,-1
5, 14, 789.0,862.0,-1
14, 5, 789.0,862.0,-1
5, 15, 823.0,1068.0,1
15, 5, 823.0,1068.0,1
5, 16, 366.0,479.0,-1
16, 5, 366.0,479.0,-1
5, 5, 0.0,0.0,1
6, 7, 97.0,122.0,1
7, 6, 97.0,122.0,1
6, 8, 247.0,330.0,-1
8, 6, 247.0,330.0,-1
6, 9, 1003.0,1376.0,-1
9, 6, 1003.0,1376.0,-1
6, 10, 184.0,213.0,-1
10, 6, 184.0,213.0,-1
6, 11, 713.0,972.0,-1
11, 6, 713.0,972.0,-1
6, 12, 140.0,192.0,-1
12, 6, 140.0,192.0,-1
6, 13, 697.0,853.0,-1
13, 6, 697.0,853.0,-1
6, 14, 655.0,724.0,-1
14, 6, 655.0,724.0,-1
6, 15, 558.0,595.0,-1
15, 6, 558.0,595.0,-1
6, 16, 817.0,1108.0,-1
16, 6, 817.0,1108.0,-1
6, 6, 0.0,0.0,1
7, 8, 278.0,393.0,-1
8, 7, 278.0,393.0,-1
7, 9, 1069.0,1439.0,-1
9, 7, 1069.0,1439.0,-1
7, 10, 244.0,334.0,-1
10, 7, 244.0,334.0,-1
7, 11, 739.0,1034.0,-1
11, 7, 739.0,1034.0,-1
7, 12, 235.0,313.0,1
12, 7, 235.0,313.0,1
7, 13, 699.0,916.0,-1
13, 7, 699.0,916.0,-1
7, 14, 643.0,787.0,-1
14, 7, 643.0,787.0,-1
7, 15, 652.0,716.0,-1
15, 7, 652.0,716.0,-1
7, 16, 886.0,1170.0,-1
16, 7, 886.0,1170.0,-1
7, 7, 0.0,0.0,1
8, 9, 807.0,1046.0,-1
9, 8, 807.0,1046.0,-1
8, 10, 410.0,480.0,-1
10, 8, 410.0,480.0,-1
8, 11, 467.0,642.0,-1
11, 8, 467.0,642.0,-1
8, 12, 294.0,305.0,-1
12, 8, 294.0,305.0,-1
8, 13, 458.0,523.0,1
13, 8, 458.0,523.0,1
8, 14, 431.0,464.0,-1
14, 8, 431.0,464.0,-1
8, 15, 518.0,708.0,-1
15, 8, 518.0,708.0,-1
8, 16, 632.0,778.0,1
16, 8, 632.0,778.0,1
8, 8, 0.0,0.0,1
9, 10, 1083.0,1526.0,-1
10, 9, 1083.0,1526.0,-1
9, 11, 518.0,611.0,1
11, 9, 518.0,611.0,1
9, 12, 946.0,1330.0,-1
12, 9, 946.0,1330.0,-1
9, 13, 697.0,836.0,-1
13, 9, 697.0,836.0,-1
9, 14, 797.0,918.0,1
14, 9, 797.0,918.0,1
9, 15, 633.0,859.0,-1
15, 9, 633.0,859.0,-1
9, 16, 191.0,269.0,-1
16, 9, 191.0,269.0,-1
9, 9, 0.0,0.0,1
10, 11, 863.0,1122.0,-1
11, 10, 863.0,1122.0,-1
10, 12, 140.0,197.0,1
12, 10, 140.0,197.0,1
10, 13, 868.0,1003.0,-1
13, 10, 868.0,1003.0,-1
10, 14, 833.0,874.0,1
14, 10, 833.0,874.0,1
10, 15, 544.0,668.0,1
15, 10, 544.0,668.0,1
10, 16, 893.0,1258.0,1
16, 10, 893.0,1258.0,1
10, 10, 0.0,0.0,1
11, 12, 731.0,925.0,1
12, 11, 731.0,925.0,1
11, 13, 180.0,226.0,-1
13, 11, 180.0,226.0,-1
11, 14, 280.0,308.0,1
14, 11, 280.0,308.0,1
11, 15, 690.0,864.0,-1
15, 11, 690.0,864.0,-1
11, 16, 433.0,597.0,-1
16, 11, 433.0,597.0,-1
11, 11, 0.0,0.0,1
12, 13, 749.0,807.0,-1
13, 12, 749.0,807.0,-1
12, 14, 725.0,769.0,1
14, 12, 725.0,769.0,1
12, 15, 439.0,471.0,-1
15, 12, 439.0,471.0,-1
12, 16, 757.0,1061.0,1
16, 12, 757.0,1061.0,1
12, 12, 0.0,0.0,1
13, 14, 109.0,130.0,-1
14, 13, 109.0,130.0,-1
13, 15, 806.0,1089.0,1
15, 13, 806.0,1089.0,1
13, 16, 609.0,823.0,-1
16, 13, 609.0,823.0,-1
13, 13, 0.0,0.0,1
14, 15, 841.0,1172.0,-1
15, 14, 841.0,1172.0,-1
14, 16, 695.0,905.0,-1
16, 14, 695.0,905.0,-1
14, 14, 0.0,0.0,1
15, 16, 458.0,590.0,-1
16, 15, 458.0,590.0,-1
15, 15, 0.0,0.0,1
16, 16, 0.0,0.0,1


<end>