<number of nodes>
16

<ratio of available edges>
0.3

<max length of the drone flight>
100000 

<D 2/3>
1, 2, 3, 5, 6, 8, 9, 10, 11, 13, 15

<V>
2, 5, 6, 9, 11

<coordinates X,Y>
514.255221941694, 50.754547056528544
419.1750208567994, 492.5762650454875
597.5881271123156, 125.55981260802889
930.9378177836003, 446.7129124135189
431.433500882722, 590.3787128296935
246.08219955099622, 574.7807063609052
173.60789971360413, 764.2975984813452
828.3017756128278, 224.4423332073999
520.8188181503273, 682.252730193568
530.7425032288452, 520.2227204476532
230.5541203886511, 485.2594792015657
848.0584785954075, 604.2922751911898
627.6588154516229, 463.6197111924548
11.498438215092161, 6.859282703705656
32.05278689775943, 169.32238706418295
125.11810809398719, 769.9448359646038

<adjacency matrix with truck distances>
1, 2, 452.0,537.0,1
2, 1, 452.0,537.0,1
1, 3, 112.0,159.0,1
3, 1, 112.0,159.0,1
1, 4, 575.0,813.0,-1
4, 1, 575.0,813.0,-1
1, 5, 546.0,623.0,-1
5, 1, 546.0,623.0,-1
1, 6, 589.0,793.0,-1
6, 1, 589.0,793.0,-1
1, 7, 791.0,1055.0,-1
7, 1, 791.0,1055.0,-1
1, 8, 359.0,488.0,-1
8, 1, 359.0,488.0,-1
1, 9, 632.0,639.0,-1
9, 1, 632.0,639.0,-1
1, 10, 470.0,486.0,-1
10, 1, 470.0,486.0,-1
1, 11, 519.0,719.0,1
11, 1, 519.0,719.0,1
1, 12, 647.0,888.0,-1
12, 1, 647.0,888.0,-1
1, 13, 429.0,527.0,-1
13, 1, 429.0,527.0,-1
1, 14, 505.0,547.0,-1
14, 1, 505.0,547.0,-1
1, 15, 497.0,601.0,-1
15, 1, 497.0,601.0,-1
1, 16, 818.0,1109.0,-1
16, 1, 818.0,1109.0,-1
1, 1, 0.0,0.0,1
2, 3, 409.0,546.0,1
3, 2, 409.0,546.0,1
2, 4, 514.0,558.0,-1
4, 2, 514.0,558.0,-1
2, 5, 99.0,111.0,-1
5, 2, 99.0,111.0,-1
2, 6, 192.0,256.0,-1
6, 2, 192.0,256.0,-1
2, 7, 367.0,518.0,-1
7, 2, 367.0,518.0,-1
2, 8, 490.0,678.0,-1
8, 2, 490.0,678.0,-1
2, 9, 216.0,292.0,-1
9, 2, 216.0,292.0,-1
2, 10, 115.0,140.0,-1
10, 2, 115.0,140.0,-1
2, 11, 189.0,196.0,-1
11, 2, 189.0,196.0,-1
2, 12, 444.0,541.0,-1
12, 2, 444.0,541.0,-1
2, 13, 211.0,238.0,-1
13, 2, 211.0,238.0,-1
2, 14, 635.0,894.0,-1
14, 2, 635.0,894.0,-1
2, 15, 505.0,711.0,1
15, 2, 505.0,711.0,1
2, 16, 405.0,572.0,-1
16, 2, 405.0,572.0,-1
2, 2, 0.0,0.0,1
3, 4, 463.0,655.0,1
4, 3, 463.0,655.0,1
3, 5, 494.0,631.0,-1
5, 3, 494.0,631.0,-1
3, 6, 571.0,801.0,1
6, 3, 571.0,801.0,1
3, 7, 767.0,1063.0,-1
7, 3, 767.0,1063.0,-1
3, 8, 252.0,330.0,-1
8, 3, 252.0,330.0,-1
3, 9, 562.0,634.0,1
9, 3, 562.0,634.0,1
3, 10, 401.0,462.0,1
10, 3, 401.0,462.0,1
3, 11, 514.0,727.0,-1
11, 3, 514.0,727.0,-1
3, 12, 541.0,730.0,1
12, 3, 541.0,730.0,1
3, 13, 340.0,369.0,-1
13, 3, 340.0,369.0,-1
3, 14, 598.0,705.0,1
14, 3, 598.0,705.0,1
3, 15, 568.0,610.0,-1
15, 3, 568.0,610.0,-1
3, 16, 800.0,1117.0,-1
16, 3, 800.0,1117.0,-1
3, 3, 0.0,0.0,1
4, 5, 520.0,644.0,-1
5, 4, 520.0,644.0,-1
4, 6, 697.0,813.0,-1
6, 4, 697.0,813.0,-1
4, 7, 822.0,1075.0,-1
7, 4, 822.0,1075.0,-1
4, 8, 245.0,325.0,-1
8, 4, 245.0,325.0,-1
4, 9, 473.0,646.0,-1
9, 4, 473.0,646.0,-1
4, 10, 407.0,474.0,-1
10, 4, 407.0,474.0,-1
4, 11, 702.0,739.0,-1
11, 4, 702.0,739.0,-1
4, 12, 179.0,241.0,1
12, 4, 179.0,241.0,1
4, 13, 304.0,321.0,-1
13, 4, 304.0,321.0,-1
4, 14, 1020.0,1360.0,1
14, 4, 1020.0,1360.0,1
4, 15, 941.0,1177.0,-1
15, 4, 941.0,1177.0,-1
4, 16, 869.0,1130.0,1
16, 4, 869.0,1130.0,1
4, 4, 0.0,0.0,1
5, 6, 187.0,201.0,1
6, 5, 187.0,201.0,1
5, 7, 312.0,432.0,1
7, 5, 312.0,432.0,1
5, 8, 540.0,763.0,-1
8, 5, 540.0,763.0,-1
5, 9, 129.0,182.0,-1
9, 5, 129.0,182.0,-1
5, 10, 122.0,170.0,-1
10, 5, 122.0,170.0,-1
5, 11, 227.0,306.0,-1
11, 5, 227.0,306.0,-1
5, 12, 417.0,431.0,1
12, 5, 417.0,431.0,1
5, 13, 234.0,323.0,1
13, 5, 234.0,323.0,1
5, 14, 719.0,1004.0,-1
14, 5, 719.0,1004.0,-1
5, 15, 581.0,821.0,1
15, 5, 581.0,821.0,1
5, 16, 356.0,486.0,-1
16, 5, 356.0,486.0,-1
5, 5, 0.0,0.0,1
6, 7, 203.0,262.0,-1
7, 6, 203.0,262.0,-1
6, 8, 680.0,933.0,-1
8, 6, 680.0,933.0,-1
6, 9, 296.0,383.0,-1
9, 6, 296.0,383.0,-1
6, 10, 290.0,340.0,1
10, 6, 290.0,340.0,1
6, 11, 91.0,106.0,-1
11, 6, 91.0,106.0,-1
6, 12, 603.0,632.0,1
12, 6, 603.0,632.0,1
6, 13, 398.0,493.0,1
13, 6, 398.0,493.0,1
6, 14, 615.0,803.0,-1
14, 6, 615.0,803.0,-1
6, 15, 459.0,620.0,-1
15, 6, 459.0,620.0,-1
6, 16, 230.0,317.0,-1
16, 6, 230.0,317.0,-1
6, 6, 0.0,0.0,1
7, 8, 849.0,1195.0,-1
8, 7, 849.0,1195.0,-1
7, 9, 357.0,430.0,-1
9, 7, 357.0,430.0,-1
7, 10, 433.0,602.0,1
10, 7, 433.0,602.0,1
7, 11, 285.0,336.0,-1
11, 7, 285.0,336.0,-1
7, 12, 694.0,835.0,-1
12, 7, 694.0,835.0,-1
7, 13, 545.0,755.0,-1
13, 7, 545.0,755.0,-1
7, 14, 775.0,920.0,-1
14, 7, 775.0,920.0,-1
7, 15, 612.0,737.0,1
15, 7, 612.0,737.0,1
7, 16, 49.0,55.0,1
16, 7, 49.0,55.0,1
7, 7, 0.0,0.0,1
8, 9, 552.0,766.0,1
9, 8, 552.0,766.0,1
8, 10, 420.0,594.0,-1
10, 8, 420.0,594.0,-1
8, 11, 653.0,859.0,1
11, 8, 653.0,859.0,1
8, 12, 381.0,400.0,1
12, 8, 381.0,400.0,1
8, 13, 313.0,440.0,-1
13, 8, 313.0,440.0,-1
8, 14, 846.0,1035.0,-1
14, 8, 846.0,1035.0,-1
8, 15, 799.0,852.0,-1
15, 8, 799.0,852.0,-1
8, 16, 890.0,1249.0,-1
16, 8, 890.0,1249.0,-1
8, 8, 0.0,0.0,1
9, 10, 163.0,172.0,-1
10, 9, 163.0,172.0,-1
9, 11, 351.0,488.0,-1
11, 9, 351.0,488.0,-1
9, 12, 337.0,406.0,1
12, 9, 337.0,406.0,1
9, 13, 244.0,326.0,-1
13, 9, 244.0,326.0,-1
9, 14, 846.0,1185.0,-1
14, 9, 846.0,1185.0,-1
9, 15, 709.0,1002.0,-1
15, 9, 709.0,1002.0,-1
9, 16, 406.0,484.0,-1
16, 9, 406.0,484.0,-1
9, 9, 0.0,0.0,1
10, 11, 303.0,336.0,1
11, 10, 303.0,336.0,1
10, 12, 329.0,402.0,-1
12, 10, 329.0,402.0,-1
10, 13, 113.0,154.0,-1
13, 10, 113.0,154.0,-1
10, 14, 731.0,1033.0,-1
14, 10, 731.0,1033.0,-1
10, 15, 610.0,850.0,1
15, 10, 610.0,850.0,1
10, 16, 477.0,656.0,-1
16, 10, 477.0,656.0,-1
10, 10, 0.0,0.0,1
11, 12, 629.0,737.0,-1
12, 11, 629.0,737.0,-1
11, 13, 398.0,419.0,1
13, 11, 398.0,419.0,1
11, 14, 527.0,698.0,-1
14, 11, 527.0,698.0,-1
11, 15, 374.0,515.0,1
15, 11, 374.0,515.0,1
11, 16, 304.0,391.0,-1
16, 11, 304.0,391.0,-1
11, 11, 0.0,0.0,1
12, 13, 262.0,362.0,-1
13, 12, 262.0,362.0,-1
12, 14, 1028.0,1434.0,1
14, 12, 1028.0,1434.0,1
12, 15, 925.0,1251.0,1
15, 12, 925.0,1251.0,1
12, 16, 742.0,889.0,-1
16, 12, 742.0,889.0,-1
12, 12, 0.0,0.0,1
13, 14, 767.0,1073.0,-1
14, 13, 767.0,1073.0,-1
13, 15, 665.0,890.0,-1
15, 13, 665.0,890.0,-1
13, 16, 589.0,809.0,-1
16, 13, 589.0,809.0,-1
13, 13, 0.0,0.0,1
14, 15, 164.0,184.0,1
15, 14, 164.0,184.0,1
14, 16, 772.0,877.0,-1
16, 14, 772.0,877.0,-1
14, 14, 0.0,0.0,1
15, 16, 608.0,694.0,-1
16, 15, 608.0,694.0,-1
15, 15, 0.0,0.0,1
16, 16, 0.0,0.0,1


<end>