<number of nodes>
16

<ratio of available edges>
0.3

<max length of the drone flight>
100000 

<D 2/3>
1, 3, 5, 6, 8, 9, 10, 11, 12, 15, 16

<V>
6, 8, 9, 10, 16

<coordinates X,Y>
585.2691561360592, 263.2546031834649
687.4869408306218, 982.8221620679581
406.77947964001424, 308.45059976826894
542.2358080839017, 952.3763741273776
941.7758885940431, 464.5145748827406
985.6823746231364, 948.6625944793637
113.65908366444839, 481.2869153856485
14.87386773808387, 912.5563788967497
887.3889465822757, 558.352799156994
807.5719872088816, 448.10582523147275
778.8139664403158, 701.1308157913453
738.7039521150496, 481.5927306409901
991.1962692182792, 982.1011894744838
39.55914297643676, 719.2707362356739
416.9275758622815, 57.73643779588346
836.3716554228946, 236.83855318315813

<adjacency matrix with truck distances>
1, 2, 727.0,822.0,-1
2, 1, 727.0,822.0,-1
1, 3, 185.0,224.0,-1
3, 1, 185.0,224.0,-1
1, 4, 691.0,733.0,-1
4, 1, 691.0,733.0,-1
1, 5, 410.0,558.0,-1
5, 1, 410.0,558.0,-1
1, 6, 794.0,1086.0,1
6, 1, 794.0,1086.0,1
1, 7, 520.0,690.0,-1
7, 1, 520.0,690.0,-1
1, 8, 865.0,1220.0,-1
8, 1, 865.0,1220.0,-1
1, 9, 423.0,598.0,-1
9, 1, 423.0,598.0,-1
1, 10, 290.0,408.0,1
10, 1, 290.0,408.0,1
1, 11, 479.0,632.0,-1
11, 1, 479.0,632.0,-1
1, 12, 267.0,372.0,-1
12, 1, 267.0,372.0,-1
1, 13, 826.0,1125.0,-1
13, 1, 826.0,1125.0,-1
1, 14, 712.0,1002.0,-1
14, 1, 712.0,1002.0,-1
1, 15, 266.0,374.0,-1
15, 1, 266.0,374.0,-1
1, 16, 253.0,278.0,-1
16, 1, 253.0,278.0,-1
1, 1, 0.0,0.0,1
2, 3, 731.0,956.0,-1
3, 2, 731.0,956.0,-1
2, 4, 149.0,176.0,1
4, 2, 149.0,176.0,1
2, 5, 578.0,773.0,-1
5, 2, 578.0,773.0,-1
2, 6, 301.0,333.0,-1
6, 2, 301.0,333.0,-1
2, 7, 763.0,1076.0,-1
7, 2, 763.0,1076.0,-1
2, 8, 677.0,743.0,-1
8, 2, 677.0,743.0,-1
2, 9, 470.0,625.0,-1
9, 2, 470.0,625.0,-1
2, 10, 549.0,655.0,1
10, 2, 549.0,655.0,1
2, 11, 297.0,374.0,-1
11, 2, 297.0,374.0,-1
2, 12, 504.0,553.0,-1
12, 2, 504.0,553.0,-1
2, 13, 304.0,305.0,-1
13, 2, 304.0,305.0,-1
2, 14, 700.0,912.0,1
14, 2, 700.0,912.0,1
2, 15, 964.0,1196.0,1
15, 2, 964.0,1196.0,1
2, 16, 761.0,895.0,1
16, 2, 761.0,895.0,1
2, 2, 0.0,0.0,1
3, 4, 659.0,780.0,-1
4, 3, 659.0,780.0,-1
3, 5, 558.0,692.0,-1
5, 3, 558.0,692.0,-1
3, 6, 864.0,1220.0,-1
6, 3, 864.0,1220.0,-1
3, 7, 341.0,466.0,-1
7, 3, 341.0,466.0,-1
3, 8, 721.0,997.0,-1
8, 3, 721.0,997.0,-1
3, 9, 542.0,731.0,-1
9, 3, 542.0,731.0,-1
3, 10, 425.0,541.0,-1
10, 3, 425.0,541.0,-1
3, 11, 541.0,765.0,-1
11, 3, 541.0,765.0,-1
3, 12, 375.0,506.0,-1
12, 3, 375.0,506.0,-1
3, 13, 892.0,1259.0,-1
13, 3, 892.0,1259.0,-1
3, 14, 552.0,779.0,-1
14, 3, 552.0,779.0,-1
3, 15, 251.0,261.0,-1
15, 3, 251.0,261.0,-1
3, 16, 436.0,502.0,1
16, 3, 436.0,502.0,1
3, 3, 0.0,0.0,1
4, 5, 631.0,888.0,-1
5, 4, 631.0,888.0,-1
4, 6, 444.0,448.0,-1
6, 4, 444.0,448.0,-1
4, 7, 637.0,900.0,1
7, 4, 637.0,900.0,1
4, 8, 529.0,568.0,-1
8, 4, 529.0,568.0,-1
4, 9, 524.0,740.0,1
9, 4, 524.0,740.0,1
4, 10, 570.0,770.0,1
10, 4, 570.0,770.0,1
4, 11, 346.0,488.0,-1
11, 4, 346.0,488.0,-1
4, 12, 511.0,668.0,1
12, 4, 511.0,668.0,1
4, 13, 450.0,479.0,1
13, 4, 450.0,479.0,1
4, 14, 555.0,736.0,1
14, 4, 555.0,736.0,1
4, 15, 904.0,1020.0,1
15, 4, 904.0,1020.0,1
4, 16, 774.0,1010.0,1
16, 4, 774.0,1010.0,1
4, 4, 0.0,0.0,1
5, 6, 487.0,529.0,1
6, 5, 487.0,529.0,1
5, 7, 829.0,845.0,-1
7, 5, 829.0,845.0,-1
5, 8, 1030.0,1375.0,1
8, 5, 1030.0,1375.0,1
5, 9, 109.0,149.0,1
9, 5, 109.0,149.0,1
5, 10, 136.0,151.0,-1
10, 5, 136.0,151.0,-1
5, 11, 288.0,400.0,-1
11, 5, 288.0,400.0,-1
5, 12, 204.0,221.0,-1
12, 5, 204.0,221.0,-1
5, 13, 520.0,568.0,1
13, 5, 520.0,568.0,1
5, 14, 938.0,1157.0,-1
14, 5, 938.0,1157.0,-1
5, 15, 665.0,932.0,-1
15, 5, 665.0,932.0,-1
5, 16, 251.0,334.0,-1
16, 5, 251.0,334.0,-1
5, 5, 0.0,0.0,1
6, 7, 990.0,1340.0,1
7, 6, 990.0,1340.0,1
6, 8, 972.0,1007.0,1
8, 6, 972.0,1007.0,1
6, 9, 403.0,489.0,-1
9, 6, 403.0,489.0,-1
6, 10, 532.0,679.0,-1
10, 6, 532.0,679.0,-1
6, 11, 323.0,455.0,1
11, 6, 323.0,455.0,1
6, 12, 529.0,715.0,-1
12, 6, 529.0,715.0,-1
6, 13, 34.0,39.0,-1
13, 6, 34.0,39.0,-1
6, 14, 974.0,1176.0,-1
14, 6, 974.0,1176.0,-1
6, 15, 1057.0,1460.0,-1
15, 6, 1057.0,1460.0,-1
6, 16, 728.0,862.0,1
16, 6, 728.0,862.0,1
6, 6, 0.0,0.0,1
7, 8, 443.0,531.0,-1
8, 7, 443.0,531.0,-1
7, 9, 778.0,851.0,-1
9, 7, 778.0,851.0,-1
7, 10, 695.0,728.0,-1
10, 7, 695.0,728.0,-1
7, 11, 701.0,885.0,-1
11, 7, 701.0,885.0,-1
7, 12, 626.0,626.0,1
12, 7, 626.0,626.0,1
7, 13, 1011.0,1379.0,-1
13, 7, 1011.0,1379.0,-1
7, 14, 250.0,313.0,1
14, 7, 250.0,313.0,1
7, 15, 521.0,727.0,1
15, 7, 521.0,727.0,1
7, 16, 763.0,968.0,-1
16, 7, 763.0,968.0,-1
7, 7, 0.0,0.0,1
8, 9, 942.0,1227.0,-1
9, 8, 942.0,1227.0,-1
8, 10, 919.0,1258.0,1
10, 8, 919.0,1258.0,1
8, 11, 793.0,976.0,1
11, 8, 793.0,976.0,1
8, 12, 843.0,1155.0,-1
12, 8, 843.0,1155.0,-1
8, 13, 979.0,1046.0,-1
13, 8, 979.0,1046.0,-1
8, 14, 195.0,218.0,-1
14, 8, 195.0,218.0,-1
8, 15, 945.0,1257.0,-1
15, 8, 945.0,1257.0,-1
8, 16, 1064.0,1498.0,1
16, 8, 1064.0,1498.0,1
8, 8, 0.0,0.0,1
9, 10, 137.0,191.0,-1
10, 9, 137.0,191.0,-1
9, 11, 180.0,252.0,-1
11, 9, 180.0,252.0,-1
9, 12, 168.0,226.0,-1
12, 9, 168.0,226.0,-1
9, 13, 437.0,528.0,-1
13, 9, 437.0,528.0,-1
9, 14, 863.0,1009.0,-1
14, 9, 863.0,1009.0,-1
9, 15, 687.0,972.0,-1
15, 9, 687.0,972.0,-1
9, 16, 326.0,373.0,-1
16, 9, 326.0,373.0,-1
9, 9, 0.0,0.0,1
10, 11, 255.0,282.0,-1
11, 10, 255.0,282.0,-1
10, 12, 77.0,103.0,-1
12, 10, 77.0,103.0,-1
10, 13, 565.0,718.0,-1
13, 10, 565.0,718.0,-1
10, 14, 815.0,1040.0,-1
14, 10, 815.0,1040.0,-1
10, 15, 553.0,782.0,1
15, 10, 553.0,782.0,1
10, 16, 214.0,241.0,1
16, 10, 214.0,241.0,1
10, 10, 0.0,0.0,1
11, 12, 224.0,260.0,1
12, 11, 224.0,260.0,1
11, 13, 353.0,494.0,-1
13, 11, 353.0,494.0,-1
11, 14, 740.0,758.0,-1
14, 11, 740.0,758.0,-1
11, 15, 739.0,1006.0,-1
15, 11, 739.0,1006.0,-1
11, 16, 468.0,522.0,-1
16, 11, 468.0,522.0,-1
11, 11, 0.0,0.0,1
12, 13, 561.0,754.0,1
13, 12, 561.0,754.0,1
12, 14, 739.0,937.0,-1
14, 12, 739.0,937.0,-1
12, 15, 533.0,746.0,-1
15, 12, 533.0,746.0,-1
12, 16, 264.0,343.0,1
16, 12, 264.0,343.0,1
12, 12, 0.0,0.0,1
13, 14, 988.0,1215.0,-1
14, 13, 988.0,1215.0,-1
13, 15, 1089.0,1499.0,1
15, 13, 1089.0,1499.0,1
13, 16, 762.0,901.0,-1
16, 13, 762.0,901.0,-1
13, 13, 0.0,0.0,1
14, 15, 762.0,1039.0,-1
15, 14, 762.0,1039.0,-1
14, 16, 932.0,1280.0,-1
16, 14, 932.0,1280.0,-1
14, 14, 0.0,0.0,1
15, 16, 457.0,599.0,-1
16, 15, 457.0,599.0,-1
15, 15, 0.0,0.0,1
16, 16, 0.0,0.0,1


<end>