<number of nodes>
16

<ratio of available edges>
0.3

<max length of the drone flight>
100000 

<D 2/3>
1, 2, 3, 4, 5, 7, 9, 11, 12, 15, 16

<V>
2, 4, 5, 11, 12

<coordinates X,Y>
782.6695588352009, 369.8654642068552
645.9702941116179, 900.0935016192166
519.0957363521068, 997.3490757772466
899.0067873664215, 631.0282159097301
709.8949219687324, 933.7146103782717
795.4213506029195, 613.3411107661944
880.7539314667417, 606.8536331727086
918.4016046743697, 714.295593614588
871.3838149701238, 785.7548261385261
949.8628281919429, 274.628763158444
441.646431673928, 650.759355381375
125.11018160065147, 32.679194686944534
675.9552062337013, 587.490362498762
464.83503652185505, 32.590005635549204
458.8078421232679, 654.6882846392515
291.3175621931395, 311.4601175004155

<adjacency matrix with truck distances>
1, 2, 548.0,667.0,-1
2, 1, 548.0,667.0,-1
1, 3, 681.0,892.0,1
3, 1, 681.0,892.0,1
1, 4, 286.0,378.0,-1
4, 1, 286.0,378.0,-1
1, 5, 569.0,637.0,-1
5, 1, 569.0,637.0,-1
1, 6, 244.0,257.0,-1
6, 1, 244.0,257.0,-1
1, 7, 257.0,336.0,-1
7, 1, 257.0,336.0,-1
1, 8, 371.0,481.0,-1
8, 1, 371.0,481.0,-1
1, 9, 426.0,505.0,1
9, 1, 426.0,505.0,1
1, 10, 193.0,263.0,-1
10, 1, 193.0,263.0,-1
1, 11, 442.0,622.0,1
11, 1, 442.0,622.0,1
1, 12, 739.0,995.0,1
12, 1, 739.0,995.0,1
1, 13, 243.0,325.0,-1
13, 1, 243.0,325.0,-1
1, 14, 464.0,656.0,1
14, 1, 464.0,656.0,1
1, 15, 432.0,609.0,-1
15, 1, 432.0,609.0,-1
1, 16, 495.0,550.0,-1
16, 1, 495.0,550.0,-1
1, 1, 0.0,0.0,1
2, 3, 160.0,225.0,-1
3, 2, 160.0,225.0,-1
2, 4, 370.0,523.0,1
4, 2, 370.0,523.0,1
2, 5, 73.0,98.0,-1
5, 2, 73.0,98.0,-1
2, 6, 324.0,437.0,-1
6, 2, 324.0,437.0,-1
2, 7, 376.0,529.0,-1
7, 2, 376.0,529.0,-1
2, 8, 330.0,459.0,1
8, 2, 330.0,459.0,1
2, 9, 253.0,340.0,-1
9, 2, 253.0,340.0,-1
2, 10, 696.0,930.0,1
10, 2, 696.0,930.0,1
2, 11, 323.0,454.0,-1
11, 2, 323.0,454.0,-1
2, 12, 1012.0,1389.0,-1
12, 2, 1012.0,1389.0,-1
2, 13, 315.0,343.0,1
13, 2, 315.0,343.0,1
2, 14, 887.0,1049.0,-1
14, 2, 887.0,1049.0,-1
2, 15, 309.0,433.0,-1
15, 2, 309.0,433.0,-1
2, 16, 688.0,944.0,-1
16, 2, 688.0,944.0,-1
2, 2, 0.0,0.0,1
3, 4, 528.0,747.0,1
4, 3, 528.0,747.0,1
3, 5, 202.0,255.0,-1
5, 3, 202.0,255.0,-1
3, 6, 474.0,661.0,-1
6, 3, 474.0,661.0,-1
3, 7, 533.0,753.0,-1
7, 3, 533.0,753.0,-1
3, 8, 490.0,683.0,-1
8, 3, 490.0,683.0,-1
3, 9, 411.0,564.0,-1
9, 3, 411.0,564.0,-1
3, 10, 842.0,1154.0,-1
10, 3, 842.0,1154.0,-1
3, 11, 356.0,425.0,-1
11, 3, 356.0,425.0,-1
3, 12, 1043.0,1359.0,-1
12, 3, 1043.0,1359.0,-1
3, 13, 439.0,567.0,-1
13, 3, 439.0,567.0,-1
3, 14, 967.0,1020.0,-1
14, 3, 967.0,1020.0,-1
3, 15, 348.0,403.0,-1
15, 3, 348.0,403.0,-1
3, 16, 723.0,914.0,1
16, 3, 723.0,914.0,1
3, 3, 0.0,0.0,1
4, 5, 357.0,492.0,1
5, 4, 357.0,492.0,1
4, 6, 106.0,122.0,1
6, 4, 106.0,122.0,1
4, 7, 31.0,43.0,-1
7, 4, 31.0,43.0,-1
4, 8, 86.0,103.0,1
8, 4, 86.0,103.0,1
4, 9, 158.0,183.0,1
9, 4, 158.0,183.0,1
4, 10, 361.0,408.0,-1
10, 4, 361.0,408.0,-1
4, 11, 458.0,478.0,-1
11, 4, 458.0,478.0,-1
4, 12, 979.0,1373.0,1
12, 4, 979.0,1373.0,1
4, 13, 228.0,267.0,1
13, 4, 228.0,267.0,1
4, 14, 740.0,1033.0,-1
14, 4, 740.0,1033.0,-1
4, 15, 441.0,464.0,1
15, 4, 441.0,464.0,1
4, 16, 687.0,928.0,-1
16, 4, 687.0,928.0,-1
4, 4, 0.0,0.0,1
5, 6, 332.0,406.0,-1
6, 5, 332.0,406.0,-1
5, 7, 369.0,498.0,1
7, 5, 369.0,498.0,1
5, 8, 303.0,428.0,-1
8, 5, 303.0,428.0,-1
5, 9, 220.0,310.0,-1
9, 5, 220.0,310.0,-1
5, 10, 702.0,900.0,-1
10, 5, 702.0,900.0,-1
5, 11, 390.0,552.0,-1
11, 5, 390.0,552.0,-1
5, 12, 1075.0,1486.0,-1
12, 5, 1075.0,1486.0,-1
5, 13, 348.0,381.0,-1
13, 5, 348.0,381.0,-1
5, 14, 934.0,1147.0,-1
14, 5, 934.0,1147.0,-1
5, 15, 376.0,531.0,-1
15, 5, 376.0,531.0,-1
5, 16, 750.0,1041.0,-1
16, 5, 750.0,1041.0,-1
5, 5, 0.0,0.0,1
6, 7, 86.0,92.0,-1
7, 6, 86.0,92.0,-1
6, 8, 160.0,224.0,-1
8, 6, 160.0,224.0,-1
6, 9, 189.0,249.0,-1
9, 6, 189.0,249.0,-1
6, 10, 373.0,494.0,-1
10, 6, 373.0,494.0,-1
6, 11, 356.0,392.0,-1
11, 6, 356.0,392.0,-1
6, 12, 887.0,1251.0,-1
12, 6, 887.0,1251.0,-1
6, 13, 123.0,146.0,-1
13, 6, 123.0,146.0,-1
6, 14, 669.0,912.0,-1
14, 6, 669.0,912.0,-1
6, 15, 340.0,378.0,-1
15, 6, 340.0,378.0,-1
6, 16, 588.0,806.0,1
16, 6, 588.0,806.0,1
6, 6, 0.0,0.0,1
7, 8, 114.0,146.0,-1
8, 7, 114.0,146.0,-1
7, 9, 180.0,189.0,-1
9, 7, 180.0,189.0,-1
7, 10, 340.0,402.0,-1
10, 7, 340.0,402.0,-1
7, 11, 442.0,484.0,-1
11, 7, 442.0,484.0,-1
7, 12, 950.0,1330.0,1
12, 7, 950.0,1330.0,1
7, 13, 206.0,225.0,1
13, 7, 206.0,225.0,1
7, 14, 710.0,991.0,1
14, 7, 710.0,991.0,1
7, 15, 425.0,470.0,-1
15, 7, 425.0,470.0,-1
7, 16, 660.0,885.0,-1
16, 7, 660.0,885.0,-1
7, 7, 0.0,0.0,1
8, 9, 86.0,119.0,1
9, 8, 86.0,119.0,1
8, 10, 441.0,472.0,1
10, 8, 441.0,472.0,1
8, 11, 481.0,541.0,-1
11, 8, 481.0,541.0,-1
8, 12, 1046.0,1475.0,-1
12, 8, 1046.0,1475.0,-1
8, 13, 274.0,370.0,-1
13, 8, 274.0,370.0,-1
8, 14, 819.0,1136.0,-1
14, 8, 819.0,1136.0,-1
8, 15, 464.0,520.0,-1
15, 8, 464.0,520.0,-1
8, 16, 746.0,1030.0,-1
16, 8, 746.0,1030.0,-1
8, 8, 0.0,0.0,1
9, 10, 518.0,590.0,-1
10, 9, 518.0,590.0,-1
9, 11, 451.0,565.0,1
11, 9, 451.0,565.0,1
9, 12, 1061.0,1500.0,1
12, 9, 1061.0,1500.0,1
9, 13, 279.0,394.0,-1
13, 9, 279.0,394.0,-1
9, 14, 856.0,1160.0,-1
14, 9, 856.0,1160.0,-1
9, 15, 433.0,544.0,-1
15, 9, 433.0,544.0,-1
9, 16, 750.0,1055.0,1
16, 9, 750.0,1055.0,1
9, 9, 0.0,0.0,1
10, 11, 633.0,885.0,-1
11, 10, 633.0,885.0,-1
10, 12, 860.0,1067.0,1
12, 10, 860.0,1067.0,1
10, 13, 416.0,587.0,-1
13, 10, 416.0,587.0,-1
10, 14, 543.0,728.0,-1
14, 10, 543.0,728.0,-1
10, 15, 621.0,872.0,-1
15, 10, 621.0,872.0,-1
10, 16, 660.0,696.0,1
16, 10, 660.0,696.0,1
10, 10, 0.0,0.0,1
11, 12, 695.0,935.0,1
12, 11, 695.0,935.0,1
11, 13, 243.0,298.0,-1
13, 11, 243.0,298.0,-1
11, 14, 619.0,642.0,-1
14, 11, 619.0,642.0,-1
11, 15, 18.0,22.0,-1
15, 11, 18.0,22.0,-1
11, 16, 372.0,490.0,-1
16, 11, 372.0,490.0,-1
11, 11, 0.0,0.0,1
12, 13, 782.0,1106.0,1
13, 12, 782.0,1106.0,1
12, 14, 340.0,340.0,1
14, 12, 340.0,340.0,1
12, 15, 706.0,956.0,1
15, 12, 706.0,956.0,1
12, 16, 325.0,445.0,-1
16, 12, 325.0,445.0,-1
12, 12, 0.0,0.0,1
13, 14, 594.0,767.0,-1
14, 13, 594.0,767.0,-1
13, 15, 228.0,285.0,1
15, 13, 228.0,285.0,1
13, 16, 474.0,661.0,-1
16, 13, 474.0,661.0,-1
13, 13, 0.0,0.0,1
14, 15, 623.0,629.0,1
15, 14, 623.0,629.0,1
14, 16, 329.0,453.0,-1
16, 14, 329.0,453.0,-1
14, 14, 0.0,0.0,1
15, 16, 382.0,511.0,-1
16, 15, 382.0,511.0,-1
15, 15, 0.0,0.0,1
16, 16, 0.0,0.0,1


<end>