<number of nodes>
16

<ratio of available edges>
0.3

<max length of the drone flight>
100000 

<D 2/3>
1, 2, 3, 5, 7, 9, 10, 11, 12, 13, 16

<V>
2, 7, 10, 12, 16

<coordinates X,Y>
443.81884895790785, 563.1299447739588
901.1017787591593, 50.79336558544033
203.19508553289586, 829.0711303900563
783.2050856848418, 945.0286041014771
964.1441139088504, 517.9991105873743
525.8599873321427, 365.1512564242952
506.913814299462, 624.6736886533291
352.42243143826556, 622.51751341465
903.235201605798, 229.75952509670384
590.1504970691367, 661.7652826868464
461.3982313206522, 856.0431219948837
67.84217552243658, 936.4659328142094
887.3504310665788, 164.11397959557203
142.27310268270853, 272.18196008420847
155.6161538847803, 764.6455824939288
922.8692021726085, 917.2932781146418

<adjacency matrix with truck distances>
1, 2, 687.0,970.0,-1
2, 1, 687.0,970.0,-1
1, 3, 359.0,507.0,-1
3, 1, 359.0,507.0,-1
1, 4, 511.0,722.0,-1
4, 1, 511.0,722.0,-1
1, 5, 523.0,566.0,-1
5, 1, 523.0,566.0,-1
1, 6, 215.0,281.0,1
6, 1, 215.0,281.0,1
1, 7, 89.0,125.0,-1
7, 1, 89.0,125.0,-1
1, 8, 109.0,151.0,-1
8, 1, 109.0,151.0,-1
1, 9, 568.0,793.0,-1
9, 1, 568.0,793.0,-1
1, 10, 177.0,245.0,-1
10, 1, 177.0,245.0,-1
1, 11, 294.0,311.0,1
11, 1, 294.0,311.0,1
1, 12, 530.0,750.0,-1
12, 1, 530.0,750.0,-1
1, 13, 597.0,843.0,-1
13, 1, 597.0,843.0,-1
1, 14, 420.0,593.0,-1
14, 1, 420.0,593.0,-1
1, 15, 352.0,490.0,1
15, 1, 352.0,490.0,1
1, 16, 596.0,834.0,-1
16, 1, 596.0,834.0,-1
1, 1, 0.0,0.0,1
2, 3, 1046.0,1477.0,1
3, 2, 1046.0,1477.0,1
2, 4, 902.0,1013.0,-1
4, 2, 902.0,1013.0,-1
2, 5, 472.0,531.0,-1
5, 2, 472.0,531.0,-1
2, 6, 490.0,690.0,-1
6, 2, 490.0,690.0,-1
2, 7, 697.0,969.0,-1
7, 2, 697.0,969.0,-1
2, 8, 793.0,1121.0,-1
8, 2, 793.0,1121.0,-1
2, 9, 179.0,182.0,-1
9, 2, 179.0,182.0,-1
2, 10, 686.0,922.0,-1
10, 2, 686.0,922.0,-1
2, 11, 918.0,1245.0,-1
11, 2, 918.0,1245.0,-1
2, 12, 1217.0,1719.0,-1
12, 2, 1217.0,1719.0,-1
2, 13, 115.0,128.0,-1
13, 2, 115.0,128.0,-1
2, 14, 791.0,981.0,1
14, 2, 791.0,981.0,1
2, 15, 1033.0,1460.0,-1
15, 2, 1033.0,1460.0,-1
2, 16, 867.0,889.0,1
16, 2, 867.0,889.0,1
2, 2, 0.0,0.0,1
3, 4, 592.0,696.0,-1
4, 3, 592.0,696.0,-1
3, 5, 823.0,1073.0,-1
5, 3, 823.0,1073.0,-1
3, 6, 566.0,787.0,1
6, 3, 566.0,787.0,1
3, 7, 367.0,509.0,-1
7, 3, 367.0,509.0,-1
3, 8, 255.0,356.0,-1
8, 3, 255.0,356.0,-1
3, 9, 922.0,1300.0,1
9, 3, 922.0,1300.0,1
3, 10, 422.0,555.0,-1
10, 3, 422.0,555.0,-1
3, 11, 260.0,286.0,-1
11, 3, 260.0,286.0,-1
3, 12, 173.0,243.0,-1
12, 3, 173.0,243.0,-1
3, 13, 955.0,1350.0,-1
13, 3, 955.0,1350.0,-1
3, 14, 561.0,618.0,1
14, 3, 561.0,618.0,1
3, 15, 81.0,113.0,-1
15, 3, 81.0,113.0,-1
3, 16, 726.0,808.0,-1
16, 3, 726.0,808.0,-1
3, 3, 0.0,0.0,1
4, 5, 464.0,608.0,-1
5, 4, 464.0,608.0,-1
4, 6, 635.0,838.0,1
6, 4, 635.0,838.0,1
4, 7, 424.0,597.0,-1
7, 4, 424.0,597.0,-1
4, 8, 539.0,754.0,-1
8, 4, 539.0,754.0,-1
4, 9, 726.0,836.0,-1
9, 4, 726.0,836.0,-1
4, 10, 343.0,477.0,1
10, 4, 343.0,477.0,1
4, 11, 334.0,411.0,-1
11, 4, 334.0,411.0,-1
4, 12, 716.0,724.0,-1
12, 4, 716.0,724.0,-1
4, 13, 788.0,886.0,-1
13, 4, 788.0,886.0,-1
4, 14, 930.0,1314.0,1
14, 4, 930.0,1314.0,1
4, 15, 653.0,808.0,-1
15, 4, 653.0,808.0,-1
4, 16, 143.0,168.0,1
16, 4, 143.0,168.0,1
4, 4, 0.0,0.0,1
5, 6, 465.0,592.0,1
6, 5, 465.0,592.0,1
5, 7, 470.0,564.0,1
7, 5, 470.0,564.0,1
5, 8, 621.0,717.0,1
8, 5, 621.0,717.0,1
5, 9, 295.0,350.0,1
9, 5, 295.0,350.0,1
5, 10, 401.0,518.0,-1
10, 5, 401.0,518.0,-1
5, 11, 606.0,841.0,-1
11, 5, 606.0,841.0,-1
5, 12, 990.0,1315.0,1
12, 5, 990.0,1315.0,1
5, 13, 363.0,431.0,1
13, 5, 363.0,431.0,1
5, 14, 858.0,1068.0,-1
14, 5, 858.0,1068.0,-1
5, 15, 846.0,1056.0,1
15, 5, 846.0,1056.0,1
5, 16, 402.0,441.0,-1
16, 5, 402.0,441.0,-1
5, 5, 0.0,0.0,1
6, 7, 261.0,279.0,-1
7, 6, 261.0,279.0,-1
6, 8, 311.0,431.0,-1
8, 6, 311.0,431.0,-1
6, 9, 401.0,513.0,-1
9, 6, 401.0,513.0,-1
6, 10, 304.0,361.0,-1
10, 6, 304.0,361.0,-1
6, 11, 496.0,556.0,1
11, 6, 496.0,556.0,1
6, 12, 733.0,1030.0,-1
12, 6, 733.0,1030.0,-1
6, 13, 414.0,563.0,1
13, 6, 414.0,563.0,1
6, 14, 395.0,477.0,1
14, 6, 395.0,477.0,1
6, 15, 545.0,770.0,1
15, 6, 545.0,770.0,1
6, 16, 681.0,950.0,-1
16, 6, 681.0,950.0,-1
6, 6, 0.0,0.0,1
7, 8, 155.0,157.0,-1
8, 7, 155.0,157.0,-1
7, 9, 560.0,792.0,-1
9, 7, 560.0,792.0,-1
7, 10, 92.0,121.0,-1
10, 7, 92.0,121.0,-1
7, 11, 236.0,277.0,-1
11, 7, 236.0,277.0,-1
7, 12, 539.0,751.0,-1
12, 7, 539.0,751.0,-1
7, 13, 598.0,841.0,-1
13, 7, 598.0,841.0,-1
7, 14, 508.0,718.0,-1
14, 7, 508.0,718.0,-1
7, 15, 379.0,492.0,-1
15, 7, 379.0,492.0,-1
7, 16, 509.0,709.0,-1
16, 7, 509.0,709.0,-1
7, 7, 0.0,0.0,1
8, 9, 677.0,944.0,-1
9, 8, 677.0,944.0,-1
8, 10, 241.0,277.0,1
10, 8, 241.0,277.0,1
8, 11, 258.0,343.0,-1
11, 8, 258.0,343.0,-1
8, 12, 424.0,599.0,1
12, 8, 424.0,599.0,1
8, 13, 705.0,994.0,1
13, 8, 705.0,994.0,1
8, 14, 409.0,561.0,-1
14, 8, 409.0,561.0,-1
8, 15, 243.0,339.0,1
15, 8, 243.0,339.0,1
8, 16, 643.0,866.0,-1
16, 8, 643.0,866.0,-1
8, 8, 0.0,0.0,1
9, 10, 534.0,746.0,-1
10, 9, 534.0,746.0,-1
9, 11, 767.0,1069.0,-1
11, 9, 767.0,1069.0,-1
9, 12, 1095.0,1543.0,-1
12, 9, 1095.0,1543.0,-1
9, 13, 68.0,82.0,-1
13, 9, 68.0,82.0,-1
9, 14, 763.0,804.0,-1
14, 9, 763.0,804.0,-1
9, 15, 920.0,1283.0,-1
15, 9, 920.0,1283.0,-1
9, 16, 688.0,708.0,-1
16, 9, 688.0,708.0,-1
9, 9, 0.0,0.0,1
10, 11, 234.0,324.0,-1
11, 10, 234.0,324.0,-1
10, 12, 591.0,798.0,1
12, 10, 591.0,798.0,1
10, 13, 580.0,795.0,1
13, 10, 580.0,795.0,1
10, 14, 594.0,838.0,-1
14, 10, 594.0,838.0,-1
10, 15, 447.0,538.0,-1
15, 10, 447.0,538.0,-1
10, 16, 420.0,589.0,1
16, 10, 420.0,589.0,1
10, 10, 0.0,0.0,1
11, 12, 402.0,474.0,-1
12, 11, 402.0,474.0,-1
11, 13, 813.0,1118.0,-1
13, 11, 813.0,1118.0,-1
11, 14, 666.0,903.0,-1
14, 11, 666.0,903.0,-1
11, 15, 320.0,398.0,-1
15, 11, 320.0,398.0,-1
11, 16, 466.0,523.0,-1
16, 11, 466.0,523.0,-1
11, 11, 0.0,0.0,1
12, 13, 1127.0,1592.0,-1
13, 12, 1127.0,1592.0,-1
12, 14, 669.0,739.0,1
14, 12, 669.0,739.0,1
12, 15, 193.0,260.0,1
15, 12, 193.0,260.0,1
12, 16, 856.0,875.0,-1
16, 12, 856.0,875.0,-1
12, 12, 0.0,0.0,1
13, 14, 753.0,854.0,-1
14, 13, 753.0,854.0,-1
13, 15, 947.0,1333.0,1
15, 13, 947.0,1333.0,1
13, 16, 755.0,789.0,-1
16, 13, 755.0,789.0,-1
13, 13, 0.0,0.0,1
14, 15, 493.0,506.0,1
15, 14, 493.0,506.0,1
14, 16, 1013.0,1426.0,-1
16, 14, 1013.0,1426.0,-1
14, 14, 0.0,0.0,1
15, 16, 783.0,920.0,1
16, 15, 783.0,920.0,1
15, 15, 0.0,0.0,1
16, 16, 0.0,0.0,1


<end>