<number of nodes>
16

<ratio of available edges>
0.3

<max length of the drone flight>
100000 

<D 2/3>
1, 2, 3, 4, 5, 8, 9, 10, 13, 15, 16

<V>
2, 4, 5, 10, 13

<coordinates X,Y>
302.5877978360976, 841.6397629548806
912.0546276777104, 4.1809732022304615
2.355173786498645, 849.2008182834859
114.27715933879996, 277.4686877563591
763.7302502217061, 414.9042655389766
825.182017170641, 219.06108864036642
806.0683572288458, 209.79863174083417
346.78095455762394, 654.8859061445627
745.5282915578647, 299.37639832900436
41.72003300809744, 721.0757978057334
408.52823190284903, 271.2493404481137
82.72604702230421, 568.3654841247338
455.06366178093657, 126.32130886142942
986.8055900399593, 500.3864929581609
134.7777079507283, 813.2228161531442
99.58617884698737, 229.2815902185189

<adjacency matrix with truck distances>
1, 2, 1036.0,1447.0,1
2, 1, 1036.0,1447.0,1
1, 3, 301.0,308.0,1
3, 1, 301.0,308.0,1
1, 4, 595.0,753.0,1
4, 1, 595.0,753.0,1
1, 5, 629.0,888.0,-1
5, 1, 629.0,888.0,-1
1, 6, 813.0,1146.0,-1
6, 1, 813.0,1146.0,-1
1, 7, 808.0,1136.0,-1
7, 1, 808.0,1136.0,-1
1, 8, 192.0,231.0,-1
8, 1, 192.0,231.0,-1
1, 9, 701.0,986.0,-1
9, 1, 701.0,986.0,-1
1, 10, 288.0,382.0,1
10, 1, 288.0,382.0,1
1, 11, 581.0,677.0,-1
11, 1, 581.0,677.0,-1
1, 12, 351.0,494.0,-1
12, 1, 351.0,494.0,-1
1, 13, 732.0,868.0,-1
13, 1, 732.0,868.0,-1
1, 14, 765.0,1026.0,-1
14, 1, 765.0,1026.0,-1
1, 15, 171.0,197.0,1
15, 1, 171.0,197.0,1
1, 16, 646.0,816.0,-1
16, 1, 646.0,816.0,-1
1, 1, 0.0,0.0,1
2, 3, 1242.0,1755.0,-1
3, 2, 1242.0,1755.0,-1
2, 4, 844.0,1072.0,-1
4, 2, 844.0,1072.0,-1
2, 5, 437.0,560.0,-1
5, 2, 437.0,560.0,-1
2, 6, 232.0,302.0,1
6, 2, 232.0,302.0,1
2, 7, 232.0,312.0,1
7, 2, 232.0,312.0,1
2, 8, 862.0,1216.0,1
8, 2, 862.0,1216.0,1
2, 9, 339.0,462.0,1
9, 2, 339.0,462.0,1
2, 10, 1128.0,1588.0,-1
10, 2, 1128.0,1588.0,-1
2, 11, 570.0,771.0,-1
11, 2, 570.0,771.0,-1
2, 12, 1004.0,1394.0,-1
12, 2, 1004.0,1394.0,-1
2, 13, 474.0,580.0,-1
13, 2, 474.0,580.0,-1
2, 14, 502.0,571.0,1
14, 2, 502.0,571.0,1
2, 15, 1122.0,1587.0,-1
15, 2, 1122.0,1587.0,-1
2, 16, 844.0,1038.0,-1
16, 2, 844.0,1038.0,-1
2, 2, 0.0,0.0,1
3, 4, 583.0,684.0,-1
4, 3, 583.0,684.0,-1
3, 5, 877.0,1196.0,-1
5, 3, 877.0,1196.0,-1
3, 6, 1037.0,1453.0,-1
6, 3, 1037.0,1453.0,-1
3, 7, 1028.0,1444.0,-1
7, 3, 1028.0,1444.0,-1
3, 8, 396.0,539.0,-1
8, 3, 396.0,539.0,-1
3, 9, 925.0,1293.0,1
9, 3, 925.0,1293.0,1
3, 10, 135.0,168.0,-1
10, 3, 135.0,168.0,-1
3, 11, 707.0,985.0,-1
11, 3, 707.0,985.0,-1
3, 12, 293.0,362.0,1
12, 3, 293.0,362.0,1
3, 13, 853.0,1176.0,1
13, 3, 853.0,1176.0,1
3, 14, 1045.0,1334.0,-1
14, 3, 1045.0,1334.0,-1
3, 15, 138.0,169.0,-1
15, 3, 138.0,169.0,-1
3, 16, 628.0,718.0,-1
16, 3, 628.0,718.0,-1
3, 3, 0.0,0.0,1
4, 5, 664.0,787.0,-1
5, 4, 664.0,787.0,-1
4, 6, 714.0,770.0,-1
6, 4, 714.0,770.0,-1
4, 7, 696.0,760.0,-1
7, 4, 696.0,760.0,-1
4, 8, 444.0,610.0,1
8, 4, 444.0,610.0,1
4, 9, 632.0,654.0,-1
9, 4, 632.0,654.0,-1
4, 10, 450.0,517.0,-1
10, 4, 450.0,517.0,-1
4, 11, 295.0,301.0,1
11, 4, 295.0,301.0,1
4, 12, 293.0,323.0,-1
12, 4, 293.0,323.0,-1
4, 13, 373.0,492.0,-1
13, 4, 373.0,492.0,-1
4, 14, 901.0,1096.0,-1
14, 4, 901.0,1096.0,-1
4, 15, 537.0,557.0,1
15, 4, 537.0,557.0,1
4, 16, 51.0,63.0,-1
16, 4, 51.0,63.0,-1
4, 4, 0.0,0.0,1
5, 6, 206.0,258.0,-1
6, 5, 206.0,258.0,-1
5, 7, 210.0,248.0,-1
7, 5, 210.0,248.0,-1
5, 8, 482.0,657.0,-1
8, 5, 482.0,657.0,-1
5, 9, 117.0,134.0,-1
9, 5, 117.0,134.0,-1
5, 10, 785.0,1029.0,-1
10, 5, 785.0,1029.0,-1
5, 11, 384.0,499.0,-1
11, 5, 384.0,499.0,-1
5, 12, 699.0,835.0,-1
12, 5, 699.0,835.0,-1
5, 13, 423.0,598.0,-1
13, 5, 423.0,598.0,-1
5, 14, 239.0,309.0,1
14, 5, 239.0,309.0,1
5, 15, 745.0,1028.0,-1
15, 5, 745.0,1028.0,-1
5, 16, 690.0,850.0,1
16, 5, 690.0,850.0,1
5, 5, 0.0,0.0,1
6, 7, 22.0,29.0,1
7, 6, 22.0,29.0,1
6, 8, 648.0,915.0,1
8, 6, 648.0,915.0,1
6, 9, 114.0,160.0,1
9, 6, 114.0,160.0,1
6, 10, 931.0,1286.0,1
10, 6, 931.0,1286.0,1
6, 11, 420.0,469.0,-1
11, 6, 420.0,469.0,-1
6, 12, 821.0,1092.0,1
12, 6, 821.0,1092.0,1
6, 13, 382.0,463.0,-1
13, 6, 382.0,463.0,-1
6, 14, 325.0,443.0,1
14, 6, 325.0,443.0,1
6, 15, 911.0,1285.0,-1
15, 6, 911.0,1285.0,-1
6, 16, 726.0,736.0,-1
16, 6, 726.0,736.0,-1
6, 6, 0.0,0.0,1
7, 8, 640.0,905.0,-1
8, 7, 640.0,905.0,-1
7, 9, 109.0,151.0,-1
9, 7, 109.0,151.0,-1
7, 10, 920.0,1276.0,-1
10, 7, 920.0,1276.0,-1
7, 11, 403.0,459.0,-1
11, 7, 403.0,459.0,-1
7, 12, 808.0,1082.0,-1
12, 7, 808.0,1082.0,-1
7, 13, 361.0,435.0,1
13, 7, 361.0,435.0,1
7, 14, 343.0,472.0,1
14, 7, 343.0,472.0,1
7, 15, 903.0,1275.0,-1
15, 7, 903.0,1275.0,-1
7, 16, 707.0,726.0,-1
16, 7, 707.0,726.0,-1
7, 7, 0.0,0.0,1
8, 9, 535.0,755.0,-1
9, 8, 535.0,755.0,-1
8, 10, 313.0,372.0,-1
10, 8, 313.0,372.0,-1
8, 11, 389.0,446.0,1
11, 8, 389.0,446.0,1
8, 12, 278.0,351.0,-1
12, 8, 278.0,351.0,-1
8, 13, 540.0,637.0,1
13, 8, 540.0,637.0,1
8, 14, 659.0,795.0,-1
14, 8, 659.0,795.0,-1
8, 15, 265.0,371.0,-1
15, 8, 265.0,371.0,-1
8, 16, 493.0,673.0,-1
16, 8, 493.0,673.0,-1
8, 8, 0.0,0.0,1
9, 10, 821.0,1126.0,-1
10, 9, 821.0,1126.0,-1
9, 11, 339.0,366.0,1
11, 9, 339.0,366.0,1
9, 12, 716.0,932.0,-1
12, 9, 716.0,932.0,-1
9, 13, 339.0,464.0,1
13, 9, 339.0,464.0,1
9, 14, 315.0,443.0,-1
14, 9, 315.0,443.0,-1
9, 15, 799.0,1125.0,-1
15, 9, 799.0,1125.0,-1
9, 16, 650.0,717.0,-1
16, 9, 650.0,717.0,-1
9, 9, 0.0,0.0,1
10, 11, 581.0,817.0,1
11, 10, 581.0,817.0,1
10, 12, 159.0,194.0,-1
12, 10, 159.0,194.0,-1
10, 13, 725.0,1009.0,-1
13, 10, 725.0,1009.0,-1
10, 14, 971.0,1166.0,-1
14, 10, 971.0,1166.0,-1
10, 15, 131.0,186.0,-1
15, 10, 131.0,186.0,-1
10, 16, 496.0,550.0,1
16, 10, 496.0,550.0,1
10, 10, 0.0,0.0,1
11, 12, 441.0,623.0,-1
12, 11, 441.0,623.0,-1
11, 13, 153.0,192.0,-1
13, 11, 153.0,192.0,-1
11, 14, 623.0,808.0,-1
14, 11, 623.0,808.0,-1
11, 15, 608.0,816.0,-1
15, 11, 608.0,816.0,-1
11, 16, 312.0,351.0,1
16, 11, 312.0,351.0,1
11, 11, 0.0,0.0,1
12, 13, 578.0,815.0,1
13, 12, 578.0,815.0,1
12, 14, 907.0,973.0,-1
14, 12, 907.0,973.0,-1
12, 15, 251.0,297.0,-1
15, 12, 251.0,297.0,-1
12, 16, 340.0,356.0,-1
16, 12, 340.0,356.0,-1
12, 12, 0.0,0.0,1
13, 14, 651.0,906.0,-1
14, 13, 651.0,906.0,-1
13, 15, 758.0,1008.0,1
15, 13, 758.0,1008.0,1
13, 16, 371.0,459.0,1
16, 13, 371.0,459.0,1
13, 13, 0.0,0.0,1
14, 15, 908.0,1165.0,-1
15, 14, 908.0,1165.0,-1
14, 16, 928.0,1159.0,-1
16, 14, 928.0,1159.0,-1
14, 14, 0.0,0.0,1
15, 16, 586.0,620.0,-1
16, 15, 586.0,620.0,-1
15, 15, 0.0,0.0,1
16, 16, 0.0,0.0,1


<end>