<number of nodes>
16

<ratio of available edges>
0.3

<max length of the drone flight>
100000 

<D 2/3>
1, 3, 5, 6, 7, 8, 9, 12, 13, 15, 16

<V>
5, 8, 9, 13, 15

<coordinates X,Y>
987.127591326536, 936.88089278431
170.1347394706973, 597.6394439233708
764.1784490715534, 834.7521879567654
587.1923595055998, 647.9841566122453
272.8331438595578, 435.66110404112703
729.1285479241252, 239.84894709699614
873.4716562523023, 211.07677534602766
119.32913342470053, 686.2022736463041
188.25783331162975, 287.4169822537793
451.17767996062037, 90.63796714260116
854.4681396662379, 406.5508608720878
290.96840933357987, 741.9139694054387
64.9155979882179, 109.65970561318659
757.6294042682613, 321.35619931490277
615.7026869130365, 99.286517184807
702.8687709583147, 475.9614312352262

<adjacency matrix with truck distances>
1, 2, 885.0,1157.0,-1
2, 1, 885.0,1157.0,-1
1, 3, 246.0,326.0,-1
3, 1, 246.0,326.0,-1
1, 4, 494.0,689.0,-1
4, 1, 494.0,689.0,-1
1, 5, 873.0,1216.0,-1
5, 1, 873.0,1216.0,-1
1, 6, 744.0,956.0,-1
6, 1, 744.0,956.0,-1
1, 7, 735.0,840.0,-1
7, 1, 735.0,840.0,-1
1, 8, 904.0,1119.0,-1
8, 1, 904.0,1119.0,-1
1, 9, 1030.0,1449.0,-1
9, 1, 1030.0,1449.0,-1
1, 10, 1002.0,1383.0,-1
10, 1, 1002.0,1383.0,-1
1, 11, 547.0,663.0,1
11, 1, 547.0,663.0,1
1, 12, 723.0,892.0,1
12, 1, 723.0,892.0,1
1, 13, 1239.0,1750.0,-1
13, 1, 1239.0,1750.0,-1
1, 14, 657.0,846.0,-1
14, 1, 657.0,846.0,-1
1, 15, 917.0,1210.0,1
15, 1, 917.0,1210.0,1
1, 16, 542.0,746.0,1
16, 1, 542.0,746.0,1
1, 1, 0.0,0.0,1
2, 3, 640.0,832.0,-1
3, 2, 640.0,832.0,-1
2, 4, 421.0,468.0,-1
4, 2, 421.0,468.0,-1
2, 5, 192.0,265.0,1
5, 2, 192.0,265.0,1
2, 6, 664.0,917.0,-1
6, 2, 664.0,917.0,-1
2, 7, 803.0,1090.0,-1
7, 2, 803.0,1090.0,-1
2, 8, 103.0,140.0,1
8, 2, 103.0,140.0,1
2, 9, 311.0,329.0,1
9, 2, 311.0,329.0,1
2, 10, 580.0,789.0,-1
10, 2, 580.0,789.0,-1
2, 11, 711.0,876.0,-1
11, 2, 711.0,876.0,-1
2, 12, 189.0,266.0,-1
12, 2, 189.0,266.0,-1
2, 13, 500.0,594.0,-1
13, 2, 500.0,594.0,-1
2, 14, 650.0,864.0,1
14, 2, 650.0,864.0,1
2, 15, 669.0,944.0,-1
15, 2, 669.0,944.0,-1
2, 16, 547.0,655.0,-1
16, 2, 547.0,655.0,-1
2, 2, 0.0,0.0,1
3, 4, 258.0,364.0,-1
4, 3, 258.0,364.0,-1
3, 5, 634.0,891.0,-1
5, 3, 634.0,891.0,-1
3, 6, 596.0,630.0,-1
6, 3, 596.0,630.0,-1
3, 7, 634.0,733.0,-1
7, 3, 634.0,733.0,-1
3, 8, 662.0,794.0,1
8, 3, 662.0,794.0,1
3, 9, 795.0,1124.0,-1
9, 3, 795.0,1124.0,-1
3, 10, 808.0,1058.0,-1
10, 3, 808.0,1058.0,-1
3, 11, 438.0,519.0,1
11, 3, 438.0,519.0,1
3, 12, 483.0,567.0,-1
12, 3, 483.0,567.0,-1
3, 13, 1008.0,1425.0,1
13, 3, 1008.0,1425.0,1
3, 14, 514.0,520.0,-1
14, 3, 514.0,520.0,-1
3, 15, 751.0,884.0,-1
15, 3, 751.0,884.0,-1
3, 16, 364.0,421.0,1
16, 3, 364.0,421.0,1
3, 3, 0.0,0.0,1
4, 5, 380.0,527.0,-1
5, 4, 380.0,527.0,-1
4, 6, 433.0,551.0,-1
6, 4, 433.0,551.0,-1
4, 7, 523.0,724.0,-1
7, 4, 523.0,724.0,-1
4, 8, 470.0,507.0,-1
8, 4, 470.0,507.0,-1
4, 9, 538.0,760.0,1
9, 4, 538.0,760.0,1
4, 10, 574.0,694.0,-1
10, 4, 574.0,694.0,-1
4, 11, 361.0,509.0,-1
11, 4, 361.0,509.0,-1
4, 12, 311.0,391.0,-1
12, 4, 311.0,391.0,-1
4, 13, 751.0,1061.0,-1
13, 4, 751.0,1061.0,-1
4, 14, 369.0,498.0,-1
14, 4, 369.0,498.0,-1
4, 15, 550.0,578.0,1
15, 4, 550.0,578.0,1
4, 16, 208.0,288.0,-1
16, 4, 208.0,288.0,-1
4, 4, 0.0,0.0,1
5, 6, 497.0,653.0,1
6, 5, 497.0,653.0,1
5, 7, 642.0,826.0,-1
7, 5, 642.0,826.0,-1
5, 8, 294.0,405.0,1
8, 5, 294.0,405.0,1
5, 9, 171.0,233.0,-1
9, 5, 171.0,233.0,-1
5, 10, 389.0,524.0,1
10, 5, 389.0,524.0,1
5, 11, 583.0,611.0,-1
11, 5, 583.0,611.0,-1
5, 12, 307.0,325.0,1
12, 5, 307.0,325.0,1
5, 13, 387.0,534.0,-1
13, 5, 387.0,534.0,-1
5, 14, 499.0,600.0,1
14, 5, 499.0,600.0,1
5, 15, 481.0,680.0,-1
15, 5, 481.0,680.0,-1
5, 16, 432.0,471.0,-1
16, 5, 432.0,471.0,-1
5, 5, 0.0,0.0,1
6, 7, 148.0,174.0,-1
7, 6, 148.0,174.0,-1
6, 8, 756.0,1057.0,-1
8, 6, 756.0,1057.0,-1
6, 9, 543.0,589.0,1
9, 6, 543.0,589.0,1
6, 10, 316.0,428.0,-1
10, 6, 316.0,428.0,-1
6, 11, 209.0,293.0,-1
11, 6, 209.0,293.0,-1
6, 12, 667.0,941.0,1
12, 6, 667.0,941.0,1
6, 13, 677.0,795.0,-1
13, 6, 677.0,795.0,-1
6, 14, 87.0,111.0,-1
14, 6, 87.0,111.0,-1
6, 15, 181.0,254.0,-1
15, 6, 181.0,254.0,-1
6, 16, 238.0,263.0,1
16, 6, 238.0,263.0,1
6, 6, 0.0,0.0,1
7, 8, 892.0,1230.0,-1
8, 7, 892.0,1230.0,-1
7, 9, 690.0,762.0,-1
9, 7, 690.0,762.0,-1
7, 10, 440.0,543.0,-1
10, 7, 440.0,543.0,-1
7, 11, 197.0,215.0,1
11, 7, 197.0,215.0,1
7, 12, 789.0,1114.0,-1
12, 7, 789.0,1114.0,-1
7, 13, 815.0,910.0,1
13, 7, 815.0,910.0,1
7, 14, 160.0,227.0,-1
14, 7, 160.0,227.0,-1
7, 15, 281.0,370.0,-1
15, 7, 281.0,370.0,-1
7, 16, 316.0,436.0,1
16, 7, 316.0,436.0,1
7, 7, 0.0,0.0,1
8, 9, 405.0,468.0,-1
9, 8, 405.0,468.0,-1
8, 10, 682.0,928.0,1
10, 8, 682.0,928.0,1
8, 11, 787.0,1015.0,1
11, 8, 787.0,1015.0,1
8, 12, 181.0,228.0,-1
12, 8, 181.0,228.0,-1
8, 13, 580.0,631.0,-1
13, 8, 580.0,631.0,-1
8, 14, 736.0,1004.0,1
14, 8, 736.0,1004.0,1
8, 15, 769.0,1084.0,1
15, 8, 769.0,1084.0,1
8, 16, 621.0,794.0,-1
16, 8, 621.0,794.0,-1
8, 8, 0.0,0.0,1
9, 10, 329.0,460.0,-1
10, 9, 329.0,460.0,-1
9, 11, 677.0,786.0,-1
11, 9, 677.0,786.0,-1
9, 12, 466.0,558.0,1
12, 9, 466.0,558.0,1
9, 13, 217.0,302.0,-1
13, 9, 217.0,302.0,-1
9, 14, 571.0,604.0,-1
14, 9, 571.0,604.0,-1
9, 15, 468.0,616.0,-1
15, 9, 468.0,616.0,-1
9, 16, 549.0,704.0,1
16, 9, 549.0,704.0,1
9, 9, 0.0,0.0,1
10, 11, 513.0,720.0,-1
11, 10, 513.0,720.0,-1
10, 12, 671.0,812.0,-1
12, 10, 671.0,812.0,-1
10, 13, 387.0,406.0,-1
13, 10, 387.0,406.0,-1
10, 14, 384.0,538.0,-1
14, 10, 384.0,538.0,-1
10, 15, 165.0,174.0,-1
15, 10, 165.0,174.0,-1
10, 16, 461.0,638.0,-1
16, 10, 461.0,638.0,-1
10, 10, 0.0,0.0,1
11, 12, 656.0,899.0,-1
12, 11, 656.0,899.0,-1
11, 13, 844.0,1087.0,1
13, 11, 844.0,1087.0,1
11, 14, 129.0,183.0,-1
14, 11, 129.0,183.0,-1
11, 15, 390.0,547.0,-1
15, 11, 390.0,547.0,-1
11, 16, 167.0,222.0,-1
16, 11, 167.0,222.0,-1
11, 11, 0.0,0.0,1
12, 13, 672.0,859.0,-1
13, 12, 672.0,859.0,-1
12, 14, 629.0,888.0,1
14, 12, 629.0,888.0,1
12, 15, 721.0,968.0,-1
15, 12, 721.0,968.0,-1
12, 16, 491.0,678.0,1
16, 12, 491.0,678.0,1
12, 12, 0.0,0.0,1
13, 14, 725.0,905.0,1
14, 13, 725.0,905.0,1
13, 15, 551.0,562.0,1
15, 13, 551.0,562.0,1
13, 16, 736.0,1005.0,-1
16, 13, 736.0,1005.0,-1
13, 13, 0.0,0.0,1
14, 15, 264.0,364.0,-1
15, 14, 264.0,364.0,-1
14, 16, 165.0,210.0,-1
16, 14, 165.0,210.0,-1
14, 14, 0.0,0.0,1
15, 16, 387.0,464.0,-1
16, 15, 387.0,464.0,-1
15, 15, 0.0,0.0,1
16, 16, 0.0,0.0,1


<end>