<number of nodes>
16

<ratio of available edges>
0.3

<max length of the drone flight>
100000 

<D 2/3>
1, 3, 4, 5, 6, 8, 11, 13, 14, 15, 16

<V>
4, 5, 13, 14, 15

<coordinates X,Y>
703.417455397898, 706.135640841431
89.09332469432087, 7.047436329881281
918.080196582335, 749.7922151170746
601.3490138727569, 46.301871504622895
555.3346514349961, 85.27558650129504
575.1033256601014, 748.566090590403
719.8483238550132, 80.46953583393571
1.7965003142579505, 114.99707919925297
521.4603200584249, 246.86301456807632
42.73337888408499, 770.9871996304109
331.09786401509484, 700.6513628574853
3.7232419191265658, 396.7717973239873
792.3526854706762, 122.99593231984564
272.0985604632956, 359.2024040322123
39.58916061666854, 378.7411378340351
222.53810386751576, 577.5284237517604

<adjacency matrix with truck distances>
1, 2, 931.0,1314.0,-1
2, 1, 931.0,1314.0,-1
1, 3, 220.0,259.0,1
3, 1, 220.0,259.0,1
1, 4, 668.0,762.0,-1
4, 1, 668.0,762.0,-1
1, 5, 639.0,769.0,1
5, 1, 639.0,769.0,1
1, 6, 136.0,171.0,1
6, 1, 136.0,171.0,1
1, 7, 626.0,643.0,-1
7, 1, 626.0,643.0,-1
1, 8, 918.0,1293.0,-1
8, 1, 918.0,1293.0,-1
1, 9, 495.0,642.0,-1
9, 1, 495.0,642.0,-1
1, 10, 664.0,726.0,1
10, 1, 664.0,726.0,1
1, 11, 373.0,378.0,-1
11, 1, 373.0,378.0,-1
1, 12, 766.0,1010.0,-1
12, 1, 766.0,1010.0,-1
1, 13, 590.0,673.0,-1
13, 1, 590.0,673.0,-1
1, 14, 554.0,779.0,-1
14, 1, 554.0,779.0,-1
1, 15, 741.0,992.0,-1
15, 1, 741.0,992.0,-1
1, 16, 498.0,610.0,-1
16, 1, 498.0,610.0,-1
1, 1, 0.0,0.0,1
2, 3, 1114.0,1572.0,-1
3, 2, 1114.0,1572.0,-1
2, 4, 514.0,552.0,-1
4, 2, 514.0,552.0,-1
2, 5, 473.0,545.0,1
5, 2, 473.0,545.0,1
2, 6, 887.0,1228.0,1
6, 2, 887.0,1228.0,1
2, 7, 636.0,705.0,-1
7, 2, 636.0,705.0,-1
2, 8, 139.0,196.0,-1
8, 2, 139.0,196.0,-1
2, 9, 495.0,673.0,-1
9, 2, 495.0,673.0,-1
2, 10, 766.0,811.0,-1
10, 2, 766.0,811.0,-1
2, 11, 735.0,936.0,1
11, 2, 735.0,936.0,1
2, 12, 399.0,476.0,-1
12, 2, 399.0,476.0,-1
2, 13, 713.0,820.0,1
13, 2, 713.0,820.0,1
2, 14, 397.0,536.0,-1
14, 2, 397.0,536.0,-1
2, 15, 375.0,422.0,-1
15, 2, 375.0,422.0,-1
2, 16, 586.0,704.0,-1
16, 2, 586.0,704.0,-1
2, 2, 0.0,0.0,1
3, 4, 772.0,1021.0,-1
4, 3, 772.0,1021.0,-1
3, 5, 758.0,1028.0,-1
5, 3, 758.0,1028.0,-1
3, 6, 343.0,345.0,-1
6, 3, 343.0,345.0,-1
3, 7, 699.0,868.0,-1
7, 3, 699.0,868.0,-1
3, 8, 1115.0,1552.0,-1
8, 3, 1115.0,1552.0,-1
3, 9, 641.0,900.0,-1
9, 3, 641.0,900.0,-1
3, 10, 876.0,897.0,-1
10, 3, 876.0,897.0,-1
3, 11, 590.0,637.0,1
11, 3, 590.0,637.0,1
3, 12, 981.0,1268.0,-1
12, 3, 981.0,1268.0,-1
3, 13, 640.0,753.0,-1
13, 3, 640.0,753.0,-1
3, 14, 755.0,1037.0,-1
14, 3, 755.0,1037.0,-1
3, 15, 954.0,1250.0,-1
15, 3, 954.0,1250.0,-1
3, 16, 717.0,868.0,-1
16, 3, 717.0,868.0,-1
3, 3, 0.0,0.0,1
4, 5, 61.0,85.0,-1
5, 4, 61.0,85.0,-1
4, 6, 703.0,729.0,1
6, 4, 703.0,729.0,1
4, 7, 124.0,153.0,1
7, 4, 124.0,153.0,1
4, 8, 604.0,669.0,-1
8, 4, 604.0,669.0,-1
4, 9, 216.0,281.0,-1
9, 4, 216.0,281.0,-1
4, 10, 915.0,1284.0,-1
10, 4, 915.0,1284.0,-1
4, 11, 708.0,925.0,-1
11, 4, 708.0,925.0,-1
4, 12, 693.0,949.0,-1
12, 4, 693.0,949.0,-1
4, 13, 206.0,268.0,1
13, 4, 206.0,268.0,1
4, 14, 455.0,643.0,-1
14, 4, 455.0,643.0,-1
4, 15, 653.0,895.0,1
15, 4, 653.0,895.0,1
4, 16, 653.0,911.0,-1
16, 4, 653.0,911.0,-1
4, 4, 0.0,0.0,1
5, 6, 664.0,684.0,1
6, 5, 664.0,684.0,1
5, 7, 165.0,170.0,-1
7, 5, 165.0,170.0,-1
5, 8, 555.0,584.0,1
8, 5, 555.0,584.0,1
5, 9, 166.0,196.0,1
9, 5, 166.0,196.0,1
5, 10, 857.0,1199.0,-1
10, 5, 857.0,1199.0,-1
5, 11, 655.0,840.0,-1
11, 5, 655.0,840.0,-1
5, 12, 634.0,864.0,-1
12, 5, 634.0,864.0,-1
5, 13, 241.0,275.0,1
13, 5, 241.0,275.0,1
5, 14, 395.0,558.0,-1
14, 5, 395.0,558.0,-1
5, 15, 594.0,810.0,-1
15, 5, 594.0,810.0,-1
5, 16, 595.0,826.0,-1
16, 5, 595.0,826.0,-1
5, 5, 0.0,0.0,1
6, 7, 684.0,813.0,-1
7, 6, 684.0,813.0,-1
6, 8, 855.0,1207.0,1
8, 6, 855.0,1207.0,1
6, 9, 505.0,556.0,-1
9, 6, 505.0,556.0,-1
6, 10, 533.0,555.0,-1
10, 6, 533.0,555.0,-1
6, 11, 249.0,292.0,-1
11, 6, 249.0,292.0,-1
6, 12, 671.0,924.0,-1
12, 6, 671.0,924.0,-1
6, 13, 663.0,843.0,1
13, 6, 663.0,843.0,1
6, 14, 494.0,693.0,-1
14, 6, 494.0,693.0,-1
6, 15, 651.0,906.0,-1
15, 6, 651.0,906.0,-1
6, 16, 392.0,524.0,1
16, 6, 392.0,524.0,1
6, 6, 0.0,0.0,1
7, 8, 719.0,753.0,-1
8, 7, 719.0,753.0,-1
7, 9, 259.0,365.0,1
9, 7, 259.0,365.0,1
7, 10, 968.0,1368.0,-1
10, 7, 968.0,1368.0,-1
7, 11, 732.0,1009.0,1
11, 7, 732.0,1009.0,1
7, 12, 783.0,1033.0,-1
12, 7, 783.0,1033.0,-1
7, 13, 85.0,116.0,1
13, 7, 85.0,116.0,1
7, 14, 528.0,727.0,1
14, 7, 528.0,727.0,1
7, 15, 743.0,979.0,1
15, 7, 743.0,979.0,1
7, 16, 704.0,995.0,-1
16, 7, 704.0,995.0,-1
7, 7, 0.0,0.0,1
8, 9, 537.0,652.0,-1
9, 8, 537.0,652.0,-1
8, 10, 658.0,697.0,-1
10, 8, 658.0,697.0,-1
8, 11, 672.0,915.0,-1
11, 8, 672.0,915.0,-1
8, 12, 282.0,284.0,-1
12, 8, 282.0,284.0,-1
8, 13, 791.0,799.0,-1
13, 8, 791.0,799.0,-1
8, 14, 365.0,515.0,-1
14, 8, 365.0,515.0,-1
8, 15, 267.0,302.0,-1
15, 8, 267.0,302.0,-1
8, 16, 513.0,684.0,-1
16, 8, 513.0,684.0,-1
8, 8, 0.0,0.0,1
9, 10, 710.0,1003.0,-1
10, 9, 710.0,1003.0,-1
9, 11, 493.0,645.0,1
11, 9, 493.0,645.0,1
9, 12, 540.0,668.0,1
12, 9, 540.0,668.0,1
9, 13, 298.0,395.0,-1
13, 9, 298.0,395.0,-1
9, 14, 274.0,362.0,-1
14, 9, 274.0,362.0,-1
9, 15, 500.0,614.0,-1
15, 9, 500.0,614.0,-1
9, 16, 446.0,630.0,1
16, 9, 446.0,630.0,1
9, 9, 0.0,0.0,1
10, 11, 297.0,359.0,-1
11, 10, 297.0,359.0,-1
10, 12, 377.0,414.0,-1
12, 10, 377.0,414.0,-1
10, 13, 991.0,1398.0,-1
13, 10, 991.0,1398.0,-1
10, 14, 472.0,642.0,-1
14, 10, 472.0,642.0,-1
10, 15, 393.0,396.0,1
15, 10, 393.0,396.0,1
10, 16, 265.0,374.0,-1
16, 10, 265.0,374.0,-1
10, 10, 0.0,0.0,1
11, 12, 447.0,632.0,-1
12, 11, 447.0,632.0,-1
11, 13, 740.0,1039.0,-1
13, 11, 740.0,1039.0,-1
11, 14, 347.0,401.0,-1
14, 11, 347.0,401.0,-1
11, 15, 435.0,614.0,1
15, 11, 435.0,614.0,1
11, 16, 165.0,232.0,-1
16, 11, 165.0,232.0,-1
11, 11, 0.0,0.0,1
12, 13, 835.0,1063.0,-1
13, 12, 835.0,1063.0,-1
12, 14, 271.0,306.0,1
14, 12, 271.0,306.0,1
12, 15, 41.0,54.0,-1
15, 12, 41.0,54.0,-1
12, 16, 284.0,400.0,-1
16, 12, 284.0,400.0,-1
12, 12, 0.0,0.0,1
13, 14, 572.0,757.0,1
14, 13, 572.0,757.0,1
13, 15, 796.0,1009.0,-1
15, 13, 796.0,1009.0,-1
13, 16, 729.0,1025.0,1
16, 13, 729.0,1025.0,1
13, 13, 0.0,0.0,1
14, 15, 234.0,253.0,1
15, 14, 234.0,253.0,1
14, 16, 224.0,268.0,1
16, 14, 224.0,268.0,1
14, 14, 0.0,0.0,1
15, 16, 271.0,382.0,1
16, 15, 271.0,382.0,1
15, 15, 0.0,0.0,1
16, 16, 0.0,0.0,1


<end>