<number of nodes>
16

<ratio of available edges>
0.3

<max length of the drone flight>
100000 

<D 2/3>
1, 3, 4, 5, 6, 7, 8, 9, 12, 14, 15

<V>
3, 5, 6, 8, 9

<coordinates X,Y>
693.6109766973694, 939.024798189884
158.03307892748268, 675.7334401012729
672.1474167457652, 639.7995200414506
87.18566306397729, 185.0471031375029
262.5800160309559, 70.46804539118845
682.1832004137187, 615.2905008349979
982.757063259277, 934.2773961144113
690.4357604042002, 466.34628673855417
497.0950532229762, 674.6184867822809
327.9030127789035, 120.53068527571341
304.0835762308191, 749.9370763240995
572.4347951005676, 58.2394603599233
892.3996209511283, 966.6765935880687
692.9960048253688, 681.2730094492742
962.7063787918989, 901.5730686201747
332.7207401843803, 31.772743808078594

<adjacency matrix with truck distances>
1, 2, 597.0,799.0,-1
2, 1, 597.0,799.0,-1
1, 3, 300.0,321.0,-1
3, 1, 300.0,321.0,-1
1, 4, 968.0,1361.0,-1
4, 1, 968.0,1361.0,-1
1, 5, 970.0,1300.0,-1
5, 1, 970.0,1300.0,-1
1, 6, 324.0,336.0,-1
6, 1, 324.0,336.0,-1
1, 7, 290.0,294.0,-1
7, 1, 290.0,294.0,-1
1, 8, 473.0,476.0,1
8, 1, 473.0,476.0,1
1, 9, 330.0,461.0,-1
9, 1, 330.0,461.0,-1
1, 10, 897.0,1185.0,1
10, 1, 897.0,1185.0,1
1, 11, 433.0,579.0,-1
11, 1, 433.0,579.0,-1
1, 12, 890.0,1002.0,-1
12, 1, 890.0,1002.0,-1
1, 13, 201.0,227.0,-1
13, 1, 201.0,227.0,-1
1, 14, 258.0,259.0,1
14, 1, 258.0,259.0,1
1, 15, 272.0,307.0,-1
15, 1, 272.0,307.0,-1
1, 16, 977.0,1269.0,1
16, 1, 977.0,1269.0,1
1, 1, 0.0,0.0,1
2, 3, 516.0,551.0,1
3, 2, 516.0,551.0,1
2, 4, 496.0,562.0,-1
4, 2, 496.0,562.0,-1
2, 5, 615.0,710.0,-1
5, 2, 615.0,710.0,-1
2, 6, 528.0,585.0,-1
6, 2, 528.0,585.0,-1
2, 7, 865.0,1084.0,-1
7, 2, 865.0,1084.0,-1
2, 8, 573.0,742.0,-1
8, 2, 573.0,742.0,-1
2, 9, 340.0,341.0,-1
9, 2, 340.0,341.0,-1
2, 10, 581.0,726.0,-1
10, 2, 581.0,726.0,-1
2, 11, 164.0,221.0,1
11, 2, 164.0,221.0,1
2, 12, 744.0,1032.0,-1
12, 2, 744.0,1032.0,-1
2, 13, 790.0,1026.0,1
13, 2, 790.0,1026.0,1
2, 14, 535.0,541.0,1
14, 2, 535.0,541.0,1
2, 15, 836.0,1031.0,-1
15, 2, 836.0,1031.0,-1
2, 16, 668.0,819.0,1
16, 2, 668.0,819.0,1
2, 2, 0.0,0.0,1
3, 4, 741.0,1040.0,-1
4, 3, 741.0,1040.0,-1
3, 5, 702.0,979.0,-1
5, 3, 702.0,979.0,-1
3, 6, 27.0,35.0,-1
6, 3, 27.0,35.0,-1
3, 7, 429.0,606.0,1
7, 3, 429.0,606.0,1
3, 8, 175.0,192.0,-1
8, 3, 175.0,192.0,-1
3, 9, 179.0,210.0,1
9, 3, 179.0,210.0,1
3, 10, 624.0,864.0,1
10, 3, 624.0,864.0,1
3, 11, 385.0,479.0,-1
11, 3, 385.0,479.0,-1
3, 12, 591.0,682.0,-1
12, 3, 591.0,682.0,-1
3, 13, 395.0,548.0,-1
13, 3, 395.0,548.0,-1
3, 14, 47.0,63.0,-1
14, 3, 47.0,63.0,-1
3, 15, 392.0,553.0,-1
15, 3, 392.0,553.0,-1
3, 16, 697.0,948.0,-1
16, 3, 697.0,948.0,-1
3, 3, 0.0,0.0,1
4, 5, 210.0,290.0,-1
5, 4, 210.0,290.0,-1
4, 6, 735.0,1026.0,1
6, 4, 735.0,1026.0,1
4, 7, 1168.0,1645.0,-1
7, 4, 1168.0,1645.0,-1
4, 8, 666.0,885.0,-1
8, 4, 666.0,885.0,-1
4, 9, 639.0,900.0,1
9, 4, 639.0,900.0,1
4, 10, 250.0,306.0,1
10, 4, 250.0,306.0,1
4, 11, 606.0,782.0,-1
11, 4, 606.0,782.0,-1
4, 12, 502.0,613.0,-1
12, 4, 502.0,613.0,-1
4, 13, 1123.0,1587.0,-1
13, 4, 1123.0,1587.0,-1
4, 14, 784.0,1103.0,-1
14, 4, 784.0,1103.0,-1
4, 15, 1132.0,1593.0,-1
15, 4, 1132.0,1593.0,-1
4, 16, 290.0,399.0,-1
16, 4, 290.0,399.0,-1
4, 4, 0.0,0.0,1
5, 6, 688.0,965.0,1
6, 5, 688.0,965.0,1
5, 7, 1125.0,1584.0,1
7, 5, 1125.0,1584.0,1
5, 8, 583.0,824.0,1
8, 5, 583.0,824.0,1
5, 9, 649.0,839.0,-1
9, 5, 649.0,839.0,-1
5, 10, 83.0,116.0,-1
10, 5, 83.0,116.0,-1
5, 11, 681.0,721.0,1
11, 5, 681.0,721.0,1
5, 12, 311.0,323.0,-1
12, 5, 311.0,323.0,-1
5, 13, 1096.0,1527.0,-1
13, 5, 1096.0,1527.0,-1
5, 14, 748.0,1042.0,-1
14, 5, 748.0,1042.0,-1
5, 15, 1087.0,1532.0,-1
15, 5, 1087.0,1532.0,-1
5, 16, 81.0,109.0,-1
16, 5, 81.0,109.0,-1
5, 5, 0.0,0.0,1
6, 7, 439.0,620.0,-1
7, 6, 439.0,620.0,-1
6, 8, 150.0,158.0,1
8, 6, 150.0,158.0,1
6, 9, 195.0,245.0,1
9, 6, 195.0,245.0,1
6, 10, 609.0,850.0,-1
10, 6, 609.0,850.0,-1
6, 11, 402.0,513.0,-1
11, 6, 402.0,513.0,-1
6, 12, 568.0,667.0,-1
12, 6, 568.0,667.0,-1
6, 13, 410.0,562.0,-1
13, 6, 410.0,562.0,-1
6, 14, 67.0,77.0,-1
14, 6, 67.0,77.0,-1
6, 15, 401.0,567.0,-1
15, 6, 401.0,567.0,-1
6, 16, 681.0,933.0,-1
16, 6, 681.0,933.0,-1
6, 6, 0.0,0.0,1
7, 8, 552.0,761.0,-1
8, 7, 552.0,761.0,-1
7, 9, 551.0,746.0,1
9, 7, 551.0,746.0,1
7, 10, 1045.0,1469.0,-1
10, 7, 1045.0,1469.0,-1
7, 11, 704.0,864.0,-1
11, 7, 704.0,864.0,-1
7, 12, 968.0,1287.0,1
12, 7, 968.0,1287.0,1
7, 13, 96.0,123.0,-1
13, 7, 96.0,123.0,-1
7, 14, 385.0,543.0,1
14, 7, 385.0,543.0,1
7, 15, 39.0,53.0,1
15, 7, 39.0,53.0,1
7, 16, 1113.0,1553.0,1
16, 7, 1113.0,1553.0,1
7, 7, 0.0,0.0,1
8, 9, 285.0,402.0,-1
9, 8, 285.0,402.0,-1
8, 10, 502.0,709.0,-1
10, 8, 502.0,709.0,-1
8, 11, 480.0,670.0,1
11, 8, 480.0,670.0,1
8, 12, 425.0,527.0,-1
12, 8, 425.0,527.0,-1
8, 13, 540.0,703.0,-1
13, 8, 540.0,703.0,-1
8, 14, 215.0,218.0,-1
14, 8, 215.0,218.0,-1
8, 15, 514.0,708.0,-1
15, 8, 514.0,708.0,-1
8, 16, 563.0,793.0,-1
16, 8, 563.0,793.0,-1
8, 8, 0.0,0.0,1
9, 10, 580.0,724.0,-1
10, 9, 580.0,724.0,-1
9, 11, 208.0,269.0,-1
11, 9, 208.0,269.0,-1
9, 12, 621.0,692.0,-1
12, 9, 621.0,692.0,-1
9, 13, 492.0,688.0,-1
13, 9, 492.0,688.0,-1
9, 14, 197.0,203.0,-1
14, 9, 197.0,203.0,-1
9, 15, 518.0,693.0,-1
15, 9, 518.0,693.0,-1
9, 16, 664.0,808.0,-1
16, 9, 664.0,808.0,-1
9, 9, 0.0,0.0,1
10, 11, 630.0,654.0,-1
11, 10, 630.0,654.0,-1
10, 12, 253.0,307.0,1
12, 10, 253.0,307.0,1
10, 13, 1018.0,1411.0,1
13, 10, 1018.0,1411.0,1
10, 14, 670.0,926.0,1
14, 10, 670.0,926.0,1
10, 15, 1007.0,1416.0,-1
15, 10, 1007.0,1416.0,-1
10, 16, 89.0,94.0,-1
16, 10, 89.0,94.0,-1
10, 10, 0.0,0.0,1
11, 12, 742.0,961.0,1
12, 11, 742.0,961.0,1
11, 13, 627.0,806.0,-1
13, 11, 627.0,806.0,-1
11, 14, 395.0,458.0,-1
14, 11, 395.0,458.0,-1
11, 15, 676.0,811.0,1
15, 11, 676.0,811.0,1
11, 16, 719.0,747.0,-1
16, 11, 719.0,747.0,-1
11, 11, 0.0,0.0,1
12, 13, 964.0,1229.0,-1
13, 12, 964.0,1229.0,-1
12, 14, 635.0,744.0,1
14, 12, 635.0,744.0,1
12, 15, 930.0,1234.0,1
15, 12, 930.0,1234.0,1
12, 16, 242.0,267.0,-1
16, 12, 242.0,267.0,-1
12, 12, 0.0,0.0,1
13, 14, 349.0,485.0,-1
14, 13, 349.0,485.0,-1
13, 15, 96.0,136.0,-1
15, 13, 96.0,136.0,-1
13, 16, 1090.0,1495.0,1
16, 13, 1090.0,1495.0,1
13, 13, 0.0,0.0,1
14, 15, 349.0,491.0,-1
15, 14, 349.0,491.0,-1
14, 16, 743.0,1010.0,-1
16, 14, 743.0,1010.0,-1
14, 14, 0.0,0.0,1
15, 16, 1074.0,1500.0,1
16, 15, 1074.0,1500.0,1
15, 15, 0.0,0.0,1
16, 16, 0.0,0.0,1


<end>