<number of nodes>
16

<ratio of available edges>
0.3

<max length of the drone flight>
100000 

<D 2/3>
1, 2, 3, 5, 7, 8, 11, 12, 13, 15, 16

<V>
2, 7, 12, 13, 15

<coordinates X,Y>
806.9152254658641, 166.40633439496918
820.5431441377726, 981.4248056579389
331.57412348873993, 238.79113776336945
42.50682586781922, 583.3224067053665
927.4605673489425, 918.1971660015231
384.5066787048547, 574.9554150680392
824.2230169663744, 341.16547199892256
199.83334732747403, 422.120318936699
438.36793034206187, 840.1806552616681
517.6839287811256, 299.3522010678226
278.29781988881234, 360.01535272900384
689.5884338391887, 0.1045469960470094
201.02983444111882, 358.6664901756383
791.1197498414058, 968.3751787119451
663.5012505425899, 615.8832137698129
240.09370830089483, 749.2815883581115

<adjacency matrix with truck distances>
1, 2, 816.0,829.0,1
2, 1, 816.0,829.0,1
1, 3, 481.0,548.0,1
3, 1, 481.0,548.0,1
1, 4, 871.0,1182.0,1
4, 1, 871.0,1182.0,1
1, 5, 762.0,873.0,-1
5, 1, 762.0,873.0,-1
1, 6, 588.0,831.0,-1
6, 1, 588.0,831.0,-1
1, 7, 176.0,193.0,-1
7, 1, 176.0,193.0,-1
1, 8, 659.0,863.0,-1
8, 1, 659.0,863.0,-1
1, 9, 768.0,1043.0,1
9, 1, 768.0,1043.0,1
1, 10, 319.0,423.0,1
10, 1, 319.0,423.0,1
1, 11, 563.0,723.0,-1
11, 1, 563.0,723.0,-1
1, 12, 204.0,284.0,1
12, 1, 204.0,284.0,1
1, 13, 636.0,799.0,-1
13, 1, 636.0,799.0,-1
1, 14, 803.0,818.0,1
14, 1, 803.0,818.0,1
1, 15, 472.0,593.0,-1
15, 1, 472.0,593.0,-1
1, 16, 814.0,1150.0,-1
16, 1, 814.0,1150.0,-1
1, 1, 0.0,0.0,1
2, 3, 890.0,1232.0,-1
3, 2, 890.0,1232.0,-1
2, 4, 874.0,1177.0,-1
4, 2, 874.0,1177.0,-1
2, 5, 125.0,171.0,-1
5, 2, 125.0,171.0,-1
2, 6, 597.0,843.0,-1
6, 2, 597.0,843.0,-1
2, 7, 641.0,644.0,1
7, 2, 641.0,644.0,1
2, 8, 836.0,1181.0,1
8, 2, 836.0,1181.0,1
2, 9, 408.0,524.0,-1
9, 2, 408.0,524.0,-1
2, 10, 747.0,985.0,1
10, 2, 747.0,985.0,1
2, 11, 825.0,1164.0,1
11, 2, 825.0,1164.0,1
2, 12, 991.0,1113.0,-1
12, 2, 991.0,1113.0,-1
2, 13, 879.0,1243.0,1
13, 2, 879.0,1243.0,1
2, 14, 33.0,43.0,-1
14, 2, 33.0,43.0,-1
2, 15, 398.0,523.0,1
15, 2, 398.0,523.0,1
2, 16, 626.0,813.0,-1
16, 2, 626.0,813.0,-1
2, 2, 0.0,0.0,1
3, 4, 450.0,634.0,-1
4, 3, 450.0,634.0,-1
3, 5, 904.0,1276.0,-1
5, 3, 904.0,1276.0,-1
3, 6, 341.0,390.0,-1
6, 3, 341.0,390.0,-1
3, 7, 504.0,596.0,-1
7, 3, 504.0,596.0,-1
3, 8, 226.0,316.0,-1
8, 3, 226.0,316.0,-1
3, 9, 611.0,709.0,-1
9, 3, 611.0,709.0,-1
3, 10, 196.0,247.0,-1
10, 3, 196.0,247.0,-1
3, 11, 133.0,175.0,-1
11, 3, 133.0,175.0,-1
3, 12, 431.0,597.0,-1
12, 3, 431.0,597.0,-1
3, 13, 178.0,251.0,-1
13, 3, 178.0,251.0,-1
3, 14, 863.0,1190.0,-1
14, 3, 863.0,1190.0,-1
3, 15, 503.0,710.0,1
15, 3, 503.0,710.0,1
3, 16, 519.0,602.0,-1
16, 3, 519.0,602.0,-1
3, 3, 0.0,0.0,1
4, 5, 947.0,1220.0,-1
5, 4, 947.0,1220.0,-1
4, 6, 343.0,351.0,-1
6, 4, 343.0,351.0,-1
4, 7, 819.0,1024.0,1
7, 4, 819.0,1024.0,1
4, 8, 226.0,319.0,-1
8, 4, 226.0,319.0,-1
4, 9, 472.0,653.0,-1
9, 4, 472.0,653.0,-1
4, 10, 554.0,760.0,1
10, 4, 554.0,760.0,1
4, 11, 325.0,460.0,1
11, 4, 325.0,460.0,1
4, 12, 872.0,1231.0,-1
12, 4, 872.0,1231.0,-1
4, 13, 275.0,384.0,-1
13, 4, 275.0,384.0,-1
4, 14, 842.0,1134.0,-1
14, 4, 842.0,1134.0,-1
4, 15, 622.0,654.0,-1
15, 4, 622.0,654.0,-1
4, 16, 259.0,364.0,1
16, 4, 259.0,364.0,1
4, 4, 0.0,0.0,1
5, 6, 643.0,887.0,1
6, 5, 643.0,887.0,1
5, 7, 587.0,681.0,-1
7, 5, 587.0,681.0,-1
5, 8, 881.0,1224.0,-1
8, 5, 881.0,1224.0,-1
5, 9, 496.0,568.0,-1
9, 5, 496.0,568.0,-1
5, 10, 743.0,1029.0,1
10, 5, 743.0,1029.0,1
5, 11, 857.0,1208.0,1
11, 5, 857.0,1208.0,1
5, 12, 949.0,1156.0,1
12, 5, 949.0,1156.0,1
5, 13, 917.0,1286.0,-1
13, 5, 917.0,1286.0,-1
5, 14, 146.0,187.0,-1
14, 5, 146.0,187.0,-1
5, 15, 402.0,567.0,-1
15, 5, 402.0,567.0,-1
5, 16, 708.0,857.0,1
16, 5, 708.0,857.0,1
5, 5, 0.0,0.0,1
6, 7, 499.0,674.0,-1
7, 6, 499.0,674.0,-1
6, 8, 240.0,338.0,-1
8, 6, 240.0,338.0,-1
6, 9, 271.0,320.0,-1
9, 6, 271.0,320.0,-1
6, 10, 307.0,409.0,1
10, 6, 307.0,409.0,1
6, 11, 240.0,322.0,-1
11, 6, 240.0,322.0,-1
6, 12, 651.0,880.0,1
12, 6, 651.0,880.0,1
6, 13, 284.0,400.0,-1
13, 6, 284.0,400.0,-1
6, 14, 566.0,801.0,-1
14, 6, 566.0,801.0,-1
6, 15, 282.0,320.0,-1
15, 6, 282.0,320.0,-1
6, 16, 227.0,319.0,1
16, 6, 227.0,319.0,1
6, 6, 0.0,0.0,1
7, 8, 630.0,706.0,-1
8, 7, 630.0,706.0,-1
7, 9, 631.0,885.0,-1
9, 7, 631.0,885.0,-1
7, 10, 310.0,349.0,1
10, 7, 310.0,349.0,1
7, 11, 547.0,565.0,-1
11, 7, 547.0,565.0,-1
7, 12, 367.0,476.0,1
12, 7, 367.0,476.0,1
7, 13, 624.0,641.0,-1
13, 7, 624.0,641.0,-1
7, 14, 629.0,661.0,-1
14, 7, 629.0,661.0,-1
7, 15, 319.0,436.0,1
15, 7, 319.0,436.0,1
7, 16, 713.0,993.0,-1
16, 7, 713.0,993.0,-1
7, 7, 0.0,0.0,1
8, 9, 482.0,657.0,-1
9, 8, 482.0,657.0,-1
8, 10, 341.0,441.0,1
10, 8, 341.0,441.0,1
8, 11, 101.0,141.0,-1
11, 8, 101.0,141.0,-1
8, 12, 647.0,912.0,-1
12, 8, 647.0,912.0,-1
8, 13, 64.0,65.0,-1
13, 8, 64.0,65.0,-1
8, 14, 805.0,1138.0,-1
14, 8, 805.0,1138.0,-1
8, 15, 503.0,658.0,-1
15, 8, 503.0,658.0,-1
8, 16, 330.0,368.0,-1
16, 8, 330.0,368.0,-1
8, 8, 0.0,0.0,1
9, 10, 547.0,621.0,-1
10, 9, 547.0,621.0,-1
9, 11, 507.0,641.0,-1
11, 9, 507.0,641.0,-1
9, 12, 877.0,1092.0,-1
12, 9, 877.0,1092.0,-1
9, 13, 537.0,719.0,-1
13, 9, 537.0,719.0,-1
9, 14, 376.0,481.0,-1
14, 9, 376.0,481.0,-1
9, 15, 318.0,450.0,1
15, 9, 318.0,450.0,1
9, 16, 219.0,290.0,-1
16, 9, 219.0,290.0,-1
9, 9, 0.0,0.0,1
10, 11, 247.0,301.0,-1
11, 10, 247.0,301.0,-1
10, 12, 346.0,472.0,-1
12, 10, 346.0,472.0,-1
10, 13, 323.0,376.0,-1
13, 10, 323.0,376.0,-1
10, 14, 723.0,943.0,-1
14, 10, 723.0,943.0,-1
10, 15, 349.0,463.0,-1
15, 10, 349.0,463.0,-1
10, 16, 529.0,728.0,1
16, 10, 529.0,728.0,1
10, 10, 0.0,0.0,1
11, 12, 547.0,772.0,-1
12, 11, 547.0,772.0,-1
11, 13, 78.0,79.0,1
13, 11, 78.0,79.0,1
11, 14, 796.0,1122.0,-1
14, 11, 796.0,1122.0,-1
11, 15, 463.0,642.0,1
15, 11, 463.0,642.0,1
11, 16, 392.0,428.0,-1
16, 11, 392.0,428.0,-1
11, 11, 0.0,0.0,1
12, 13, 607.0,848.0,-1
13, 12, 607.0,848.0,-1
12, 14, 974.0,1070.0,-1
14, 12, 974.0,1070.0,-1
12, 15, 617.0,642.0,-1
15, 12, 617.0,642.0,-1
12, 16, 874.0,1199.0,-1
16, 12, 874.0,1199.0,-1
12, 12, 0.0,0.0,1
13, 14, 849.0,1200.0,1
14, 13, 849.0,1200.0,1
13, 15, 530.0,720.0,-1
15, 13, 530.0,720.0,-1
13, 16, 393.0,430.0,1
16, 13, 393.0,430.0,1
13, 13, 0.0,0.0,1
14, 15, 375.0,481.0,-1
15, 14, 375.0,481.0,-1
14, 16, 593.0,771.0,-1
16, 14, 593.0,771.0,-1
14, 14, 0.0,0.0,1
15, 16, 444.0,557.0,-1
16, 15, 444.0,557.0,-1
15, 15, 0.0,0.0,1
16, 16, 0.0,0.0,1


<end>