<number of nodes>
16

<ratio of available edges>
0.3

<max length of the drone flight>
100000 

<D 2/3>
1, 2, 5, 6, 7, 10, 11, 12, 13, 14, 16

<V>
2, 6, 7, 11, 12

<coordinates X,Y>
189.5220777156267, 62.83824292142671
328.9934311691932, 551.5058130193174
137.9869727932155, 317.86123233927583
734.6220234653368, 583.2943114295275
939.376695193728, 792.2399016564754
407.0686025726524, 301.605392968642
737.3737329284818, 400.51217976327536
373.1027202659411, 379.07422008710887
577.4031491302297, 396.0561702552536
390.1889628457522, 63.67154018228743
544.5282645622291, 603.8973208235192
854.9327098781387, 704.2962244549594
272.26788754799543, 481.7018279678684
312.563594598509, 753.6349579254518
878.2669270759897, 425.35388762952664
939.8030406888901, 914.5808731555129

<adjacency matrix with truck distances>
1, 2, 509.0,629.0,-1
2, 1, 509.0,629.0,-1
1, 3, 261.0,307.0,-1
3, 1, 261.0,307.0,-1
1, 4, 754.0,1066.0,-1
4, 1, 754.0,1066.0,-1
1, 5, 1047.0,1480.0,1
5, 1, 1047.0,1480.0,1
1, 6, 324.0,457.0,-1
6, 1, 324.0,457.0,-1
1, 7, 644.0,886.0,-1
7, 1, 644.0,886.0,-1
1, 8, 366.0,500.0,-1
8, 1, 366.0,500.0,-1
1, 9, 512.0,722.0,1
9, 1, 512.0,722.0,1
1, 10, 201.0,202.0,-1
10, 1, 201.0,202.0,-1
1, 11, 648.0,897.0,-1
11, 1, 648.0,897.0,-1
1, 12, 925.0,1307.0,-1
12, 1, 925.0,1307.0,-1
1, 13, 427.0,502.0,-1
13, 1, 427.0,502.0,-1
1, 14, 702.0,814.0,-1
14, 1, 702.0,814.0,-1
1, 15, 779.0,1052.0,1
15, 1, 779.0,1052.0,1
1, 16, 1136.0,1603.0,-1
16, 1, 1136.0,1603.0,-1
1, 1, 0.0,0.0,1
2, 3, 302.0,425.0,1
3, 2, 302.0,425.0,1
2, 4, 407.0,438.0,-1
4, 2, 407.0,438.0,-1
2, 5, 657.0,852.0,-1
5, 2, 657.0,852.0,-1
2, 6, 262.0,328.0,1
6, 2, 262.0,328.0,1
2, 7, 436.0,560.0,-1
7, 2, 436.0,560.0,-1
2, 8, 178.0,217.0,-1
8, 2, 178.0,217.0,-1
2, 9, 294.0,404.0,1
9, 2, 294.0,404.0,1
2, 10, 492.0,550.0,-1
10, 2, 492.0,550.0,-1
2, 11, 222.0,268.0,-1
11, 2, 222.0,268.0,-1
2, 12, 548.0,679.0,-1
12, 2, 548.0,679.0,-1
2, 13, 90.0,127.0,-1
13, 2, 90.0,127.0,-1
2, 14, 203.0,219.0,1
14, 2, 203.0,219.0,1
2, 15, 564.0,676.0,1
15, 2, 564.0,676.0,1
2, 16, 711.0,974.0,-1
16, 2, 711.0,974.0,-1
2, 2, 0.0,0.0,1
3, 4, 654.0,863.0,-1
4, 3, 654.0,863.0,-1
3, 5, 932.0,1276.0,-1
5, 3, 932.0,1276.0,-1
3, 6, 270.0,286.0,-1
6, 3, 270.0,286.0,-1
3, 7, 606.0,683.0,-1
7, 3, 606.0,683.0,-1
3, 8, 243.0,297.0,1
8, 3, 243.0,297.0,1
3, 9, 447.0,518.0,-1
9, 3, 447.0,518.0,-1
3, 10, 359.0,507.0,-1
10, 3, 359.0,507.0,-1
3, 11, 498.0,693.0,-1
11, 3, 498.0,693.0,-1
3, 12, 815.0,1104.0,1
12, 3, 815.0,1104.0,1
3, 13, 212.0,299.0,-1
13, 3, 212.0,299.0,-1
3, 14, 470.0,611.0,-1
14, 3, 470.0,611.0,-1
3, 15, 749.0,848.0,-1
15, 3, 749.0,848.0,-1
3, 16, 1000.0,1399.0,-1
16, 3, 1000.0,1399.0,-1
3, 3, 0.0,0.0,1
4, 5, 293.0,414.0,-1
5, 4, 293.0,414.0,-1
4, 6, 433.0,610.0,-1
6, 4, 433.0,610.0,-1
4, 7, 183.0,186.0,1
7, 4, 183.0,186.0,1
4, 8, 416.0,566.0,1
8, 4, 416.0,566.0,1
4, 9, 245.0,345.0,-1
9, 4, 245.0,345.0,-1
4, 10, 624.0,865.0,-1
10, 4, 624.0,865.0,-1
4, 11, 192.0,211.0,1
11, 4, 192.0,211.0,1
4, 12, 171.0,242.0,-1
12, 4, 171.0,242.0,-1
4, 13, 474.0,564.0,1
13, 4, 474.0,564.0,1
4, 14, 456.0,593.0,-1
14, 4, 456.0,593.0,-1
4, 15, 214.0,302.0,1
15, 4, 214.0,302.0,1
4, 16, 390.0,537.0,-1
16, 4, 390.0,537.0,-1
4, 4, 0.0,0.0,1
5, 6, 724.0,1023.0,1
6, 5, 724.0,1023.0,1
5, 7, 441.0,594.0,-1
7, 5, 441.0,594.0,-1
5, 8, 701.0,980.0,-1
8, 5, 701.0,980.0,-1
5, 9, 537.0,759.0,-1
9, 5, 537.0,759.0,-1
5, 10, 913.0,1278.0,-1
10, 5, 913.0,1278.0,-1
5, 11, 438.0,584.0,-1
11, 5, 438.0,584.0,-1
5, 12, 122.0,173.0,-1
12, 5, 122.0,173.0,-1
5, 13, 736.0,978.0,-1
13, 5, 736.0,978.0,-1
5, 14, 629.0,666.0,-1
14, 5, 629.0,666.0,-1
5, 15, 372.0,428.0,-1
15, 5, 372.0,428.0,-1
5, 16, 123.0,123.0,1
16, 5, 123.0,123.0,1
5, 5, 0.0,0.0,1
6, 7, 345.0,430.0,-1
7, 6, 345.0,430.0,-1
6, 8, 85.0,112.0,1
8, 6, 85.0,112.0,1
6, 9, 195.0,265.0,-1
9, 6, 195.0,265.0,-1
6, 10, 239.0,255.0,1
10, 6, 239.0,255.0,1
6, 11, 333.0,440.0,-1
11, 6, 333.0,440.0,-1
6, 12, 603.0,851.0,1
12, 6, 603.0,851.0,1
6, 13, 225.0,315.0,1
13, 6, 225.0,315.0,1
6, 14, 462.0,547.0,-1
14, 6, 462.0,547.0,-1
6, 15, 488.0,595.0,1
15, 6, 488.0,595.0,1
6, 16, 813.0,1146.0,-1
16, 6, 813.0,1146.0,-1
6, 6, 0.0,0.0,1
7, 8, 365.0,386.0,1
8, 7, 365.0,386.0,1
7, 9, 161.0,165.0,-1
9, 7, 161.0,165.0,-1
7, 10, 484.0,685.0,-1
10, 7, 484.0,685.0,-1
7, 11, 281.0,397.0,-1
11, 7, 281.0,397.0,-1
7, 12, 326.0,422.0,-1
12, 7, 326.0,422.0,-1
7, 13, 473.0,547.0,1
13, 7, 473.0,547.0,1
7, 14, 553.0,778.0,-1
14, 7, 553.0,778.0,-1
7, 15, 144.0,166.0,-1
15, 7, 144.0,166.0,-1
7, 16, 553.0,717.0,1
16, 7, 553.0,717.0,1
7, 7, 0.0,0.0,1
8, 9, 206.0,222.0,-1
9, 8, 206.0,222.0,-1
8, 10, 316.0,333.0,-1
10, 8, 316.0,333.0,-1
8, 11, 283.0,397.0,-1
11, 8, 283.0,397.0,-1
8, 12, 582.0,808.0,1
12, 8, 582.0,808.0,1
8, 13, 144.0,204.0,1
13, 8, 144.0,204.0,1
8, 14, 380.0,436.0,-1
14, 8, 380.0,436.0,-1
8, 15, 508.0,552.0,1
15, 8, 508.0,552.0,1
8, 16, 780.0,1103.0,1
16, 8, 780.0,1103.0,1
8, 8, 0.0,0.0,1
9, 10, 382.0,520.0,-1
10, 9, 382.0,520.0,-1
9, 11, 211.0,241.0,1
11, 9, 211.0,241.0,1
9, 12, 415.0,586.0,-1
12, 9, 415.0,586.0,-1
9, 13, 317.0,391.0,-1
13, 9, 317.0,391.0,-1
9, 14, 445.0,623.0,1
14, 9, 445.0,623.0,1
9, 15, 303.0,331.0,-1
15, 9, 303.0,331.0,-1
9, 16, 633.0,881.0,-1
16, 9, 633.0,881.0,-1
9, 9, 0.0,0.0,1
10, 11, 562.0,695.0,-1
11, 10, 562.0,695.0,-1
10, 12, 792.0,1106.0,-1
12, 10, 792.0,1106.0,-1
10, 13, 435.0,536.0,-1
13, 10, 435.0,536.0,-1
10, 14, 695.0,768.0,-1
14, 10, 695.0,768.0,-1
10, 15, 608.0,850.0,-1
15, 10, 608.0,850.0,-1
10, 16, 1013.0,1401.0,-1
16, 10, 1013.0,1401.0,-1
10, 10, 0.0,0.0,1
11, 12, 327.0,411.0,-1
12, 11, 327.0,411.0,-1
11, 13, 299.0,395.0,-1
13, 11, 299.0,395.0,-1
11, 14, 277.0,382.0,1
14, 11, 277.0,382.0,1
11, 15, 379.0,513.0,1
15, 11, 379.0,513.0,1
11, 16, 503.0,706.0,-1
16, 11, 503.0,706.0,-1
11, 11, 0.0,0.0,1
12, 13, 624.0,806.0,-1
13, 12, 624.0,806.0,-1
12, 14, 545.0,592.0,1
14, 12, 545.0,592.0,1
12, 15, 280.0,303.0,-1
15, 12, 280.0,303.0,-1
12, 16, 227.0,296.0,-1
16, 12, 227.0,296.0,-1
12, 12, 0.0,0.0,1
13, 14, 275.0,313.0,1
14, 13, 275.0,313.0,1
13, 15, 609.0,663.0,-1
15, 13, 609.0,663.0,-1
13, 16, 796.0,1101.0,1
16, 13, 796.0,1101.0,1
13, 13, 0.0,0.0,1
14, 15, 655.0,894.0,-1
15, 14, 655.0,894.0,-1
14, 16, 648.0,789.0,-1
16, 14, 648.0,789.0,-1
14, 14, 0.0,0.0,1
15, 16, 494.0,551.0,-1
16, 15, 494.0,551.0,-1
15, 15, 0.0,0.0,1
16, 16, 0.0,0.0,1


<end>