<number of nodes>
16

<ratio of available edges>
0.3

<max length of the drone flight>
100000 

<D 2/3>
1, 2, 3, 5, 6, 7, 10, 11, 12, 13, 15

<V>
3, 7, 10, 11, 12

<coordinates X,Y>
951.4419361079347, 981.4011559917516
671.1905978278168, 450.72179437160503
778.0649429915316, 714.0813879966038
132.13295278250226, 688.3728273528297
605.8194604564748, 503.1244616214875
367.00270459925747, 474.0559859248057
819.6161147426826, 120.57008058194748
27.662282663326806, 701.1679565867643
703.2835827006098, 131.68879206174665
321.38155093318034, 182.77615571865442
431.2808581464687, 418.54192853561307
732.3807177697694, 772.3473909120462
124.56773368176798, 157.65851152302446
509.61722071312477, 114.87147439316199
891.9592607880971, 708.8555651551598
578.9501205754264, 985.2954188444801

<adjacency matrix with truck distances>
1, 2, 601.0,811.0,-1
2, 1, 601.0,811.0,-1
1, 3, 319.0,441.0,-1
3, 1, 319.0,441.0,-1
1, 4, 871.0,1113.0,-1
4, 1, 871.0,1113.0,-1
1, 5, 591.0,824.0,-1
5, 1, 591.0,824.0,-1
1, 6, 774.0,1092.0,-1
6, 1, 774.0,1092.0,-1
1, 7, 871.0,993.0,-1
7, 1, 871.0,993.0,-1
1, 8, 966.0,1205.0,1
8, 1, 966.0,1205.0,1
1, 9, 886.0,1098.0,-1
9, 1, 886.0,1098.0,-1
1, 10, 1018.0,1429.0,-1
10, 1, 1018.0,1429.0,-1
1, 11, 767.0,1084.0,-1
11, 1, 767.0,1084.0,-1
1, 12, 303.0,429.0,-1
12, 1, 303.0,429.0,-1
1, 13, 1168.0,1651.0,-1
13, 1, 1168.0,1651.0,-1
1, 14, 973.0,1309.0,1
14, 1, 973.0,1309.0,1
1, 15, 279.0,333.0,-1
15, 1, 279.0,333.0,-1
1, 16, 373.0,377.0,-1
16, 1, 373.0,377.0,-1
1, 1, 0.0,0.0,1
2, 3, 285.0,371.0,-1
3, 2, 285.0,371.0,-1
2, 4, 590.0,777.0,-1
4, 2, 590.0,777.0,-1
2, 5, 84.0,118.0,1
5, 2, 84.0,118.0,1
2, 6, 306.0,328.0,-1
6, 2, 306.0,328.0,-1
2, 7, 362.0,479.0,1
7, 2, 362.0,479.0,1
2, 8, 691.0,894.0,-1
8, 2, 691.0,894.0,-1
2, 9, 321.0,352.0,-1
9, 2, 321.0,352.0,-1
2, 10, 441.0,618.0,-1
10, 2, 441.0,618.0,-1
2, 11, 243.0,273.0,-1
11, 2, 243.0,273.0,-1
2, 12, 328.0,383.0,-1
12, 2, 328.0,383.0,-1
2, 13, 621.0,840.0,1
13, 2, 621.0,840.0,1
2, 14, 373.0,498.0,-1
14, 2, 373.0,498.0,-1
2, 15, 340.0,479.0,-1
15, 2, 340.0,479.0,-1
2, 16, 543.0,627.0,-1
16, 2, 543.0,627.0,-1
2, 2, 0.0,0.0,1
3, 4, 647.0,672.0,-1
4, 3, 647.0,672.0,-1
3, 5, 273.0,384.0,1
5, 3, 273.0,384.0,1
3, 6, 477.0,652.0,-1
6, 3, 477.0,652.0,-1
3, 7, 595.0,636.0,-1
7, 3, 595.0,636.0,-1
3, 8, 751.0,764.0,-1
8, 3, 751.0,764.0,-1
3, 9, 588.0,658.0,-1
9, 3, 588.0,658.0,-1
3, 10, 701.0,988.0,1
10, 3, 701.0,988.0,1
3, 11, 456.0,643.0,-1
11, 3, 456.0,643.0,-1
3, 12, 75.0,104.0,1
12, 3, 75.0,104.0,1
3, 13, 859.0,1210.0,-1
13, 3, 859.0,1210.0,-1
3, 14, 657.0,868.0,1
14, 3, 657.0,868.0,1
3, 15, 115.0,120.0,-1
15, 3, 115.0,120.0,-1
3, 16, 337.0,471.0,-1
16, 3, 337.0,471.0,-1
3, 3, 0.0,0.0,1
4, 5, 509.0,659.0,-1
5, 4, 509.0,659.0,-1
4, 6, 318.0,450.0,-1
6, 4, 318.0,450.0,-1
4, 7, 892.0,1256.0,-1
7, 4, 892.0,1256.0,-1
4, 8, 106.0,118.0,-1
8, 4, 106.0,118.0,-1
4, 9, 798.0,1128.0,1
9, 4, 798.0,1128.0,1
4, 10, 540.0,695.0,1
10, 4, 540.0,695.0,1
4, 11, 403.0,569.0,-1
11, 4, 403.0,569.0,-1
4, 12, 607.0,685.0,1
12, 4, 607.0,685.0,1
4, 13, 531.0,539.0,1
13, 4, 531.0,539.0,1
4, 14, 687.0,951.0,-1
14, 4, 687.0,951.0,-1
4, 15, 761.0,781.0,-1
15, 4, 761.0,781.0,-1
4, 16, 537.0,744.0,-1
16, 4, 537.0,744.0,-1
4, 4, 0.0,0.0,1
5, 6, 241.0,268.0,-1
6, 5, 241.0,268.0,-1
5, 7, 439.0,597.0,-1
7, 5, 439.0,597.0,-1
5, 8, 612.0,777.0,-1
8, 5, 612.0,777.0,-1
5, 9, 385.0,469.0,-1
9, 5, 385.0,469.0,-1
5, 10, 429.0,605.0,-1
10, 5, 429.0,605.0,-1
5, 11, 194.0,260.0,-1
11, 5, 194.0,260.0,-1
5, 12, 298.0,396.0,1
12, 5, 298.0,396.0,1
5, 13, 593.0,827.0,-1
13, 5, 593.0,827.0,-1
5, 14, 400.0,485.0,-1
14, 5, 400.0,485.0,-1
5, 15, 353.0,492.0,1
15, 5, 353.0,492.0,1
5, 16, 483.0,510.0,1
16, 5, 483.0,510.0,1
5, 5, 0.0,0.0,1
6, 7, 575.0,807.0,1
7, 6, 575.0,807.0,1
6, 8, 409.0,567.0,-1
8, 6, 409.0,567.0,-1
6, 9, 480.0,679.0,1
9, 6, 480.0,679.0,1
6, 10, 295.0,337.0,1
10, 6, 295.0,337.0,1
6, 11, 85.0,120.0,-1
11, 6, 85.0,120.0,-1
6, 12, 472.0,664.0,-1
12, 6, 472.0,664.0,-1
6, 13, 399.0,559.0,1
13, 6, 399.0,559.0,1
6, 14, 387.0,502.0,-1
14, 6, 387.0,502.0,-1
6, 15, 576.0,760.0,1
15, 6, 576.0,760.0,1
6, 16, 554.0,724.0,1
16, 6, 554.0,724.0,1
6, 6, 0.0,0.0,1
7, 8, 982.0,1373.0,-1
8, 7, 982.0,1373.0,-1
7, 9, 117.0,128.0,1
9, 7, 117.0,128.0,1
7, 10, 503.0,561.0,1
10, 7, 503.0,561.0,1
7, 11, 490.0,687.0,-1
11, 7, 490.0,687.0,-1
7, 12, 658.0,740.0,-1
12, 7, 658.0,740.0,-1
7, 13, 697.0,733.0,-1
13, 7, 697.0,733.0,-1
7, 14, 311.0,316.0,1
14, 7, 311.0,316.0,1
7, 15, 593.0,661.0,-1
15, 7, 593.0,661.0,-1
7, 16, 898.0,1106.0,-1
16, 7, 898.0,1106.0,-1
7, 7, 0.0,0.0,1
8, 9, 884.0,1246.0,-1
9, 8, 884.0,1246.0,-1
8, 10, 596.0,813.0,1
10, 8, 596.0,813.0,1
8, 11, 493.0,687.0,-1
11, 8, 493.0,687.0,-1
8, 12, 709.0,776.0,-1
12, 8, 709.0,776.0,-1
8, 13, 553.0,641.0,1
13, 8, 553.0,641.0,1
8, 14, 759.0,1069.0,-1
14, 8, 759.0,1069.0,-1
8, 15, 865.0,872.0,-1
15, 8, 865.0,872.0,-1
8, 16, 621.0,836.0,-1
16, 8, 621.0,836.0,-1
8, 8, 0.0,0.0,1
9, 10, 386.0,433.0,-1
10, 9, 386.0,433.0,-1
9, 11, 396.0,559.0,-1
11, 9, 396.0,559.0,-1
9, 12, 642.0,670.0,-1
12, 9, 642.0,670.0,-1
9, 13, 580.0,605.0,1
13, 9, 580.0,605.0,1
9, 14, 195.0,211.0,1
14, 9, 195.0,211.0,1
9, 15, 608.0,766.0,-1
15, 9, 608.0,766.0,-1
9, 16, 863.0,978.0,1
16, 9, 863.0,978.0,1
9, 9, 0.0,0.0,1
10, 11, 261.0,346.0,-1
11, 10, 261.0,346.0,-1
10, 12, 719.0,1001.0,-1
12, 10, 719.0,1001.0,-1
10, 13, 199.0,222.0,-1
13, 10, 199.0,222.0,-1
10, 14, 201.0,257.0,-1
14, 10, 201.0,257.0,-1
10, 15, 777.0,1097.0,-1
15, 10, 777.0,1097.0,-1
10, 16, 843.0,1061.0,1
16, 10, 843.0,1061.0,1
10, 10, 0.0,0.0,1
11, 12, 465.0,655.0,1
12, 11, 465.0,655.0,1
11, 13, 403.0,568.0,1
13, 11, 403.0,568.0,1
11, 14, 314.0,383.0,1
14, 11, 314.0,383.0,1
11, 15, 545.0,751.0,-1
15, 11, 545.0,751.0,-1
11, 16, 586.0,715.0,1
16, 11, 586.0,715.0,1
11, 11, 0.0,0.0,1
12, 13, 865.0,1223.0,-1
13, 12, 865.0,1223.0,-1
12, 14, 695.0,881.0,-1
14, 12, 695.0,881.0,-1
12, 15, 172.0,224.0,-1
15, 12, 172.0,224.0,-1
12, 16, 263.0,367.0,1
16, 12, 263.0,367.0,1
12, 12, 0.0,0.0,1
13, 14, 388.0,428.0,-1
14, 13, 388.0,428.0,-1
13, 15, 945.0,1319.0,-1
15, 13, 945.0,1319.0,-1
13, 16, 945.0,1283.0,-1
16, 13, 945.0,1283.0,-1
13, 13, 0.0,0.0,1
14, 15, 707.0,977.0,-1
15, 14, 707.0,977.0,-1
14, 16, 874.0,940.0,-1
16, 14, 874.0,940.0,-1
14, 14, 0.0,0.0,1
15, 16, 418.0,590.0,-1
16, 15, 418.0,590.0,-1
15, 15, 0.0,0.0,1
16, 16, 0.0,0.0,1


<end>