<number of nodes>
16

<ratio of available edges>
0.3

<max length of the drone flight>
100000 

<D 2/3>
1, 2, 3, 4, 5, 6, 8, 9, 10, 12, 15

<V>
3, 4, 10, 12, 15

<coordinates X,Y>
54.35747365214222, 674.2847011161695
47.65006108674518, 923.6854445855572
436.49731474790707, 758.1450955742421
336.40668824308483, 351.26409706166294
735.1736007844399, 737.2986243891663
935.9941357113979, 220.41619896314455
402.17388724593343, 493.91004757675944
387.1364192112268, 16.14451554180817
395.7688344869938, 493.02134898361163
194.57208674583515, 733.2295233790564
806.1074442532705, 257.6009782848708
896.2345034583159, 201.48565897767756
9.350460567064378, 216.48759950505425
142.81410548359304, 482.1453231700496
18.799029669425256, 449.17237302380283
794.9387752175343, 927.9705475129258

<adjacency matrix with truck distances>
1, 2, 250.0,257.0,-1
2, 1, 250.0,257.0,-1
1, 3, 392.0,467.0,-1
3, 1, 392.0,467.0,-1
1, 4, 429.0,606.0,-1
4, 1, 429.0,606.0,-1
1, 5, 684.0,744.0,-1
5, 1, 684.0,744.0,-1
1, 6, 992.0,1336.0,1
6, 1, 992.0,1336.0,1
1, 7, 392.0,529.0,-1
7, 1, 392.0,529.0,-1
1, 8, 738.0,991.0,-1
8, 1, 738.0,991.0,-1
1, 9, 387.0,523.0,-1
9, 1, 387.0,523.0,-1
1, 10, 153.0,200.0,-1
10, 1, 153.0,200.0,-1
1, 11, 860.0,1169.0,1
11, 1, 860.0,1169.0,1
1, 12, 966.0,1315.0,-1
12, 1, 966.0,1315.0,-1
1, 13, 461.0,503.0,1
13, 1, 461.0,503.0,1
1, 14, 212.0,281.0,-1
14, 1, 212.0,281.0,-1
1, 15, 228.0,261.0,1
15, 1, 228.0,261.0,1
1, 16, 783.0,995.0,1
16, 1, 783.0,995.0,1
1, 1, 0.0,0.0,1
2, 3, 423.0,555.0,-1
3, 2, 423.0,555.0,-1
2, 4, 642.0,862.0,-1
4, 2, 642.0,862.0,-1
2, 5, 713.0,874.0,-1
5, 2, 713.0,874.0,-1
2, 6, 1134.0,1592.0,-1
6, 2, 1134.0,1592.0,-1
2, 7, 558.0,785.0,1
7, 2, 558.0,785.0,1
2, 8, 969.0,1248.0,-1
8, 2, 969.0,1248.0,-1
2, 9, 554.0,779.0,-1
9, 2, 554.0,779.0,-1
2, 10, 241.0,338.0,-1
10, 2, 241.0,338.0,-1
2, 11, 1010.0,1425.0,1
11, 2, 1010.0,1425.0,1
2, 12, 1115.0,1571.0,-1
12, 2, 1115.0,1571.0,-1
2, 13, 709.0,746.0,-1
13, 2, 709.0,746.0,-1
2, 14, 452.0,537.0,-1
14, 2, 452.0,537.0,-1
2, 15, 476.0,504.0,-1
15, 2, 476.0,504.0,-1
2, 16, 748.0,752.0,-1
16, 2, 748.0,752.0,-1
2, 2, 0.0,0.0,1
3, 4, 420.0,507.0,-1
4, 3, 420.0,507.0,-1
3, 5, 300.0,320.0,1
5, 3, 300.0,320.0,1
3, 6, 734.0,1038.0,-1
6, 3, 734.0,1038.0,-1
3, 7, 267.0,299.0,1
7, 3, 267.0,299.0,1
3, 8, 744.0,792.0,1
8, 3, 744.0,792.0,1
3, 9, 269.0,306.0,1
9, 3, 269.0,306.0,1
3, 10, 244.0,267.0,-1
10, 3, 244.0,267.0,-1
3, 11, 623.0,871.0,-1
11, 3, 623.0,871.0,-1
3, 12, 722.0,1017.0,-1
12, 3, 722.0,1017.0,-1
3, 13, 690.0,969.0,1
13, 3, 690.0,969.0,1
3, 14, 404.0,570.0,-1
14, 3, 404.0,570.0,-1
3, 15, 520.0,727.0,-1
15, 3, 520.0,727.0,-1
3, 16, 397.0,529.0,1
16, 3, 397.0,529.0,1
3, 3, 0.0,0.0,1
4, 5, 556.0,785.0,-1
5, 4, 556.0,785.0,-1
4, 6, 614.0,731.0,-1
6, 4, 614.0,731.0,-1
4, 7, 158.0,209.0,-1
7, 4, 158.0,209.0,-1
4, 8, 339.0,386.0,-1
8, 4, 339.0,386.0,-1
4, 9, 154.0,202.0,1
9, 4, 154.0,202.0,1
4, 10, 408.0,524.0,-1
10, 4, 408.0,524.0,-1
4, 11, 479.0,564.0,-1
11, 4, 479.0,564.0,-1
4, 12, 580.0,710.0,-1
12, 4, 580.0,710.0,-1
4, 13, 354.0,462.0,-1
13, 4, 354.0,462.0,-1
4, 14, 234.0,325.0,1
14, 4, 234.0,325.0,1
4, 15, 333.0,416.0,-1
15, 4, 333.0,416.0,-1
4, 16, 737.0,1036.0,-1
16, 4, 737.0,1036.0,-1
4, 4, 0.0,0.0,1
5, 6, 555.0,718.0,-1
6, 5, 555.0,718.0,-1
5, 7, 413.0,577.0,1
7, 5, 413.0,577.0,1
5, 8, 801.0,1070.0,1
8, 5, 801.0,1070.0,1
5, 9, 419.0,584.0,-1
9, 5, 419.0,584.0,-1
5, 10, 541.0,545.0,1
10, 5, 541.0,545.0,1
5, 11, 485.0,551.0,1
11, 5, 485.0,551.0,1
5, 12, 560.0,697.0,-1
12, 5, 560.0,697.0,-1
5, 13, 894.0,1247.0,-1
13, 5, 894.0,1247.0,-1
5, 14, 645.0,848.0,-1
14, 5, 645.0,848.0,-1
5, 15, 773.0,1005.0,-1
15, 5, 773.0,1005.0,-1
5, 16, 200.0,251.0,-1
16, 5, 200.0,251.0,-1
5, 5, 0.0,0.0,1
6, 7, 600.0,808.0,-1
7, 6, 600.0,808.0,-1
6, 8, 586.0,754.0,1
8, 6, 586.0,754.0,1
6, 9, 606.0,813.0,-1
9, 6, 606.0,813.0,-1
6, 10, 902.0,1255.0,-1
10, 6, 902.0,1255.0,-1
6, 11, 136.0,168.0,-1
11, 6, 136.0,168.0,-1
6, 12, 45.0,59.0,-1
12, 6, 45.0,59.0,-1
6, 13, 927.0,931.0,-1
13, 6, 927.0,931.0,-1
6, 14, 836.0,1055.0,-1
14, 6, 836.0,1055.0,-1
6, 15, 946.0,1146.0,-1
15, 6, 946.0,1146.0,-1
6, 16, 722.0,849.0,-1
16, 6, 722.0,849.0,-1
6, 6, 0.0,0.0,1
7, 8, 479.0,493.0,-1
8, 7, 479.0,493.0,-1
7, 9, 7.0,8.0,-1
9, 7, 7.0,8.0,-1
7, 10, 317.0,447.0,1
10, 7, 317.0,447.0,1
7, 11, 468.0,641.0,1
11, 7, 468.0,641.0,1
7, 12, 575.0,787.0,-1
12, 7, 575.0,787.0,-1
7, 13, 481.0,671.0,-1
13, 7, 481.0,671.0,-1
7, 14, 260.0,272.0,1
14, 7, 260.0,272.0,1
7, 15, 386.0,429.0,-1
15, 7, 386.0,429.0,-1
7, 16, 586.0,827.0,-1
16, 7, 586.0,827.0,-1
7, 7, 0.0,0.0,1
8, 9, 477.0,486.0,-1
9, 8, 477.0,486.0,-1
8, 10, 743.0,910.0,1
10, 8, 743.0,910.0,1
8, 11, 484.0,661.0,1
11, 8, 484.0,661.0,1
8, 12, 542.0,695.0,1
12, 8, 542.0,695.0,1
8, 13, 428.0,579.0,-1
13, 8, 428.0,579.0,-1
8, 14, 527.0,711.0,-1
14, 8, 527.0,711.0,-1
8, 15, 569.0,802.0,1
15, 8, 569.0,802.0,1
8, 16, 999.0,1320.0,-1
16, 8, 999.0,1320.0,-1
8, 8, 0.0,0.0,1
9, 10, 314.0,442.0,1
10, 9, 314.0,442.0,1
9, 11, 474.0,646.0,1
11, 9, 474.0,646.0,1
9, 12, 580.0,793.0,-1
12, 9, 580.0,793.0,-1
9, 13, 476.0,663.0,1
13, 9, 476.0,663.0,1
9, 14, 254.0,264.0,-1
14, 9, 254.0,264.0,-1
9, 15, 380.0,421.0,-1
15, 9, 380.0,421.0,-1
9, 16, 591.0,835.0,1
16, 9, 591.0,835.0,1
9, 9, 0.0,0.0,1
10, 11, 775.0,1088.0,-1
11, 10, 775.0,1088.0,-1
10, 12, 881.0,1234.0,-1
12, 10, 881.0,1234.0,-1
10, 13, 549.0,702.0,1
13, 10, 549.0,702.0,1
10, 14, 257.0,303.0,1
14, 10, 257.0,303.0,1
10, 15, 335.0,460.0,-1
15, 10, 335.0,460.0,-1
10, 16, 632.0,796.0,-1
16, 10, 632.0,796.0,-1
10, 10, 0.0,0.0,1
11, 12, 107.0,147.0,1
12, 11, 107.0,147.0,1
11, 13, 798.0,838.0,-1
13, 11, 798.0,838.0,-1
11, 14, 701.0,888.0,1
14, 11, 701.0,888.0,1
11, 15, 811.0,979.0,-1
15, 11, 811.0,979.0,-1
11, 16, 671.0,682.0,1
16, 11, 671.0,682.0,1
11, 11, 0.0,0.0,1
12, 13, 888.0,902.0,-1
13, 12, 888.0,902.0,-1
12, 14, 804.0,1035.0,-1
14, 12, 804.0,1035.0,-1
12, 15, 912.0,1126.0,-1
15, 12, 912.0,1126.0,-1
12, 16, 734.0,828.0,-1
16, 12, 734.0,828.0,-1
12, 12, 0.0,0.0,1
13, 14, 298.0,400.0,-1
14, 13, 298.0,400.0,-1
13, 15, 233.0,243.0,-1
15, 13, 233.0,243.0,-1
13, 16, 1060.0,1498.0,-1
16, 13, 1060.0,1498.0,-1
13, 13, 0.0,0.0,1
14, 15, 129.0,157.0,-1
15, 14, 129.0,157.0,-1
14, 16, 790.0,1098.0,-1
16, 14, 790.0,1098.0,-1
14, 14, 0.0,0.0,1
15, 16, 912.0,1255.0,-1
16, 15, 912.0,1255.0,-1
15, 15, 0.0,0.0,1
16, 16, 0.0,0.0,1


<end>