<number of nodes>
16

<ratio of available edges>
0.3

<max length of the drone flight>
100000 

<D 2/3>
1, 2, 3, 4, 5, 7, 10, 11, 12, 15, 16

<V>
5, 10, 12, 15, 16

<coordinates X,Y>
295.1204396716164, 987.3599456356457
525.9974482193703, 614.7876257511215
711.25831124125, 280.44813673088794
239.37515151405015, 713.7669621507324
746.6142630990026, 190.8755783809511
922.8005239688819, 178.5715978559171
113.30527301461142, 997.3887108851522
973.800813279304, 285.0843847559062
887.9690354213316, 783.3404303251183
505.76258314782245, 230.37913130936394
17.603445599480242, 83.24338298042645
758.569653630668, 268.2835946986053
733.2422947741173, 565.8635742295493
93.03028168698515, 106.66366499329834
61.39856673893888, 844.1544405158714
370.4157282086518, 611.1538696106704

<adjacency matrix with truck distances>
1, 2, 439.0,604.0,-1
2, 1, 439.0,604.0,-1
1, 3, 821.0,1124.0,-1
3, 1, 821.0,1124.0,-1
1, 4, 280.0,330.0,-1
4, 1, 280.0,330.0,-1
1, 5, 916.0,1248.0,-1
5, 1, 916.0,1248.0,-1
1, 6, 1024.0,1437.0,-1
6, 1, 1024.0,1437.0,-1
1, 7, 183.0,192.0,1
7, 1, 183.0,192.0,1
1, 8, 977.0,1381.0,1
8, 1, 977.0,1381.0,1
1, 9, 627.0,797.0,1
9, 1, 627.0,797.0,1
1, 10, 786.0,968.0,1
10, 1, 786.0,968.0,1
1, 11, 946.0,1182.0,1
11, 1, 946.0,1182.0,1
1, 12, 856.0,1183.0,-1
12, 1, 856.0,1183.0,-1
1, 13, 608.0,860.0,-1
13, 1, 608.0,860.0,-1
1, 14, 904.0,1083.0,-1
14, 1, 904.0,1083.0,-1
1, 15, 275.0,377.0,-1
15, 1, 275.0,377.0,-1
1, 16, 384.0,452.0,-1
16, 1, 384.0,452.0,-1
1, 1, 0.0,0.0,1
2, 3, 383.0,520.0,-1
3, 2, 383.0,520.0,-1
2, 4, 304.0,386.0,-1
4, 2, 304.0,386.0,-1
2, 5, 478.0,645.0,1
5, 2, 478.0,645.0,1
2, 6, 590.0,834.0,-1
6, 2, 590.0,834.0,-1
2, 7, 563.0,796.0,-1
7, 2, 563.0,796.0,-1
2, 8, 557.0,778.0,-1
8, 2, 557.0,778.0,-1
2, 9, 400.0,531.0,-1
9, 2, 400.0,531.0,-1
2, 10, 385.0,405.0,-1
10, 2, 385.0,405.0,-1
2, 11, 736.0,1040.0,-1
11, 2, 736.0,1040.0,-1
2, 12, 418.0,580.0,-1
12, 2, 418.0,580.0,-1
2, 13, 213.0,257.0,-1
13, 2, 213.0,257.0,-1
2, 14, 668.0,942.0,-1
14, 2, 668.0,942.0,-1
2, 15, 519.0,694.0,-1
15, 2, 519.0,694.0,-1
2, 16, 156.0,160.0,1
16, 2, 156.0,160.0,1
2, 2, 0.0,0.0,1
3, 4, 641.0,906.0,1
4, 3, 641.0,906.0,1
3, 5, 97.0,125.0,-1
5, 3, 97.0,125.0,-1
3, 6, 235.0,314.0,-1
6, 3, 235.0,314.0,-1
3, 7, 934.0,1315.0,-1
7, 3, 934.0,1315.0,-1
3, 8, 263.0,268.0,1
8, 3, 263.0,268.0,1
3, 9, 534.0,680.0,-1
9, 3, 534.0,680.0,-1
3, 10, 212.0,256.0,1
10, 3, 212.0,256.0,1
3, 11, 722.0,891.0,-1
11, 3, 722.0,891.0,-1
3, 12, 49.0,60.0,-1
12, 3, 49.0,60.0,-1
3, 13, 287.0,308.0,1
13, 3, 287.0,308.0,1
3, 14, 643.0,793.0,-1
14, 3, 643.0,793.0,-1
3, 15, 861.0,1214.0,-1
15, 3, 861.0,1214.0,-1
3, 16, 475.0,672.0,-1
16, 3, 475.0,672.0,-1
3, 3, 0.0,0.0,1
4, 5, 729.0,1031.0,-1
5, 4, 729.0,1031.0,-1
4, 6, 869.0,1219.0,-1
6, 4, 869.0,1219.0,-1
4, 7, 311.0,410.0,-1
7, 4, 311.0,410.0,-1
4, 8, 851.0,1164.0,1
8, 4, 851.0,1164.0,1
4, 9, 653.0,719.0,-1
9, 4, 653.0,719.0,-1
4, 10, 552.0,750.0,-1
10, 4, 552.0,750.0,-1
4, 11, 669.0,853.0,1
11, 4, 669.0,853.0,1
4, 12, 685.0,965.0,1
12, 4, 685.0,965.0,1
4, 13, 516.0,642.0,-1
13, 4, 516.0,642.0,-1
4, 14, 625.0,754.0,-1
14, 4, 625.0,754.0,-1
4, 15, 221.0,309.0,-1
15, 4, 221.0,309.0,-1
4, 16, 167.0,234.0,-1
16, 4, 167.0,234.0,-1
4, 4, 0.0,0.0,1
5, 6, 177.0,189.0,-1
6, 5, 177.0,189.0,-1
5, 7, 1026.0,1440.0,-1
7, 5, 1026.0,1440.0,-1
5, 8, 246.0,322.0,-1
8, 5, 246.0,322.0,-1
5, 9, 610.0,734.0,-1
9, 5, 610.0,734.0,-1
5, 10, 245.0,281.0,-1
10, 5, 245.0,281.0,-1
5, 11, 737.0,837.0,1
11, 5, 737.0,837.0,1
5, 12, 79.0,90.0,-1
12, 5, 79.0,90.0,-1
5, 13, 376.0,389.0,-1
13, 5, 376.0,389.0,-1
5, 14, 659.0,738.0,1
14, 5, 659.0,738.0,1
5, 15, 947.0,1339.0,-1
15, 5, 947.0,1339.0,-1
5, 16, 565.0,797.0,-1
16, 5, 565.0,797.0,-1
5, 5, 0.0,0.0,1
6, 7, 1152.0,1629.0,-1
7, 6, 1152.0,1629.0,-1
6, 8, 119.0,158.0,-1
8, 6, 119.0,158.0,-1
6, 9, 606.0,640.0,-1
9, 6, 606.0,640.0,-1
6, 10, 421.0,469.0,1
10, 6, 421.0,469.0,1
6, 11, 911.0,1001.0,-1
11, 6, 911.0,1001.0,-1
6, 12, 188.0,254.0,-1
12, 6, 188.0,254.0,-1
6, 13, 432.0,577.0,-1
13, 6, 432.0,577.0,-1
6, 14, 833.0,902.0,-1
14, 6, 833.0,902.0,-1
6, 15, 1089.0,1527.0,1
15, 6, 1089.0,1527.0,1
6, 16, 702.0,985.0,-1
16, 6, 702.0,985.0,-1
6, 6, 0.0,0.0,1
7, 8, 1118.0,1573.0,-1
8, 7, 1118.0,1573.0,-1
7, 9, 804.0,989.0,1
9, 7, 804.0,989.0,1
7, 10, 862.0,1160.0,1
10, 7, 862.0,1160.0,1
7, 11, 920.0,1010.0,-1
11, 7, 920.0,1010.0,-1
7, 12, 974.0,1375.0,1
12, 7, 974.0,1375.0,1
7, 13, 756.0,1052.0,1
13, 7, 756.0,1052.0,1
7, 14, 891.0,912.0,1
14, 7, 891.0,912.0,1
7, 15, 162.0,206.0,1
15, 7, 162.0,206.0,1
7, 16, 464.0,644.0,-1
16, 7, 464.0,644.0,-1
7, 7, 0.0,0.0,1
8, 9, 506.0,585.0,-1
9, 8, 506.0,585.0,-1
8, 10, 472.0,523.0,1
10, 8, 472.0,523.0,1
8, 11, 978.0,1159.0,-1
11, 8, 978.0,1159.0,-1
8, 12, 216.0,233.0,1
12, 8, 216.0,233.0,1
8, 13, 370.0,522.0,-1
13, 8, 370.0,522.0,-1
8, 14, 899.0,1060.0,-1
14, 8, 899.0,1060.0,-1
8, 15, 1071.0,1472.0,-1
15, 8, 1071.0,1472.0,-1
8, 16, 686.0,930.0,-1
16, 8, 686.0,930.0,-1
8, 8, 0.0,0.0,1
9, 10, 673.0,936.0,1
10, 9, 673.0,936.0,1
9, 11, 1117.0,1571.0,-1
11, 9, 1117.0,1571.0,-1
9, 12, 532.0,645.0,-1
12, 9, 532.0,645.0,-1
9, 13, 267.0,373.0,1
13, 9, 267.0,373.0,1
9, 14, 1044.0,1472.0,-1
14, 9, 1044.0,1472.0,-1
9, 15, 829.0,888.0,1
15, 9, 829.0,888.0,1
9, 16, 546.0,690.0,-1
16, 9, 546.0,690.0,-1
9, 9, 0.0,0.0,1
10, 11, 510.0,636.0,-1
11, 10, 510.0,636.0,-1
10, 12, 256.0,291.0,-1
12, 10, 256.0,291.0,-1
10, 13, 406.0,563.0,1
13, 10, 406.0,563.0,1
10, 14, 431.0,537.0,-1
14, 10, 431.0,537.0,-1
10, 15, 758.0,1059.0,-1
15, 10, 758.0,1059.0,-1
10, 16, 405.0,517.0,-1
16, 10, 405.0,517.0,-1
10, 10, 0.0,0.0,1
11, 12, 764.0,927.0,-1
12, 11, 764.0,927.0,-1
11, 13, 864.0,1199.0,-1
13, 11, 864.0,1199.0,-1
11, 14, 79.0,99.0,-1
14, 11, 79.0,99.0,-1
11, 15, 763.0,805.0,-1
15, 11, 763.0,805.0,-1
11, 16, 635.0,881.0,-1
16, 11, 635.0,881.0,-1
11, 11, 0.0,0.0,1
12, 13, 299.0,323.0,1
13, 12, 299.0,323.0,1
12, 14, 685.0,828.0,-1
14, 12, 685.0,828.0,-1
12, 15, 905.0,1274.0,1
15, 12, 905.0,1274.0,1
12, 16, 518.0,732.0,1
16, 12, 518.0,732.0,1
12, 12, 0.0,0.0,1
13, 14, 788.0,1100.0,1
14, 13, 788.0,1100.0,1
13, 15, 728.0,951.0,-1
15, 13, 728.0,951.0,-1
13, 16, 366.0,409.0,-1
16, 13, 366.0,409.0,-1
13, 13, 0.0,0.0,1
14, 15, 739.0,770.0,1
15, 14, 739.0,770.0,1
14, 16, 576.0,782.0,-1
16, 14, 576.0,782.0,-1
14, 14, 0.0,0.0,1
15, 16, 388.0,543.0,1
16, 15, 388.0,543.0,1
15, 15, 0.0,0.0,1
16, 16, 0.0,0.0,1


<end>