<number of nodes>
16

<ratio of available edges>
0.3

<max length of the drone flight>
100000 

<D 2/3>
1, 3, 5, 6, 7, 10, 11, 12, 13, 15, 16

<V>
3, 7, 11, 15, 16

<coordinates X,Y>
264.8084726524135, 73.19610227587927
627.2588654723999, 498.3261441753909
522.8661429391107, 726.4601827167124
61.48092092286734, 502.72447569409377
896.1105675189324, 876.2481502296755
347.9222159768594, 454.7283863975257
829.184670015465, 602.335136297395
532.5902736842208, 684.0241627054904
276.1490566579939, 336.9138612903498
967.7059804681911, 549.7391354815337
212.94042335021265, 456.8477645875341
814.1664580534194, 265.91581938128587
214.04835570917066, 950.5946800043794
340.9896077016211, 162.90018710536208
597.0696407482972, 804.9931425746458
358.2505252209996, 684.3364086882655

<adjacency matrix with truck distances>
1, 2, 559.0,788.0,-1
2, 1, 559.0,788.0,-1
1, 3, 703.0,912.0,-1
3, 1, 703.0,912.0,-1
1, 4, 476.0,633.0,1
4, 1, 476.0,633.0,1
1, 5, 1022.0,1435.0,1
5, 1, 1022.0,1435.0,1
1, 6, 391.0,465.0,-1
6, 1, 391.0,465.0,-1
1, 7, 774.0,1094.0,-1
7, 1, 774.0,1094.0,-1
1, 8, 667.0,879.0,1
8, 1, 667.0,879.0,1
1, 9, 264.0,276.0,-1
9, 1, 264.0,276.0,-1
1, 10, 850.0,1180.0,1
10, 1, 850.0,1180.0,1
1, 11, 388.0,436.0,-1
11, 1, 388.0,436.0,-1
1, 12, 583.0,743.0,-1
12, 1, 583.0,743.0,-1
1, 13, 879.0,929.0,-1
13, 1, 879.0,929.0,-1
1, 14, 118.0,166.0,-1
14, 1, 118.0,166.0,-1
1, 15, 804.0,1065.0,1
15, 1, 804.0,1065.0,1
1, 16, 619.0,705.0,1
16, 1, 619.0,705.0,1
1, 1, 0.0,0.0,1
2, 3, 251.0,333.0,-1
3, 2, 251.0,333.0,-1
2, 4, 566.0,571.0,-1
4, 2, 566.0,571.0,-1
2, 5, 464.0,647.0,-1
5, 2, 464.0,647.0,-1
2, 6, 283.0,323.0,-1
6, 2, 283.0,323.0,-1
2, 7, 228.0,306.0,1
7, 2, 228.0,306.0,1
2, 8, 209.0,281.0,1
8, 2, 209.0,281.0,1
2, 9, 387.0,513.0,-1
9, 2, 387.0,513.0,-1
2, 10, 345.0,392.0,-1
10, 2, 345.0,392.0,-1
2, 11, 417.0,456.0,-1
11, 2, 417.0,456.0,-1
2, 12, 299.0,420.0,-1
12, 2, 299.0,420.0,-1
2, 13, 613.0,866.0,-1
13, 2, 613.0,866.0,-1
2, 14, 441.0,622.0,-1
14, 2, 441.0,622.0,-1
2, 15, 309.0,337.0,1
15, 2, 309.0,337.0,1
2, 16, 328.0,456.0,1
16, 2, 328.0,456.0,1
2, 2, 0.0,0.0,1
3, 4, 513.0,686.0,1
4, 3, 513.0,686.0,1
3, 5, 403.0,524.0,1
5, 3, 403.0,524.0,1
3, 6, 324.0,447.0,1
6, 3, 324.0,447.0,1
3, 7, 331.0,431.0,-1
7, 3, 331.0,431.0,-1
3, 8, 44.0,53.0,-1
8, 3, 44.0,53.0,-1
3, 9, 462.0,637.0,1
9, 3, 462.0,637.0,1
3, 10, 479.0,622.0,-1
10, 3, 479.0,622.0,-1
3, 11, 411.0,580.0,1
11, 3, 411.0,580.0,1
3, 12, 545.0,752.0,-1
12, 3, 545.0,752.0,-1
3, 13, 382.0,533.0,-1
13, 3, 382.0,533.0,-1
3, 14, 593.0,746.0,-1
14, 3, 593.0,746.0,-1
3, 15, 109.0,153.0,-1
15, 3, 109.0,153.0,-1
3, 16, 170.0,207.0,-1
16, 3, 170.0,207.0,-1
3, 3, 0.0,0.0,1
4, 5, 915.0,1209.0,1
5, 4, 915.0,1209.0,1
4, 6, 291.0,335.0,1
6, 4, 291.0,335.0,1
4, 7, 775.0,868.0,1
7, 4, 775.0,868.0,1
4, 8, 505.0,653.0,-1
8, 4, 505.0,653.0,-1
4, 9, 272.0,381.0,-1
9, 4, 272.0,381.0,-1
4, 10, 908.0,954.0,-1
10, 4, 908.0,954.0,-1
4, 11, 159.0,198.0,-1
11, 4, 159.0,198.0,-1
4, 12, 790.0,990.0,1
12, 4, 790.0,990.0,1
4, 13, 474.0,601.0,-1
13, 4, 474.0,601.0,-1
4, 14, 441.0,620.0,-1
14, 4, 441.0,620.0,-1
4, 15, 615.0,838.0,1
15, 4, 615.0,838.0,1
4, 16, 348.0,479.0,1
16, 4, 348.0,479.0,1
4, 4, 0.0,0.0,1
5, 6, 692.0,970.0,-1
6, 5, 692.0,970.0,-1
5, 7, 282.0,341.0,-1
7, 5, 282.0,341.0,-1
5, 8, 412.0,556.0,-1
8, 5, 412.0,556.0,-1
5, 9, 822.0,1160.0,-1
9, 5, 822.0,1160.0,-1
5, 10, 335.0,399.0,-1
10, 5, 335.0,399.0,-1
5, 11, 802.0,1103.0,1
11, 5, 802.0,1103.0,1
5, 12, 616.0,693.0,1
12, 5, 616.0,693.0,1
5, 13, 687.0,757.0,-1
13, 5, 687.0,757.0,-1
5, 14, 904.0,1269.0,-1
14, 5, 904.0,1269.0,-1
5, 15, 308.0,371.0,1
15, 5, 308.0,371.0,1
5, 16, 572.0,730.0,-1
16, 5, 572.0,730.0,-1
5, 5, 0.0,0.0,1
6, 7, 504.0,629.0,-1
7, 6, 504.0,629.0,-1
6, 8, 295.0,414.0,-1
8, 6, 295.0,414.0,-1
6, 9, 138.0,190.0,-1
9, 6, 138.0,190.0,-1
6, 10, 628.0,715.0,-1
10, 6, 628.0,715.0,-1
6, 11, 135.0,138.0,1
11, 6, 135.0,138.0,1
6, 12, 504.0,656.0,-1
12, 6, 504.0,656.0,-1
6, 13, 514.0,630.0,-1
13, 6, 514.0,630.0,-1
6, 14, 292.0,299.0,1
14, 6, 292.0,299.0,1
6, 15, 430.0,600.0,-1
15, 6, 430.0,600.0,-1
6, 16, 230.0,240.0,-1
16, 6, 230.0,240.0,-1
6, 6, 0.0,0.0,1
7, 8, 308.0,379.0,-1
8, 7, 308.0,379.0,-1
7, 9, 614.0,819.0,-1
9, 7, 614.0,819.0,-1
7, 10, 149.0,192.0,1
10, 7, 149.0,192.0,1
7, 11, 634.0,762.0,-1
11, 7, 634.0,762.0,-1
7, 12, 337.0,352.0,1
12, 7, 337.0,352.0,1
7, 13, 707.0,964.0,1
13, 7, 707.0,964.0,1
7, 14, 657.0,928.0,-1
14, 7, 657.0,928.0,-1
7, 15, 309.0,435.0,-1
15, 7, 309.0,435.0,-1
7, 16, 479.0,553.0,-1
16, 7, 479.0,553.0,-1
7, 7, 0.0,0.0,1
8, 9, 432.0,604.0,-1
9, 8, 432.0,604.0,-1
8, 10, 456.0,570.0,-1
10, 8, 456.0,570.0,-1
8, 11, 393.0,547.0,-1
11, 8, 393.0,547.0,-1
8, 12, 505.0,700.0,-1
12, 8, 505.0,700.0,-1
8, 13, 416.0,586.0,-1
13, 8, 416.0,586.0,-1
8, 14, 556.0,713.0,-1
14, 8, 556.0,713.0,-1
8, 15, 138.0,186.0,-1
15, 8, 138.0,186.0,-1
8, 16, 175.0,175.0,-1
16, 8, 175.0,175.0,-1
8, 8, 0.0,0.0,1
9, 10, 724.0,905.0,-1
10, 9, 724.0,905.0,-1
9, 11, 136.0,184.0,-1
11, 9, 136.0,184.0,-1
9, 12, 543.0,610.0,-1
12, 9, 543.0,610.0,-1
9, 13, 617.0,676.0,-1
13, 9, 617.0,676.0,-1
9, 14, 186.0,239.0,-1
14, 9, 186.0,239.0,-1
9, 15, 568.0,789.0,1
15, 9, 568.0,789.0,1
9, 16, 357.0,430.0,-1
16, 9, 357.0,430.0,-1
9, 9, 0.0,0.0,1
10, 11, 761.0,848.0,-1
11, 10, 761.0,848.0,-1
10, 12, 323.0,438.0,1
12, 10, 323.0,438.0,1
10, 13, 854.0,1155.0,-1
13, 10, 854.0,1155.0,-1
10, 14, 737.0,1014.0,-1
14, 10, 737.0,1014.0,-1
10, 15, 451.0,626.0,-1
15, 10, 451.0,626.0,-1
10, 16, 625.0,745.0,-1
16, 10, 625.0,745.0,-1
10, 10, 0.0,0.0,1
11, 12, 631.0,793.0,-1
12, 11, 631.0,793.0,-1
11, 13, 494.0,495.0,1
13, 11, 494.0,495.0,1
11, 14, 321.0,422.0,-1
14, 11, 321.0,422.0,-1
11, 15, 519.0,733.0,-1
15, 11, 519.0,733.0,-1
11, 16, 270.0,373.0,1
16, 11, 270.0,373.0,1
11, 11, 0.0,0.0,1
12, 13, 911.0,1285.0,-1
13, 12, 911.0,1285.0,-1
12, 14, 485.0,577.0,-1
14, 12, 485.0,577.0,-1
12, 15, 582.0,757.0,1
15, 12, 582.0,757.0,1
12, 16, 619.0,875.0,-1
16, 12, 619.0,875.0,-1
12, 12, 0.0,0.0,1
13, 14, 798.0,915.0,-1
14, 13, 798.0,915.0,-1
13, 15, 410.0,529.0,-1
15, 13, 410.0,529.0,-1
13, 16, 303.0,411.0,-1
16, 13, 303.0,411.0,-1
13, 13, 0.0,0.0,1
14, 15, 692.0,899.0,-1
15, 14, 692.0,899.0,-1
14, 16, 522.0,539.0,1
16, 14, 522.0,539.0,1
14, 14, 0.0,0.0,1
15, 16, 268.0,360.0,1
16, 15, 268.0,360.0,1
15, 15, 0.0,0.0,1
16, 16, 0.0,0.0,1


<end>