<number of nodes>
16

<ratio of available edges>
0.3

<max length of the drone flight>
100000 

<D 2/3>
1, 2, 3, 4, 5, 6, 11, 12, 13, 14, 15

<V>
2, 4, 6, 11, 14

<coordinates X,Y>
374.08967291872085, 147.28617422348188
362.78846586351904, 186.938632222339
876.9466678968541, 302.04884861394464
171.08268207118334, 25.025943181971446
97.1219937737098, 439.9887338349172
159.59888558155166, 191.26800765336742
417.1081944103141, 156.05348754836933
309.0227684605299, 530.5240054278182
47.55881658484124, 29.778565010479518
605.3206587760824, 395.58611477275815
164.20241469188016, 413.57302524358187
242.34521276318014, 31.92488074445446
335.1919828178609, 956.5600582622176
339.9969320738019, 781.7501697073983
747.9646163965245, 664.5444981095395
901.9056332350815, 278.3609965981087

<adjacency matrix with truck distances>
1, 2, 42.0,51.0,-1
2, 1, 42.0,51.0,-1
1, 3, 527.0,658.0,-1
3, 1, 527.0,658.0,-1
1, 4, 237.0,326.0,1
4, 1, 237.0,326.0,1
1, 5, 403.0,570.0,1
5, 1, 403.0,570.0,1
1, 6, 219.0,259.0,-1
6, 1, 219.0,259.0,-1
1, 7, 44.0,52.0,1
7, 1, 44.0,52.0,1
1, 8, 389.0,449.0,-1
8, 1, 389.0,449.0,-1
1, 9, 348.0,445.0,-1
9, 1, 348.0,445.0,-1
1, 10, 340.0,480.0,-1
10, 1, 340.0,480.0,-1
1, 11, 340.0,477.0,-1
11, 1, 340.0,477.0,-1
1, 12, 176.0,248.0,-1
12, 1, 176.0,248.0,-1
1, 13, 811.0,849.0,-1
13, 1, 811.0,849.0,-1
1, 14, 636.0,669.0,-1
14, 1, 636.0,669.0,-1
1, 15, 639.0,892.0,-1
15, 1, 639.0,892.0,-1
1, 16, 544.0,659.0,1
16, 1, 544.0,659.0,1
1, 1, 0.0,0.0,1
2, 3, 527.0,630.0,-1
3, 2, 527.0,630.0,-1
2, 4, 251.0,354.0,1
4, 2, 251.0,354.0,1
2, 5, 367.0,519.0,-1
5, 2, 367.0,519.0,-1
2, 6, 204.0,208.0,-1
6, 2, 204.0,208.0,-1
2, 7, 63.0,86.0,1
7, 2, 63.0,86.0,1
2, 8, 348.0,398.0,1
8, 2, 348.0,398.0,1
2, 9, 353.0,473.0,1
9, 2, 353.0,473.0,1
2, 10, 320.0,452.0,1
10, 2, 320.0,452.0,1
2, 11, 302.0,426.0,1
11, 2, 302.0,426.0,1
2, 12, 197.0,276.0,-1
12, 2, 197.0,276.0,-1
2, 13, 771.0,798.0,-1
13, 2, 771.0,798.0,-1
2, 14, 596.0,618.0,1
14, 2, 596.0,618.0,1
2, 15, 614.0,863.0,1
15, 2, 614.0,863.0,1
2, 16, 547.0,631.0,-1
16, 2, 547.0,631.0,-1
2, 2, 0.0,0.0,1
3, 4, 759.0,983.0,-1
4, 3, 759.0,983.0,-1
3, 5, 792.0,918.0,-1
5, 3, 792.0,918.0,-1
3, 6, 726.0,829.0,-1
6, 3, 726.0,829.0,-1
3, 7, 483.0,606.0,-1
7, 3, 483.0,606.0,-1
3, 8, 613.0,797.0,-1
8, 3, 613.0,797.0,-1
3, 9, 873.0,1102.0,-1
9, 3, 873.0,1102.0,-1
3, 10, 288.0,366.0,-1
10, 3, 288.0,366.0,-1
3, 11, 722.0,825.0,-1
11, 3, 722.0,825.0,-1
3, 12, 690.0,905.0,-1
12, 3, 690.0,905.0,-1
3, 13, 850.0,1197.0,-1
13, 3, 850.0,1197.0,-1
3, 14, 721.0,1017.0,-1
14, 3, 721.0,1017.0,-1
3, 15, 385.0,492.0,1
15, 3, 385.0,492.0,1
3, 16, 35.0,49.0,1
16, 3, 35.0,49.0,1
3, 3, 0.0,0.0,1
4, 5, 422.0,489.0,1
5, 4, 422.0,489.0,1
4, 6, 167.0,178.0,-1
6, 4, 167.0,178.0,-1
4, 7, 279.0,378.0,-1
7, 4, 279.0,378.0,-1
4, 8, 524.0,644.0,-1
8, 4, 524.0,644.0,-1
4, 9, 124.0,129.0,-1
9, 4, 124.0,129.0,-1
4, 10, 571.0,805.0,1
10, 4, 571.0,805.0,1
4, 11, 389.0,396.0,-1
11, 4, 389.0,396.0,-1
4, 12, 72.0,79.0,-1
12, 4, 72.0,79.0,-1
4, 13, 946.0,1096.0,1
13, 4, 946.0,1096.0,1
4, 14, 776.0,926.0,-1
14, 4, 776.0,926.0,-1
4, 15, 862.0,1217.0,-1
15, 4, 862.0,1217.0,-1
4, 16, 774.0,985.0,1
16, 4, 774.0,985.0,1
4, 4, 0.0,0.0,1
5, 6, 257.0,312.0,1
6, 5, 257.0,312.0,1
5, 7, 428.0,604.0,-1
7, 5, 428.0,604.0,-1
5, 8, 231.0,303.0,-1
8, 5, 231.0,303.0,-1
5, 9, 414.0,460.0,-1
9, 5, 414.0,460.0,-1
5, 10, 511.0,553.0,1
10, 5, 511.0,553.0,1
5, 11, 73.0,94.0,1
11, 5, 73.0,94.0,1
5, 12, 434.0,554.0,-1
12, 5, 434.0,554.0,-1
5, 13, 569.0,755.0,-1
13, 5, 569.0,755.0,-1
5, 14, 420.0,585.0,-1
14, 5, 420.0,585.0,-1
5, 15, 689.0,876.0,-1
15, 5, 689.0,876.0,-1
5, 16, 821.0,967.0,-1
16, 5, 821.0,967.0,-1
5, 5, 0.0,0.0,1
6, 7, 260.0,293.0,-1
7, 6, 260.0,293.0,-1
6, 8, 371.0,489.0,1
8, 6, 371.0,489.0,1
6, 9, 197.0,274.0,-1
9, 6, 197.0,274.0,-1
6, 10, 491.0,651.0,-1
10, 6, 491.0,651.0,-1
6, 11, 223.0,227.0,1
11, 6, 223.0,227.0,1
6, 12, 180.0,243.0,-1
12, 6, 180.0,243.0,-1
6, 13, 786.0,941.0,-1
13, 6, 786.0,941.0,-1
6, 14, 618.0,771.0,1
14, 6, 618.0,771.0,1
6, 15, 756.0,1062.0,-1
15, 6, 756.0,1062.0,-1
6, 16, 748.0,830.0,1
16, 6, 748.0,830.0,1
6, 6, 0.0,0.0,1
7, 8, 390.0,483.0,-1
8, 7, 390.0,483.0,-1
7, 9, 391.0,496.0,-1
9, 7, 391.0,496.0,-1
7, 10, 305.0,428.0,-1
10, 7, 305.0,428.0,-1
7, 11, 361.0,511.0,-1
11, 7, 361.0,511.0,-1
7, 12, 215.0,299.0,1
12, 7, 215.0,299.0,1
7, 13, 805.0,883.0,1
13, 7, 805.0,883.0,1
7, 14, 631.0,703.0,-1
14, 7, 631.0,703.0,-1
7, 15, 607.0,840.0,-1
15, 7, 607.0,840.0,-1
7, 16, 500.0,608.0,-1
16, 7, 500.0,608.0,-1
7, 7, 0.0,0.0,1
8, 9, 565.0,763.0,-1
9, 8, 565.0,763.0,-1
8, 10, 326.0,432.0,-1
10, 8, 326.0,432.0,-1
8, 11, 187.0,262.0,-1
11, 8, 187.0,262.0,-1
8, 12, 504.0,566.0,-1
12, 8, 504.0,566.0,-1
8, 13, 427.0,453.0,-1
13, 8, 427.0,453.0,-1
8, 14, 254.0,283.0,-1
14, 8, 254.0,283.0,-1
8, 15, 459.0,573.0,1
15, 8, 459.0,573.0,1
8, 16, 645.0,846.0,-1
16, 8, 645.0,846.0,-1
8, 8, 0.0,0.0,1
9, 10, 668.0,924.0,1
10, 9, 668.0,924.0,1
9, 11, 402.0,501.0,-1
11, 9, 402.0,501.0,-1
9, 12, 195.0,197.0,-1
12, 9, 195.0,197.0,-1
9, 13, 971.0,1215.0,-1
13, 9, 971.0,1215.0,-1
9, 14, 807.0,1045.0,1
14, 9, 807.0,1045.0,1
9, 15, 946.0,1336.0,-1
15, 9, 946.0,1336.0,-1
9, 16, 890.0,1103.0,-1
16, 9, 890.0,1103.0,-1
9, 9, 0.0,0.0,1
10, 11, 442.0,460.0,-1
11, 10, 442.0,460.0,-1
10, 12, 514.0,727.0,-1
12, 10, 514.0,727.0,-1
10, 13, 623.0,832.0,1
13, 10, 623.0,832.0,1
10, 14, 469.0,652.0,-1
14, 10, 469.0,652.0,-1
10, 15, 305.0,412.0,1
15, 10, 305.0,412.0,1
10, 16, 319.0,414.0,1
16, 10, 319.0,414.0,1
10, 10, 0.0,0.0,1
11, 12, 390.0,460.0,1
12, 11, 390.0,460.0,1
11, 13, 570.0,714.0,-1
13, 11, 570.0,714.0,-1
11, 14, 408.0,544.0,-1
14, 11, 408.0,544.0,-1
11, 15, 636.0,835.0,-1
15, 11, 636.0,835.0,-1
11, 16, 750.0,873.0,-1
16, 11, 750.0,873.0,-1
11, 11, 0.0,0.0,1
12, 13, 930.0,1018.0,1
13, 12, 930.0,1018.0,1
12, 14, 757.0,848.0,-1
14, 12, 757.0,848.0,-1
12, 15, 810.0,1139.0,-1
15, 12, 810.0,1139.0,-1
12, 16, 705.0,906.0,-1
16, 12, 705.0,906.0,-1
12, 12, 0.0,0.0,1
13, 14, 175.0,180.0,1
14, 13, 175.0,180.0,1
13, 15, 506.0,705.0,-1
15, 13, 506.0,705.0,-1
13, 16, 884.0,1245.0,-1
16, 13, 884.0,1245.0,-1
13, 13, 0.0,0.0,1
14, 15, 425.0,526.0,-1
15, 14, 425.0,526.0,-1
14, 16, 755.0,1066.0,-1
16, 14, 755.0,1066.0,-1
14, 14, 0.0,0.0,1
15, 16, 416.0,541.0,-1
16, 15, 416.0,541.0,-1
15, 15, 0.0,0.0,1
16, 16, 0.0,0.0,1


<end>