<number of nodes>
16

<ratio of available edges>
0.3

<max length of the drone flight>
100000 

<D 2/3>
1, 3, 4, 6, 7, 8, 9, 10, 14, 15, 16

<V>
3, 7, 8, 14, 15

<coordinates X,Y>
19.849640458247045, 237.63171813722101
1.0537068718294818, 646.8255040108932
35.75236118285578, 693.5438224671863
875.8933228494054, 264.11596560451926
843.0804514952557, 859.0768734091321
75.49830133336951, 612.2497176406824
442.0310005878602, 494.32915079257396
437.8141799874801, 899.7866204147632
593.3500185005003, 862.0682221811898
191.42240493824318, 455.22333307342524
803.1003696255772, 735.4856259671511
677.8794414774568, 885.5087652246377
185.82995333424233, 531.9517611866432
684.0533024579239, 401.88376747783354
287.81213909830166, 387.19460188335137
131.31188608034086, 51.98847945059965

<adjacency matrix with truck distances>
1, 2, 410.0,428.0,1
2, 1, 410.0,428.0,1
1, 3, 457.0,472.0,-1
3, 1, 457.0,472.0,-1
1, 4, 857.0,883.0,-1
4, 1, 857.0,883.0,-1
1, 5, 1032.0,1445.0,1
5, 1, 1032.0,1445.0,1
1, 6, 379.0,431.0,1
6, 1, 379.0,431.0,1
1, 7, 495.0,679.0,-1
7, 1, 495.0,679.0,-1
1, 8, 784.0,1081.0,-1
8, 1, 784.0,1081.0,-1
1, 9, 848.0,1198.0,-1
9, 1, 848.0,1198.0,-1
1, 10, 278.0,390.0,-1
10, 1, 278.0,390.0,-1
1, 11, 929.0,1282.0,-1
11, 1, 929.0,1282.0,-1
1, 12, 924.0,1306.0,-1
12, 1, 924.0,1306.0,-1
1, 13, 338.0,461.0,-1
13, 1, 338.0,461.0,-1
1, 14, 685.0,829.0,1
14, 1, 685.0,829.0,1
1, 15, 307.0,418.0,-1
15, 1, 307.0,418.0,-1
1, 16, 217.0,298.0,1
16, 1, 217.0,298.0,1
1, 1, 0.0,0.0,1
2, 3, 59.0,82.0,1
3, 2, 59.0,82.0,1
2, 4, 955.0,1258.0,1
4, 2, 955.0,1258.0,1
2, 5, 869.0,1055.0,-1
5, 2, 869.0,1055.0,-1
2, 6, 83.0,110.0,-1
6, 2, 83.0,110.0,-1
2, 7, 467.0,594.0,1
7, 2, 467.0,594.0,1
2, 8, 505.0,690.0,-1
8, 2, 505.0,690.0,-1
2, 9, 631.0,808.0,-1
9, 2, 631.0,808.0,-1
2, 10, 271.0,382.0,-1
10, 2, 271.0,382.0,-1
2, 11, 807.0,891.0,1
11, 2, 807.0,891.0,1
2, 12, 718.0,916.0,-1
12, 2, 718.0,916.0,-1
2, 13, 218.0,300.0,1
13, 2, 218.0,300.0,1
2, 14, 726.0,928.0,-1
14, 2, 726.0,928.0,-1
2, 15, 387.0,547.0,-1
15, 2, 387.0,547.0,-1
2, 16, 609.0,726.0,1
16, 2, 609.0,726.0,1
2, 2, 0.0,0.0,1
3, 4, 944.0,1270.0,1
4, 3, 944.0,1270.0,1
3, 5, 825.0,973.0,-1
5, 3, 825.0,973.0,-1
3, 6, 91.0,122.0,-1
6, 3, 91.0,122.0,-1
3, 7, 453.0,606.0,-1
7, 3, 453.0,606.0,-1
3, 8, 452.0,609.0,-1
8, 3, 452.0,609.0,-1
3, 9, 583.0,727.0,-1
9, 3, 583.0,727.0,-1
3, 10, 285.0,394.0,-1
10, 3, 285.0,394.0,-1
3, 11, 769.0,810.0,-1
11, 3, 769.0,810.0,-1
3, 12, 671.0,835.0,-1
12, 3, 671.0,835.0,-1
3, 13, 221.0,312.0,1
13, 3, 221.0,312.0,1
3, 14, 711.0,940.0,-1
14, 3, 711.0,940.0,-1
3, 15, 397.0,559.0,1
15, 3, 397.0,559.0,1
3, 16, 649.0,738.0,-1
16, 3, 649.0,738.0,-1
3, 3, 0.0,0.0,1
4, 5, 596.0,628.0,-1
5, 4, 596.0,628.0,-1
4, 6, 873.0,1149.0,1
6, 4, 873.0,1149.0,1
4, 7, 492.0,665.0,1
7, 4, 492.0,665.0,1
4, 8, 773.0,1074.0,1
8, 4, 773.0,1074.0,1
4, 9, 662.0,881.0,-1
9, 4, 662.0,881.0,-1
4, 10, 711.0,876.0,-1
10, 4, 711.0,876.0,-1
4, 11, 477.0,545.0,-1
11, 4, 477.0,545.0,-1
4, 12, 653.0,820.0,-1
12, 4, 653.0,820.0,-1
4, 13, 741.0,958.0,-1
13, 4, 741.0,958.0,-1
4, 14, 237.0,330.0,-1
14, 4, 237.0,330.0,-1
4, 15, 601.0,712.0,-1
15, 4, 601.0,712.0,-1
4, 16, 775.0,957.0,-1
16, 4, 775.0,957.0,-1
4, 4, 0.0,0.0,1
5, 6, 807.0,1015.0,-1
6, 5, 807.0,1015.0,-1
5, 7, 543.0,766.0,-1
7, 5, 543.0,766.0,-1
5, 8, 408.0,446.0,-1
8, 5, 408.0,446.0,-1
5, 9, 250.0,253.0,-1
9, 5, 250.0,253.0,-1
5, 10, 767.0,1056.0,-1
10, 5, 767.0,1056.0,-1
5, 11, 130.0,164.0,-1
11, 5, 130.0,164.0,-1
5, 12, 168.0,192.0,-1
12, 5, 168.0,192.0,-1
5, 13, 735.0,985.0,-1
13, 5, 735.0,985.0,-1
5, 14, 485.0,617.0,1
14, 5, 485.0,617.0,1
5, 15, 729.0,1028.0,1
15, 5, 729.0,1028.0,1
5, 16, 1077.0,1519.0,-1
16, 5, 1077.0,1519.0,-1
5, 5, 0.0,0.0,1
6, 7, 386.0,485.0,1
7, 6, 386.0,485.0,1
6, 8, 463.0,650.0,-1
8, 6, 463.0,650.0,-1
6, 9, 575.0,768.0,-1
9, 6, 575.0,768.0,-1
6, 10, 196.0,273.0,1
10, 6, 196.0,273.0,1
6, 11, 738.0,851.0,-1
11, 6, 738.0,851.0,-1
6, 12, 662.0,876.0,1
12, 6, 662.0,876.0,1
6, 13, 137.0,191.0,-1
13, 6, 137.0,191.0,-1
6, 14, 644.0,819.0,-1
14, 6, 644.0,819.0,-1
6, 15, 310.0,438.0,-1
15, 6, 310.0,438.0,-1
6, 16, 564.0,617.0,-1
16, 6, 564.0,617.0,-1
6, 6, 0.0,0.0,1
7, 8, 406.0,410.0,1
8, 7, 406.0,410.0,1
7, 9, 398.0,520.0,1
9, 7, 398.0,520.0,1
7, 10, 254.0,290.0,-1
10, 7, 254.0,290.0,-1
7, 11, 435.0,603.0,1
11, 7, 435.0,603.0,1
7, 12, 457.0,628.0,1
12, 7, 457.0,628.0,1
7, 13, 259.0,294.0,-1
13, 7, 259.0,294.0,-1
7, 14, 260.0,335.0,-1
14, 7, 260.0,335.0,-1
7, 15, 188.0,262.0,1
15, 7, 188.0,262.0,1
7, 16, 541.0,754.0,-1
16, 7, 541.0,754.0,-1
7, 7, 0.0,0.0,1
8, 9, 161.0,194.0,-1
9, 8, 161.0,194.0,-1
8, 10, 509.0,691.0,1
10, 8, 509.0,691.0,1
8, 11, 401.0,530.0,-1
11, 8, 401.0,530.0,-1
8, 12, 241.0,255.0,-1
12, 8, 241.0,255.0,-1
8, 13, 446.0,620.0,1
13, 8, 446.0,620.0,1
8, 14, 556.0,745.0,-1
14, 8, 556.0,745.0,-1
8, 15, 535.0,663.0,-1
15, 8, 535.0,663.0,-1
8, 16, 902.0,1155.0,-1
16, 8, 902.0,1155.0,-1
8, 8, 0.0,0.0,1
9, 10, 572.0,809.0,-1
10, 9, 572.0,809.0,-1
9, 11, 245.0,337.0,-1
11, 9, 245.0,337.0,-1
9, 12, 88.0,108.0,-1
12, 9, 88.0,108.0,-1
9, 13, 525.0,738.0,-1
13, 9, 525.0,738.0,-1
9, 14, 470.0,551.0,1
14, 9, 470.0,551.0,1
9, 15, 565.0,781.0,1
15, 9, 565.0,781.0,1
9, 16, 933.0,1273.0,1
16, 9, 933.0,1273.0,1
9, 9, 0.0,0.0,1
10, 11, 673.0,892.0,1
11, 10, 673.0,892.0,1
10, 12, 650.0,917.0,-1
12, 10, 650.0,917.0,-1
10, 13, 77.0,83.0,1
13, 10, 77.0,83.0,1
10, 14, 496.0,546.0,-1
14, 10, 496.0,546.0,-1
10, 15, 118.0,165.0,-1
15, 10, 118.0,165.0,-1
10, 16, 408.0,464.0,1
16, 10, 408.0,464.0,1
10, 10, 0.0,0.0,1
11, 12, 196.0,276.0,-1
12, 11, 196.0,276.0,-1
11, 13, 650.0,821.0,-1
13, 11, 650.0,821.0,-1
11, 14, 355.0,453.0,-1
14, 11, 355.0,453.0,-1
11, 15, 622.0,864.0,-1
15, 11, 622.0,864.0,-1
11, 16, 959.0,1356.0,-1
16, 11, 959.0,1356.0,-1
11, 11, 0.0,0.0,1
12, 13, 606.0,846.0,1
13, 12, 606.0,846.0,1
12, 14, 484.0,490.0,-1
14, 12, 484.0,490.0,-1
12, 15, 633.0,889.0,-1
15, 12, 633.0,889.0,-1
12, 16, 997.0,1381.0,-1
16, 12, 997.0,1381.0,-1
12, 12, 0.0,0.0,1
13, 14, 515.0,629.0,-1
14, 13, 515.0,629.0,-1
13, 15, 178.0,247.0,-1
15, 13, 178.0,247.0,-1
13, 16, 484.0,535.0,-1
16, 13, 484.0,535.0,-1
13, 13, 0.0,0.0,1
14, 15, 397.0,411.0,-1
15, 14, 397.0,411.0,-1
14, 16, 655.0,903.0,-1
16, 14, 655.0,903.0,-1
14, 14, 0.0,0.0,1
15, 16, 370.0,492.0,-1
16, 15, 370.0,492.0,-1
15, 15, 0.0,0.0,1
16, 16, 0.0,0.0,1


<end>