<number of nodes>
16

<ratio of available edges>
0.3

<max length of the drone flight>
100000 

<D 2/3>
1, 4, 5, 6, 7, 8, 9, 10, 12, 14, 15

<V>
6, 7, 9, 10, 14

<coordinates X,Y>
241.12526024508622, 836.8647318214677
886.1207771168639, 273.72034469577085
295.41435523060454, 784.3834628877669
778.1534655926381, 801.982575505177
481.0494496450541, 443.48517212104645
126.21213718623481, 748.4360030957603
925.9985723904846, 845.3229914330161
99.34597754439525, 877.1994786397894
861.5728098850747, 708.7550413981403
940.643117054497, 795.1272405571377
656.4693709470687, 352.92584110837157
255.5953553613284, 170.94037577905056
859.047188926627, 919.4137797544313
732.1912059269902, 815.1601596136697
160.30734286285576, 260.3957865552527
218.39385903115263, 144.33283509196056

<adjacency matrix with truck distances>
1, 2, 857.0,1209.0,-1
2, 1, 857.0,1209.0,-1
1, 3, 76.0,107.0,1
3, 1, 76.0,107.0,1
1, 4, 539.0,572.0,1
4, 1, 539.0,572.0,1
1, 5, 461.0,634.0,-1
5, 1, 461.0,634.0,-1
1, 6, 145.0,204.0,1
6, 1, 145.0,204.0,1
1, 7, 685.0,694.0,-1
7, 1, 685.0,694.0,-1
1, 8, 148.0,183.0,-1
8, 1, 148.0,183.0,-1
1, 9, 634.0,749.0,1
9, 1, 634.0,749.0,1
1, 10, 701.0,742.0,-1
10, 1, 701.0,742.0,-1
1, 11, 638.0,900.0,-1
11, 1, 638.0,900.0,-1
1, 12, 667.0,681.0,1
12, 1, 667.0,681.0,1
1, 13, 624.0,701.0,1
13, 1, 624.0,701.0,1
1, 14, 492.0,513.0,-1
14, 1, 492.0,513.0,-1
1, 15, 583.0,658.0,-1
15, 1, 583.0,658.0,-1
1, 16, 693.0,716.0,-1
16, 1, 693.0,716.0,-1
1, 1, 0.0,0.0,1
2, 3, 781.0,1102.0,-1
3, 2, 781.0,1102.0,-1
2, 4, 540.0,637.0,-1
4, 2, 540.0,637.0,-1
2, 5, 440.0,575.0,-1
5, 2, 440.0,575.0,-1
2, 6, 897.0,1235.0,-1
6, 2, 897.0,1235.0,-1
2, 7, 573.0,612.0,-1
7, 2, 573.0,612.0,-1
2, 8, 992.0,1391.0,-1
8, 2, 992.0,1391.0,-1
2, 9, 436.0,460.0,1
9, 2, 436.0,460.0,1
2, 10, 525.0,576.0,-1
10, 2, 525.0,576.0,-1
2, 11, 243.0,309.0,-1
11, 2, 243.0,309.0,-1
2, 12, 639.0,734.0,-1
12, 2, 639.0,734.0,-1
2, 13, 647.0,673.0,-1
13, 2, 647.0,673.0,-1
2, 14, 563.0,696.0,-1
14, 2, 563.0,696.0,-1
2, 15, 726.0,740.0,-1
15, 2, 726.0,740.0,-1
2, 16, 681.0,798.0,-1
16, 2, 681.0,798.0,-1
2, 2, 0.0,0.0,1
3, 4, 484.0,501.0,-1
4, 3, 484.0,501.0,-1
3, 5, 389.0,527.0,-1
5, 3, 389.0,527.0,-1
3, 6, 173.0,206.0,-1
6, 3, 173.0,206.0,-1
3, 7, 634.0,692.0,-1
7, 3, 634.0,692.0,-1
3, 8, 217.0,289.0,-1
8, 3, 217.0,289.0,-1
3, 9, 572.0,642.0,1
9, 3, 572.0,642.0,1
3, 10, 646.0,656.0,-1
10, 3, 646.0,656.0,-1
3, 11, 563.0,793.0,-1
11, 3, 563.0,793.0,-1
3, 12, 615.0,654.0,1
12, 3, 615.0,654.0,1
3, 13, 580.0,699.0,-1
13, 3, 580.0,699.0,-1
3, 14, 438.0,468.0,-1
14, 3, 438.0,468.0,-1
3, 15, 542.0,660.0,1
15, 3, 542.0,660.0,1
3, 16, 645.0,718.0,1
16, 3, 645.0,718.0,1
3, 3, 0.0,0.0,1
4, 5, 466.0,656.0,1
5, 4, 466.0,656.0,1
4, 6, 655.0,706.0,-1
6, 4, 655.0,706.0,-1
4, 7, 155.0,192.0,-1
7, 4, 155.0,192.0,-1
4, 8, 683.0,755.0,-1
8, 4, 683.0,755.0,-1
4, 9, 126.0,177.0,-1
9, 4, 126.0,177.0,-1
4, 10, 163.0,170.0,-1
10, 4, 163.0,170.0,-1
4, 11, 466.0,571.0,-1
11, 4, 466.0,571.0,-1
4, 12, 820.0,1154.0,1
12, 4, 820.0,1154.0,1
4, 13, 143.0,199.0,-1
13, 4, 143.0,199.0,-1
4, 14, 48.0,60.0,1
14, 4, 48.0,60.0,1
4, 15, 822.0,1160.0,-1
15, 4, 822.0,1160.0,-1
4, 16, 864.0,1218.0,1
16, 4, 864.0,1218.0,1
4, 4, 0.0,0.0,1
5, 6, 468.0,660.0,1
6, 5, 468.0,660.0,1
5, 7, 600.0,847.0,-1
7, 5, 600.0,847.0,-1
5, 8, 578.0,816.0,1
8, 5, 578.0,816.0,1
5, 9, 464.0,646.0,-1
9, 5, 464.0,646.0,-1
5, 10, 579.0,812.0,-1
10, 5, 579.0,812.0,-1
5, 11, 198.0,266.0,-1
11, 5, 198.0,266.0,-1
5, 12, 354.0,498.0,-1
12, 5, 354.0,498.0,-1
5, 13, 608.0,854.0,-1
13, 5, 608.0,854.0,-1
5, 14, 449.0,623.0,-1
14, 5, 449.0,623.0,-1
5, 15, 370.0,504.0,1
15, 5, 370.0,504.0,1
5, 16, 399.0,562.0,-1
16, 5, 399.0,562.0,-1
5, 5, 0.0,0.0,1
6, 7, 806.0,897.0,-1
7, 6, 806.0,897.0,-1
6, 8, 132.0,156.0,1
8, 6, 132.0,156.0,1
6, 9, 737.0,776.0,-1
9, 6, 737.0,776.0,-1
6, 10, 816.0,862.0,1
10, 6, 816.0,862.0,1
6, 11, 662.0,926.0,-1
11, 6, 662.0,926.0,-1
6, 12, 592.0,707.0,-1
12, 6, 592.0,707.0,-1
6, 13, 753.0,904.0,-1
13, 6, 753.0,904.0,-1
6, 14, 610.0,673.0,1
14, 6, 610.0,673.0,1
6, 15, 490.0,523.0,-1
15, 6, 490.0,523.0,-1
6, 16, 612.0,697.0,1
16, 6, 612.0,697.0,1
6, 6, 0.0,0.0,1
7, 8, 828.0,859.0,-1
8, 7, 828.0,859.0,-1
7, 9, 152.0,201.0,-1
9, 7, 152.0,201.0,-1
7, 10, 53.0,65.0,1
10, 7, 53.0,65.0,1
7, 11, 562.0,762.0,-1
11, 7, 562.0,762.0,-1
7, 12, 951.0,1345.0,-1
12, 7, 951.0,1345.0,-1
7, 13, 100.0,142.0,1
13, 7, 100.0,142.0,1
7, 14, 197.0,224.0,1
14, 7, 197.0,224.0,1
7, 15, 964.0,1351.0,1
15, 7, 964.0,1351.0,1
7, 16, 997.0,1409.0,-1
16, 7, 997.0,1409.0,-1
7, 7, 0.0,0.0,1
8, 9, 781.0,931.0,1
9, 8, 781.0,931.0,1
8, 10, 846.0,924.0,1
10, 8, 846.0,924.0,1
8, 11, 766.0,1082.0,-1
11, 8, 766.0,1082.0,-1
8, 12, 724.0,863.0,-1
12, 8, 724.0,863.0,-1
8, 13, 761.0,802.0,-1
13, 8, 761.0,802.0,-1
8, 14, 636.0,695.0,-1
14, 8, 636.0,695.0,-1
8, 15, 620.0,678.0,1
15, 8, 620.0,678.0,1
8, 16, 743.0,852.0,-1
16, 8, 743.0,852.0,-1
8, 8, 0.0,0.0,1
9, 10, 118.0,166.0,1
10, 9, 118.0,166.0,1
9, 11, 411.0,561.0,-1
11, 9, 411.0,561.0,-1
9, 12, 811.0,1144.0,-1
12, 9, 811.0,1144.0,-1
9, 13, 211.0,214.0,-1
13, 9, 211.0,214.0,-1
9, 14, 168.0,236.0,1
14, 9, 168.0,236.0,1
9, 15, 833.0,1150.0,-1
15, 9, 833.0,1150.0,-1
9, 16, 856.0,1208.0,1
16, 9, 856.0,1208.0,1
9, 9, 0.0,0.0,1
10, 11, 526.0,727.0,-1
11, 10, 526.0,727.0,-1
10, 12, 927.0,1310.0,-1
12, 10, 927.0,1310.0,-1
10, 13, 149.0,206.0,-1
13, 10, 149.0,206.0,-1
10, 14, 210.0,229.0,-1
14, 10, 210.0,229.0,-1
10, 15, 946.0,1316.0,-1
15, 10, 946.0,1316.0,-1
10, 16, 973.0,1374.0,-1
16, 10, 973.0,1374.0,-1
10, 10, 0.0,0.0,1
11, 12, 441.0,583.0,-1
12, 11, 441.0,583.0,-1
11, 13, 602.0,770.0,-1
13, 11, 602.0,770.0,-1
11, 14, 469.0,538.0,-1
14, 11, 469.0,538.0,-1
11, 15, 505.0,589.0,1
15, 11, 505.0,589.0,1
11, 16, 486.0,647.0,1
16, 11, 486.0,647.0,1
11, 11, 0.0,0.0,1
12, 13, 962.0,1352.0,-1
13, 12, 962.0,1352.0,-1
12, 14, 802.0,1121.0,1
14, 12, 802.0,1121.0,1
12, 15, 131.0,185.0,-1
15, 12, 131.0,185.0,-1
12, 16, 46.0,64.0,-1
16, 12, 46.0,64.0,-1
12, 12, 0.0,0.0,1
13, 14, 165.0,232.0,-1
14, 13, 165.0,232.0,-1
13, 15, 961.0,1358.0,-1
15, 13, 961.0,1358.0,-1
13, 16, 1006.0,1416.0,-1
16, 13, 1006.0,1416.0,-1
13, 13, 0.0,0.0,1
14, 15, 797.0,1127.0,-1
15, 14, 797.0,1127.0,-1
14, 16, 845.0,1185.0,1
16, 14, 845.0,1185.0,1
14, 14, 0.0,0.0,1
15, 16, 130.0,175.0,-1
16, 15, 130.0,175.0,-1
15, 15, 0.0,0.0,1
16, 16, 0.0,0.0,1


<end>