<number of nodes>
16

<ratio of available edges>
0.3

<max length of the drone flight>
100000 

<D 2/3>
1, 2, 3, 5, 6, 7, 8, 10, 11, 13, 14

<V>
2, 6, 8, 11, 14

<coordinates X,Y>
366.6355919996302, 248.13378118969223
468.19762592410154, 927.9711843898976
336.7640408065415, 557.845556271093
468.149068149668, 411.0266274144446
893.3060542582522, 258.796298610562
704.7670860962087, 487.29709905817043
32.99267481954171, 538.4794520814204
146.06311482173348, 171.33260455951873
707.30397848899, 404.32708584847734
941.887606278463, 215.54855155146126
2.4341925937239903, 247.9919553998209
10.252056104968291, 629.287561755966
232.56410300828782, 228.87042030552738
812.0173796912363, 390.5711990691936
92.96064430286906, 138.46565446603427
20.43576932737528, 928.3377962576049

<adjacency matrix with truck distances>
1, 2, 688.0,782.0,-1
2, 1, 688.0,782.0,-1
1, 3, 312.0,340.0,-1
3, 1, 312.0,340.0,-1
1, 4, 192.0,265.0,1
4, 1, 192.0,265.0,1
1, 5, 527.0,538.0,-1
5, 1, 527.0,538.0,-1
1, 6, 415.0,578.0,-1
6, 1, 415.0,578.0,-1
1, 7, 443.0,624.0,-1
7, 1, 443.0,624.0,-1
1, 8, 234.0,298.0,-1
8, 1, 234.0,298.0,-1
1, 9, 375.0,497.0,-1
9, 1, 375.0,497.0,-1
1, 10, 577.0,608.0,1
10, 1, 577.0,608.0,1
1, 11, 365.0,365.0,-1
11, 1, 365.0,365.0,-1
1, 12, 522.0,738.0,1
12, 1, 522.0,738.0,1
1, 13, 136.0,154.0,1
13, 1, 136.0,154.0,1
1, 14, 468.0,588.0,-1
14, 1, 468.0,588.0,-1
1, 15, 295.0,384.0,1
15, 1, 295.0,384.0,1
1, 16, 764.0,1027.0,-1
16, 1, 764.0,1027.0,-1
1, 1, 0.0,0.0,1
2, 3, 393.0,502.0,-1
3, 2, 393.0,502.0,-1
2, 4, 517.0,517.0,1
4, 2, 517.0,517.0,1
2, 5, 793.0,1095.0,-1
5, 2, 793.0,1095.0,-1
2, 6, 501.0,678.0,-1
6, 2, 501.0,678.0,-1
2, 7, 585.0,825.0,-1
7, 2, 585.0,825.0,-1
2, 8, 823.0,1079.0,-1
8, 2, 823.0,1079.0,-1
2, 9, 576.0,763.0,-1
9, 2, 576.0,763.0,-1
2, 10, 856.0,1187.0,-1
10, 2, 856.0,1187.0,-1
2, 11, 825.0,1146.0,-1
11, 2, 825.0,1146.0,-1
2, 12, 547.0,757.0,-1
12, 2, 547.0,757.0,-1
2, 13, 738.0,935.0,-1
13, 2, 738.0,935.0,-1
2, 14, 638.0,882.0,1
14, 2, 638.0,882.0,1
2, 15, 875.0,1165.0,1
15, 2, 875.0,1165.0,1
2, 16, 448.0,449.0,-1
16, 2, 448.0,449.0,-1
2, 2, 0.0,0.0,1
3, 4, 198.0,279.0,-1
4, 3, 198.0,279.0,-1
3, 5, 632.0,856.0,-1
5, 3, 632.0,856.0,-1
3, 6, 375.0,439.0,1
6, 3, 375.0,439.0,1
3, 7, 305.0,324.0,1
7, 3, 305.0,324.0,1
3, 8, 431.0,578.0,1
8, 3, 431.0,578.0,1
3, 9, 402.0,525.0,-1
9, 3, 402.0,525.0,-1
3, 10, 696.0,948.0,-1
10, 3, 696.0,948.0,-1
3, 11, 456.0,645.0,-1
11, 3, 456.0,645.0,-1
3, 12, 335.0,398.0,-1
12, 3, 335.0,398.0,-1
3, 13, 346.0,434.0,-1
13, 3, 346.0,434.0,-1
3, 14, 504.0,643.0,-1
14, 3, 504.0,643.0,-1
3, 15, 486.0,664.0,-1
15, 3, 486.0,664.0,-1
3, 16, 488.0,687.0,-1
16, 3, 488.0,687.0,-1
3, 3, 0.0,0.0,1
4, 5, 452.0,578.0,-1
5, 4, 452.0,578.0,-1
4, 6, 249.0,313.0,-1
6, 4, 249.0,313.0,-1
4, 7, 454.0,563.0,-1
7, 4, 454.0,563.0,-1
4, 8, 402.0,562.0,-1
8, 4, 402.0,562.0,-1
4, 9, 240.0,246.0,-1
9, 4, 240.0,246.0,-1
4, 10, 513.0,670.0,-1
10, 4, 513.0,670.0,-1
4, 11, 494.0,629.0,-1
11, 4, 494.0,629.0,-1
4, 12, 508.0,677.0,-1
12, 4, 508.0,677.0,-1
4, 13, 298.0,418.0,-1
13, 4, 298.0,418.0,-1
4, 14, 345.0,365.0,-1
14, 4, 345.0,365.0,-1
4, 15, 464.0,648.0,-1
15, 4, 464.0,648.0,-1
4, 16, 685.0,966.0,-1
16, 4, 685.0,966.0,-1
4, 4, 0.0,0.0,1
5, 6, 297.0,418.0,1
6, 5, 297.0,418.0,1
5, 7, 905.0,1140.0,-1
7, 5, 905.0,1140.0,-1
5, 8, 753.0,835.0,-1
8, 5, 753.0,835.0,-1
5, 9, 237.0,332.0,-1
9, 5, 237.0,332.0,-1
5, 10, 66.0,92.0,-1
10, 5, 66.0,92.0,-1
5, 11, 891.0,902.0,-1
11, 5, 891.0,902.0,-1
5, 12, 958.0,1254.0,-1
12, 5, 958.0,1254.0,-1
5, 13, 662.0,691.0,-1
13, 5, 662.0,691.0,-1
5, 14, 155.0,214.0,1
14, 5, 155.0,214.0,1
5, 15, 810.0,921.0,-1
15, 5, 810.0,921.0,-1
5, 16, 1101.0,1543.0,1
16, 5, 1101.0,1543.0,1
5, 5, 0.0,0.0,1
6, 7, 674.0,723.0,1
7, 6, 674.0,723.0,1
6, 8, 642.0,875.0,-1
8, 6, 642.0,875.0,-1
6, 9, 84.0,86.0,-1
9, 6, 84.0,86.0,-1
6, 10, 361.0,509.0,-1
10, 6, 361.0,509.0,-1
6, 11, 742.0,942.0,-1
11, 6, 742.0,942.0,-1
6, 12, 709.0,837.0,1
12, 6, 709.0,837.0,1
6, 13, 539.0,731.0,-1
13, 6, 539.0,731.0,-1
6, 14, 145.0,204.0,-1
14, 6, 145.0,204.0,-1
6, 15, 705.0,961.0,-1
15, 6, 705.0,961.0,-1
6, 16, 815.0,1126.0,1
16, 6, 815.0,1126.0,1
6, 6, 0.0,0.0,1
7, 8, 385.0,481.0,-1
8, 7, 385.0,481.0,-1
7, 9, 688.0,809.0,1
9, 7, 688.0,809.0,1
7, 10, 965.0,1232.0,-1
10, 7, 965.0,1232.0,-1
7, 11, 293.0,322.0,-1
11, 7, 293.0,322.0,-1
7, 12, 94.0,114.0,1
12, 7, 94.0,114.0,1
7, 13, 369.0,510.0,-1
13, 7, 369.0,510.0,-1
7, 14, 793.0,927.0,1
14, 7, 793.0,927.0,1
7, 15, 405.0,460.0,1
15, 7, 405.0,460.0,1
7, 16, 391.0,403.0,-1
16, 7, 391.0,403.0,-1
7, 7, 0.0,0.0,1
8, 9, 608.0,795.0,-1
9, 8, 608.0,795.0,-1
8, 10, 798.0,841.0,-1
10, 8, 798.0,841.0,-1
8, 11, 163.0,221.0,1
11, 8, 163.0,221.0,1
8, 12, 478.0,594.0,1
12, 8, 478.0,594.0,1
8, 13, 104.0,145.0,-1
13, 8, 104.0,145.0,-1
8, 14, 702.0,886.0,1
14, 8, 702.0,886.0,1
8, 15, 63.0,86.0,-1
15, 8, 63.0,86.0,-1
8, 16, 768.0,883.0,1
16, 8, 768.0,883.0,1
8, 8, 0.0,0.0,1
9, 10, 302.0,424.0,1
10, 9, 302.0,424.0,1
9, 11, 722.0,862.0,-1
11, 9, 722.0,862.0,-1
9, 12, 733.0,923.0,1
12, 9, 733.0,923.0,1
9, 13, 507.0,651.0,-1
13, 9, 507.0,651.0,-1
9, 14, 106.0,119.0,1
14, 9, 106.0,119.0,1
9, 15, 670.0,881.0,-1
15, 9, 670.0,881.0,-1
9, 16, 864.0,1211.0,-1
16, 9, 864.0,1211.0,-1
9, 9, 0.0,0.0,1
10, 11, 941.0,972.0,-1
11, 10, 941.0,972.0,-1
10, 12, 1020.0,1346.0,1
12, 10, 1020.0,1346.0,1
10, 13, 710.0,723.0,-1
13, 10, 710.0,723.0,-1
10, 14, 218.0,305.0,-1
14, 10, 218.0,305.0,-1
10, 15, 853.0,927.0,-1
15, 10, 853.0,927.0,-1
10, 16, 1165.0,1635.0,1
16, 10, 1165.0,1635.0,1
10, 10, 0.0,0.0,1
11, 12, 382.0,390.0,-1
12, 11, 382.0,390.0,-1
11, 13, 231.0,250.0,-1
13, 11, 231.0,250.0,-1
11, 14, 823.0,953.0,-1
14, 11, 823.0,953.0,-1
11, 15, 143.0,201.0,1
15, 11, 143.0,201.0,1
11, 16, 681.0,699.0,1
16, 11, 681.0,699.0,1
11, 11, 0.0,0.0,1
12, 13, 458.0,623.0,-1
13, 12, 458.0,623.0,-1
12, 14, 837.0,1041.0,-1
14, 12, 837.0,1041.0,-1
12, 15, 498.0,574.0,1
15, 12, 498.0,574.0,1
12, 16, 300.0,310.0,-1
16, 12, 300.0,310.0,-1
12, 12, 0.0,0.0,1
13, 14, 602.0,742.0,1
14, 13, 602.0,742.0,1
13, 15, 167.0,231.0,-1
15, 13, 167.0,231.0,-1
13, 16, 731.0,912.0,-1
16, 13, 731.0,912.0,-1
13, 13, 0.0,0.0,1
14, 15, 762.0,972.0,1
15, 14, 762.0,972.0,1
14, 16, 957.0,1330.0,-1
16, 14, 957.0,1330.0,-1
14, 14, 0.0,0.0,1
15, 16, 794.0,863.0,1
16, 15, 794.0,863.0,1
15, 15, 0.0,0.0,1
16, 16, 0.0,0.0,1


<end>