<number of nodes>
16

<ratio of available edges>
0.3

<max length of the drone flight>
100000 

<D 2/3>
1, 2, 3, 6, 7, 9, 10, 11, 12, 13, 15

<V>
2, 7, 9, 10, 13

<coordinates X,Y>
749.5032145977004, 723.5534081351022
610.9324348854809, 50.98768397049215
7.993652656921992, 839.2412510408994
777.5063369212751, 425.2702909548184
722.3683622844886, 335.53595087774704
410.0716615919985, 731.9402009403603
909.6975315477898, 975.5764392200076
84.87682872028556, 135.96368463309938
292.0573018689554, 813.2484152752986
248.06822396046354, 849.7082026450657
317.8518745687717, 762.3666437089051
669.1065071726697, 938.893574102586
796.7648636518087, 357.4634331315495
907.4316402521183, 1000.1678680022459
37.27232275178401, 281.3515720721813
636.2558441245426, 945.8209000776297

<adjacency matrix with truck distances>
1, 2, 687.0,812.0,1
2, 1, 687.0,812.0,1
1, 3, 751.0,858.0,-1
3, 1, 751.0,858.0,-1
1, 4, 300.0,327.0,-1
4, 1, 300.0,327.0,-1
1, 5, 389.0,416.0,-1
5, 1, 389.0,416.0,-1
1, 6, 340.0,348.0,-1
6, 1, 340.0,348.0,-1
1, 7, 299.0,413.0,-1
7, 1, 299.0,413.0,-1
1, 8, 888.0,1253.0,-1
8, 1, 888.0,1253.0,-1
1, 9, 467.0,548.0,-1
9, 1, 467.0,548.0,-1
1, 10, 518.0,628.0,-1
10, 1, 518.0,628.0,-1
1, 11, 434.0,471.0,1
11, 1, 434.0,471.0,1
1, 12, 230.0,296.0,-1
12, 1, 230.0,296.0,-1
1, 13, 370.0,414.0,-1
13, 1, 370.0,414.0,-1
1, 14, 319.0,435.0,1
14, 1, 319.0,435.0,1
1, 15, 839.0,1155.0,-1
15, 1, 839.0,1155.0,-1
1, 16, 250.0,336.0,-1
16, 1, 250.0,336.0,-1
1, 1, 0.0,0.0,1
2, 3, 993.0,1392.0,-1
3, 2, 993.0,1392.0,-1
2, 4, 410.0,541.0,-1
4, 2, 410.0,541.0,-1
2, 5, 306.0,396.0,-1
5, 2, 306.0,396.0,-1
2, 6, 710.0,882.0,1
6, 2, 710.0,882.0,1
2, 7, 972.0,1224.0,-1
7, 2, 972.0,1224.0,-1
2, 8, 533.0,612.0,1
8, 2, 533.0,612.0,1
2, 9, 827.0,1082.0,-1
9, 2, 827.0,1082.0,-1
2, 10, 878.0,1162.0,-1
10, 2, 878.0,1162.0,-1
2, 11, 770.0,1005.0,-1
11, 2, 770.0,1005.0,-1
2, 12, 890.0,947.0,1
12, 2, 890.0,947.0,1
2, 13, 359.0,493.0,1
13, 2, 359.0,493.0,1
2, 14, 995.0,1246.0,-1
14, 2, 995.0,1246.0,-1
2, 15, 619.0,805.0,-1
15, 2, 619.0,805.0,-1
2, 16, 896.0,921.0,-1
16, 2, 896.0,921.0,-1
2, 2, 0.0,0.0,1
3, 4, 874.0,1184.0,1
4, 3, 874.0,1184.0,1
3, 5, 875.0,1219.0,-1
5, 3, 875.0,1219.0,-1
3, 6, 417.0,510.0,-1
6, 3, 417.0,510.0,-1
3, 7, 912.0,1039.0,-1
7, 3, 912.0,1039.0,-1
3, 8, 708.0,781.0,1
8, 3, 708.0,781.0,1
3, 9, 286.0,311.0,-1
9, 3, 286.0,311.0,-1
3, 10, 241.0,251.0,-1
10, 3, 241.0,251.0,-1
3, 11, 320.0,387.0,1
11, 3, 320.0,387.0,1
3, 12, 669.0,761.0,-1
12, 3, 669.0,761.0,-1
3, 13, 925.0,1271.0,-1
13, 3, 925.0,1271.0,-1
3, 14, 914.0,1061.0,-1
14, 3, 914.0,1061.0,-1
3, 15, 559.0,588.0,-1
15, 3, 559.0,588.0,-1
3, 16, 638.0,735.0,-1
16, 3, 638.0,735.0,-1
3, 3, 0.0,0.0,1
4, 5, 106.0,145.0,-1
5, 4, 106.0,145.0,-1
4, 6, 479.0,675.0,-1
6, 4, 479.0,675.0,-1
4, 7, 566.0,683.0,-1
7, 4, 566.0,683.0,-1
4, 8, 751.0,982.0,-1
8, 4, 751.0,982.0,-1
4, 9, 622.0,874.0,-1
9, 4, 622.0,874.0,-1
4, 10, 679.0,954.0,-1
10, 4, 679.0,954.0,-1
4, 11, 571.0,797.0,1
11, 4, 571.0,797.0,1
4, 12, 525.0,623.0,-1
12, 4, 525.0,623.0,-1
4, 13, 71.0,88.0,-1
13, 4, 71.0,88.0,-1
4, 14, 590.0,705.0,-1
14, 4, 590.0,705.0,-1
4, 15, 755.0,885.0,-1
15, 4, 755.0,885.0,-1
4, 16, 540.0,662.0,1
16, 4, 540.0,662.0,1
4, 4, 0.0,0.0,1
5, 6, 505.0,709.0,1
6, 5, 505.0,709.0,1
5, 7, 667.0,828.0,1
7, 5, 667.0,828.0,1
5, 8, 669.0,838.0,-1
8, 5, 669.0,838.0,-1
5, 9, 643.0,909.0,-1
9, 5, 643.0,909.0,-1
5, 10, 700.0,989.0,-1
10, 5, 700.0,989.0,-1
5, 11, 589.0,832.0,1
11, 5, 589.0,832.0,1
5, 12, 606.0,657.0,1
12, 5, 606.0,657.0,1
5, 13, 78.0,97.0,-1
13, 5, 78.0,97.0,-1
5, 14, 690.0,850.0,1
14, 5, 690.0,850.0,1
5, 15, 688.0,740.0,-1
15, 5, 688.0,740.0,-1
5, 16, 617.0,697.0,1
16, 5, 617.0,697.0,1
5, 5, 0.0,0.0,1
6, 7, 556.0,744.0,-1
7, 6, 556.0,744.0,-1
6, 8, 679.0,922.0,1
8, 6, 679.0,922.0,1
6, 9, 144.0,200.0,1
9, 6, 144.0,200.0,1
6, 10, 201.0,280.0,1
10, 6, 201.0,280.0,1
6, 11, 98.0,123.0,-1
11, 6, 98.0,123.0,-1
6, 12, 332.0,466.0,-1
12, 6, 332.0,466.0,-1
6, 13, 539.0,762.0,-1
13, 6, 539.0,762.0,-1
6, 14, 566.0,766.0,-1
14, 6, 566.0,766.0,-1
6, 15, 585.0,824.0,1
15, 6, 585.0,824.0,1
6, 16, 312.0,441.0,1
16, 6, 312.0,441.0,1
6, 6, 0.0,0.0,1
7, 8, 1177.0,1665.0,-1
8, 7, 1177.0,1665.0,-1
7, 9, 639.0,780.0,1
9, 7, 639.0,780.0,1
7, 10, 674.0,788.0,-1
10, 7, 674.0,788.0,-1
7, 11, 630.0,806.0,-1
11, 7, 630.0,806.0,-1
7, 12, 244.0,278.0,-1
12, 7, 244.0,278.0,-1
7, 13, 629.0,732.0,-1
13, 7, 629.0,732.0,-1
7, 14, 25.0,27.0,1
14, 7, 25.0,27.0,1
7, 15, 1115.0,1567.0,-1
15, 7, 1115.0,1567.0,-1
7, 16, 276.0,304.0,-1
16, 7, 276.0,304.0,-1
7, 7, 0.0,0.0,1
8, 9, 709.0,885.0,1
9, 8, 709.0,885.0,1
8, 10, 733.0,877.0,-1
10, 8, 733.0,877.0,-1
8, 11, 669.0,860.0,1
11, 8, 669.0,860.0,1
8, 12, 993.0,1388.0,-1
12, 8, 993.0,1388.0,-1
8, 13, 746.0,934.0,-1
13, 8, 746.0,934.0,-1
8, 14, 1194.0,1687.0,-1
14, 8, 1194.0,1687.0,-1
8, 15, 153.0,193.0,-1
15, 8, 153.0,193.0,-1
8, 16, 980.0,1362.0,1
16, 8, 980.0,1362.0,1
8, 8, 0.0,0.0,1
9, 10, 58.0,81.0,-1
10, 9, 58.0,81.0,-1
9, 11, 58.0,77.0,-1
11, 9, 58.0,77.0,-1
9, 12, 398.0,503.0,1
12, 9, 398.0,503.0,1
9, 13, 681.0,961.0,-1
13, 9, 681.0,961.0,-1
9, 14, 644.0,803.0,-1
14, 9, 644.0,803.0,-1
9, 15, 590.0,787.0,1
15, 9, 590.0,787.0,1
9, 16, 369.0,477.0,1
16, 9, 369.0,477.0,1
9, 9, 0.0,0.0,1
10, 11, 112.0,158.0,-1
11, 10, 112.0,158.0,-1
10, 12, 431.0,511.0,-1
12, 10, 431.0,511.0,-1
10, 13, 738.0,1041.0,-1
13, 10, 738.0,1041.0,-1
10, 14, 677.0,810.0,1
14, 10, 677.0,810.0,1
10, 15, 607.0,780.0,-1
15, 10, 607.0,780.0,-1
10, 16, 400.0,485.0,1
16, 10, 400.0,485.0,1
10, 10, 0.0,0.0,1
11, 12, 394.0,528.0,-1
12, 11, 394.0,528.0,-1
11, 13, 628.0,884.0,-1
13, 11, 628.0,884.0,-1
11, 14, 636.0,828.0,-1
14, 11, 636.0,828.0,-1
11, 15, 557.0,762.0,-1
15, 11, 557.0,762.0,-1
11, 16, 368.0,502.0,-1
16, 11, 368.0,502.0,-1
11, 11, 0.0,0.0,1
12, 13, 596.0,710.0,1
13, 12, 596.0,710.0,1
12, 14, 247.0,300.0,-1
14, 12, 247.0,300.0,-1
12, 15, 912.0,1290.0,-1
15, 12, 912.0,1290.0,-1
12, 16, 34.0,40.0,-1
16, 12, 34.0,40.0,-1
12, 12, 0.0,0.0,1
13, 14, 653.0,754.0,-1
14, 13, 653.0,754.0,-1
13, 15, 764.0,836.0,-1
15, 13, 764.0,836.0,-1
13, 16, 610.0,749.0,1
16, 13, 610.0,749.0,1
13, 13, 0.0,0.0,1
14, 15, 1129.0,1589.0,1
15, 14, 1129.0,1589.0,1
14, 16, 277.0,326.0,-1
16, 14, 277.0,326.0,-1
14, 14, 0.0,0.0,1
15, 16, 895.0,1264.0,-1
16, 15, 895.0,1264.0,-1
15, 15, 0.0,0.0,1
16, 16, 0.0,0.0,1


<end>