<number of nodes>
16

<ratio of available edges>
0.3

<max length of the drone flight>
100000 

<D 2/3>
1, 2, 3, 6, 8, 9, 10, 11, 12, 13, 15

<V>
2, 3, 8, 11, 13

<coordinates X,Y>
545.6115797690047, 293.9422713418829
471.7098334721688, 571.4860184680006
484.96175822153174, 735.5404555138339
39.42429424472561, 519.2181507769777
309.25512297973387, 988.8529989648773
116.70175971189447, 337.70815033920877
758.9946452373736, 659.1168739577903
701.9147373954469, 798.6482421128413
914.4317593565039, 485.0380382184739
375.8390852977298, 124.21485031590814
744.7394561628131, 166.62793053700153
819.9177517358194, 4.91613743217751
86.40201834336041, 640.4998030786568
184.79149416413216, 900.7774789977581
274.2657635258924, 124.51653596871806
743.5894795268198, 945.989104934499

<adjacency matrix with truck distances>
1, 2, 288.0,352.0,-1
2, 1, 288.0,352.0,-1
1, 3, 446.0,503.0,-1
3, 1, 446.0,503.0,-1
1, 4, 555.0,732.0,-1
4, 1, 555.0,732.0,-1
1, 5, 735.0,932.0,-1
5, 1, 735.0,932.0,-1
1, 6, 432.0,473.0,-1
6, 1, 432.0,473.0,-1
1, 7, 423.0,579.0,1
7, 1, 423.0,579.0,1
1, 8, 529.0,662.0,1
8, 1, 529.0,662.0,1
1, 9, 416.0,560.0,-1
9, 1, 416.0,560.0,-1
1, 10, 241.0,340.0,-1
10, 1, 241.0,340.0,-1
1, 11, 237.0,327.0,-1
11, 1, 237.0,327.0,-1
1, 12, 399.0,564.0,-1
12, 1, 399.0,564.0,-1
1, 13, 576.0,806.0,-1
13, 1, 576.0,806.0,-1
1, 14, 707.0,968.0,1
14, 1, 707.0,968.0,1
1, 15, 320.0,441.0,-1
15, 1, 320.0,441.0,-1
1, 16, 682.0,851.0,-1
16, 1, 682.0,851.0,-1
1, 1, 0.0,0.0,1
2, 3, 165.0,178.0,-1
3, 2, 165.0,178.0,-1
2, 4, 436.0,485.0,-1
4, 2, 436.0,485.0,-1
2, 5, 448.0,580.0,-1
5, 2, 448.0,580.0,-1
2, 6, 426.0,589.0,-1
6, 2, 426.0,589.0,-1
2, 7, 301.0,375.0,1
7, 2, 301.0,375.0,1
2, 8, 324.0,458.0,1
8, 2, 324.0,458.0,1
2, 9, 452.0,530.0,-1
9, 2, 452.0,530.0,-1
2, 10, 458.0,544.0,1
10, 2, 458.0,544.0,1
2, 11, 489.0,678.0,-1
11, 2, 489.0,678.0,-1
2, 12, 666.0,915.0,-1
12, 2, 666.0,915.0,-1
2, 13, 392.0,455.0,1
13, 2, 392.0,455.0,1
2, 14, 437.0,617.0,-1
14, 2, 437.0,617.0,-1
2, 15, 489.0,645.0,1
15, 2, 489.0,645.0,1
2, 16, 463.0,647.0,-1
16, 2, 463.0,647.0,-1
2, 2, 0.0,0.0,1
3, 4, 496.0,662.0,-1
4, 3, 496.0,662.0,-1
3, 5, 309.0,430.0,-1
5, 3, 309.0,430.0,-1
3, 6, 543.0,767.0,-1
6, 3, 543.0,767.0,-1
3, 7, 285.0,351.0,1
7, 3, 285.0,351.0,1
3, 8, 226.0,281.0,1
8, 3, 226.0,281.0,1
3, 9, 498.0,680.0,-1
9, 3, 498.0,680.0,-1
3, 10, 621.0,721.0,1
10, 3, 621.0,721.0,1
3, 11, 626.0,829.0,-1
11, 3, 626.0,829.0,-1
3, 12, 804.0,1066.0,-1
12, 3, 804.0,1066.0,-1
3, 13, 410.0,494.0,-1
13, 3, 410.0,494.0,-1
3, 14, 343.0,466.0,1
14, 3, 343.0,466.0,1
3, 15, 647.0,822.0,-1
15, 3, 647.0,822.0,-1
3, 16, 334.0,470.0,-1
16, 3, 334.0,470.0,-1
3, 3, 0.0,0.0,1
4, 5, 542.0,740.0,1
5, 4, 542.0,740.0,1
4, 6, 198.0,259.0,-1
6, 4, 198.0,259.0,-1
4, 7, 734.0,860.0,1
7, 4, 734.0,860.0,1
4, 8, 720.0,942.0,-1
8, 4, 720.0,942.0,-1
4, 9, 876.0,910.0,-1
9, 4, 876.0,910.0,-1
4, 10, 519.0,732.0,-1
10, 4, 519.0,732.0,-1
4, 11, 789.0,1058.0,-1
11, 4, 789.0,1058.0,-1
4, 12, 935.0,1295.0,-1
12, 4, 935.0,1295.0,-1
4, 13, 131.0,169.0,-1
13, 4, 131.0,169.0,-1
4, 14, 409.0,527.0,-1
14, 4, 409.0,527.0,-1
4, 15, 460.0,630.0,-1
15, 4, 460.0,630.0,-1
4, 16, 824.0,1131.0,1
16, 4, 824.0,1131.0,1
4, 4, 0.0,0.0,1
5, 6, 680.0,844.0,1
6, 5, 680.0,844.0,1
5, 7, 558.0,780.0,-1
7, 5, 558.0,780.0,-1
5, 8, 437.0,583.0,-1
8, 5, 437.0,583.0,-1
5, 9, 788.0,1109.0,-1
9, 5, 788.0,1109.0,-1
5, 10, 868.0,932.0,-1
10, 5, 868.0,932.0,-1
5, 11, 931.0,1258.0,-1
11, 5, 931.0,1258.0,-1
5, 12, 1109.0,1495.0,1
12, 5, 1109.0,1495.0,1
5, 13, 414.0,572.0,-1
13, 5, 414.0,572.0,-1
5, 14, 153.0,213.0,1
14, 5, 153.0,213.0,1
5, 15, 866.0,900.0,1
15, 5, 866.0,900.0,1
5, 16, 437.0,478.0,-1
16, 5, 437.0,478.0,-1
5, 5, 0.0,0.0,1
6, 7, 719.0,964.0,-1
7, 6, 719.0,964.0,-1
6, 8, 745.0,1047.0,-1
8, 6, 745.0,1047.0,-1
6, 9, 812.0,946.0,-1
9, 6, 812.0,946.0,-1
6, 10, 336.0,473.0,1
10, 6, 336.0,473.0,1
6, 11, 651.0,800.0,1
11, 6, 651.0,800.0,1
6, 12, 778.0,1037.0,1
12, 6, 778.0,1037.0,1
6, 13, 305.0,334.0,-1
13, 6, 305.0,334.0,-1
6, 14, 568.0,632.0,-1
14, 6, 568.0,632.0,-1
6, 15, 266.0,371.0,-1
15, 6, 266.0,371.0,-1
6, 16, 874.0,1236.0,-1
16, 6, 874.0,1236.0,-1
6, 6, 0.0,0.0,1
7, 8, 151.0,197.0,1
8, 7, 151.0,197.0,1
7, 9, 234.0,330.0,1
9, 7, 234.0,330.0,1
7, 10, 658.0,919.0,-1
10, 7, 658.0,919.0,-1
7, 11, 493.0,507.0,-1
11, 7, 493.0,507.0,-1
7, 12, 658.0,716.0,-1
12, 7, 658.0,716.0,-1
7, 13, 673.0,692.0,-1
13, 7, 673.0,692.0,-1
7, 14, 623.0,816.0,-1
14, 7, 623.0,816.0,-1
7, 15, 722.0,1020.0,-1
15, 7, 722.0,1020.0,-1
7, 16, 288.0,303.0,1
16, 7, 288.0,303.0,1
7, 7, 0.0,0.0,1
8, 9, 379.0,527.0,1
9, 8, 379.0,527.0,1
8, 10, 750.0,1001.0,-1
10, 8, 750.0,1001.0,-1
8, 11, 634.0,675.0,1
11, 8, 634.0,675.0,1
8, 12, 803.0,912.0,-1
12, 8, 803.0,912.0,-1
8, 13, 636.0,774.0,-1
13, 8, 636.0,774.0,-1
8, 14, 528.0,620.0,-1
14, 8, 528.0,620.0,-1
8, 15, 799.0,1102.0,-1
15, 8, 799.0,1102.0,-1
8, 16, 154.0,190.0,1
16, 8, 154.0,190.0,1
8, 8, 0.0,0.0,1
9, 10, 649.0,900.0,1
10, 9, 649.0,900.0,1
9, 11, 361.0,489.0,1
11, 9, 361.0,489.0,1
9, 12, 490.0,575.0,-1
12, 9, 490.0,575.0,-1
9, 13, 843.0,984.0,-1
13, 9, 843.0,984.0,-1
9, 14, 840.0,1146.0,-1
14, 9, 840.0,1146.0,-1
9, 15, 735.0,1001.0,1
15, 9, 735.0,1001.0,1
9, 16, 492.0,632.0,-1
16, 9, 492.0,632.0,-1
9, 9, 0.0,0.0,1
10, 11, 372.0,412.0,-1
11, 10, 372.0,412.0,-1
10, 12, 460.0,564.0,-1
12, 10, 460.0,564.0,-1
10, 13, 592.0,806.0,-1
13, 10, 592.0,806.0,-1
10, 14, 800.0,968.0,-1
14, 10, 800.0,968.0,-1
10, 15, 102.0,102.0,-1
15, 10, 102.0,102.0,-1
10, 16, 901.0,1190.0,1
16, 10, 901.0,1190.0,1
10, 10, 0.0,0.0,1
11, 12, 179.0,237.0,-1
12, 11, 179.0,237.0,-1
11, 13, 812.0,1133.0,-1
13, 11, 812.0,1133.0,-1
11, 14, 924.0,1295.0,-1
14, 11, 924.0,1295.0,-1
11, 15, 473.0,513.0,1
15, 11, 473.0,513.0,1
11, 16, 780.0,781.0,-1
16, 11, 780.0,781.0,-1
11, 11, 0.0,0.0,1
12, 13, 971.0,1370.0,1
13, 12, 971.0,1370.0,1
12, 14, 1099.0,1531.0,-1
14, 12, 1099.0,1531.0,-1
12, 15, 559.0,666.0,-1
15, 12, 559.0,666.0,-1
12, 16, 945.0,1018.0,-1
16, 12, 945.0,1018.0,-1
12, 12, 0.0,0.0,1
13, 14, 279.0,359.0,-1
14, 13, 279.0,359.0,-1
13, 15, 550.0,704.0,1
15, 13, 550.0,704.0,1
13, 16, 725.0,963.0,1
16, 13, 725.0,963.0,1
13, 13, 0.0,0.0,1
14, 15, 782.0,866.0,-1
15, 14, 782.0,866.0,-1
14, 16, 561.0,605.0,-1
16, 14, 561.0,605.0,-1
14, 14, 0.0,0.0,1
15, 16, 947.0,1291.0,-1
16, 15, 947.0,1291.0,-1
15, 15, 0.0,0.0,1
16, 16, 0.0,0.0,1


<end>