<number of nodes>
16

<ratio of available edges>
0.3

<max length of the drone flight>
100000 

<D 2/3>
1, 2, 3, 4, 5, 7, 10, 11, 13, 14, 16

<V>
3, 4, 11, 13, 16

<coordinates X,Y>
437.5930034327026, 562.9006167775331
284.81749136205553, 396.71459576840493
464.0878071701749, 947.0953530235987
156.86221080610864, 55.63155709211721
772.9711697393819, 724.3535810980155
968.5896064099934, 725.915774179689
739.0699396594987, 632.7877819335645
753.6739266361441, 892.7002211689276
324.32937209993906, 856.052428126551
68.19898533118032, 655.1467558191514
349.69151701263655, 413.9070336231263
957.5756692798011, 223.6162517625129
758.354298125617, 756.3332919190649
53.85099233686362, 730.5148154296724
717.3127950308484, 693.384319240405
537.8701942408564, 311.3489890763246

<adjacency matrix with truck distances>
1, 2, 226.0,319.0,-1
2, 1, 226.0,319.0,-1
1, 3, 386.0,411.0,1
3, 1, 386.0,411.0,1
1, 4, 580.0,788.0,-1
4, 1, 580.0,788.0,-1
1, 5, 373.0,497.0,-1
5, 1, 373.0,497.0,-1
1, 6, 556.0,695.0,-1
6, 1, 556.0,695.0,-1
1, 7, 310.0,372.0,-1
7, 1, 310.0,372.0,-1
1, 8, 457.0,646.0,1
8, 1, 457.0,646.0,1
1, 9, 315.0,407.0,-1
9, 1, 315.0,407.0,-1
1, 10, 381.0,462.0,-1
10, 1, 381.0,462.0,-1
1, 11, 173.0,237.0,-1
11, 1, 173.0,237.0,-1
1, 12, 621.0,860.0,-1
12, 1, 621.0,860.0,-1
1, 13, 375.0,515.0,1
13, 1, 375.0,515.0,1
1, 14, 419.0,552.0,-1
14, 1, 419.0,552.0,-1
1, 15, 309.0,411.0,-1
15, 1, 309.0,411.0,-1
1, 16, 271.0,352.0,1
16, 1, 271.0,352.0,1
1, 1, 0.0,0.0,1
2, 3, 579.0,730.0,1
3, 2, 579.0,730.0,1
2, 4, 365.0,470.0,-1
4, 2, 365.0,470.0,-1
2, 5, 588.0,816.0,-1
5, 2, 588.0,816.0,-1
2, 6, 759.0,1013.0,-1
6, 2, 759.0,1013.0,-1
2, 7, 512.0,691.0,-1
7, 2, 512.0,691.0,-1
2, 8, 683.0,965.0,-1
8, 2, 683.0,965.0,-1
2, 9, 462.0,499.0,-1
9, 2, 462.0,499.0,-1
2, 10, 338.0,476.0,-1
10, 2, 338.0,476.0,-1
2, 11, 68.0,83.0,-1
11, 2, 68.0,83.0,-1
2, 12, 695.0,846.0,-1
12, 2, 695.0,846.0,-1
2, 13, 595.0,834.0,1
13, 2, 595.0,834.0,1
2, 14, 406.0,565.0,-1
14, 2, 406.0,565.0,-1
2, 15, 525.0,730.0,-1
15, 2, 525.0,730.0,-1
2, 16, 268.0,339.0,-1
16, 2, 268.0,339.0,-1
2, 2, 0.0,0.0,1
3, 4, 943.0,1199.0,1
4, 3, 943.0,1199.0,1
3, 5, 381.0,532.0,-1
5, 3, 381.0,532.0,-1
3, 6, 551.0,726.0,-1
6, 3, 551.0,726.0,-1
3, 7, 418.0,590.0,-1
7, 3, 418.0,590.0,-1
3, 8, 295.0,344.0,-1
8, 3, 295.0,344.0,-1
3, 9, 167.0,231.0,-1
9, 3, 167.0,231.0,-1
3, 10, 492.0,688.0,-1
10, 3, 492.0,688.0,-1
3, 11, 546.0,648.0,1
11, 3, 546.0,648.0,1
3, 12, 876.0,1217.0,-1
12, 3, 876.0,1217.0,-1
3, 13, 351.0,486.0,-1
13, 3, 351.0,486.0,-1
3, 14, 464.0,627.0,1
14, 3, 464.0,627.0,1
3, 15, 359.0,507.0,-1
15, 3, 359.0,507.0,-1
3, 16, 641.0,710.0,-1
16, 3, 641.0,710.0,-1
3, 3, 0.0,0.0,1
4, 5, 910.0,1285.0,-1
5, 4, 910.0,1285.0,-1
4, 6, 1053.0,1483.0,-1
6, 4, 1053.0,1483.0,-1
4, 7, 820.0,1160.0,-1
7, 4, 820.0,1160.0,-1
4, 8, 1029.0,1434.0,1
8, 4, 1029.0,1434.0,1
4, 9, 818.0,968.0,1
9, 4, 818.0,968.0,1
4, 10, 607.0,689.0,1
10, 4, 607.0,689.0,1
4, 11, 407.0,552.0,1
11, 4, 407.0,552.0,1
4, 12, 819.0,969.0,-1
12, 4, 819.0,969.0,-1
4, 13, 924.0,1303.0,-1
13, 4, 924.0,1303.0,-1
4, 14, 683.0,778.0,-1
14, 4, 683.0,778.0,-1
4, 15, 850.0,1199.0,1
15, 4, 850.0,1199.0,1
4, 16, 459.0,637.0,-1
16, 4, 459.0,637.0,-1
4, 4, 0.0,0.0,1
5, 6, 196.0,198.0,-1
6, 5, 196.0,198.0,-1
5, 7, 98.0,126.0,-1
7, 5, 98.0,126.0,-1
5, 8, 170.0,188.0,1
8, 5, 170.0,188.0,1
5, 9, 468.0,581.0,-1
9, 5, 468.0,581.0,-1
5, 10, 709.0,774.0,1
10, 5, 709.0,774.0,1
5, 11, 525.0,734.0,1
11, 5, 525.0,734.0,1
5, 12, 534.0,686.0,1
12, 5, 534.0,686.0,1
5, 13, 36.0,47.0,1
13, 5, 36.0,47.0,1
5, 14, 720.0,726.0,-1
14, 5, 720.0,726.0,-1
5, 15, 64.0,87.0,-1
15, 5, 64.0,87.0,-1
5, 16, 476.0,649.0,-1
16, 5, 476.0,649.0,-1
5, 5, 0.0,0.0,1
6, 7, 248.0,323.0,1
7, 6, 248.0,323.0,1
6, 8, 273.0,382.0,1
8, 6, 273.0,382.0,1
6, 9, 658.0,775.0,-1
9, 6, 658.0,775.0,-1
6, 10, 904.0,972.0,-1
10, 6, 904.0,972.0,-1
6, 11, 694.0,931.0,1
11, 6, 694.0,931.0,1
6, 12, 503.0,514.0,-1
12, 6, 503.0,514.0,-1
6, 13, 213.0,241.0,-1
13, 6, 213.0,241.0,-1
6, 14, 915.0,920.0,-1
14, 6, 915.0,920.0,-1
6, 15, 254.0,284.0,-1
15, 6, 254.0,284.0,-1
6, 16, 598.0,846.0,-1
16, 6, 598.0,846.0,-1
6, 6, 0.0,0.0,1
7, 8, 261.0,275.0,-1
8, 7, 261.0,275.0,-1
7, 9, 472.0,639.0,-1
9, 7, 472.0,639.0,-1
7, 10, 672.0,694.0,-1
10, 7, 672.0,694.0,-1
7, 11, 447.0,609.0,1
11, 7, 447.0,609.0,1
7, 12, 464.0,628.0,1
12, 7, 464.0,628.0,1
7, 13, 126.0,143.0,-1
13, 7, 126.0,143.0,-1
7, 14, 693.0,783.0,1
14, 7, 693.0,783.0,1
7, 15, 65.0,83.0,-1
15, 7, 65.0,83.0,-1
7, 16, 380.0,523.0,-1
16, 7, 380.0,523.0,-1
7, 7, 0.0,0.0,1
8, 9, 431.0,466.0,-1
9, 8, 431.0,466.0,-1
8, 10, 726.0,924.0,-1
10, 8, 726.0,924.0,-1
8, 11, 627.0,883.0,-1
11, 8, 627.0,883.0,-1
8, 12, 700.0,873.0,-1
12, 8, 700.0,873.0,-1
8, 13, 137.0,142.0,1
13, 8, 137.0,142.0,1
8, 14, 719.0,863.0,-1
14, 8, 719.0,863.0,-1
8, 15, 203.0,236.0,-1
15, 8, 203.0,236.0,-1
8, 16, 621.0,798.0,-1
16, 8, 621.0,798.0,-1
8, 8, 0.0,0.0,1
9, 10, 326.0,458.0,1
10, 9, 326.0,458.0,1
9, 11, 443.0,468.0,-1
11, 9, 443.0,468.0,-1
9, 12, 895.0,1266.0,-1
12, 9, 895.0,1266.0,-1
9, 13, 446.0,534.0,-1
13, 9, 446.0,534.0,-1
9, 14, 299.0,397.0,-1
14, 9, 299.0,397.0,-1
9, 15, 426.0,556.0,-1
15, 9, 426.0,556.0,-1
9, 16, 586.0,759.0,1
16, 9, 586.0,759.0,1
9, 9, 0.0,0.0,1
10, 11, 371.0,523.0,-1
11, 10, 371.0,523.0,-1
10, 12, 989.0,1321.0,1
12, 10, 989.0,1321.0,1
10, 13, 698.0,792.0,-1
13, 10, 698.0,792.0,-1
10, 14, 77.0,90.0,1
14, 10, 77.0,90.0,1
10, 15, 651.0,688.0,-1
15, 10, 651.0,688.0,-1
10, 16, 583.0,814.0,-1
16, 10, 583.0,814.0,-1
10, 10, 0.0,0.0,1
11, 12, 637.0,799.0,-1
12, 11, 637.0,799.0,-1
11, 13, 534.0,752.0,-1
13, 11, 534.0,752.0,-1
11, 14, 434.0,613.0,-1
14, 11, 434.0,613.0,-1
11, 15, 462.0,648.0,-1
15, 11, 462.0,648.0,-1
11, 16, 215.0,291.0,-1
16, 11, 215.0,291.0,-1
11, 11, 0.0,0.0,1
12, 13, 569.0,732.0,1
13, 12, 569.0,732.0,1
12, 14, 1037.0,1411.0,-1
14, 12, 1037.0,1411.0,-1
12, 15, 528.0,711.0,-1
15, 12, 528.0,711.0,-1
12, 16, 429.0,508.0,1
16, 12, 429.0,508.0,1
12, 12, 0.0,0.0,1
13, 14, 705.0,731.0,-1
14, 13, 705.0,731.0,-1
13, 15, 76.0,104.0,1
15, 13, 76.0,104.0,1
13, 16, 497.0,666.0,1
16, 13, 497.0,666.0,1
13, 13, 0.0,0.0,1
14, 15, 665.0,701.0,1
15, 14, 665.0,701.0,1
14, 16, 641.0,904.0,1
16, 14, 641.0,904.0,1
14, 14, 0.0,0.0,1
15, 16, 423.0,562.0,-1
16, 15, 423.0,562.0,-1
15, 15, 0.0,0.0,1
16, 16, 0.0,0.0,1


<end>