<number of nodes>
16

<ratio of available edges>
0.3

<max length of the drone flight>
100000 

<D 2/3>
1, 5, 6, 7, 8, 9, 10, 11, 12, 14, 16

<V>
6, 7, 8, 9, 12

<coordinates X,Y>
413.38501793043935, 539.2935112556828
751.6562708855375, 470.50882769559666
463.04685057860314, 696.7859343266117
159.9481562869591, 336.6978655308014
562.5201241045842, 194.6851541127171
811.9528932044431, 335.65857389208264
427.24283377169036, 404.42503871108
297.9883509205837, 237.8110045296706
666.3096149930919, 648.8170390739616
959.9951492738422, 657.6079169906666
592.7025310991467, 740.2416716886952
439.14074721103066, 795.1443861534113
347.7470285076196, 831.2630841485098
410.58784825274023, 207.94924901291725
456.0473511484653, 767.1501008039604
604.151023897663, 933.4173394925036

<adjacency matrix with truck distances>
1, 2, 346.0,408.0,-1
2, 1, 346.0,408.0,-1
1, 3, 166.0,208.0,1
3, 1, 166.0,208.0,1
1, 4, 325.0,457.0,1
4, 1, 325.0,457.0,1
1, 5, 376.0,494.0,-1
5, 1, 376.0,494.0,-1
1, 6, 448.0,603.0,-1
6, 1, 448.0,603.0,-1
1, 7, 136.0,149.0,-1
7, 1, 136.0,149.0,-1
1, 8, 323.0,417.0,-1
8, 1, 323.0,417.0,-1
1, 9, 276.0,363.0,-1
9, 1, 276.0,363.0,-1
1, 10, 560.0,665.0,-1
10, 1, 560.0,665.0,-1
1, 11, 270.0,381.0,-1
11, 1, 270.0,381.0,-1
1, 12, 258.0,282.0,-1
12, 1, 258.0,282.0,-1
1, 13, 300.0,358.0,-1
13, 1, 300.0,358.0,-1
1, 14, 332.0,335.0,1
14, 1, 332.0,335.0,1
1, 15, 232.0,271.0,-1
15, 1, 232.0,271.0,-1
1, 16, 438.0,585.0,-1
16, 1, 438.0,585.0,-1
1, 1, 0.0,0.0,1
2, 3, 367.0,515.0,-1
3, 2, 367.0,515.0,-1
2, 4, 607.0,726.0,-1
4, 2, 607.0,726.0,-1
2, 5, 335.0,465.0,-1
5, 2, 335.0,465.0,-1
2, 6, 148.0,196.0,-1
6, 2, 148.0,196.0,-1
2, 7, 332.0,391.0,-1
7, 2, 332.0,391.0,-1
2, 8, 510.0,687.0,-1
8, 2, 510.0,687.0,-1
2, 9, 198.0,264.0,1
9, 2, 198.0,264.0,1
2, 10, 281.0,396.0,-1
10, 2, 281.0,396.0,-1
2, 11, 314.0,429.0,1
11, 2, 314.0,429.0,1
2, 12, 451.0,638.0,1
12, 2, 451.0,638.0,1
2, 13, 542.0,765.0,-1
13, 2, 542.0,765.0,-1
2, 14, 431.0,604.0,1
14, 2, 431.0,604.0,1
2, 15, 419.0,593.0,-1
15, 2, 419.0,593.0,-1
2, 16, 486.0,611.0,-1
16, 2, 486.0,611.0,-1
2, 2, 0.0,0.0,1
3, 4, 471.0,664.0,1
4, 3, 471.0,664.0,1
3, 5, 512.0,602.0,1
5, 3, 512.0,602.0,1
3, 6, 503.0,711.0,-1
6, 3, 503.0,711.0,-1
3, 7, 295.0,329.0,-1
7, 3, 295.0,329.0,-1
3, 8, 488.0,625.0,-1
8, 3, 488.0,625.0,-1
3, 9, 209.0,252.0,-1
9, 3, 209.0,252.0,-1
3, 10, 499.0,537.0,1
10, 3, 499.0,537.0,1
3, 11, 137.0,174.0,-1
11, 3, 137.0,174.0,-1
3, 12, 102.0,123.0,-1
12, 3, 102.0,123.0,-1
3, 13, 178.0,250.0,-1
13, 3, 178.0,250.0,-1
3, 14, 492.0,542.0,-1
14, 3, 492.0,542.0,-1
3, 15, 71.0,78.0,-1
15, 3, 71.0,78.0,-1
3, 16, 276.0,378.0,1
16, 3, 276.0,378.0,1
3, 3, 0.0,0.0,1
4, 5, 427.0,545.0,-1
5, 4, 427.0,545.0,-1
4, 6, 653.0,654.0,1
6, 4, 653.0,654.0,1
4, 7, 276.0,336.0,1
7, 4, 276.0,336.0,1
4, 8, 170.0,237.0,-1
8, 4, 170.0,237.0,-1
4, 9, 595.0,819.0,-1
9, 4, 595.0,819.0,-1
4, 10, 863.0,1121.0,-1
10, 4, 863.0,1121.0,-1
4, 11, 592.0,837.0,1
11, 4, 592.0,837.0,1
4, 12, 537.0,738.0,-1
12, 4, 537.0,738.0,-1
4, 13, 530.0,683.0,-1
13, 4, 530.0,683.0,-1
4, 14, 282.0,380.0,-1
14, 4, 282.0,380.0,-1
4, 15, 523.0,727.0,-1
15, 4, 523.0,727.0,-1
4, 16, 744.0,1041.0,-1
16, 4, 744.0,1041.0,-1
4, 4, 0.0,0.0,1
5, 6, 287.0,391.0,1
6, 5, 287.0,391.0,1
5, 7, 250.0,346.0,1
7, 5, 250.0,346.0,1
5, 8, 269.0,308.0,-1
8, 5, 269.0,308.0,-1
5, 9, 466.0,558.0,-1
9, 5, 466.0,558.0,-1
5, 10, 611.0,861.0,-1
10, 5, 611.0,861.0,-1
5, 11, 547.0,576.0,-1
11, 5, 547.0,576.0,-1
5, 12, 614.0,724.0,1
12, 5, 614.0,724.0,1
5, 13, 672.0,852.0,-1
13, 5, 672.0,852.0,-1
5, 14, 153.0,166.0,-1
14, 5, 153.0,166.0,-1
5, 15, 583.0,679.0,-1
15, 5, 583.0,679.0,-1
5, 16, 740.0,781.0,-1
16, 5, 740.0,781.0,-1
5, 5, 0.0,0.0,1
6, 7, 391.0,454.0,-1
7, 6, 391.0,454.0,-1
6, 8, 524.0,612.0,-1
8, 6, 524.0,612.0,-1
6, 9, 346.0,459.0,-1
9, 6, 346.0,459.0,-1
6, 10, 355.0,470.0,-1
10, 6, 355.0,470.0,-1
6, 11, 461.0,624.0,-1
11, 6, 461.0,624.0,-1
6, 12, 592.0,833.0,1
12, 6, 592.0,833.0,1
6, 13, 680.0,960.0,-1
13, 6, 680.0,960.0,-1
6, 14, 422.0,530.0,-1
14, 6, 422.0,530.0,-1
6, 15, 560.0,788.0,-1
15, 6, 560.0,788.0,-1
6, 16, 633.0,806.0,-1
16, 6, 633.0,806.0,-1
6, 6, 0.0,0.0,1
7, 8, 211.0,296.0,-1
8, 7, 211.0,296.0,-1
7, 9, 342.0,484.0,-1
9, 7, 342.0,484.0,-1
7, 10, 590.0,786.0,-1
10, 7, 590.0,786.0,-1
7, 11, 375.0,502.0,-1
11, 7, 375.0,502.0,-1
7, 12, 391.0,403.0,1
12, 7, 391.0,403.0,1
7, 13, 435.0,507.0,-1
13, 7, 435.0,507.0,-1
7, 14, 198.0,214.0,-1
14, 7, 198.0,214.0,-1
7, 15, 364.0,392.0,-1
15, 7, 364.0,392.0,-1
7, 16, 558.0,706.0,-1
16, 7, 558.0,706.0,-1
7, 7, 0.0,0.0,1
8, 9, 552.0,780.0,-1
9, 8, 552.0,780.0,-1
8, 10, 784.0,1082.0,1
10, 8, 784.0,1082.0,1
8, 11, 583.0,798.0,1
11, 8, 583.0,798.0,1
8, 12, 575.0,699.0,1
12, 8, 575.0,699.0,1
8, 13, 596.0,644.0,-1
13, 8, 596.0,644.0,-1
8, 14, 117.0,143.0,-1
14, 8, 117.0,143.0,-1
8, 15, 553.0,688.0,-1
15, 8, 553.0,688.0,-1
8, 16, 761.0,1002.0,-1
16, 8, 761.0,1002.0,-1
8, 8, 0.0,0.0,1
9, 10, 294.0,303.0,1
10, 9, 294.0,303.0,1
9, 11, 118.0,166.0,1
11, 9, 118.0,166.0,1
9, 12, 271.0,374.0,1
12, 9, 271.0,374.0,1
9, 13, 368.0,502.0,-1
13, 9, 368.0,502.0,-1
9, 14, 510.0,697.0,1
14, 9, 510.0,697.0,1
9, 15, 242.0,329.0,-1
15, 9, 242.0,329.0,-1
9, 16, 292.0,347.0,-1
16, 9, 292.0,347.0,-1
9, 9, 0.0,0.0,1
10, 11, 377.0,450.0,1
11, 10, 377.0,450.0,1
10, 12, 539.0,659.0,-1
12, 10, 539.0,659.0,-1
10, 13, 637.0,786.0,1
13, 10, 637.0,786.0,1
10, 14, 710.0,1000.0,1
14, 10, 710.0,1000.0,1
10, 15, 516.0,614.0,-1
15, 10, 516.0,614.0,-1
10, 16, 451.0,632.0,-1
16, 10, 451.0,632.0,-1
10, 10, 0.0,0.0,1
11, 12, 164.0,209.0,1
12, 11, 164.0,209.0,1
11, 13, 262.0,336.0,-1
13, 11, 262.0,336.0,-1
11, 14, 563.0,715.0,1
14, 11, 563.0,715.0,1
11, 15, 140.0,164.0,1
15, 11, 140.0,164.0,1
11, 16, 194.0,205.0,-1
16, 11, 194.0,205.0,-1
11, 11, 0.0,0.0,1
12, 13, 99.0,128.0,1
13, 12, 99.0,128.0,1
12, 14, 588.0,616.0,-1
14, 12, 588.0,616.0,-1
12, 15, 33.0,45.0,1
15, 12, 33.0,45.0,1
12, 16, 216.0,304.0,-1
16, 12, 216.0,304.0,-1
12, 12, 0.0,0.0,1
13, 14, 627.0,687.0,1
14, 13, 627.0,687.0,1
13, 15, 126.0,173.0,1
15, 13, 126.0,173.0,1
13, 16, 277.0,359.0,-1
16, 13, 277.0,359.0,-1
13, 13, 0.0,0.0,1
14, 15, 562.0,605.0,-1
15, 14, 562.0,605.0,-1
14, 16, 751.0,920.0,-1
16, 14, 751.0,920.0,-1
14, 14, 0.0,0.0,1
15, 16, 223.0,315.0,-1
16, 15, 223.0,315.0,-1
15, 15, 0.0,0.0,1
16, 16, 0.0,0.0,1


<end>