<number of nodes>
16

<ratio of available edges>
0.3

<max length of the drone flight>
100000 

<D 2/3>
1, 2, 5, 6, 7, 9, 11, 12, 13, 14, 16

<V>
9, 11, 13, 14, 16

<coordinates X,Y>
371.7726056087723, 665.3819942112113
448.7696451764422, 341.8006052140647
886.3466603113878, 96.09009490166356
502.9704544446656, 992.1828319749595
454.71970656183396, 311.05275035626806
464.2052927442313, 579.6739261370658
107.17890780112833, 349.0026836233946
172.7567875140614, 176.92965857498322
873.0151539045678, 772.3627500994944
892.3625246604836, 2.7427480978083616
471.00612034958414, 288.07420070613966
918.4040971801921, 499.23729362222
222.29009522022707, 481.69691268208504
364.929878992213, 50.310397264670705
561.9714093660226, 477.4721482471982
832.4316415867077, 149.87726118131175

<adjacency matrix with truck distances>
1, 2, 333.0,401.0,-1
2, 1, 333.0,401.0,-1
1, 3, 768.0,1084.0,1
3, 1, 768.0,1084.0,1
1, 4, 353.0,458.0,1
4, 1, 353.0,458.0,1
1, 5, 364.0,438.0,-1
5, 1, 364.0,438.0,-1
1, 6, 127.0,179.0,1
6, 1, 127.0,179.0,1
1, 7, 413.0,581.0,-1
7, 1, 413.0,581.0,-1
1, 8, 528.0,688.0,1
8, 1, 528.0,688.0,1
1, 9, 513.0,609.0,-1
9, 1, 513.0,609.0,-1
1, 10, 843.0,1184.0,-1
10, 1, 843.0,1184.0,-1
1, 11, 391.0,477.0,-1
11, 1, 391.0,477.0,-1
1, 12, 572.0,713.0,1
12, 1, 572.0,713.0,1
1, 13, 237.0,334.0,-1
13, 1, 237.0,334.0,-1
1, 14, 616.0,622.0,-1
14, 1, 616.0,622.0,-1
1, 15, 268.0,379.0,-1
15, 1, 268.0,379.0,-1
1, 16, 692.0,977.0,-1
16, 1, 692.0,977.0,-1
1, 1, 0.0,0.0,1
2, 3, 502.0,684.0,1
3, 2, 502.0,684.0,1
2, 4, 653.0,705.0,1
4, 2, 653.0,705.0,1
2, 5, 32.0,37.0,1
5, 2, 32.0,37.0,1
2, 6, 239.0,254.0,-1
6, 2, 239.0,254.0,-1
2, 7, 342.0,349.0,-1
7, 2, 342.0,349.0,-1
2, 8, 322.0,441.0,1
8, 2, 322.0,441.0,1
2, 9, 605.0,855.0,-1
9, 2, 605.0,855.0,-1
2, 10, 559.0,783.0,-1
10, 2, 559.0,783.0,-1
2, 11, 59.0,76.0,-1
11, 2, 59.0,76.0,-1
2, 12, 496.0,628.0,-1
12, 2, 496.0,628.0,-1
2, 13, 267.0,367.0,1
13, 2, 267.0,367.0,1
2, 14, 304.0,376.0,-1
14, 2, 304.0,376.0,-1
2, 15, 177.0,249.0,-1
15, 2, 177.0,249.0,-1
2, 16, 429.0,576.0,-1
16, 2, 429.0,576.0,-1
2, 2, 0.0,0.0,1
3, 4, 975.0,1280.0,-1
4, 3, 975.0,1280.0,-1
3, 5, 483.0,647.0,-1
5, 3, 483.0,647.0,-1
3, 6, 642.0,906.0,-1
6, 3, 642.0,906.0,-1
3, 7, 820.0,1033.0,-1
7, 3, 820.0,1033.0,-1
3, 8, 719.0,795.0,-1
8, 3, 719.0,795.0,-1
3, 9, 677.0,690.0,-1
9, 3, 677.0,690.0,-1
3, 10, 94.0,100.0,1
10, 3, 94.0,100.0,1
3, 11, 458.0,608.0,-1
11, 3, 458.0,608.0,-1
3, 12, 405.0,436.0,1
12, 3, 405.0,436.0,1
3, 13, 768.0,1050.0,-1
13, 3, 768.0,1050.0,-1
3, 14, 524.0,568.0,-1
14, 3, 524.0,568.0,-1
3, 15, 501.0,706.0,1
15, 3, 501.0,706.0,1
3, 16, 77.0,108.0,-1
16, 3, 77.0,108.0,-1
3, 3, 0.0,0.0,1
4, 5, 683.0,730.0,1
5, 4, 683.0,730.0,1
4, 6, 415.0,452.0,-1
6, 4, 415.0,452.0,-1
4, 7, 756.0,1039.0,-1
7, 4, 756.0,1039.0,-1
4, 8, 880.0,1146.0,1
8, 4, 880.0,1146.0,1
4, 9, 431.0,590.0,-1
9, 4, 431.0,590.0,-1
4, 10, 1064.0,1379.0,1
10, 4, 1064.0,1379.0,1
4, 11, 705.0,737.0,-1
11, 4, 705.0,737.0,-1
4, 12, 645.0,909.0,-1
12, 4, 645.0,909.0,-1
4, 13, 583.0,792.0,-1
13, 4, 583.0,792.0,-1
4, 14, 952.0,1080.0,-1
14, 4, 952.0,1080.0,-1
4, 15, 519.0,574.0,-1
15, 4, 519.0,574.0,-1
4, 16, 905.0,1172.0,1
16, 4, 905.0,1172.0,1
4, 4, 0.0,0.0,1
5, 6, 269.0,279.0,-1
6, 5, 269.0,279.0,-1
5, 7, 350.0,386.0,1
7, 5, 350.0,386.0,1
5, 8, 313.0,417.0,-1
8, 5, 313.0,417.0,-1
5, 9, 623.0,880.0,-1
9, 5, 623.0,880.0,-1
5, 10, 536.0,746.0,-1
10, 5, 536.0,746.0,-1
5, 11, 29.0,40.0,-1
11, 5, 29.0,40.0,-1
5, 12, 501.0,652.0,-1
12, 5, 501.0,652.0,-1
5, 13, 289.0,404.0,1
13, 5, 289.0,404.0,1
5, 14, 276.0,351.0,1
14, 5, 276.0,351.0,1
5, 15, 198.0,274.0,1
15, 5, 198.0,274.0,1
5, 16, 411.0,539.0,-1
16, 5, 411.0,539.0,-1
5, 5, 0.0,0.0,1
6, 7, 426.0,588.0,-1
7, 6, 426.0,588.0,-1
6, 8, 498.0,695.0,-1
8, 6, 498.0,695.0,-1
6, 9, 452.0,602.0,1
9, 6, 452.0,602.0,1
6, 10, 719.0,1006.0,-1
10, 6, 719.0,1006.0,-1
6, 11, 292.0,299.0,1
11, 6, 292.0,299.0,1
6, 12, 462.0,535.0,1
12, 6, 462.0,535.0,1
6, 13, 262.0,340.0,-1
13, 6, 262.0,340.0,-1
6, 14, 539.0,629.0,-1
14, 6, 539.0,629.0,-1
6, 15, 142.0,200.0,-1
15, 6, 142.0,200.0,-1
6, 16, 566.0,799.0,-1
16, 6, 566.0,799.0,-1
6, 6, 0.0,0.0,1
7, 8, 185.0,238.0,-1
8, 7, 185.0,238.0,-1
7, 9, 876.0,1190.0,1
9, 7, 876.0,1190.0,1
7, 10, 859.0,1132.0,-1
10, 7, 859.0,1132.0,-1
7, 11, 369.0,425.0,1
11, 7, 369.0,425.0,1
7, 12, 826.0,962.0,-1
12, 7, 826.0,962.0,-1
7, 13, 176.0,248.0,1
13, 7, 176.0,248.0,1
7, 14, 395.0,557.0,-1
14, 7, 395.0,557.0,-1
7, 15, 473.0,584.0,-1
15, 7, 473.0,584.0,-1
7, 16, 753.0,925.0,-1
16, 7, 753.0,925.0,-1
7, 7, 0.0,0.0,1
8, 9, 920.0,1296.0,-1
9, 8, 920.0,1296.0,-1
8, 10, 741.0,894.0,-1
10, 8, 741.0,894.0,-1
8, 11, 319.0,410.0,1
11, 8, 319.0,410.0,1
8, 12, 813.0,1068.0,-1
12, 8, 813.0,1068.0,-1
8, 13, 309.0,355.0,1
13, 8, 309.0,355.0,1
8, 14, 231.0,319.0,-1
14, 8, 231.0,319.0,-1
8, 15, 492.0,690.0,-1
15, 8, 492.0,690.0,-1
8, 16, 661.0,687.0,-1
16, 8, 661.0,687.0,-1
8, 8, 0.0,0.0,1
9, 10, 770.0,789.0,-1
10, 9, 770.0,789.0,-1
9, 11, 630.0,887.0,-1
11, 9, 630.0,887.0,-1
9, 12, 277.0,319.0,-1
12, 9, 277.0,319.0,-1
9, 13, 713.0,942.0,-1
13, 9, 713.0,942.0,-1
9, 14, 883.0,1231.0,1
14, 9, 883.0,1231.0,1
9, 15, 429.0,606.0,1
15, 9, 429.0,606.0,1
9, 16, 624.0,664.0,-1
16, 9, 624.0,664.0,-1
9, 9, 0.0,0.0,1
10, 11, 509.0,707.0,-1
11, 10, 509.0,707.0,-1
10, 12, 498.0,523.0,-1
12, 10, 498.0,523.0,-1
10, 13, 824.0,1150.0,-1
13, 10, 824.0,1150.0,-1
10, 14, 530.0,576.0,1
14, 10, 530.0,576.0,1
10, 15, 579.0,806.0,-1
15, 10, 579.0,806.0,-1
10, 16, 159.0,208.0,-1
16, 10, 159.0,208.0,-1
10, 10, 0.0,0.0,1
11, 12, 495.0,659.0,-1
12, 11, 495.0,659.0,-1
11, 13, 316.0,443.0,-1
13, 11, 316.0,443.0,-1
11, 14, 261.0,344.0,-1
14, 11, 261.0,344.0,-1
11, 15, 211.0,281.0,-1
15, 11, 211.0,281.0,-1
11, 16, 387.0,500.0,1
16, 11, 387.0,500.0,1
11, 11, 0.0,0.0,1
12, 13, 697.0,714.0,-1
13, 12, 697.0,714.0,-1
12, 14, 713.0,1003.0,-1
14, 12, 713.0,1003.0,-1
12, 15, 358.0,379.0,-1
15, 12, 358.0,379.0,-1
12, 16, 360.0,436.0,1
16, 12, 360.0,436.0,1
12, 12, 0.0,0.0,1
13, 14, 455.0,575.0,1
14, 13, 455.0,575.0,1
13, 15, 340.0,344.0,-1
15, 13, 340.0,344.0,-1
13, 16, 695.0,942.0,-1
16, 13, 695.0,942.0,-1
13, 13, 0.0,0.0,1
14, 15, 471.0,625.0,-1
15, 14, 471.0,625.0,-1
14, 16, 478.0,568.0,-1
16, 14, 478.0,568.0,-1
14, 14, 0.0,0.0,1
15, 16, 425.0,599.0,1
16, 15, 425.0,599.0,1
15, 15, 0.0,0.0,1
16, 16, 0.0,0.0,1


<end>