<number of nodes>
16

<ratio of available edges>
0.3

<max length of the drone flight>
100000 

<D 2/3>
1, 2, 3, 4, 5, 7, 9, 10, 12, 14, 15

<V>
4, 7, 9, 10, 14

<coordinates X,Y>
557.0325746424909, 880.4308494978463
679.2181875622211, 793.4581575882852
157.8427741158961, 690.5843568164804
313.0316769176769, 879.0444843303175
651.514677982185, 318.39512264765597
484.0643822329206, 947.691765947237
421.9728582001852, 822.2798570415778
811.6266054368651, 470.1377920332274
802.1695673824036, 720.7146268226201
285.9784099291858, 749.3241930149298
60.05700274573983, 283.57044496580534
938.8321039875552, 76.83441219509153
691.9114792255225, 869.0014993782935
751.5895708191479, 477.2072337371003
638.3401848186919, 849.5570568001209
175.65411989481447, 409.6545220074553

<adjacency matrix with truck distances>
1, 2, 150.0,210.0,-1
2, 1, 150.0,210.0,-1
1, 3, 443.0,590.0,-1
3, 1, 443.0,590.0,-1
1, 4, 245.0,246.0,-1
4, 1, 245.0,246.0,-1
1, 5, 570.0,657.0,-1
5, 1, 570.0,657.0,-1
1, 6, 100.0,141.0,-1
6, 1, 100.0,141.0,-1
1, 7, 148.0,194.0,-1
7, 1, 148.0,194.0,-1
1, 8, 483.0,665.0,-1
8, 1, 483.0,665.0,-1
1, 9, 293.0,405.0,-1
9, 1, 293.0,405.0,-1
1, 10, 302.0,403.0,-1
10, 1, 302.0,403.0,-1
1, 11, 777.0,1094.0,-1
11, 1, 777.0,1094.0,-1
1, 12, 890.0,1186.0,-1
12, 1, 890.0,1186.0,-1
1, 13, 136.0,147.0,1
13, 1, 136.0,147.0,1
1, 14, 448.0,598.0,1
14, 1, 448.0,598.0,1
1, 15, 87.0,113.0,-1
15, 1, 87.0,113.0,-1
1, 16, 606.0,853.0,1
16, 1, 606.0,853.0,1
1, 1, 0.0,0.0,1
2, 3, 532.0,625.0,-1
3, 2, 532.0,625.0,-1
2, 4, 377.0,452.0,-1
4, 2, 377.0,452.0,-1
2, 5, 476.0,503.0,-1
5, 2, 476.0,503.0,-1
2, 6, 249.0,350.0,-1
6, 2, 249.0,350.0,-1
2, 7, 259.0,287.0,-1
7, 2, 259.0,287.0,-1
2, 8, 350.0,456.0,-1
8, 2, 350.0,456.0,-1
2, 9, 143.0,196.0,1
9, 2, 143.0,196.0,1
2, 10, 396.0,438.0,-1
10, 2, 396.0,438.0,-1
2, 11, 803.0,1130.0,-1
11, 2, 803.0,1130.0,-1
2, 12, 763.0,977.0,-1
12, 2, 763.0,977.0,-1
2, 13, 77.0,89.0,-1
13, 2, 77.0,89.0,-1
2, 14, 325.0,389.0,1
14, 2, 325.0,389.0,1
2, 15, 70.0,97.0,1
15, 2, 70.0,97.0,1
2, 16, 634.0,888.0,-1
16, 2, 634.0,888.0,-1
2, 2, 0.0,0.0,1
3, 4, 245.0,344.0,1
4, 3, 245.0,344.0,1
3, 5, 619.0,866.0,-1
5, 3, 619.0,866.0,-1
3, 6, 416.0,584.0,1
6, 3, 416.0,584.0,1
3, 7, 296.0,396.0,-1
7, 3, 296.0,396.0,-1
3, 8, 690.0,875.0,1
8, 3, 690.0,875.0,1
3, 9, 646.0,675.0,1
9, 3, 646.0,675.0,1
3, 10, 141.0,187.0,1
10, 3, 141.0,187.0,1
3, 11, 419.0,505.0,-1
11, 3, 419.0,505.0,-1
3, 12, 994.0,1395.0,-1
12, 3, 994.0,1395.0,-1
3, 13, 564.0,713.0,-1
13, 3, 564.0,713.0,-1
3, 14, 631.0,808.0,-1
14, 3, 631.0,808.0,-1
3, 15, 507.0,640.0,-1
15, 3, 507.0,640.0,-1
3, 16, 282.0,299.0,-1
16, 3, 282.0,299.0,-1
3, 3, 0.0,0.0,1
4, 5, 655.0,900.0,1
5, 4, 655.0,900.0,1
4, 6, 185.0,240.0,1
6, 4, 185.0,240.0,1
4, 7, 123.0,166.0,1
7, 4, 123.0,166.0,1
4, 8, 645.0,908.0,-1
8, 4, 645.0,908.0,-1
4, 9, 515.0,648.0,1
9, 4, 515.0,648.0,1
4, 10, 133.0,157.0,-1
10, 4, 133.0,157.0,-1
4, 11, 647.0,849.0,1
11, 4, 647.0,849.0,1
4, 12, 1018.0,1429.0,-1
12, 4, 1018.0,1429.0,-1
4, 13, 380.0,389.0,1
13, 4, 380.0,389.0,1
4, 14, 595.0,841.0,1
14, 4, 595.0,841.0,1
4, 15, 327.0,355.0,-1
15, 4, 327.0,355.0,-1
4, 16, 490.0,607.0,-1
16, 4, 490.0,607.0,-1
4, 4, 0.0,0.0,1
5, 6, 652.0,797.0,-1
6, 5, 652.0,797.0,-1
5, 7, 554.0,734.0,-1
7, 5, 554.0,734.0,-1
5, 8, 221.0,312.0,1
8, 5, 221.0,312.0,1
5, 9, 430.0,553.0,1
9, 5, 430.0,553.0,1
5, 10, 566.0,797.0,-1
10, 5, 566.0,797.0,-1
5, 11, 593.0,627.0,-1
11, 5, 593.0,627.0,-1
5, 12, 376.0,529.0,1
12, 5, 376.0,529.0,1
5, 13, 553.0,592.0,1
13, 5, 553.0,592.0,1
5, 14, 188.0,259.0,-1
14, 5, 188.0,259.0,-1
5, 15, 532.0,545.0,-1
15, 5, 532.0,545.0,-1
5, 16, 485.0,568.0,1
16, 5, 485.0,568.0,1
5, 5, 0.0,0.0,1
6, 7, 140.0,188.0,1
7, 6, 140.0,188.0,1
6, 8, 580.0,806.0,-1
8, 6, 580.0,806.0,-1
6, 9, 391.0,546.0,-1
9, 6, 391.0,546.0,-1
6, 10, 281.0,397.0,-1
10, 6, 281.0,397.0,-1
6, 11, 788.0,1089.0,1
11, 6, 788.0,1089.0,1
6, 12, 983.0,1326.0,-1
12, 6, 983.0,1326.0,-1
6, 13, 223.0,287.0,1
13, 6, 223.0,287.0,1
6, 14, 542.0,739.0,1
14, 6, 542.0,739.0,1
6, 15, 183.0,253.0,-1
15, 6, 183.0,253.0,-1
6, 16, 621.0,847.0,1
16, 6, 621.0,847.0,1
6, 6, 0.0,0.0,1
7, 8, 526.0,742.0,-1
8, 7, 526.0,742.0,-1
7, 9, 394.0,482.0,-1
9, 7, 394.0,482.0,-1
7, 10, 155.0,209.0,-1
10, 7, 155.0,209.0,-1
7, 11, 649.0,901.0,-1
11, 7, 649.0,901.0,-1
7, 12, 908.0,1263.0,-1
12, 7, 908.0,1263.0,-1
7, 13, 274.0,317.0,-1
13, 7, 274.0,317.0,-1
7, 14, 478.0,675.0,-1
14, 7, 478.0,675.0,-1
7, 15, 219.0,244.0,1
15, 7, 219.0,244.0,1
7, 16, 481.0,659.0,-1
16, 7, 481.0,659.0,-1
7, 7, 0.0,0.0,1
8, 9, 251.0,261.0,-1
9, 8, 251.0,261.0,-1
8, 10, 596.0,805.0,-1
10, 8, 596.0,805.0,-1
8, 11, 775.0,939.0,-1
11, 8, 775.0,939.0,-1
8, 12, 414.0,521.0,-1
12, 8, 414.0,521.0,-1
8, 13, 417.0,519.0,-1
13, 8, 417.0,519.0,-1
8, 14, 61.0,68.0,-1
14, 8, 61.0,68.0,-1
8, 15, 418.0,553.0,-1
15, 8, 418.0,553.0,-1
8, 16, 639.0,697.0,1
16, 8, 639.0,697.0,1
8, 8, 0.0,0.0,1
9, 10, 517.0,545.0,-1
10, 9, 517.0,545.0,-1
9, 11, 862.0,1180.0,1
11, 9, 862.0,1180.0,1
9, 12, 659.0,781.0,-1
12, 9, 659.0,781.0,-1
9, 13, 185.0,259.0,-1
13, 9, 185.0,259.0,-1
9, 14, 249.0,295.0,-1
14, 9, 249.0,295.0,-1
9, 15, 209.0,293.0,-1
15, 9, 209.0,293.0,-1
9, 16, 700.0,938.0,-1
16, 9, 700.0,938.0,-1
9, 9, 0.0,0.0,1
10, 11, 518.0,692.0,1
11, 10, 518.0,692.0,1
10, 12, 938.0,1326.0,-1
12, 10, 938.0,1326.0,-1
10, 13, 424.0,526.0,-1
13, 10, 424.0,526.0,-1
10, 14, 540.0,738.0,-1
14, 10, 540.0,738.0,-1
10, 15, 367.0,453.0,1
15, 10, 367.0,453.0,1
10, 16, 358.0,450.0,-1
16, 10, 358.0,450.0,-1
10, 10, 0.0,0.0,1
11, 12, 903.0,1086.0,1
12, 11, 903.0,1086.0,1
11, 13, 862.0,1218.0,-1
13, 11, 862.0,1218.0,-1
11, 14, 719.0,886.0,-1
14, 11, 719.0,886.0,-1
11, 15, 810.0,1145.0,-1
15, 11, 810.0,1145.0,-1
11, 16, 172.0,242.0,-1
16, 11, 172.0,242.0,-1
11, 11, 0.0,0.0,1
12, 13, 830.0,1040.0,-1
13, 12, 830.0,1040.0,-1
12, 14, 442.0,588.0,-1
14, 12, 442.0,588.0,-1
12, 15, 830.0,1074.0,-1
15, 12, 830.0,1074.0,-1
12, 16, 833.0,1096.0,-1
16, 12, 833.0,1096.0,-1
12, 12, 0.0,0.0,1
13, 14, 397.0,452.0,-1
14, 13, 397.0,452.0,-1
13, 15, 57.0,74.0,1
15, 13, 57.0,74.0,1
13, 16, 692.0,976.0,-1
16, 13, 692.0,976.0,-1
13, 13, 0.0,0.0,1
14, 15, 390.0,486.0,-1
15, 14, 390.0,486.0,-1
14, 16, 580.0,644.0,-1
16, 14, 580.0,644.0,-1
14, 14, 0.0,0.0,1
15, 16, 639.0,903.0,1
16, 15, 639.0,903.0,1
15, 15, 0.0,0.0,1
16, 16, 0.0,0.0,1


<end>