<number of nodes>
16

<ratio of available edges>
0.3

<max length of the drone flight>
100000 

<D 2/3>
1, 2, 3, 4, 5, 6, 7, 11, 13, 14, 15

<V>
2, 4, 7, 13, 14

<coordinates X,Y>
252.89187264476962, 728.9057707636683
730.528396197838, 695.6655407283697
457.3169231518829, 320.1738683843699
13.823251912765574, 268.249385354739
143.5538354209535, 576.6788825184207
841.3944977687906, 521.2705040129408
346.47618546069486, 509.8116165222101
770.4215317360229, 170.6911799121667
62.065925930200926, 896.7612738667387
447.93714413877683, 660.0447506105502
347.84783259755375, 724.9342850494621
513.4423111500362, 607.9297867173092
980.8782730120006, 342.54900717062543
515.9041997408785, 891.9530425150982
298.06746769578876, 86.1017830826601
590.5671051199829, 895.6335572583769

<adjacency matrix with truck distances>
1, 2, 479.0,511.0,1
2, 1, 479.0,511.0,1
1, 3, 458.0,614.0,-1
3, 1, 458.0,614.0,-1
1, 4, 519.0,700.0,-1
4, 1, 519.0,700.0,-1
1, 5, 188.0,262.0,1
5, 1, 188.0,262.0,1
1, 6, 625.0,797.0,1
6, 1, 625.0,797.0,1
1, 7, 239.0,313.0,-1
7, 1, 239.0,313.0,-1
1, 8, 762.0,1076.0,-1
8, 1, 762.0,1076.0,-1
1, 9, 255.0,359.0,-1
9, 1, 255.0,359.0,-1
1, 10, 207.0,264.0,-1
10, 1, 207.0,264.0,-1
1, 11, 96.0,99.0,1
11, 1, 96.0,99.0,1
1, 12, 288.0,382.0,-1
12, 1, 288.0,382.0,-1
1, 13, 825.0,1115.0,1
13, 1, 825.0,1115.0,1
1, 14, 310.0,427.0,1
14, 1, 310.0,427.0,1
1, 15, 645.0,688.0,-1
15, 1, 645.0,688.0,-1
1, 16, 377.0,505.0,-1
16, 1, 377.0,505.0,-1
1, 1, 0.0,0.0,1
2, 3, 465.0,649.0,-1
3, 2, 465.0,649.0,-1
2, 4, 835.0,1145.0,-1
4, 2, 835.0,1145.0,-1
2, 5, 599.0,706.0,-1
5, 2, 599.0,706.0,-1
2, 6, 207.0,286.0,-1
6, 2, 207.0,286.0,-1
2, 7, 427.0,570.0,-1
7, 2, 427.0,570.0,-1
2, 8, 527.0,565.0,-1
8, 2, 527.0,565.0,-1
2, 9, 699.0,870.0,1
9, 2, 699.0,870.0,1
2, 10, 285.0,319.0,-1
10, 2, 285.0,319.0,-1
2, 11, 384.0,412.0,-1
11, 2, 384.0,412.0,-1
2, 12, 235.0,305.0,-1
12, 2, 235.0,305.0,-1
2, 13, 433.0,604.0,-1
13, 2, 433.0,604.0,-1
2, 14, 291.0,411.0,1
14, 2, 291.0,411.0,1
2, 15, 748.0,1043.0,-1
15, 2, 748.0,1043.0,-1
2, 16, 245.0,340.0,1
16, 2, 245.0,340.0,1
2, 2, 0.0,0.0,1
3, 4, 447.0,496.0,1
4, 3, 447.0,496.0,1
3, 5, 406.0,571.0,-1
5, 3, 406.0,571.0,-1
3, 6, 434.0,586.0,-1
6, 3, 434.0,586.0,-1
3, 7, 220.0,301.0,1
7, 3, 220.0,301.0,1
3, 8, 347.0,463.0,-1
8, 3, 347.0,463.0,-1
3, 9, 700.0,972.0,-1
9, 3, 700.0,972.0,-1
3, 10, 341.0,350.0,-1
10, 3, 341.0,350.0,-1
3, 11, 420.0,515.0,-1
11, 3, 420.0,515.0,-1
3, 12, 294.0,344.0,-1
12, 3, 294.0,344.0,-1
3, 13, 525.0,546.0,-1
13, 3, 525.0,546.0,-1
3, 14, 575.0,631.0,-1
14, 3, 575.0,631.0,-1
3, 15, 284.0,394.0,1
15, 3, 284.0,394.0,1
3, 16, 591.0,709.0,-1
16, 3, 591.0,709.0,-1
3, 3, 0.0,0.0,1
4, 5, 335.0,439.0,-1
5, 4, 335.0,439.0,-1
4, 6, 866.0,1081.0,1
6, 4, 866.0,1081.0,1
4, 7, 412.0,575.0,1
7, 4, 412.0,575.0,1
4, 8, 763.0,855.0,-1
8, 4, 763.0,855.0,-1
4, 9, 631.0,677.0,-1
9, 4, 631.0,677.0,-1
4, 10, 585.0,826.0,-1
10, 4, 585.0,826.0,-1
4, 11, 566.0,791.0,-1
11, 4, 566.0,791.0,-1
4, 12, 605.0,840.0,-1
12, 4, 605.0,840.0,-1
4, 13, 970.0,1042.0,-1
13, 4, 970.0,1042.0,-1
4, 14, 801.0,1126.0,1
14, 4, 801.0,1126.0,1
4, 15, 338.0,467.0,1
15, 4, 338.0,467.0,1
4, 16, 853.0,1205.0,-1
16, 4, 853.0,1205.0,-1
4, 4, 0.0,0.0,1
5, 6, 701.0,754.0,1
6, 5, 701.0,754.0,1
5, 7, 214.0,270.0,1
7, 5, 214.0,270.0,1
5, 8, 747.0,1033.0,-1
8, 5, 747.0,1033.0,-1
5, 9, 331.0,402.0,-1
9, 5, 331.0,402.0,-1
5, 10, 316.0,388.0,1
10, 5, 316.0,388.0,1
5, 11, 253.0,353.0,-1
11, 5, 253.0,353.0,-1
5, 12, 372.0,402.0,-1
12, 5, 372.0,402.0,-1
5, 13, 870.0,1072.0,-1
13, 5, 870.0,1072.0,-1
5, 14, 488.0,688.0,-1
14, 5, 488.0,688.0,-1
5, 15, 515.0,646.0,-1
15, 5, 515.0,646.0,-1
5, 16, 550.0,766.0,-1
16, 5, 550.0,766.0,-1
5, 5, 0.0,0.0,1
6, 7, 496.0,507.0,-1
7, 6, 496.0,507.0,-1
6, 8, 358.0,422.0,1
8, 6, 358.0,422.0,1
6, 9, 866.0,1155.0,-1
9, 6, 866.0,1155.0,-1
6, 10, 418.0,533.0,-1
10, 6, 418.0,533.0,-1
6, 11, 534.0,698.0,-1
11, 6, 534.0,698.0,-1
6, 12, 340.0,415.0,-1
12, 6, 340.0,415.0,-1
6, 13, 227.0,319.0,-1
13, 6, 227.0,319.0,-1
6, 14, 494.0,697.0,1
14, 6, 494.0,697.0,1
6, 15, 697.0,979.0,-1
15, 6, 697.0,979.0,-1
6, 16, 451.0,626.0,1
16, 6, 451.0,626.0,1
6, 6, 0.0,0.0,1
7, 8, 543.0,764.0,1
8, 7, 543.0,764.0,1
7, 9, 481.0,672.0,-1
9, 7, 481.0,672.0,-1
7, 10, 182.0,252.0,1
10, 7, 182.0,252.0,1
7, 11, 216.0,217.0,1
11, 7, 216.0,217.0,1
7, 12, 194.0,266.0,-1
12, 7, 194.0,266.0,-1
7, 13, 657.0,802.0,-1
13, 7, 657.0,802.0,-1
7, 14, 419.0,552.0,-1
14, 7, 419.0,552.0,-1
7, 15, 427.0,473.0,-1
15, 7, 427.0,473.0,-1
7, 16, 457.0,630.0,-1
16, 7, 457.0,630.0,-1
7, 7, 0.0,0.0,1
8, 9, 1015.0,1435.0,-1
9, 8, 1015.0,1435.0,-1
8, 10, 587.0,812.0,-1
10, 8, 587.0,812.0,-1
8, 11, 697.0,977.0,-1
11, 8, 697.0,977.0,-1
8, 12, 508.0,695.0,-1
12, 8, 508.0,695.0,-1
8, 13, 272.0,383.0,-1
13, 8, 272.0,383.0,-1
8, 14, 765.0,976.0,-1
14, 8, 765.0,976.0,-1
8, 15, 480.0,557.0,1
15, 8, 480.0,557.0,1
8, 16, 747.0,905.0,1
16, 8, 747.0,905.0,1
8, 8, 0.0,0.0,1
9, 10, 453.0,623.0,-1
10, 9, 453.0,623.0,-1
9, 11, 334.0,458.0,-1
11, 9, 334.0,458.0,-1
9, 12, 536.0,741.0,-1
12, 9, 536.0,741.0,-1
9, 13, 1074.0,1474.0,-1
13, 9, 1074.0,1474.0,-1
9, 14, 454.0,459.0,-1
14, 9, 454.0,459.0,-1
9, 15, 845.0,1047.0,1
15, 9, 845.0,1047.0,1
9, 16, 529.0,530.0,-1
16, 9, 529.0,530.0,-1
9, 9, 0.0,0.0,1
10, 11, 120.0,165.0,-1
11, 10, 120.0,165.0,-1
10, 12, 84.0,118.0,1
12, 10, 84.0,118.0,1
10, 13, 621.0,851.0,-1
13, 10, 621.0,851.0,-1
10, 14, 242.0,300.0,-1
14, 10, 242.0,300.0,-1
10, 15, 594.0,724.0,-1
15, 10, 594.0,724.0,-1
10, 16, 276.0,379.0,-1
16, 10, 276.0,379.0,-1
10, 10, 0.0,0.0,1
11, 12, 203.0,283.0,-1
12, 11, 203.0,283.0,-1
11, 13, 740.0,1016.0,-1
13, 11, 740.0,1016.0,-1
11, 14, 237.0,336.0,-1
14, 11, 237.0,336.0,-1
11, 15, 641.0,689.0,1
15, 11, 641.0,689.0,1
11, 16, 297.0,414.0,1
16, 11, 297.0,414.0,1
11, 11, 0.0,0.0,1
12, 13, 538.0,733.0,-1
13, 12, 538.0,733.0,-1
12, 14, 285.0,287.0,1
14, 12, 285.0,287.0,1
12, 15, 565.0,738.0,1
15, 12, 565.0,738.0,1
12, 16, 298.0,365.0,-1
16, 12, 298.0,365.0,-1
12, 12, 0.0,0.0,1
13, 14, 720.0,1015.0,1
14, 13, 720.0,1015.0,1
13, 15, 730.0,940.0,1
15, 13, 730.0,940.0,1
13, 16, 677.0,944.0,-1
16, 13, 677.0,944.0,-1
13, 13, 0.0,0.0,1
14, 15, 835.0,1024.0,1
15, 14, 835.0,1024.0,1
14, 16, 75.0,79.0,-1
16, 14, 75.0,79.0,-1
14, 14, 0.0,0.0,1
15, 16, 861.0,1103.0,-1
16, 15, 861.0,1103.0,-1
15, 15, 0.0,0.0,1
16, 16, 0.0,0.0,1


<end>