<number of nodes>
16

<ratio of available edges>
0.3

<max length of the drone flight>
100000 

<D 2/3>
1, 3, 4, 5, 8, 9, 10, 11, 13, 14, 15

<V>
5, 9, 11, 14, 15

<coordinates X,Y>
617.7409419291761, 89.2792333851084
12.521550816673388, 401.9927550775239
562.8834707962137, 168.25507205433314
396.92740998032093, 84.352423913418
764.9885780909668, 871.8911709319075
66.41776987132629, 408.1788988798792
285.0591363299073, 184.85013273749743
838.8690553660391, 859.6872536116086
88.72171938965994, 583.2420534013055
706.8979521500239, 826.2697105215846
595.3005656237723, 205.8990222942015
500.3927163400749, 63.086917640854054
937.7280392090098, 630.5944481771347
715.2576303176214, 339.4229417655396
53.17311104446631, 590.0492872646732
497.4786150671349, 984.8823618535649

<adjacency matrix with truck distances>
1, 2, 682.0,918.0,-1
2, 1, 682.0,918.0,-1
1, 3, 97.0,134.0,-1
3, 1, 97.0,134.0,-1
1, 4, 221.0,226.0,-1
4, 1, 221.0,226.0,-1
1, 5, 797.0,930.0,-1
5, 1, 797.0,930.0,-1
1, 6, 637.0,871.0,-1
6, 1, 637.0,871.0,-1
1, 7, 347.0,429.0,-1
7, 1, 347.0,429.0,-1
1, 8, 802.0,992.0,-1
8, 1, 802.0,992.0,-1
1, 9, 724.0,1023.0,-1
9, 1, 724.0,1023.0,-1
1, 10, 743.0,827.0,-1
10, 1, 743.0,827.0,-1
1, 11, 119.0,140.0,-1
11, 1, 119.0,140.0,-1
1, 12, 121.0,144.0,1
12, 1, 121.0,144.0,1
1, 13, 629.0,862.0,1
13, 1, 629.0,862.0,1
1, 14, 269.0,348.0,-1
14, 1, 269.0,348.0,-1
1, 15, 755.0,1066.0,-1
15, 1, 755.0,1066.0,-1
1, 16, 904.0,1016.0,-1
16, 1, 904.0,1016.0,-1
1, 1, 0.0,0.0,1
2, 3, 598.0,785.0,1
3, 2, 598.0,785.0,1
2, 4, 499.0,703.0,-1
4, 2, 499.0,703.0,-1
2, 5, 888.0,1223.0,1
5, 2, 888.0,1223.0,1
2, 6, 55.0,61.0,-1
6, 2, 55.0,61.0,-1
2, 7, 349.0,490.0,-1
7, 2, 349.0,490.0,-1
2, 8, 945.0,1285.0,-1
8, 2, 945.0,1285.0,-1
2, 9, 197.0,258.0,-1
9, 2, 197.0,258.0,-1
2, 10, 814.0,1119.0,1
10, 2, 814.0,1119.0,1
2, 11, 615.0,779.0,-1
11, 2, 615.0,779.0,-1
2, 12, 595.0,827.0,-1
12, 2, 595.0,827.0,-1
2, 13, 954.0,1154.0,-1
13, 2, 954.0,1154.0,-1
2, 14, 706.0,766.0,1
14, 2, 706.0,766.0,1
2, 15, 193.0,229.0,1
15, 2, 193.0,229.0,1
2, 16, 759.0,1068.0,-1
16, 2, 759.0,1068.0,-1
2, 2, 0.0,0.0,1
3, 4, 186.0,250.0,-1
4, 3, 186.0,250.0,-1
3, 5, 733.0,906.0,-1
5, 3, 733.0,906.0,-1
3, 6, 552.0,737.0,-1
6, 3, 552.0,737.0,-1
3, 7, 279.0,295.0,1
7, 3, 279.0,295.0,1
3, 8, 745.0,968.0,-1
8, 3, 745.0,968.0,-1
3, 9, 631.0,890.0,1
9, 3, 631.0,890.0,1
3, 10, 674.0,803.0,-1
10, 3, 674.0,803.0,-1
3, 11, 50.0,71.0,-1
11, 3, 50.0,71.0,-1
3, 12, 123.0,168.0,1
12, 3, 123.0,168.0,1
3, 13, 596.0,838.0,-1
13, 3, 596.0,838.0,-1
3, 14, 230.0,324.0,-1
14, 3, 230.0,324.0,-1
3, 15, 662.0,932.0,-1
15, 3, 662.0,932.0,-1
3, 16, 820.0,883.0,-1
16, 3, 820.0,883.0,-1
3, 3, 0.0,0.0,1
4, 5, 870.0,1156.0,-1
5, 4, 870.0,1156.0,-1
4, 6, 463.0,655.0,1
6, 4, 463.0,655.0,1
4, 7, 151.0,213.0,1
7, 4, 151.0,213.0,1
4, 8, 893.0,1218.0,-1
8, 4, 893.0,1218.0,-1
4, 9, 587.0,808.0,1
9, 4, 587.0,808.0,1
4, 10, 805.0,1052.0,1
10, 4, 805.0,1052.0,1
4, 11, 233.0,320.0,-1
11, 4, 233.0,320.0,-1
4, 12, 106.0,125.0,1
12, 4, 106.0,125.0,1
4, 13, 769.0,1088.0,1
13, 4, 769.0,1088.0,1
4, 14, 408.0,574.0,1
14, 4, 408.0,574.0,1
4, 15, 612.0,850.0,-1
15, 4, 612.0,850.0,-1
4, 16, 907.0,1002.0,1
16, 4, 907.0,1002.0,1
4, 4, 0.0,0.0,1
5, 6, 839.0,1163.0,-1
6, 5, 839.0,1163.0,-1
5, 7, 839.0,1167.0,-1
7, 5, 839.0,1167.0,-1
5, 8, 75.0,87.0,1
8, 5, 75.0,87.0,1
5, 9, 736.0,965.0,-1
9, 5, 736.0,965.0,-1
5, 10, 74.0,104.0,-1
10, 5, 74.0,104.0,-1
5, 11, 688.0,836.0,-1
11, 5, 688.0,836.0,-1
5, 12, 851.0,1074.0,-1
12, 5, 851.0,1074.0,-1
5, 13, 297.0,415.0,-1
13, 5, 297.0,415.0,-1
5, 14, 535.0,583.0,-1
14, 5, 535.0,583.0,-1
5, 15, 766.0,994.0,-1
15, 5, 766.0,994.0,-1
5, 16, 291.0,381.0,1
16, 5, 291.0,381.0,1
5, 5, 0.0,0.0,1
6, 7, 313.0,442.0,1
7, 6, 313.0,442.0,1
6, 8, 895.0,1224.0,-1
8, 6, 895.0,1224.0,-1
6, 9, 177.0,198.0,-1
9, 6, 177.0,198.0,-1
6, 10, 765.0,1059.0,-1
10, 6, 765.0,1059.0,-1
6, 11, 567.0,732.0,-1
11, 6, 567.0,732.0,-1
6, 12, 555.0,780.0,-1
12, 6, 555.0,780.0,-1
6, 13, 900.0,1094.0,-1
13, 6, 900.0,1094.0,-1
6, 14, 653.0,718.0,1
14, 6, 653.0,718.0,1
6, 15, 183.0,196.0,-1
15, 6, 183.0,196.0,-1
6, 16, 721.0,1008.0,1
16, 6, 721.0,1008.0,1
6, 6, 0.0,0.0,1
7, 8, 873.0,1229.0,1
8, 7, 873.0,1229.0,1
7, 9, 445.0,595.0,-1
9, 7, 445.0,595.0,-1
7, 10, 768.0,1064.0,-1
10, 7, 768.0,1064.0,-1
7, 11, 311.0,332.0,-1
11, 7, 311.0,332.0,-1
7, 12, 248.0,338.0,-1
12, 7, 248.0,338.0,-1
7, 13, 791.0,1099.0,1
13, 7, 791.0,1099.0,1
7, 14, 458.0,585.0,1
14, 7, 458.0,585.0,1
7, 15, 467.0,638.0,-1
15, 7, 467.0,638.0,-1
7, 16, 828.0,1013.0,-1
16, 7, 828.0,1013.0,-1
7, 7, 0.0,0.0,1
8, 9, 800.0,1027.0,-1
9, 8, 800.0,1027.0,-1
8, 10, 137.0,166.0,-1
10, 8, 137.0,166.0,-1
8, 11, 698.0,898.0,1
11, 8, 698.0,898.0,1
8, 12, 866.0,1136.0,-1
12, 8, 866.0,1136.0,-1
8, 13, 250.0,328.0,-1
13, 8, 250.0,328.0,-1
8, 14, 535.0,644.0,1
14, 8, 535.0,644.0,1
8, 15, 831.0,1056.0,1
15, 8, 831.0,1056.0,1
8, 16, 364.0,467.0,-1
16, 8, 364.0,467.0,-1
8, 8, 0.0,0.0,1
9, 10, 665.0,862.0,1
10, 9, 665.0,862.0,1
9, 11, 632.0,884.0,-1
11, 9, 632.0,884.0,-1
9, 12, 664.0,932.0,-1
12, 9, 664.0,932.0,-1
9, 13, 851.0,897.0,1
13, 9, 851.0,897.0,1
9, 14, 673.0,871.0,-1
14, 9, 673.0,871.0,-1
9, 15, 37.0,43.0,-1
15, 9, 37.0,43.0,-1
9, 16, 574.0,811.0,-1
16, 9, 574.0,811.0,-1
9, 9, 0.0,0.0,1
10, 11, 631.0,732.0,1
11, 10, 631.0,732.0,1
10, 12, 791.0,970.0,-1
12, 10, 791.0,970.0,-1
10, 13, 303.0,427.0,-1
13, 10, 303.0,427.0,-1
10, 14, 487.0,496.0,-1
14, 10, 487.0,496.0,-1
10, 15, 696.0,890.0,-1
15, 10, 696.0,890.0,-1
10, 16, 263.0,369.0,-1
16, 10, 263.0,369.0,-1
10, 10, 0.0,0.0,1
11, 12, 172.0,238.0,-1
12, 11, 172.0,238.0,-1
11, 13, 546.0,768.0,-1
13, 11, 546.0,768.0,-1
11, 14, 180.0,254.0,-1
14, 11, 180.0,254.0,-1
11, 15, 665.0,927.0,-1
15, 11, 665.0,927.0,-1
11, 16, 786.0,877.0,-1
16, 11, 786.0,877.0,-1
11, 11, 0.0,0.0,1
12, 13, 717.0,1005.0,1
13, 12, 717.0,1005.0,1
12, 14, 351.0,492.0,-1
14, 12, 351.0,492.0,-1
12, 15, 692.0,975.0,-1
15, 12, 692.0,975.0,-1
12, 16, 922.0,925.0,-1
16, 12, 922.0,925.0,-1
12, 12, 0.0,0.0,1
13, 14, 367.0,514.0,-1
14, 13, 367.0,514.0,-1
13, 15, 886.0,926.0,1
15, 13, 886.0,926.0,1
13, 16, 566.0,795.0,1
16, 13, 566.0,795.0,1
13, 13, 0.0,0.0,1
14, 15, 708.0,913.0,1
15, 14, 708.0,913.0,1
14, 16, 682.0,864.0,-1
16, 14, 682.0,864.0,-1
14, 14, 0.0,0.0,1
15, 16, 595.0,840.0,-1
16, 15, 595.0,840.0,-1
15, 15, 0.0,0.0,1
16, 16, 0.0,0.0,1


<end>