<number of nodes>
16

<ratio of available edges>
0.3

<max length of the drone flight>
100000 

<D 2/3>
1, 2, 3, 4, 5, 6, 7, 9, 10, 14, 15

<V>
4, 7, 9, 14, 15

<coordinates X,Y>
942.0432151457699, 323.86818207460044
511.0448150443356, 623.1405124756453
774.4792222040213, 785.0471277119616
248.2418672501336, 847.7670069508112
728.9839275978995, 714.4497167301444
476.30312773795174, 712.1283512955331
214.88396514865084, 443.85415359871496
448.5529407677318, 461.68381863696555
36.436859184061404, 675.080296744018
208.53502498802825, 39.3192388635005
371.43065495080964, 379.3623634384379
61.05361071372113, 157.67124823026748
887.5122128156377, 368.8680267767838
9.640193699904366, 621.9117694222275
631.172494841543, 38.249775228713375
504.9922919170133, 180.2011788525251

<adjacency matrix with truck distances>
1, 2, 525.0,731.0,-1
2, 1, 525.0,731.0,-1
1, 3, 491.0,629.0,-1
3, 1, 491.0,629.0,-1
1, 4, 870.0,1218.0,1
4, 1, 870.0,1218.0,1
1, 5, 445.0,604.0,-1
5, 1, 445.0,604.0,-1
1, 6, 607.0,855.0,1
6, 1, 607.0,855.0,1
1, 7, 737.0,848.0,-1
7, 1, 737.0,848.0,-1
1, 8, 513.0,632.0,-1
8, 1, 513.0,632.0,-1
1, 9, 972.0,1257.0,-1
9, 1, 972.0,1257.0,-1
1, 10, 787.0,1019.0,-1
10, 1, 787.0,1019.0,-1
1, 11, 574.0,627.0,-1
11, 1, 574.0,627.0,-1
1, 12, 897.0,1048.0,1
12, 1, 897.0,1048.0,1
1, 13, 71.0,100.0,-1
13, 1, 71.0,100.0,-1
1, 14, 979.0,1231.0,1
14, 1, 979.0,1231.0,1
1, 15, 423.0,597.0,-1
15, 1, 423.0,597.0,-1
1, 16, 461.0,581.0,1
16, 1, 461.0,581.0,1
1, 1, 0.0,0.0,1
2, 3, 310.0,426.0,-1
3, 2, 310.0,426.0,-1
2, 4, 346.0,488.0,1
4, 2, 346.0,488.0,1
2, 5, 237.0,310.0,1
5, 2, 237.0,310.0,1
2, 6, 96.0,124.0,1
6, 2, 96.0,124.0,1
2, 7, 347.0,476.0,-1
7, 2, 347.0,476.0,-1
2, 8, 174.0,224.0,-1
8, 2, 174.0,224.0,-1
2, 9, 478.0,527.0,1
9, 2, 478.0,527.0,1
2, 10, 658.0,887.0,-1
10, 2, 658.0,887.0,-1
2, 11, 281.0,384.0,-1
11, 2, 281.0,384.0,-1
2, 12, 648.0,916.0,-1
12, 2, 648.0,916.0,-1
2, 13, 455.0,631.0,1
13, 2, 455.0,631.0,1
2, 14, 502.0,503.0,1
14, 2, 502.0,503.0,1
2, 15, 598.0,706.0,-1
15, 2, 598.0,706.0,-1
2, 16, 443.0,449.0,1
16, 2, 443.0,449.0,1
2, 2, 0.0,0.0,1
3, 4, 530.0,589.0,1
4, 3, 530.0,589.0,1
3, 5, 84.0,117.0,-1
5, 3, 84.0,117.0,-1
3, 6, 307.0,372.0,-1
6, 3, 307.0,372.0,-1
3, 7, 656.0,901.0,1
7, 3, 656.0,901.0,1
3, 8, 460.0,650.0,-1
8, 3, 460.0,650.0,-1
3, 9, 747.0,849.0,1
9, 3, 747.0,849.0,1
3, 10, 937.0,1312.0,-1
10, 3, 937.0,1312.0,-1
3, 11, 572.0,809.0,1
11, 3, 572.0,809.0,1
3, 12, 951.0,1341.0,-1
12, 3, 951.0,1341.0,-1
3, 13, 432.0,530.0,-1
13, 3, 432.0,530.0,-1
3, 14, 783.0,928.0,-1
14, 3, 783.0,928.0,-1
3, 15, 761.0,891.0,-1
15, 3, 761.0,891.0,-1
3, 16, 663.0,875.0,-1
16, 3, 663.0,875.0,-1
3, 3, 0.0,0.0,1
4, 5, 499.0,615.0,1
5, 4, 499.0,615.0,1
4, 6, 266.0,364.0,-1
6, 4, 266.0,364.0,-1
4, 7, 406.0,438.0,-1
7, 4, 406.0,438.0,-1
4, 8, 435.0,587.0,-1
8, 4, 435.0,587.0,-1
4, 9, 274.0,385.0,-1
9, 4, 274.0,385.0,-1
4, 10, 810.0,849.0,-1
10, 4, 810.0,849.0,-1
4, 11, 485.0,592.0,1
11, 4, 485.0,592.0,1
4, 12, 716.0,878.0,-1
12, 4, 716.0,878.0,-1
4, 13, 799.0,1119.0,-1
13, 4, 799.0,1119.0,-1
4, 14, 329.0,465.0,-1
14, 4, 329.0,465.0,-1
4, 15, 896.0,1193.0,1
15, 4, 896.0,1193.0,1
4, 16, 716.0,925.0,-1
16, 4, 716.0,925.0,-1
4, 4, 0.0,0.0,1
5, 6, 253.0,256.0,-1
6, 5, 253.0,256.0,-1
5, 7, 581.0,785.0,-1
7, 5, 581.0,785.0,-1
5, 8, 378.0,534.0,-1
8, 5, 378.0,534.0,-1
5, 9, 694.0,732.0,-1
9, 5, 694.0,732.0,-1
5, 10, 853.0,1196.0,-1
10, 5, 853.0,1196.0,-1
5, 11, 491.0,693.0,-1
11, 5, 491.0,693.0,-1
5, 12, 870.0,1225.0,1
12, 5, 870.0,1225.0,1
5, 13, 381.0,505.0,1
13, 5, 381.0,505.0,1
5, 14, 726.0,812.0,-1
14, 5, 726.0,812.0,-1
5, 15, 684.0,775.0,1
15, 5, 684.0,775.0,1
5, 16, 580.0,759.0,1
16, 5, 580.0,759.0,1
5, 5, 0.0,0.0,1
6, 7, 375.0,530.0,1
7, 6, 375.0,530.0,1
6, 8, 252.0,279.0,1
8, 6, 252.0,279.0,1
6, 9, 442.0,477.0,-1
9, 6, 442.0,477.0,-1
6, 10, 725.0,941.0,-1
10, 6, 725.0,941.0,-1
6, 11, 349.0,438.0,1
11, 6, 349.0,438.0,1
6, 12, 693.0,970.0,-1
12, 6, 693.0,970.0,-1
6, 13, 536.0,755.0,-1
13, 6, 536.0,755.0,-1
6, 14, 476.0,557.0,-1
14, 6, 476.0,557.0,-1
6, 15, 692.0,829.0,-1
15, 6, 692.0,829.0,-1
6, 16, 533.0,561.0,-1
16, 6, 533.0,561.0,-1
6, 6, 0.0,0.0,1
7, 8, 235.0,252.0,-1
8, 7, 235.0,252.0,-1
7, 9, 293.0,410.0,-1
9, 7, 293.0,410.0,-1
7, 10, 405.0,411.0,-1
10, 7, 405.0,411.0,-1
7, 11, 170.0,222.0,1
11, 7, 170.0,222.0,1
7, 12, 325.0,441.0,-1
12, 7, 325.0,441.0,-1
7, 13, 677.0,748.0,-1
13, 7, 677.0,748.0,-1
7, 14, 272.0,384.0,-1
14, 7, 272.0,384.0,-1
7, 15, 582.0,822.0,-1
15, 7, 582.0,822.0,-1
7, 16, 393.0,554.0,-1
16, 7, 393.0,554.0,-1
7, 7, 0.0,0.0,1
8, 9, 465.0,626.0,-1
9, 8, 465.0,626.0,-1
8, 10, 486.0,663.0,-1
10, 8, 486.0,663.0,-1
8, 11, 113.0,160.0,1
11, 8, 113.0,160.0,1
8, 12, 493.0,692.0,-1
12, 8, 493.0,692.0,-1
8, 13, 449.0,532.0,-1
13, 8, 449.0,532.0,-1
8, 14, 468.0,600.0,1
14, 8, 468.0,600.0,1
8, 15, 462.0,607.0,-1
15, 8, 462.0,607.0,-1
8, 16, 288.0,338.0,-1
16, 8, 288.0,338.0,-1
8, 8, 0.0,0.0,1
9, 10, 659.0,808.0,-1
10, 9, 659.0,808.0,-1
9, 11, 447.0,631.0,1
11, 9, 447.0,631.0,1
9, 12, 518.0,543.0,1
12, 9, 518.0,543.0,1
9, 13, 905.0,1158.0,-1
13, 9, 905.0,1158.0,-1
9, 14, 60.0,80.0,-1
14, 9, 60.0,80.0,-1
9, 15, 872.0,1232.0,1
15, 9, 872.0,1232.0,1
9, 16, 682.0,964.0,-1
16, 9, 682.0,964.0,-1
9, 9, 0.0,0.0,1
10, 11, 378.0,503.0,-1
11, 10, 378.0,503.0,-1
10, 12, 190.0,266.0,-1
12, 10, 190.0,266.0,-1
10, 13, 755.0,1009.0,-1
13, 10, 755.0,1009.0,-1
10, 14, 616.0,782.0,-1
14, 10, 616.0,782.0,-1
10, 15, 423.0,424.0,1
15, 10, 423.0,424.0,1
10, 16, 329.0,438.0,-1
16, 10, 329.0,438.0,-1
10, 10, 0.0,0.0,1
11, 12, 382.0,533.0,-1
12, 11, 382.0,533.0,-1
11, 13, 517.0,527.0,-1
13, 11, 517.0,527.0,-1
11, 14, 436.0,605.0,-1
14, 11, 436.0,605.0,-1
11, 15, 429.0,601.0,-1
15, 11, 429.0,601.0,-1
11, 16, 240.0,333.0,-1
16, 11, 240.0,333.0,-1
11, 11, 0.0,0.0,1
12, 13, 854.0,1038.0,-1
13, 12, 854.0,1038.0,-1
12, 14, 468.0,516.0,-1
14, 12, 468.0,516.0,-1
12, 15, 583.0,690.0,-1
15, 12, 583.0,690.0,-1
12, 16, 445.0,467.0,-1
16, 12, 445.0,467.0,-1
12, 12, 0.0,0.0,1
13, 14, 914.0,1131.0,1
14, 13, 914.0,1131.0,1
13, 15, 419.0,587.0,-1
15, 13, 419.0,587.0,-1
13, 16, 427.0,572.0,-1
16, 13, 427.0,572.0,-1
13, 13, 0.0,0.0,1
14, 15, 853.0,1206.0,1
15, 14, 853.0,1206.0,1
14, 16, 664.0,938.0,-1
16, 14, 664.0,938.0,-1
14, 14, 0.0,0.0,1
15, 16, 190.0,269.0,1
16, 15, 190.0,269.0,1
15, 15, 0.0,0.0,1
16, 16, 0.0,0.0,1


<end>