<number of nodes>
16

<ratio of available edges>
0.3

<max length of the drone flight>
100000 

<D 2/3>
1, 3, 4, 5, 6, 8, 9, 10, 13, 14, 15

<V>
5, 10, 13, 14, 15

<coordinates X,Y>
898.452847302037, 835.8020846316545
657.8373051714004, 844.5556211591451
381.440853511555, 815.1264358580178
183.04767027674427, 493.5803342860183
159.0104822965805, 932.0581472337335
21.73021032719903, 915.9979325084643
367.1449103279769, 670.3652557745954
578.6771200933124, 537.8585402004185
747.8255400817185, 588.0878160740151
860.1054573022027, 238.086837601374
843.3922433591164, 690.7433313488332
211.2956638471115, 75.10823855554074
260.3436861947419, 23.14932606100283
411.8141215834171, 195.70683347759078
550.745333760341, 381.19115633496295
452.1696738418727, 493.7712621329229

<adjacency matrix with truck distances>
1, 2, 241.0,250.0,-1
2, 1, 241.0,250.0,-1
1, 3, 518.0,538.0,-1
3, 1, 518.0,538.0,-1
1, 4, 794.0,1058.0,-1
4, 1, 794.0,1058.0,-1
1, 5, 746.0,836.0,1
5, 1, 746.0,836.0,1
1, 6, 881.0,957.0,-1
6, 1, 881.0,957.0,-1
1, 7, 557.0,697.0,-1
7, 1, 557.0,697.0,-1
1, 8, 438.0,618.0,1
8, 1, 438.0,618.0,1
1, 9, 290.0,399.0,-1
9, 1, 290.0,399.0,-1
1, 10, 599.0,637.0,-1
10, 1, 599.0,637.0,-1
1, 11, 156.0,201.0,-1
11, 1, 156.0,201.0,-1
1, 12, 1026.0,1448.0,-1
12, 1, 1026.0,1448.0,-1
1, 13, 1034.0,1451.0,-1
13, 1, 1034.0,1451.0,-1
1, 14, 805.0,1127.0,-1
14, 1, 805.0,1127.0,-1
1, 15, 573.0,803.0,-1
15, 1, 573.0,803.0,-1
1, 16, 563.0,789.0,1
16, 1, 563.0,789.0,1
1, 1, 0.0,0.0,1
2, 3, 278.0,306.0,1
3, 2, 278.0,306.0,1
2, 4, 591.0,826.0,-1
4, 2, 591.0,826.0,-1
2, 5, 507.0,587.0,-1
5, 2, 507.0,587.0,-1
2, 6, 641.0,708.0,-1
6, 2, 641.0,708.0,-1
2, 7, 339.0,465.0,-1
7, 2, 339.0,465.0,-1
2, 8, 317.0,386.0,-1
8, 2, 317.0,386.0,-1
2, 9, 272.0,347.0,-1
9, 2, 272.0,347.0,-1
2, 10, 640.0,809.0,-1
10, 2, 640.0,809.0,-1
2, 11, 242.0,340.0,1
11, 2, 242.0,340.0,1
2, 12, 890.0,1216.0,-1
12, 2, 890.0,1216.0,-1
2, 13, 913.0,1219.0,-1
13, 2, 913.0,1219.0,-1
2, 14, 694.0,895.0,-1
14, 2, 694.0,895.0,-1
2, 15, 476.0,571.0,-1
15, 2, 476.0,571.0,-1
2, 16, 407.0,557.0,-1
16, 2, 407.0,557.0,-1
2, 2, 0.0,0.0,1
3, 4, 378.0,520.0,-1
4, 3, 378.0,520.0,-1
3, 5, 252.0,340.0,-1
5, 3, 252.0,340.0,-1
3, 6, 374.0,461.0,-1
6, 3, 374.0,461.0,-1
3, 7, 146.0,160.0,1
7, 3, 146.0,160.0,1
3, 8, 341.0,475.0,1
8, 3, 341.0,475.0,1
3, 9, 432.0,594.0,-1
9, 3, 432.0,594.0,-1
3, 10, 750.0,1056.0,1
10, 3, 750.0,1056.0,1
3, 11, 479.0,587.0,-1
11, 3, 479.0,587.0,-1
3, 12, 760.0,911.0,1
12, 3, 760.0,911.0,1
3, 13, 802.0,914.0,-1
13, 3, 802.0,914.0,-1
3, 14, 621.0,650.0,-1
14, 3, 621.0,650.0,-1
3, 15, 466.0,604.0,-1
15, 3, 466.0,604.0,-1
3, 16, 330.0,393.0,1
16, 3, 330.0,393.0,1
3, 3, 0.0,0.0,1
4, 5, 440.0,463.0,-1
5, 4, 440.0,463.0,-1
4, 6, 453.0,584.0,-1
6, 4, 453.0,584.0,-1
4, 7, 256.0,361.0,1
7, 4, 256.0,361.0,1
4, 8, 399.0,440.0,-1
8, 4, 399.0,440.0,-1
4, 9, 573.0,660.0,-1
9, 4, 573.0,660.0,-1
4, 10, 724.0,933.0,1
10, 4, 724.0,933.0,1
4, 11, 690.0,858.0,-1
11, 4, 690.0,858.0,-1
4, 12, 420.0,447.0,1
12, 4, 420.0,447.0,1
4, 13, 477.0,548.0,1
13, 4, 477.0,548.0,1
4, 14, 376.0,527.0,-1
14, 4, 376.0,527.0,-1
4, 15, 385.0,481.0,-1
15, 4, 385.0,481.0,-1
4, 16, 270.0,270.0,-1
16, 4, 270.0,270.0,-1
4, 4, 0.0,0.0,1
5, 6, 139.0,154.0,-1
6, 5, 139.0,154.0,-1
5, 7, 335.0,470.0,-1
7, 5, 335.0,470.0,-1
5, 8, 576.0,814.0,-1
8, 5, 576.0,814.0,-1
5, 9, 682.0,933.0,-1
9, 5, 682.0,933.0,-1
5, 10, 987.0,1396.0,1
10, 5, 987.0,1396.0,1
5, 11, 726.0,926.0,-1
11, 5, 726.0,926.0,-1
5, 12, 859.0,910.0,-1
12, 5, 859.0,910.0,-1
5, 13, 915.0,1011.0,1
13, 5, 915.0,1011.0,1
5, 14, 779.0,990.0,-1
14, 5, 779.0,990.0,-1
5, 15, 676.0,943.0,1
15, 5, 676.0,943.0,1
5, 16, 528.0,732.0,1
16, 5, 528.0,732.0,1
5, 5, 0.0,0.0,1
6, 7, 424.0,592.0,-1
7, 6, 424.0,592.0,-1
6, 8, 674.0,936.0,1
8, 6, 674.0,936.0,1
6, 9, 797.0,1055.0,1
9, 6, 797.0,1055.0,1
6, 10, 1079.0,1517.0,-1
10, 6, 1079.0,1517.0,-1
6, 11, 852.0,1047.0,-1
11, 6, 852.0,1047.0,-1
6, 12, 862.0,1031.0,-1
12, 6, 862.0,1031.0,-1
6, 13, 925.0,1132.0,1
13, 6, 925.0,1132.0,1
6, 14, 820.0,1111.0,-1
14, 6, 820.0,1111.0,-1
6, 15, 753.0,1064.0,-1
15, 6, 753.0,1064.0,-1
6, 16, 603.0,853.0,1
16, 6, 603.0,853.0,1
6, 6, 0.0,0.0,1
7, 8, 250.0,345.0,1
8, 7, 250.0,345.0,1
7, 9, 390.0,463.0,-1
9, 7, 390.0,463.0,-1
7, 10, 656.0,926.0,-1
10, 7, 656.0,926.0,-1
7, 11, 477.0,497.0,-1
11, 7, 477.0,497.0,-1
7, 12, 616.0,752.0,1
12, 7, 616.0,752.0,1
7, 13, 656.0,755.0,-1
13, 7, 656.0,755.0,-1
7, 14, 477.0,520.0,-1
14, 7, 477.0,520.0,-1
7, 15, 343.0,473.0,-1
15, 7, 343.0,473.0,-1
7, 16, 196.0,262.0,-1
16, 7, 196.0,262.0,-1
7, 7, 0.0,0.0,1
8, 9, 177.0,220.0,-1
9, 8, 177.0,220.0,-1
8, 10, 412.0,582.0,-1
10, 8, 412.0,582.0,-1
8, 11, 306.0,418.0,1
11, 8, 306.0,418.0,1
8, 12, 591.0,831.0,-1
12, 8, 591.0,831.0,-1
8, 13, 606.0,834.0,1
13, 8, 606.0,834.0,1
8, 14, 381.0,510.0,-1
14, 8, 381.0,510.0,-1
8, 15, 160.0,185.0,-1
15, 8, 160.0,185.0,-1
8, 16, 134.0,171.0,-1
16, 8, 134.0,171.0,-1
8, 8, 0.0,0.0,1
9, 10, 368.0,463.0,-1
10, 9, 368.0,463.0,-1
9, 11, 141.0,199.0,1
11, 9, 141.0,199.0,1
9, 12, 743.0,1050.0,-1
12, 9, 743.0,1050.0,-1
9, 13, 747.0,1053.0,-1
13, 9, 747.0,1053.0,-1
9, 14, 517.0,729.0,-1
14, 9, 517.0,729.0,-1
9, 15, 286.0,404.0,1
15, 9, 286.0,404.0,1
9, 16, 311.0,390.0,1
16, 9, 311.0,390.0,1
9, 9, 0.0,0.0,1
10, 11, 453.0,470.0,-1
11, 10, 453.0,470.0,-1
10, 12, 669.0,812.0,-1
12, 10, 669.0,812.0,-1
10, 13, 638.0,815.0,-1
13, 10, 638.0,815.0,-1
10, 14, 451.0,491.0,-1
14, 10, 451.0,491.0,-1
10, 15, 341.0,453.0,-1
15, 10, 341.0,453.0,-1
10, 16, 482.0,664.0,1
16, 10, 482.0,664.0,1
10, 10, 0.0,0.0,1
11, 12, 883.0,1248.0,-1
12, 11, 883.0,1248.0,-1
11, 13, 887.0,1251.0,-1
13, 11, 887.0,1251.0,-1
11, 14, 657.0,927.0,1
14, 11, 657.0,927.0,1
11, 15, 426.0,603.0,-1
15, 11, 426.0,603.0,-1
11, 16, 439.0,589.0,1
16, 11, 439.0,589.0,1
11, 11, 0.0,0.0,1
12, 13, 72.0,102.0,-1
13, 12, 72.0,102.0,-1
12, 14, 234.0,322.0,1
14, 12, 234.0,322.0,1
12, 15, 458.0,646.0,-1
15, 12, 458.0,646.0,-1
12, 16, 484.0,660.0,-1
16, 12, 484.0,660.0,-1
12, 12, 0.0,0.0,1
13, 14, 230.0,325.0,-1
14, 13, 230.0,325.0,-1
13, 15, 462.0,649.0,-1
15, 13, 462.0,649.0,-1
13, 16, 509.0,663.0,-1
16, 13, 509.0,663.0,-1
13, 13, 0.0,0.0,1
14, 15, 232.0,325.0,1
15, 14, 232.0,325.0,1
14, 16, 301.0,339.0,1
16, 14, 301.0,339.0,1
14, 14, 0.0,0.0,1
15, 16, 150.0,212.0,1
16, 15, 150.0,212.0,1
15, 15, 0.0,0.0,1
16, 16, 0.0,0.0,1


<end>