<number of nodes>
16

<ratio of available edges>
0.3

<max length of the drone flight>
100000 

<D 2/3>
1, 2, 3, 4, 6, 9, 10, 12, 13, 15, 16

<V>
3, 6, 10, 13, 16

<coordinates X,Y>
15.670364314197686, 210.085891490348
593.6433025929385, 975.1175326762075
224.33016425278294, 434.2084421305426
634.0047053613613, 495.35445422462936
380.28641807388874, 649.7429559003244
6.927461447143891, 555.2870580971618
698.5612672822169, 76.13297222797867
287.83486321746665, 488.4863469354666
349.6992062019479, 612.8574242803741
172.59263284940644, 607.2619014571892
711.1033841598414, 292.7124952921169
191.7906410169311, 743.1209079941723
958.5695036664969, 726.0713947428727
577.1732364598507, 334.1399955465786
104.48843985014597, 809.5078447446178
871.9744424944756, 328.12013041556185

<adjacency matrix with truck distances>
1, 2, 959.0,1344.0,1
2, 1, 959.0,1344.0,1
1, 3, 307.0,433.0,-1
3, 1, 307.0,433.0,-1
1, 4, 681.0,904.0,1
4, 1, 681.0,904.0,1
1, 5, 572.0,805.0,-1
5, 1, 572.0,805.0,-1
1, 6, 346.0,354.0,1
6, 1, 346.0,354.0,1
1, 7, 696.0,817.0,-1
7, 1, 696.0,817.0,-1
1, 8, 390.0,551.0,1
8, 1, 390.0,551.0,1
1, 9, 524.0,737.0,1
9, 1, 524.0,737.0,1
1, 10, 428.0,555.0,1
10, 1, 428.0,555.0,1
1, 11, 701.0,779.0,-1
11, 1, 701.0,779.0,-1
1, 12, 562.0,710.0,-1
12, 1, 562.0,710.0,-1
1, 13, 1075.0,1459.0,-1
13, 1, 1075.0,1459.0,-1
1, 14, 576.0,686.0,-1
14, 1, 576.0,686.0,-1
1, 15, 606.0,689.0,-1
15, 1, 606.0,689.0,-1
1, 16, 865.0,975.0,-1
16, 1, 865.0,975.0,-1
1, 1, 0.0,0.0,1
2, 3, 655.0,911.0,-1
3, 2, 655.0,911.0,-1
2, 4, 482.0,521.0,-1
4, 2, 482.0,521.0,-1
2, 5, 390.0,539.0,-1
5, 2, 390.0,539.0,-1
2, 6, 722.0,1007.0,-1
6, 2, 722.0,1007.0,-1
2, 7, 906.0,1004.0,-1
7, 2, 906.0,1004.0,-1
2, 8, 575.0,793.0,-1
8, 2, 575.0,793.0,-1
2, 9, 437.0,607.0,-1
9, 2, 437.0,607.0,-1
2, 10, 560.0,789.0,1
10, 2, 560.0,789.0,1
2, 11, 693.0,800.0,1
11, 2, 693.0,800.0,1
2, 12, 465.0,634.0,1
12, 2, 465.0,634.0,1
2, 13, 442.0,614.0,-1
13, 2, 442.0,614.0,-1
2, 14, 642.0,658.0,-1
14, 2, 642.0,658.0,-1
2, 15, 517.0,655.0,-1
15, 2, 517.0,655.0,-1
2, 16, 705.0,926.0,-1
16, 2, 705.0,926.0,-1
2, 2, 0.0,0.0,1
3, 4, 415.0,471.0,1
4, 3, 415.0,471.0,1
3, 5, 267.0,372.0,-1
5, 3, 267.0,372.0,-1
3, 6, 249.0,339.0,1
6, 3, 249.0,339.0,1
3, 7, 595.0,833.0,-1
7, 3, 595.0,833.0,-1
3, 8, 84.0,118.0,-1
8, 3, 84.0,118.0,-1
3, 9, 219.0,305.0,1
9, 3, 219.0,305.0,1
3, 10, 181.0,225.0,-1
10, 3, 181.0,225.0,-1
3, 11, 507.0,629.0,-1
11, 3, 507.0,629.0,-1
3, 12, 311.0,342.0,-1
12, 3, 311.0,342.0,-1
3, 13, 791.0,1027.0,-1
13, 3, 791.0,1027.0,-1
3, 14, 367.0,453.0,-1
14, 3, 367.0,453.0,-1
3, 15, 394.0,496.0,1
15, 3, 394.0,496.0,1
3, 16, 657.0,754.0,1
16, 3, 657.0,754.0,1
3, 3, 0.0,0.0,1
4, 5, 297.0,409.0,-1
5, 4, 297.0,409.0,-1
4, 6, 630.0,688.0,-1
6, 4, 630.0,688.0,-1
4, 7, 425.0,484.0,-1
7, 4, 425.0,484.0,-1
4, 8, 347.0,354.0,-1
8, 4, 347.0,354.0,-1
4, 9, 308.0,402.0,-1
9, 4, 308.0,402.0,-1
4, 10, 475.0,574.0,-1
10, 4, 475.0,574.0,-1
4, 11, 217.0,280.0,-1
11, 4, 217.0,280.0,-1
4, 12, 507.0,690.0,1
12, 4, 507.0,690.0,1
4, 13, 399.0,556.0,-1
13, 4, 399.0,556.0,-1
4, 14, 171.0,219.0,-1
14, 4, 171.0,219.0,-1
4, 15, 616.0,844.0,-1
15, 4, 616.0,844.0,-1
4, 16, 291.0,406.0,-1
16, 4, 291.0,406.0,-1
4, 4, 0.0,0.0,1
5, 6, 386.0,468.0,-1
6, 5, 386.0,468.0,-1
5, 7, 656.0,892.0,-1
7, 5, 656.0,892.0,-1
5, 8, 186.0,254.0,1
8, 5, 186.0,254.0,1
5, 9, 48.0,68.0,-1
9, 5, 48.0,68.0,-1
5, 10, 212.0,251.0,1
10, 5, 212.0,251.0,1
5, 11, 487.0,688.0,1
11, 5, 487.0,688.0,1
5, 12, 211.0,282.0,-1
12, 5, 211.0,282.0,-1
5, 13, 584.0,655.0,-1
13, 5, 584.0,655.0,-1
5, 14, 372.0,513.0,1
14, 5, 372.0,513.0,1
5, 15, 319.0,436.0,1
15, 5, 319.0,436.0,1
5, 16, 588.0,814.0,-1
16, 5, 588.0,814.0,-1
5, 5, 0.0,0.0,1
6, 7, 842.0,1171.0,-1
7, 6, 842.0,1171.0,-1
6, 8, 289.0,348.0,1
8, 6, 289.0,348.0,1
6, 9, 348.0,401.0,-1
9, 6, 348.0,401.0,-1
6, 10, 174.0,218.0,-1
10, 6, 174.0,218.0,-1
6, 11, 752.0,967.0,-1
11, 6, 752.0,967.0,-1
6, 12, 264.0,373.0,-1
12, 6, 264.0,373.0,-1
6, 13, 967.0,1123.0,-1
13, 6, 967.0,1123.0,-1
6, 14, 612.0,792.0,-1
14, 6, 612.0,792.0,-1
6, 15, 273.0,352.0,-1
15, 6, 273.0,352.0,-1
6, 16, 895.0,1093.0,-1
16, 6, 895.0,1093.0,-1
6, 6, 0.0,0.0,1
7, 8, 583.0,824.0,-1
8, 7, 583.0,824.0,-1
7, 9, 641.0,886.0,-1
9, 7, 641.0,886.0,-1
7, 10, 748.0,1058.0,1
10, 7, 748.0,1058.0,1
7, 11, 217.0,230.0,-1
11, 7, 217.0,230.0,-1
7, 12, 838.0,1174.0,1
12, 7, 838.0,1174.0,1
7, 13, 701.0,910.0,-1
13, 7, 701.0,910.0,-1
7, 14, 286.0,380.0,-1
14, 7, 286.0,380.0,-1
7, 15, 944.0,1328.0,-1
15, 7, 944.0,1328.0,-1
7, 16, 306.0,426.0,-1
16, 7, 306.0,426.0,-1
7, 7, 0.0,0.0,1
8, 9, 139.0,187.0,-1
9, 8, 139.0,187.0,-1
8, 10, 166.0,235.0,-1
10, 8, 166.0,235.0,-1
8, 11, 467.0,620.0,-1
11, 8, 467.0,620.0,-1
8, 12, 273.0,351.0,-1
12, 8, 273.0,351.0,-1
8, 13, 712.0,909.0,-1
13, 8, 712.0,909.0,-1
8, 14, 328.0,444.0,1
14, 8, 328.0,444.0,1
8, 15, 370.0,505.0,-1
15, 8, 370.0,505.0,-1
8, 16, 606.0,745.0,1
16, 8, 606.0,745.0,1
8, 8, 0.0,0.0,1
9, 10, 178.0,183.0,-1
10, 9, 178.0,183.0,-1
9, 11, 483.0,682.0,-1
11, 9, 483.0,682.0,-1
9, 12, 205.0,289.0,1
12, 9, 205.0,289.0,1
9, 13, 620.0,723.0,-1
13, 9, 620.0,723.0,-1
9, 14, 360.0,507.0,1
14, 9, 360.0,507.0,1
9, 15, 315.0,442.0,-1
15, 9, 315.0,442.0,-1
9, 16, 595.0,808.0,-1
16, 9, 595.0,808.0,-1
9, 9, 0.0,0.0,1
10, 11, 624.0,854.0,-1
11, 10, 624.0,854.0,-1
10, 12, 138.0,156.0,1
12, 10, 138.0,156.0,1
10, 13, 795.0,905.0,-1
13, 10, 795.0,905.0,-1
10, 14, 489.0,678.0,1
14, 10, 489.0,678.0,1
10, 15, 214.0,271.0,1
15, 10, 214.0,271.0,1
10, 16, 754.0,979.0,1
16, 10, 754.0,979.0,1
10, 10, 0.0,0.0,1
11, 12, 688.0,970.0,1
12, 11, 688.0,970.0,1
11, 13, 500.0,681.0,-1
13, 11, 500.0,681.0,-1
11, 14, 141.0,176.0,1
14, 11, 141.0,176.0,1
11, 15, 797.0,1124.0,-1
15, 11, 797.0,1124.0,-1
11, 16, 165.0,197.0,-1
16, 11, 165.0,197.0,-1
11, 11, 0.0,0.0,1
12, 13, 767.0,784.0,1
13, 12, 767.0,784.0,1
12, 14, 562.0,795.0,-1
14, 12, 562.0,795.0,-1
12, 15, 110.0,154.0,-1
15, 12, 110.0,154.0,-1
12, 16, 797.0,1096.0,-1
16, 12, 797.0,1096.0,-1
12, 12, 0.0,0.0,1
13, 14, 547.0,774.0,-1
14, 13, 547.0,774.0,-1
13, 15, 859.0,938.0,-1
15, 13, 859.0,938.0,-1
13, 16, 408.0,485.0,-1
16, 13, 408.0,485.0,-1
13, 13, 0.0,0.0,1
14, 15, 671.0,949.0,1
15, 14, 671.0,949.0,1
14, 16, 295.0,301.0,1
16, 14, 295.0,301.0,1
14, 14, 0.0,0.0,1
15, 16, 906.0,1249.0,-1
16, 15, 906.0,1249.0,-1
15, 15, 0.0,0.0,1
16, 16, 0.0,0.0,1


<end>