<number of nodes>
16

<ratio of available edges>
0.3

<max length of the drone flight>
100000 

<D 2/3>
1, 3, 4, 6, 7, 8, 10, 11, 13, 14, 15

<V>
3, 8, 10, 13, 14

<coordinates X,Y>
578.825269245082, 307.1369281342272
675.9169564044191, 245.4481519097927
883.4357860994696, 763.765775261903
397.63664870016044, 51.74373836259468
19.672556138081312, 672.8550109257536
948.3892887853826, 505.8460808807459
88.0995985052742, 353.7591526816783
924.6379451818387, 174.3027841444758
570.8414177252464, 347.1529003889482
372.67537731499976, 643.5032171035998
925.6533760893647, 192.79754725001905
692.2295949832614, 596.1619717742741
454.83500950183463, 707.0921551779593
391.62087764769296, 774.3488003187869
389.79583910994927, 908.7447089751826
176.252666552583, 313.2064782145658

<adjacency matrix with truck distances>
1, 2, 116.0,159.0,-1
2, 1, 116.0,159.0,-1
1, 3, 549.0,762.0,-1
3, 1, 549.0,762.0,-1
1, 4, 314.0,437.0,-1
4, 1, 314.0,437.0,-1
1, 5, 669.0,925.0,1
5, 1, 669.0,925.0,1
1, 6, 420.0,569.0,-1
6, 1, 420.0,569.0,-1
1, 7, 493.0,538.0,1
7, 1, 493.0,538.0,1
1, 8, 371.0,479.0,-1
8, 1, 371.0,479.0,-1
1, 9, 41.0,48.0,-1
9, 1, 41.0,48.0,-1
1, 10, 395.0,543.0,-1
10, 1, 395.0,543.0,-1
1, 11, 366.0,462.0,1
11, 1, 366.0,462.0,1
1, 12, 311.0,403.0,1
12, 1, 311.0,403.0,1
1, 13, 419.0,524.0,1
13, 1, 419.0,524.0,1
1, 14, 504.0,655.0,-1
14, 1, 504.0,655.0,-1
1, 15, 631.0,791.0,-1
15, 1, 631.0,791.0,-1
1, 16, 403.0,409.0,-1
16, 1, 403.0,409.0,-1
1, 1, 0.0,0.0,1
2, 3, 559.0,726.0,-1
3, 2, 559.0,726.0,-1
2, 4, 340.0,472.0,-1
4, 2, 340.0,472.0,-1
2, 5, 784.0,1084.0,-1
5, 2, 784.0,1084.0,-1
2, 6, 377.0,533.0,-1
6, 2, 377.0,533.0,-1
2, 7, 598.0,697.0,1
7, 2, 598.0,697.0,1
2, 8, 259.0,320.0,1
8, 2, 259.0,320.0,1
2, 9, 147.0,207.0,1
9, 2, 147.0,207.0,1
2, 10, 501.0,702.0,-1
10, 2, 501.0,702.0,-1
2, 11, 256.0,303.0,-1
11, 2, 256.0,303.0,-1
2, 12, 352.0,368.0,-1
12, 2, 352.0,368.0,-1
2, 13, 512.0,683.0,1
13, 2, 512.0,683.0,1
2, 14, 601.0,814.0,-1
14, 2, 601.0,814.0,-1
2, 15, 723.0,950.0,-1
15, 2, 723.0,950.0,-1
2, 16, 505.0,568.0,-1
16, 2, 505.0,568.0,-1
2, 2, 0.0,0.0,1
3, 4, 862.0,1198.0,-1
4, 3, 862.0,1198.0,-1
3, 5, 869.0,955.0,-1
5, 3, 869.0,955.0,-1
3, 6, 266.0,323.0,-1
6, 3, 266.0,323.0,-1
3, 7, 895.0,1206.0,-1
7, 3, 895.0,1206.0,-1
3, 8, 591.0,631.0,-1
8, 3, 591.0,631.0,-1
3, 9, 521.0,730.0,1
9, 3, 521.0,730.0,1
3, 10, 525.0,632.0,-1
10, 3, 525.0,632.0,-1
3, 11, 573.0,614.0,-1
11, 3, 573.0,614.0,-1
3, 12, 255.0,359.0,-1
12, 3, 255.0,359.0,-1
3, 13, 433.0,486.0,-1
13, 3, 433.0,486.0,-1
3, 14, 492.0,503.0,-1
14, 3, 492.0,503.0,-1
3, 15, 515.0,639.0,-1
15, 3, 515.0,639.0,-1
3, 16, 839.0,1158.0,-1
16, 3, 839.0,1158.0,-1
3, 3, 0.0,0.0,1
4, 5, 728.0,1000.0,-1
5, 4, 728.0,1000.0,-1
4, 6, 714.0,1005.0,-1
6, 4, 714.0,1005.0,-1
4, 7, 433.0,612.0,1
7, 4, 433.0,612.0,1
4, 8, 542.0,650.0,1
8, 4, 542.0,650.0,1
4, 9, 343.0,469.0,-1
9, 4, 343.0,469.0,-1
4, 10, 593.0,617.0,-1
10, 4, 593.0,617.0,-1
4, 11, 547.0,670.0,-1
11, 4, 547.0,670.0,-1
4, 12, 620.0,840.0,1
12, 4, 620.0,840.0,1
4, 13, 658.0,713.0,-1
13, 4, 658.0,713.0,-1
4, 14, 723.0,729.0,1
14, 4, 723.0,729.0,1
4, 15, 858.0,865.0,-1
15, 4, 858.0,865.0,-1
4, 16, 343.0,483.0,-1
16, 4, 343.0,483.0,-1
4, 4, 0.0,0.0,1
5, 6, 944.0,1096.0,-1
6, 5, 944.0,1096.0,-1
5, 7, 327.0,388.0,-1
7, 5, 327.0,388.0,-1
5, 8, 1034.0,1404.0,1
8, 5, 1034.0,1404.0,1
5, 9, 641.0,877.0,-1
9, 5, 641.0,877.0,-1
5, 10, 355.0,383.0,-1
10, 5, 355.0,383.0,-1
5, 11, 1026.0,1387.0,-1
11, 5, 1026.0,1387.0,-1
5, 12, 677.0,750.0,-1
12, 5, 677.0,750.0,-1
5, 13, 437.0,470.0,-1
13, 5, 437.0,470.0,-1
5, 14, 386.0,474.0,-1
14, 5, 386.0,474.0,-1
5, 15, 439.0,607.0,1
15, 5, 439.0,607.0,1
5, 16, 393.0,517.0,-1
16, 5, 393.0,517.0,-1
5, 5, 0.0,0.0,1
6, 7, 874.0,1013.0,1
7, 6, 874.0,1013.0,1
6, 8, 333.0,356.0,-1
8, 6, 333.0,356.0,-1
6, 9, 410.0,537.0,-1
9, 6, 410.0,537.0,-1
6, 10, 592.0,714.0,1
10, 6, 592.0,714.0,1
6, 11, 314.0,336.0,1
11, 6, 314.0,336.0,1
6, 12, 272.0,347.0,1
12, 6, 272.0,347.0,1
6, 13, 534.0,695.0,-1
13, 6, 534.0,695.0,-1
6, 14, 619.0,826.0,-1
14, 6, 619.0,826.0,-1
6, 15, 689.0,962.0,1
15, 6, 689.0,962.0,1
6, 16, 796.0,965.0,-1
16, 6, 796.0,965.0,-1
6, 6, 0.0,0.0,1
7, 8, 856.0,1016.0,-1
8, 7, 856.0,1016.0,-1
7, 9, 483.0,490.0,-1
9, 7, 483.0,490.0,-1
7, 10, 407.0,575.0,1
10, 7, 407.0,575.0,1
7, 11, 853.0,999.0,1
11, 7, 853.0,999.0,1
7, 12, 651.0,847.0,-1
12, 7, 651.0,847.0,-1
7, 13, 510.0,721.0,1
13, 7, 510.0,721.0,1
7, 14, 519.0,725.0,-1
14, 7, 519.0,725.0,-1
7, 15, 632.0,857.0,1
15, 7, 632.0,857.0,1
7, 16, 98.0,129.0,-1
16, 7, 98.0,129.0,-1
7, 7, 0.0,0.0,1
8, 9, 394.0,527.0,-1
9, 8, 394.0,527.0,-1
8, 10, 725.0,1022.0,-1
10, 8, 725.0,1022.0,-1
8, 11, 19.0,20.0,-1
11, 8, 19.0,20.0,-1
8, 12, 482.0,655.0,-1
12, 8, 482.0,655.0,-1
8, 13, 711.0,1003.0,-1
13, 8, 711.0,1003.0,-1
8, 14, 803.0,1134.0,-1
14, 8, 803.0,1134.0,-1
8, 15, 909.0,1270.0,-1
15, 8, 909.0,1270.0,-1
8, 16, 762.0,888.0,1
16, 8, 762.0,888.0,1
8, 8, 0.0,0.0,1
9, 10, 357.0,495.0,1
10, 9, 357.0,495.0,1
9, 11, 387.0,510.0,1
11, 9, 387.0,510.0,1
9, 12, 278.0,371.0,-1
12, 9, 278.0,371.0,-1
9, 13, 379.0,476.0,1
13, 9, 379.0,476.0,1
9, 14, 464.0,607.0,-1
14, 9, 464.0,607.0,-1
9, 15, 591.0,743.0,-1
15, 9, 591.0,743.0,-1
9, 16, 397.0,429.0,1
16, 9, 397.0,429.0,1
9, 9, 0.0,0.0,1
10, 11, 714.0,1004.0,-1
11, 10, 714.0,1004.0,-1
10, 12, 324.0,367.0,-1
12, 10, 324.0,367.0,-1
10, 13, 104.0,146.0,1
13, 10, 104.0,146.0,1
10, 14, 133.0,150.0,-1
14, 10, 133.0,150.0,-1
10, 15, 266.0,283.0,1
15, 10, 266.0,283.0,1
10, 16, 385.0,527.0,1
16, 10, 385.0,527.0,1
10, 10, 0.0,0.0,1
11, 12, 467.0,637.0,-1
12, 11, 467.0,637.0,-1
11, 13, 698.0,986.0,-1
13, 11, 698.0,986.0,-1
11, 14, 790.0,1116.0,-1
14, 11, 790.0,1116.0,-1
11, 15, 895.0,1252.0,-1
15, 11, 895.0,1252.0,-1
11, 16, 760.0,870.0,-1
16, 11, 760.0,870.0,-1
11, 11, 0.0,0.0,1
12, 13, 263.0,349.0,1
13, 12, 263.0,349.0,1
12, 14, 350.0,479.0,-1
14, 12, 350.0,479.0,-1
12, 15, 435.0,616.0,1
15, 12, 435.0,616.0,1
12, 16, 589.0,799.0,-1
16, 12, 589.0,799.0,-1
12, 12, 0.0,0.0,1
13, 14, 93.0,131.0,-1
14, 13, 93.0,131.0,-1
13, 15, 212.0,267.0,1
15, 13, 212.0,267.0,1
13, 16, 483.0,673.0,-1
16, 13, 483.0,673.0,-1
13, 13, 0.0,0.0,1
14, 15, 135.0,137.0,-1
15, 14, 135.0,137.0,-1
14, 16, 509.0,677.0,-1
16, 14, 509.0,677.0,-1
14, 14, 0.0,0.0,1
15, 16, 633.0,810.0,-1
16, 15, 633.0,810.0,-1
15, 15, 0.0,0.0,1
16, 16, 0.0,0.0,1


<end>