<number of nodes>
16

<ratio of available edges>
0.3

<max length of the drone flight>
100000 

<D 2/3>
1, 2, 3, 4, 6, 9, 10, 11, 12, 13, 16

<V>
3, 9, 10, 11, 12

<coordinates X,Y>
897.0803193019726, 81.85498090372214
253.85912166680168, 410.3321117768796
984.4796518211507, 636.807695931266
151.0067536597167, 983.5694155383919
991.2852931491619, 754.1665078737823
311.8070903659447, 944.0182099958233
180.99141753202474, 143.80771280379605
203.78087943269566, 288.25502498562264
945.2727235392601, 373.97285269835993
118.83910785722293, 432.20587486464035
937.4378112384965, 195.3522092356504
317.666950929737, 202.84190609267395
378.60158430082294, 874.7682959436178
273.79370170904303, 518.7360625847141
526.0660260723423, 46.782359294387334
823.1914721308257, 987.3635207640808

<adjacency matrix with truck distances>
1, 2, 723.0,972.0,-1
2, 1, 723.0,972.0,-1
1, 3, 562.0,643.0,-1
3, 1, 562.0,643.0,-1
1, 4, 1171.0,1648.0,-1
4, 1, 1171.0,1648.0,-1
1, 5, 679.0,767.0,-1
5, 1, 679.0,767.0,-1
1, 6, 1043.0,1448.0,-1
6, 1, 1043.0,1448.0,-1
1, 7, 719.0,779.0,-1
7, 1, 719.0,779.0,-1
1, 8, 724.0,900.0,-1
8, 1, 724.0,900.0,-1
1, 9, 297.0,341.0,-1
9, 1, 297.0,341.0,-1
1, 10, 854.0,1129.0,-1
10, 1, 854.0,1129.0,-1
1, 11, 121.0,154.0,-1
11, 1, 121.0,154.0,-1
1, 12, 592.0,701.0,-1
12, 1, 592.0,701.0,-1
1, 13, 948.0,1312.0,-1
13, 1, 948.0,1312.0,-1
1, 14, 762.0,1061.0,1
14, 1, 762.0,1061.0,1
1, 15, 373.0,407.0,-1
15, 1, 373.0,407.0,-1
1, 16, 909.0,980.0,-1
16, 1, 909.0,980.0,-1
1, 1, 0.0,0.0,1
2, 3, 765.0,958.0,-1
3, 2, 765.0,958.0,-1
2, 4, 583.0,677.0,-1
4, 2, 583.0,677.0,-1
2, 5, 814.0,1082.0,1
5, 2, 814.0,1082.0,1
2, 6, 537.0,592.0,-1
6, 2, 537.0,592.0,-1
2, 7, 277.0,340.0,-1
7, 2, 277.0,340.0,-1
2, 8, 132.0,173.0,-1
8, 2, 132.0,173.0,-1
2, 9, 693.0,728.0,-1
9, 2, 693.0,728.0,-1
2, 10, 137.0,157.0,-1
10, 2, 137.0,157.0,-1
2, 11, 717.0,899.0,-1
11, 2, 717.0,899.0,-1
2, 12, 218.0,272.0,-1
12, 2, 218.0,272.0,-1
2, 13, 481.0,590.0,-1
13, 2, 481.0,590.0,-1
2, 14, 111.0,129.0,-1
14, 2, 111.0,129.0,-1
2, 15, 455.0,636.0,1
15, 2, 455.0,636.0,1
2, 16, 811.0,1147.0,-1
16, 2, 811.0,1147.0,-1
2, 2, 0.0,0.0,1
3, 4, 903.0,1181.0,-1
4, 3, 903.0,1181.0,-1
3, 5, 118.0,125.0,-1
5, 3, 118.0,125.0,-1
3, 6, 740.0,980.0,1
6, 3, 740.0,980.0,1
3, 7, 943.0,1297.0,-1
7, 3, 943.0,1297.0,-1
3, 8, 855.0,1130.0,-1
8, 3, 855.0,1130.0,-1
3, 9, 266.0,303.0,-1
9, 3, 266.0,303.0,-1
3, 10, 890.0,1071.0,1
10, 3, 890.0,1071.0,1
3, 11, 444.0,489.0,-1
11, 3, 444.0,489.0,-1
3, 12, 796.0,1101.0,-1
12, 3, 796.0,1101.0,-1
3, 13, 651.0,844.0,1
13, 3, 651.0,844.0,1
3, 14, 721.0,829.0,1
14, 3, 721.0,829.0,1
3, 15, 748.0,1049.0,-1
15, 3, 748.0,1049.0,-1
3, 16, 386.0,512.0,-1
16, 3, 386.0,512.0,-1
3, 3, 0.0,0.0,1
4, 5, 872.0,1070.0,-1
5, 4, 872.0,1070.0,-1
4, 6, 166.0,201.0,-1
6, 4, 166.0,201.0,-1
4, 7, 841.0,870.0,-1
7, 4, 841.0,870.0,-1
4, 8, 698.0,749.0,-1
8, 4, 698.0,749.0,-1
4, 9, 1002.0,1404.0,-1
9, 4, 1002.0,1404.0,-1
4, 10, 553.0,584.0,1
10, 4, 553.0,584.0,1
4, 11, 1114.0,1575.0,-1
11, 4, 1114.0,1575.0,-1
4, 12, 799.0,948.0,-1
12, 4, 799.0,948.0,-1
4, 13, 253.0,337.0,-1
13, 4, 253.0,337.0,-1
4, 14, 481.0,588.0,-1
14, 4, 481.0,588.0,-1
4, 15, 1010.0,1312.0,1
15, 4, 1010.0,1312.0,1
4, 16, 673.0,676.0,1
16, 4, 673.0,676.0,1
4, 4, 0.0,0.0,1
5, 6, 706.0,870.0,-1
6, 5, 706.0,870.0,-1
5, 7, 1015.0,1421.0,1
7, 5, 1015.0,1421.0,1
5, 8, 916.0,1254.0,-1
8, 5, 916.0,1254.0,-1
5, 9, 383.0,427.0,-1
9, 5, 383.0,427.0,-1
5, 10, 930.0,1195.0,-1
10, 5, 930.0,1195.0,-1
5, 11, 562.0,613.0,1
11, 5, 562.0,613.0,1
5, 12, 871.0,1225.0,1
12, 5, 871.0,1225.0,1
5, 13, 625.0,734.0,1
13, 5, 625.0,734.0,1
5, 14, 756.0,953.0,1
14, 5, 756.0,953.0,1
5, 15, 847.0,1173.0,-1
15, 5, 847.0,1173.0,-1
5, 16, 288.0,402.0,-1
16, 5, 288.0,402.0,-1
5, 5, 0.0,0.0,1
6, 7, 811.0,932.0,-1
7, 6, 811.0,932.0,-1
6, 8, 665.0,764.0,1
8, 6, 665.0,764.0,1
6, 9, 853.0,1204.0,1
9, 6, 853.0,1204.0,1
6, 10, 547.0,705.0,-1
10, 6, 547.0,705.0,-1
6, 11, 976.0,1375.0,-1
11, 6, 976.0,1375.0,-1
6, 12, 742.0,748.0,1
12, 6, 742.0,748.0,1
6, 13, 97.0,137.0,-1
13, 6, 97.0,137.0,-1
6, 14, 427.0,464.0,-1
14, 6, 427.0,464.0,-1
6, 15, 923.0,1112.0,1
15, 6, 923.0,1112.0,1
6, 16, 514.0,555.0,1
16, 6, 514.0,555.0,1
6, 6, 0.0,0.0,1
7, 8, 147.0,168.0,-1
8, 7, 147.0,168.0,-1
7, 9, 799.0,995.0,1
9, 7, 799.0,995.0,1
7, 10, 296.0,351.0,-1
10, 7, 296.0,351.0,-1
7, 11, 759.0,808.0,1
11, 7, 759.0,808.0,1
7, 12, 149.0,196.0,-1
12, 7, 149.0,196.0,-1
7, 13, 758.0,929.0,-1
13, 7, 758.0,929.0,-1
7, 14, 387.0,468.0,1
14, 7, 387.0,468.0,1
7, 15, 359.0,443.0,-1
15, 7, 359.0,443.0,-1
7, 16, 1061.0,1486.0,-1
16, 7, 1061.0,1486.0,-1
7, 7, 0.0,0.0,1
8, 9, 747.0,828.0,1
9, 8, 747.0,828.0,1
8, 10, 168.0,229.0,-1
10, 8, 168.0,229.0,-1
8, 11, 740.0,827.0,1
11, 8, 740.0,827.0,1
8, 12, 143.0,200.0,-1
12, 8, 143.0,200.0,-1
8, 13, 613.0,762.0,-1
13, 8, 613.0,762.0,-1
8, 14, 241.0,301.0,-1
14, 8, 241.0,301.0,-1
8, 15, 403.0,564.0,-1
15, 8, 403.0,564.0,-1
8, 16, 935.0,1319.0,1
16, 8, 935.0,1319.0,1
8, 8, 0.0,0.0,1
9, 10, 829.0,885.0,-1
10, 9, 829.0,885.0,-1
9, 11, 179.0,187.0,-1
11, 9, 179.0,187.0,-1
9, 12, 651.0,799.0,-1
12, 9, 651.0,799.0,-1
9, 13, 757.0,1068.0,-1
13, 9, 757.0,1068.0,-1
9, 14, 687.0,817.0,1
14, 9, 687.0,817.0,1
9, 15, 532.0,747.0,1
15, 9, 532.0,747.0,1
9, 16, 626.0,736.0,1
16, 9, 626.0,736.0,1
9, 9, 0.0,0.0,1
10, 11, 853.0,1056.0,-1
11, 10, 853.0,1056.0,-1
10, 12, 304.0,429.0,1
12, 10, 304.0,429.0,1
10, 13, 514.0,703.0,1
13, 10, 514.0,703.0,1
10, 14, 178.0,242.0,-1
14, 10, 178.0,242.0,-1
10, 15, 561.0,793.0,-1
15, 10, 561.0,793.0,-1
10, 16, 897.0,1260.0,-1
16, 10, 897.0,1260.0,-1
10, 10, 0.0,0.0,1
11, 12, 620.0,628.0,1
12, 11, 620.0,628.0,1
11, 13, 880.0,1239.0,-1
13, 11, 880.0,1239.0,-1
11, 14, 739.0,988.0,-1
14, 11, 739.0,988.0,-1
11, 15, 438.0,560.0,1
15, 11, 438.0,560.0,1
11, 16, 801.0,907.0,-1
16, 11, 801.0,907.0,-1
11, 11, 0.0,0.0,1
12, 13, 675.0,733.0,-1
13, 12, 675.0,733.0,-1
12, 14, 319.0,360.0,1
14, 12, 319.0,360.0,1
12, 15, 261.0,365.0,-1
15, 12, 261.0,365.0,-1
12, 16, 934.0,1291.0,1
16, 12, 934.0,1291.0,1
12, 12, 0.0,0.0,1
13, 14, 372.0,461.0,-1
14, 13, 372.0,461.0,-1
13, 15, 842.0,976.0,-1
15, 13, 842.0,976.0,-1
13, 16, 459.0,558.0,1
16, 13, 459.0,558.0,1
13, 13, 0.0,0.0,1
14, 15, 536.0,725.0,-1
15, 14, 536.0,725.0,-1
14, 16, 723.0,1019.0,-1
16, 14, 723.0,1019.0,-1
14, 14, 0.0,0.0,1
15, 16, 987.0,1238.0,-1
16, 15, 987.0,1238.0,-1
15, 15, 0.0,0.0,1
16, 16, 0.0,0.0,1


<end>