<number of nodes>
16

<ratio of available edges>
0.3

<max length of the drone flight>
100000 

<D 2/3>
1, 2, 4, 5, 6, 8, 10, 11, 14, 15, 16

<V>
5, 8, 10, 14, 15

<coordinates X,Y>
725.0863094561056, 905.1796289901783
515.1129177621414, 727.2659352307015
196.65038788698777, 875.3079669042226
515.0647769942, 564.8509712721531
553.1654909671875, 538.9829165326636
960.5712497079094, 466.0422670192254
909.8538305092345, 814.1436608381824
954.5802600814984, 805.6951631862042
890.283244128101, 344.2002086912943
662.1903552220595, 449.3102209322514
756.0421943967341, 642.4621672463434
119.74759402377535, 485.1255021764217
979.7953461156617, 562.5186344596846
814.2913681622615, 697.9500294440587
5.825491421603945, 321.2544798836393
680.1033006842762, 782.0978044334832

<adjacency matrix with truck distances>
1, 2, 276.0,388.0,-1
2, 1, 276.0,388.0,-1
1, 3, 530.0,559.0,-1
3, 1, 530.0,559.0,-1
1, 4, 400.0,551.0,-1
4, 1, 400.0,551.0,-1
1, 5, 405.0,539.0,-1
5, 1, 405.0,539.0,-1
1, 6, 499.0,675.0,1
6, 1, 499.0,675.0,1
1, 7, 206.0,276.0,-1
7, 1, 206.0,276.0,-1
1, 8, 251.0,329.0,-1
8, 1, 251.0,329.0,-1
1, 9, 585.0,727.0,-1
9, 1, 585.0,727.0,-1
1, 10, 461.0,519.0,-1
10, 1, 461.0,519.0,-1
1, 11, 265.0,294.0,-1
11, 1, 265.0,294.0,-1
1, 12, 737.0,1026.0,-1
12, 1, 737.0,1026.0,-1
1, 13, 427.0,598.0,1
13, 1, 427.0,598.0,1
1, 14, 226.0,297.0,-1
14, 1, 226.0,297.0,-1
1, 15, 927.0,1304.0,-1
15, 1, 927.0,1304.0,-1
1, 16, 132.0,169.0,-1
16, 1, 132.0,169.0,-1
1, 1, 0.0,0.0,1
2, 3, 352.0,467.0,-1
3, 2, 352.0,467.0,-1
2, 4, 163.0,163.0,-1
4, 2, 163.0,163.0,-1
2, 5, 193.0,227.0,-1
5, 2, 193.0,227.0,-1
2, 6, 517.0,707.0,1
6, 2, 517.0,707.0,1
2, 7, 405.0,482.0,1
7, 2, 405.0,482.0,1
2, 8, 447.0,518.0,1
8, 2, 447.0,518.0,1
2, 9, 537.0,759.0,-1
9, 2, 537.0,759.0,-1
2, 10, 315.0,426.0,-1
10, 2, 315.0,426.0,-1
2, 11, 256.0,326.0,-1
11, 2, 256.0,326.0,-1
2, 12, 464.0,638.0,1
12, 2, 464.0,638.0,1
2, 13, 494.0,630.0,1
13, 2, 494.0,630.0,1
2, 14, 301.0,329.0,-1
14, 2, 301.0,329.0,-1
2, 15, 652.0,916.0,-1
15, 2, 652.0,916.0,-1
2, 16, 174.0,220.0,-1
16, 2, 174.0,220.0,-1
2, 2, 0.0,0.0,1
3, 4, 445.0,629.0,-1
4, 3, 445.0,629.0,-1
3, 5, 491.0,693.0,-1
5, 3, 491.0,693.0,-1
3, 6, 867.0,1174.0,-1
6, 3, 867.0,1174.0,-1
3, 7, 716.0,775.0,1
7, 3, 716.0,775.0,1
3, 8, 762.0,828.0,-1
8, 3, 762.0,828.0,-1
3, 9, 874.0,1225.0,-1
9, 3, 874.0,1225.0,-1
3, 10, 632.0,892.0,1
10, 3, 632.0,892.0,1
3, 11, 606.0,793.0,1
11, 3, 606.0,793.0,1
3, 12, 398.0,468.0,1
12, 3, 398.0,468.0,1
3, 13, 844.0,1096.0,1
13, 3, 844.0,1096.0,1
3, 14, 643.0,795.0,-1
14, 3, 643.0,795.0,-1
3, 15, 586.0,745.0,-1
15, 3, 586.0,745.0,-1
3, 16, 493.0,577.0,-1
16, 3, 493.0,577.0,-1
3, 3, 0.0,0.0,1
4, 5, 47.0,64.0,-1
5, 4, 47.0,64.0,-1
4, 6, 457.0,545.0,-1
6, 4, 457.0,545.0,-1
4, 7, 467.0,645.0,-1
7, 4, 467.0,645.0,-1
4, 8, 502.0,681.0,-1
8, 4, 502.0,681.0,-1
4, 9, 436.0,596.0,-1
9, 4, 436.0,596.0,-1
4, 10, 188.0,263.0,-1
10, 4, 188.0,263.0,-1
4, 11, 254.0,319.0,1
11, 4, 254.0,319.0,1
4, 12, 404.0,476.0,1
12, 4, 404.0,476.0,1
4, 13, 465.0,468.0,-1
13, 4, 465.0,468.0,-1
4, 14, 328.0,433.0,-1
14, 4, 328.0,433.0,-1
4, 15, 565.0,753.0,1
15, 4, 565.0,753.0,1
4, 16, 273.0,383.0,1
16, 4, 273.0,383.0,1
4, 4, 0.0,0.0,1
5, 6, 414.0,481.0,-1
6, 5, 414.0,481.0,-1
5, 7, 451.0,632.0,1
7, 5, 451.0,632.0,1
5, 8, 482.0,669.0,-1
8, 5, 482.0,669.0,-1
5, 9, 390.0,532.0,-1
9, 5, 390.0,532.0,-1
5, 10, 142.0,199.0,-1
10, 5, 142.0,199.0,-1
5, 11, 228.0,307.0,-1
11, 5, 228.0,307.0,-1
5, 12, 437.0,488.0,-1
12, 5, 437.0,488.0,-1
5, 13, 428.0,451.0,-1
13, 5, 428.0,451.0,-1
5, 14, 306.0,421.0,-1
14, 5, 306.0,421.0,-1
5, 15, 590.0,766.0,1
15, 5, 590.0,766.0,1
5, 16, 275.0,371.0,-1
16, 5, 275.0,371.0,-1
5, 5, 0.0,0.0,1
6, 7, 352.0,399.0,-1
7, 6, 352.0,399.0,-1
6, 8, 340.0,346.0,-1
8, 6, 340.0,346.0,-1
6, 9, 141.0,193.0,-1
9, 6, 141.0,193.0,-1
6, 10, 299.0,316.0,1
10, 6, 299.0,316.0,1
6, 11, 271.0,381.0,-1
11, 6, 271.0,381.0,-1
6, 12, 842.0,860.0,-1
12, 6, 842.0,860.0,-1
6, 13, 99.0,116.0,1
13, 6, 99.0,116.0,1
6, 14, 275.0,379.0,-1
14, 6, 275.0,379.0,-1
6, 15, 966.0,1100.0,1
15, 6, 966.0,1100.0,1
6, 16, 423.0,597.0,1
16, 6, 423.0,597.0,1
6, 6, 0.0,0.0,1
7, 8, 46.0,54.0,-1
8, 7, 46.0,54.0,-1
7, 9, 471.0,490.0,1
9, 7, 471.0,490.0,1
7, 10, 441.0,613.0,1
10, 7, 441.0,613.0,1
7, 11, 231.0,326.0,1
11, 7, 231.0,326.0,1
7, 12, 856.0,1120.0,-1
12, 7, 856.0,1120.0,-1
7, 13, 262.0,322.0,1
13, 7, 262.0,322.0,1
7, 14, 151.0,212.0,-1
14, 7, 151.0,212.0,-1
7, 15, 1030.0,1397.0,-1
15, 7, 1030.0,1397.0,-1
7, 16, 232.0,262.0,-1
16, 7, 232.0,262.0,-1
7, 7, 0.0,0.0,1
8, 9, 466.0,526.0,1
9, 8, 466.0,526.0,1
8, 10, 461.0,649.0,-1
10, 8, 461.0,649.0,-1
8, 11, 258.0,362.0,-1
11, 8, 258.0,362.0,-1
8, 12, 895.0,1156.0,-1
12, 8, 895.0,1156.0,-1
8, 13, 245.0,269.0,-1
13, 8, 245.0,269.0,-1
8, 14, 177.0,249.0,1
14, 8, 177.0,249.0,1
8, 15, 1066.0,1434.0,-1
15, 8, 1066.0,1434.0,-1
8, 16, 276.0,299.0,-1
16, 8, 276.0,299.0,-1
8, 8, 0.0,0.0,1
9, 10, 252.0,334.0,-1
10, 9, 252.0,334.0,-1
9, 11, 328.0,433.0,1
11, 9, 328.0,433.0,1
9, 12, 784.0,912.0,-1
12, 9, 784.0,912.0,-1
9, 13, 236.0,308.0,1
13, 9, 236.0,308.0,1
9, 14, 362.0,430.0,1
14, 9, 362.0,430.0,1
9, 15, 885.0,908.0,-1
15, 9, 885.0,908.0,-1
9, 16, 486.0,649.0,1
16, 9, 486.0,649.0,1
9, 9, 0.0,0.0,1
10, 11, 215.0,288.0,1
11, 10, 215.0,288.0,1
10, 12, 544.0,579.0,-1
12, 10, 544.0,579.0,-1
10, 13, 338.0,431.0,-1
13, 10, 338.0,431.0,-1
10, 14, 292.0,401.0,-1
14, 10, 292.0,401.0,-1
10, 15, 669.0,785.0,1
15, 10, 669.0,785.0,1
10, 16, 334.0,351.0,-1
16, 10, 334.0,351.0,-1
10, 10, 0.0,0.0,1
11, 12, 656.0,794.0,-1
12, 11, 656.0,794.0,-1
11, 13, 238.0,304.0,-1
13, 11, 238.0,304.0,-1
11, 14, 81.0,114.0,-1
14, 11, 81.0,114.0,-1
11, 15, 817.0,1072.0,-1
15, 11, 817.0,1072.0,-1
11, 16, 159.0,216.0,-1
16, 11, 159.0,216.0,-1
11, 11, 0.0,0.0,1
12, 13, 864.0,938.0,1
13, 12, 864.0,938.0,1
12, 14, 727.0,908.0,-1
14, 12, 727.0,908.0,-1
12, 15, 200.0,278.0,-1
15, 12, 200.0,278.0,-1
12, 16, 635.0,858.0,-1
16, 12, 635.0,858.0,-1
12, 12, 0.0,0.0,1
13, 14, 214.0,301.0,-1
14, 13, 214.0,301.0,-1
13, 15, 1004.0,1216.0,-1
15, 13, 1004.0,1216.0,-1
13, 16, 372.0,520.0,-1
16, 13, 372.0,520.0,-1
13, 13, 0.0,0.0,1
14, 15, 892.0,1186.0,-1
15, 14, 892.0,1186.0,-1
14, 16, 159.0,219.0,-1
16, 14, 159.0,219.0,-1
14, 14, 0.0,0.0,1
15, 16, 817.0,1136.0,1
16, 15, 817.0,1136.0,1
15, 15, 0.0,0.0,1
16, 16, 0.0,0.0,1


<end>