<number of nodes>
16

<ratio of available edges>
0.3

<max length of the drone flight>
100000 

<D 2/3>
1, 3, 4, 5, 6, 9, 10, 12, 14, 15, 16

<V>
5, 12, 14, 15, 16

<coordinates X,Y>
953.950387634269, 290.18954057189643
756.7956707728943, 152.11224650781458
444.8393576196993, 606.5275169153158
25.961118839868615, 565.604334767697
16.97936475174605, 276.1453886216386
379.810809468906, 335.98983337790503
315.44680714144687, 602.5706429841348
303.1260446779799, 553.5260293241137
158.89315255341285, 154.54840689839787
553.5706929930294, 52.65848494679652
255.69143835234718, 388.6031953246379
511.5127568640921, 810.7662651510356
427.7655620052942, 837.922031487313
611.6227522567096, 850.9912411991952
586.4305388852915, 436.6116129229571
960.5471550559768, 581.5840590392057

<adjacency matrix with truck distances>
1, 2, 241.0,336.0,-1
2, 1, 241.0,336.0,-1
1, 3, 600.0,826.0,1
3, 1, 600.0,826.0,1
1, 4, 968.0,1204.0,1
4, 1, 968.0,1204.0,1
1, 5, 938.0,952.0,1
5, 1, 938.0,952.0,1
1, 6, 576.0,620.0,1
6, 1, 576.0,620.0,1
1, 7, 711.0,951.0,-1
7, 1, 711.0,951.0,-1
1, 8, 703.0,915.0,-1
8, 1, 703.0,915.0,-1
1, 9, 807.0,931.0,-1
9, 1, 807.0,931.0,-1
1, 10, 466.0,638.0,1
10, 1, 466.0,638.0,1
1, 11, 706.0,797.0,-1
11, 1, 706.0,797.0,-1
1, 12, 684.0,964.0,-1
12, 1, 684.0,964.0,-1
1, 13, 760.0,1074.0,1
13, 1, 760.0,1074.0,1
1, 14, 658.0,904.0,-1
14, 1, 658.0,904.0,-1
1, 15, 396.0,514.0,-1
15, 1, 396.0,514.0,-1
1, 16, 292.0,298.0,-1
16, 1, 292.0,298.0,-1
1, 1, 0.0,0.0,1
2, 3, 552.0,767.0,1
3, 2, 552.0,767.0,1
2, 4, 840.0,1145.0,1
4, 2, 840.0,1145.0,1
2, 5, 751.0,864.0,-1
5, 2, 751.0,864.0,-1
2, 6, 420.0,561.0,-1
6, 2, 420.0,561.0,-1
2, 7, 631.0,892.0,-1
7, 2, 631.0,892.0,-1
2, 8, 606.0,856.0,-1
8, 2, 606.0,856.0,-1
2, 9, 598.0,601.0,-1
9, 2, 598.0,601.0,-1
2, 10, 227.0,303.0,-1
10, 2, 227.0,303.0,-1
2, 11, 555.0,738.0,-1
11, 2, 555.0,738.0,-1
2, 12, 703.0,904.0,-1
12, 2, 703.0,904.0,-1
2, 13, 761.0,1015.0,-1
13, 2, 761.0,1015.0,-1
2, 14, 714.0,845.0,1
14, 2, 714.0,845.0,1
2, 15, 332.0,455.0,1
15, 2, 332.0,455.0,1
2, 16, 476.0,634.0,-1
16, 2, 476.0,634.0,-1
2, 2, 0.0,0.0,1
3, 4, 421.0,460.0,-1
4, 3, 421.0,460.0,-1
3, 5, 541.0,759.0,-1
5, 3, 541.0,759.0,-1
3, 6, 279.0,336.0,-1
6, 3, 279.0,336.0,-1
3, 7, 130.0,134.0,1
7, 3, 130.0,134.0,1
3, 8, 152.0,195.0,-1
8, 3, 152.0,195.0,-1
3, 9, 535.0,738.0,-1
9, 3, 535.0,738.0,-1
3, 10, 565.0,663.0,-1
10, 3, 565.0,663.0,-1
3, 11, 289.0,408.0,-1
11, 3, 289.0,408.0,-1
3, 12, 215.0,271.0,-1
12, 3, 215.0,271.0,-1
3, 13, 233.0,249.0,1
13, 3, 233.0,249.0,1
3, 14, 296.0,412.0,-1
14, 3, 296.0,412.0,-1
3, 15, 222.0,312.0,1
15, 3, 222.0,312.0,1
3, 16, 517.0,541.0,-1
16, 3, 517.0,541.0,-1
3, 3, 0.0,0.0,1
4, 5, 290.0,299.0,-1
5, 4, 290.0,299.0,-1
4, 6, 422.0,584.0,-1
6, 4, 422.0,584.0,-1
4, 7, 292.0,327.0,1
7, 4, 292.0,327.0,1
4, 8, 278.0,290.0,-1
8, 4, 278.0,290.0,-1
4, 9, 433.0,544.0,1
9, 4, 433.0,544.0,1
4, 10, 736.0,1041.0,-1
10, 4, 736.0,1041.0,-1
4, 11, 291.0,407.0,1
11, 4, 291.0,407.0,1
4, 12, 544.0,731.0,1
12, 4, 544.0,731.0,1
4, 13, 486.0,675.0,-1
13, 4, 486.0,675.0,-1
4, 14, 652.0,872.0,-1
14, 4, 652.0,872.0,-1
4, 15, 576.0,690.0,-1
15, 4, 576.0,690.0,-1
4, 16, 935.0,951.0,1
16, 4, 935.0,951.0,1
4, 4, 0.0,0.0,1
5, 6, 368.0,423.0,-1
6, 5, 368.0,423.0,-1
5, 7, 443.0,625.0,-1
7, 5, 443.0,625.0,-1
5, 8, 399.0,564.0,1
8, 5, 399.0,564.0,1
5, 9, 187.0,264.0,1
9, 5, 187.0,264.0,1
5, 10, 582.0,761.0,-1
10, 5, 582.0,761.0,-1
5, 11, 264.0,352.0,-1
11, 5, 264.0,352.0,-1
5, 12, 729.0,1030.0,-1
12, 5, 729.0,1030.0,-1
5, 13, 696.0,973.0,-1
13, 5, 696.0,973.0,-1
5, 14, 828.0,1170.0,1
14, 5, 828.0,1170.0,1
5, 15, 592.0,730.0,-1
15, 5, 592.0,730.0,-1
5, 16, 992.0,1250.0,1
16, 5, 992.0,1250.0,1
5, 5, 0.0,0.0,1
6, 7, 275.0,331.0,-1
7, 6, 275.0,331.0,-1
6, 8, 231.0,295.0,-1
8, 6, 231.0,295.0,-1
6, 9, 286.0,403.0,-1
9, 6, 286.0,403.0,-1
6, 10, 333.0,458.0,-1
10, 6, 333.0,458.0,-1
6, 11, 135.0,177.0,-1
11, 6, 135.0,177.0,-1
6, 12, 493.0,607.0,1
12, 6, 493.0,607.0,1
6, 13, 505.0,550.0,-1
13, 6, 505.0,550.0,-1
6, 14, 565.0,747.0,-1
14, 6, 565.0,747.0,-1
6, 15, 230.0,308.0,-1
15, 6, 230.0,308.0,-1
6, 16, 631.0,827.0,1
16, 6, 631.0,827.0,1
6, 6, 0.0,0.0,1
7, 8, 51.0,62.0,1
8, 7, 51.0,62.0,1
7, 9, 475.0,605.0,-1
9, 7, 475.0,605.0,-1
7, 10, 600.0,789.0,1
10, 7, 600.0,789.0,1
7, 11, 223.0,274.0,-1
11, 7, 223.0,274.0,-1
7, 12, 286.0,405.0,-1
12, 7, 286.0,405.0,-1
7, 13, 261.0,348.0,-1
13, 7, 261.0,348.0,-1
7, 14, 387.0,545.0,-1
14, 7, 387.0,545.0,-1
7, 15, 318.0,437.0,-1
15, 7, 318.0,437.0,-1
7, 16, 646.0,667.0,-1
16, 7, 646.0,667.0,-1
7, 7, 0.0,0.0,1
8, 9, 425.0,544.0,1
9, 8, 425.0,544.0,1
8, 10, 560.0,752.0,-1
10, 8, 560.0,752.0,-1
8, 11, 172.0,213.0,-1
11, 8, 172.0,213.0,-1
8, 12, 332.0,466.0,-1
12, 8, 332.0,466.0,-1
8, 13, 311.0,410.0,-1
13, 8, 311.0,410.0,-1
8, 14, 429.0,606.0,-1
14, 8, 429.0,606.0,-1
8, 15, 307.0,401.0,-1
15, 8, 307.0,401.0,-1
8, 16, 659.0,686.0,-1
16, 8, 659.0,686.0,-1
8, 8, 0.0,0.0,1
9, 10, 408.0,497.0,-1
10, 9, 408.0,497.0,-1
9, 11, 254.0,331.0,-1
11, 9, 254.0,331.0,-1
9, 12, 745.0,1009.0,1
12, 9, 745.0,1009.0,1
9, 13, 735.0,953.0,-1
13, 9, 735.0,953.0,-1
9, 14, 831.0,1150.0,-1
14, 9, 831.0,1150.0,-1
9, 15, 513.0,710.0,-1
15, 9, 513.0,710.0,-1
9, 16, 909.0,1229.0,-1
16, 9, 909.0,1229.0,-1
9, 9, 0.0,0.0,1
10, 11, 449.0,634.0,-1
11, 10, 449.0,634.0,-1
10, 12, 760.0,801.0,-1
12, 10, 760.0,801.0,-1
10, 13, 796.0,912.0,-1
13, 10, 796.0,912.0,-1
10, 14, 801.0,857.0,1
14, 10, 801.0,857.0,1
10, 15, 386.0,417.0,1
15, 10, 386.0,417.0,1
10, 16, 668.0,936.0,-1
16, 10, 668.0,936.0,-1
10, 10, 0.0,0.0,1
11, 12, 494.0,678.0,-1
12, 11, 494.0,678.0,-1
11, 13, 482.0,622.0,-1
13, 11, 482.0,622.0,-1
11, 14, 584.0,819.0,1
14, 11, 584.0,819.0,1
11, 15, 335.0,379.0,-1
15, 11, 335.0,379.0,-1
11, 16, 731.0,898.0,1
16, 11, 731.0,898.0,1
11, 11, 0.0,0.0,1
12, 13, 89.0,111.0,1
13, 12, 89.0,111.0,1
12, 14, 108.0,141.0,-1
14, 12, 108.0,141.0,-1
12, 15, 382.0,450.0,1
15, 12, 382.0,450.0,1
12, 16, 505.0,679.0,-1
16, 12, 505.0,679.0,-1
12, 12, 0.0,0.0,1
13, 14, 185.0,197.0,-1
14, 13, 185.0,197.0,-1
13, 15, 432.0,560.0,-1
15, 13, 432.0,560.0,-1
13, 16, 592.0,790.0,-1
16, 13, 592.0,790.0,-1
13, 13, 0.0,0.0,1
14, 15, 416.0,440.0,1
15, 14, 416.0,440.0,1
14, 16, 441.0,619.0,-1
16, 14, 441.0,619.0,-1
14, 14, 0.0,0.0,1
15, 16, 402.0,520.0,1
16, 15, 402.0,520.0,1
15, 15, 0.0,0.0,1
16, 16, 0.0,0.0,1


<end>