<number of nodes>
16

<ratio of available edges>
0.3

<max length of the drone flight>
100000 

<D 2/3>
1, 2, 3, 4, 5, 6, 7, 11, 12, 13, 16

<V>
4, 6, 7, 13, 16

<coordinates X,Y>
702.3607776772885, 595.5761024887987
86.23088895926239, 316.32855142589347
614.7152780111097, 151.43769140071274
139.73798647152145, 103.14073540706282
882.8689836381562, 706.2806453095601
560.0868282147566, 894.3590895498261
823.4857623269136, 949.5170760164907
358.8997813830353, 996.3397632373114
881.1584478897244, 293.9477823495275
814.1217825354577, 269.29004281631074
919.7399850068607, 640.373709983416
721.5504676333467, 55.8876308075002
110.07817590109802, 209.14026947038292
950.5304435346457, 909.8358775748985
67.39177759389848, 564.2171365058498
278.8933679639799, 550.1104158951086

<adjacency matrix with truck distances>
1, 2, 677.0,896.0,1
2, 1, 677.0,896.0,1
1, 3, 453.0,532.0,-1
3, 1, 453.0,532.0,-1
1, 4, 748.0,1056.0,1
4, 1, 748.0,1056.0,1
1, 5, 212.0,292.0,1
5, 1, 212.0,292.0,1
1, 6, 331.0,442.0,1
6, 1, 331.0,442.0,1
1, 7, 375.0,476.0,-1
7, 1, 375.0,476.0,-1
1, 8, 528.0,745.0,1
8, 1, 528.0,745.0,1
1, 9, 351.0,481.0,-1
9, 1, 351.0,481.0,-1
1, 10, 345.0,439.0,-1
10, 1, 345.0,439.0,-1
1, 11, 222.0,263.0,1
11, 1, 222.0,263.0,1
1, 12, 541.0,559.0,1
12, 1, 541.0,559.0,1
1, 13, 708.0,979.0,-1
13, 1, 708.0,979.0,-1
1, 14, 401.0,563.0,-1
14, 1, 401.0,563.0,-1
1, 15, 636.0,667.0,1
15, 1, 636.0,667.0,1
1, 16, 426.0,469.0,-1
16, 1, 426.0,469.0,-1
1, 1, 0.0,0.0,1
2, 3, 554.0,694.0,1
3, 2, 554.0,694.0,1
2, 4, 220.0,267.0,1
4, 2, 220.0,267.0,1
2, 5, 887.0,1187.0,-1
5, 2, 887.0,1187.0,-1
2, 6, 748.0,1052.0,1
6, 2, 748.0,1052.0,1
2, 7, 972.0,1371.0,-1
7, 2, 972.0,1371.0,-1
2, 8, 733.0,953.0,-1
8, 2, 733.0,953.0,-1
2, 9, 796.0,818.0,-1
9, 2, 796.0,818.0,-1
2, 10, 730.0,775.0,-1
10, 2, 730.0,775.0,-1
2, 11, 895.0,1158.0,1
11, 2, 895.0,1158.0,1
2, 12, 687.0,896.0,-1
12, 2, 687.0,896.0,-1
2, 13, 110.0,132.0,-1
13, 2, 110.0,132.0,-1
2, 14, 1049.0,1458.0,-1
14, 2, 1049.0,1458.0,-1
2, 15, 249.0,267.0,1
15, 2, 249.0,267.0,1
2, 16, 303.0,427.0,-1
16, 2, 303.0,427.0,-1
2, 2, 0.0,0.0,1
3, 4, 478.0,524.0,-1
4, 3, 478.0,524.0,-1
3, 5, 617.0,823.0,1
5, 3, 617.0,823.0,1
3, 6, 745.0,798.0,-1
6, 3, 745.0,798.0,-1
3, 7, 825.0,1007.0,-1
7, 3, 825.0,1007.0,-1
3, 8, 883.0,1101.0,1
8, 3, 883.0,1101.0,1
3, 9, 303.0,409.0,-1
9, 3, 303.0,409.0,-1
3, 10, 232.0,318.0,-1
10, 3, 232.0,318.0,-1
3, 11, 577.0,794.0,-1
11, 3, 577.0,794.0,-1
3, 12, 144.0,203.0,1
12, 3, 144.0,203.0,1
3, 13, 508.0,563.0,-1
13, 3, 508.0,563.0,-1
3, 14, 830.0,1095.0,-1
14, 3, 830.0,1095.0,-1
3, 15, 686.0,961.0,1
15, 3, 686.0,961.0,1
3, 16, 522.0,735.0,-1
16, 3, 522.0,735.0,-1
3, 3, 0.0,0.0,1
4, 5, 958.0,1347.0,1
5, 4, 958.0,1347.0,1
4, 6, 896.0,1212.0,-1
6, 4, 896.0,1212.0,-1
4, 7, 1089.0,1531.0,1
7, 4, 1089.0,1531.0,1
4, 8, 920.0,1113.0,-1
8, 4, 920.0,1113.0,-1
4, 9, 766.0,933.0,-1
9, 4, 766.0,933.0,-1
4, 10, 695.0,841.0,-1
10, 4, 695.0,841.0,-1
4, 11, 948.0,1318.0,-1
11, 4, 948.0,1318.0,-1
4, 12, 584.0,630.0,-1
12, 4, 584.0,630.0,-1
4, 13, 111.0,136.0,1
13, 4, 111.0,136.0,1
4, 14, 1144.0,1618.0,1
14, 4, 1144.0,1618.0,1
4, 15, 467.0,534.0,-1
15, 4, 467.0,534.0,-1
4, 16, 469.0,587.0,1
16, 4, 469.0,587.0,1
4, 4, 0.0,0.0,1
5, 6, 374.0,511.0,-1
6, 5, 374.0,511.0,-1
5, 7, 251.0,303.0,-1
7, 5, 251.0,303.0,-1
5, 8, 599.0,815.0,-1
8, 5, 599.0,815.0,-1
5, 9, 413.0,415.0,-1
9, 5, 413.0,415.0,-1
5, 10, 443.0,506.0,-1
10, 5, 443.0,506.0,-1
5, 11, 76.0,103.0,-1
11, 5, 76.0,103.0,-1
5, 12, 671.0,812.0,-1
12, 5, 671.0,812.0,-1
5, 13, 919.0,1270.0,-1
13, 5, 919.0,1270.0,-1
5, 14, 215.0,272.0,-1
14, 5, 215.0,272.0,-1
5, 15, 828.0,958.0,-1
15, 5, 828.0,958.0,-1
5, 16, 624.0,761.0,-1
16, 5, 624.0,761.0,-1
5, 5, 0.0,0.0,1
6, 7, 270.0,319.0,-1
7, 6, 270.0,319.0,-1
6, 8, 226.0,304.0,1
8, 6, 226.0,304.0,1
6, 9, 681.0,922.0,-1
9, 6, 681.0,922.0,-1
6, 10, 675.0,880.0,-1
10, 6, 675.0,880.0,-1
6, 11, 441.0,614.0,1
11, 6, 441.0,614.0,1
6, 12, 854.0,1000.0,-1
12, 6, 854.0,1000.0,-1
6, 13, 820.0,1136.0,-1
13, 6, 820.0,1136.0,-1
6, 14, 391.0,406.0,1
14, 6, 391.0,406.0,1
6, 15, 594.0,823.0,1
15, 6, 594.0,823.0,1
6, 16, 445.0,626.0,-1
16, 6, 445.0,626.0,-1
6, 6, 0.0,0.0,1
7, 8, 467.0,512.0,-1
8, 7, 467.0,512.0,-1
7, 9, 659.0,714.0,1
9, 7, 659.0,714.0,1
7, 10, 681.0,690.0,-1
10, 7, 681.0,690.0,-1
7, 11, 324.0,406.0,-1
11, 7, 324.0,406.0,-1
7, 12, 900.0,996.0,1
12, 7, 900.0,996.0,1
7, 13, 1029.0,1454.0,-1
13, 7, 1029.0,1454.0,-1
7, 14, 134.0,167.0,-1
14, 7, 134.0,167.0,-1
7, 15, 849.0,1142.0,-1
15, 7, 849.0,1142.0,-1
7, 16, 676.0,944.0,-1
16, 7, 676.0,944.0,-1
7, 7, 0.0,0.0,1
8, 9, 876.0,1225.0,1
9, 8, 876.0,1225.0,1
8, 10, 858.0,1183.0,-1
10, 8, 858.0,1183.0,-1
8, 11, 665.0,917.0,-1
11, 8, 665.0,917.0,-1
8, 12, 1008.0,1304.0,-1
12, 8, 1008.0,1304.0,-1
8, 13, 826.0,1037.0,-1
13, 8, 826.0,1037.0,-1
8, 14, 598.0,679.0,-1
14, 8, 598.0,679.0,-1
8, 15, 522.0,724.0,-1
15, 8, 522.0,724.0,-1
8, 16, 454.0,527.0,-1
16, 8, 454.0,527.0,-1
8, 8, 0.0,0.0,1
9, 10, 72.0,92.0,-1
10, 9, 72.0,92.0,-1
9, 11, 349.0,386.0,-1
11, 9, 349.0,386.0,-1
9, 12, 287.0,398.0,-1
12, 9, 287.0,398.0,-1
9, 13, 776.0,856.0,-1
13, 9, 776.0,856.0,-1
9, 14, 620.0,686.0,-1
14, 9, 620.0,686.0,-1
9, 15, 858.0,1085.0,1
15, 9, 858.0,1085.0,1
9, 16, 655.0,859.0,1
16, 9, 655.0,859.0,1
9, 9, 0.0,0.0,1
10, 11, 386.0,477.0,1
11, 10, 386.0,477.0,1
10, 12, 233.0,306.0,-1
12, 10, 233.0,306.0,-1
10, 13, 707.0,765.0,-1
13, 10, 707.0,765.0,-1
10, 14, 655.0,777.0,-1
14, 10, 655.0,777.0,-1
10, 15, 803.0,1042.0,-1
15, 10, 803.0,1042.0,-1
10, 16, 605.0,817.0,1
16, 10, 605.0,817.0,1
10, 10, 0.0,0.0,1
11, 12, 618.0,783.0,-1
12, 11, 618.0,783.0,-1
11, 13, 918.0,1241.0,-1
13, 11, 918.0,1241.0,-1
11, 14, 272.0,301.0,-1
14, 11, 272.0,301.0,-1
11, 15, 856.0,929.0,1
15, 11, 856.0,929.0,1
11, 16, 648.0,732.0,-1
16, 11, 648.0,732.0,-1
11, 11, 0.0,0.0,1
12, 13, 631.0,765.0,-1
13, 12, 631.0,765.0,-1
12, 14, 885.0,1083.0,-1
14, 12, 885.0,1083.0,-1
12, 15, 829.0,1163.0,1
15, 12, 829.0,1163.0,1
12, 16, 664.0,937.0,-1
16, 12, 664.0,937.0,-1
12, 12, 0.0,0.0,1
13, 14, 1095.0,1542.0,-1
14, 13, 1095.0,1542.0,-1
13, 15, 358.0,398.0,1
15, 13, 358.0,398.0,1
13, 16, 381.0,510.0,-1
16, 13, 381.0,510.0,-1
13, 13, 0.0,0.0,1
14, 15, 949.0,1229.0,-1
15, 14, 949.0,1229.0,-1
14, 16, 762.0,1032.0,-1
16, 14, 762.0,1032.0,-1
14, 14, 0.0,0.0,1
15, 16, 212.0,226.0,-1
16, 15, 212.0,226.0,-1
15, 15, 0.0,0.0,1
16, 16, 0.0,0.0,1


<end>