<number of nodes>
16

<ratio of available edges>
0.3

<max length of the drone flight>
100000 

<D 2/3>
1, 2, 3, 5, 8, 9, 10, 11, 12, 14, 15

<V>
3, 9, 10, 12, 15

<coordinates X,Y>
359.6258969378851, 816.2233228245498
692.03097699013, 244.0931459938292
883.2307090652021, 387.77759105401884
828.451362313213, 611.0960058568091
319.4643964704112, 818.4006726405252
586.6275664726019, 551.1426830473193
446.99290412690186, 637.6094583914855
746.4438815930279, 411.3998457123355
76.10898926097057, 834.2183439184183
931.8148598406035, 433.77093718517324
55.60948772745153, 781.662026767813
117.48467962050853, 629.267553019299
74.2835605937174, 567.6150246197673
667.1959045184876, 544.7747887083336
649.5889364850235, 16.2309891091216
283.1479242077699, 51.64637989175014

<adjacency matrix with truck distances>
1, 2, 662.0,905.0,1
2, 1, 662.0,905.0,1
1, 3, 677.0,953.0,-1
3, 1, 677.0,953.0,-1
1, 4, 512.0,674.0,-1
4, 1, 512.0,674.0,-1
1, 5, 41.0,43.0,1
5, 1, 41.0,43.0,1
1, 6, 349.0,493.0,-1
6, 1, 349.0,493.0,-1
1, 7, 199.0,266.0,-1
7, 1, 199.0,266.0,-1
1, 8, 560.0,792.0,1
8, 1, 560.0,792.0,1
1, 9, 285.0,302.0,1
9, 1, 285.0,302.0,1
1, 10, 689.0,955.0,-1
10, 1, 689.0,955.0,-1
1, 11, 306.0,339.0,-1
11, 1, 306.0,339.0,-1
1, 12, 306.0,430.0,-1
12, 1, 306.0,430.0,-1
1, 13, 379.0,534.0,-1
13, 1, 379.0,534.0,-1
1, 14, 411.0,580.0,-1
14, 1, 411.0,580.0,-1
1, 15, 851.0,1090.0,-1
15, 1, 851.0,1090.0,-1
1, 16, 769.0,842.0,-1
16, 1, 769.0,842.0,-1
1, 1, 0.0,0.0,1
2, 3, 240.0,335.0,-1
3, 2, 240.0,335.0,-1
2, 4, 392.0,504.0,1
4, 2, 392.0,504.0,1
2, 5, 685.0,947.0,-1
5, 2, 685.0,947.0,-1
2, 6, 325.0,413.0,-1
6, 2, 325.0,413.0,-1
2, 7, 464.0,639.0,1
7, 2, 464.0,639.0,1
2, 8, 176.0,222.0,1
8, 2, 176.0,222.0,1
2, 9, 853.0,1207.0,1
9, 2, 853.0,1207.0,1
2, 10, 306.0,430.0,-1
10, 2, 306.0,430.0,-1
2, 11, 834.0,1174.0,1
11, 2, 834.0,1174.0,1
2, 12, 692.0,960.0,-1
12, 2, 692.0,960.0,-1
2, 13, 698.0,942.0,1
13, 2, 698.0,942.0,1
2, 14, 302.0,326.0,-1
14, 2, 302.0,326.0,-1
2, 15, 232.0,271.0,-1
15, 2, 232.0,271.0,-1
2, 16, 452.0,602.0,-1
16, 2, 452.0,602.0,-1
2, 2, 0.0,0.0,1
3, 4, 230.0,279.0,-1
4, 3, 230.0,279.0,-1
3, 5, 710.0,995.0,-1
5, 3, 710.0,995.0,-1
3, 6, 339.0,460.0,1
6, 3, 339.0,460.0,1
3, 7, 503.0,687.0,-1
7, 3, 503.0,687.0,-1
3, 8, 139.0,161.0,-1
8, 3, 139.0,161.0,-1
3, 9, 923.0,1254.0,-1
9, 3, 923.0,1254.0,-1
3, 10, 67.0,95.0,1
10, 3, 67.0,95.0,1
3, 11, 917.0,1222.0,-1
11, 3, 917.0,1222.0,-1
3, 12, 803.0,1008.0,-1
12, 3, 803.0,1008.0,-1
3, 13, 829.0,989.0,-1
13, 3, 829.0,989.0,-1
3, 14, 268.0,374.0,1
14, 3, 268.0,374.0,1
3, 15, 439.0,606.0,1
15, 3, 439.0,606.0,1
3, 16, 688.0,937.0,-1
16, 3, 688.0,937.0,-1
3, 3, 0.0,0.0,1
4, 5, 550.0,717.0,-1
5, 4, 550.0,717.0,-1
4, 6, 250.0,302.0,-1
6, 4, 250.0,302.0,-1
4, 7, 383.0,408.0,-1
7, 4, 383.0,408.0,-1
4, 8, 216.0,282.0,-1
8, 4, 216.0,282.0,-1
4, 9, 785.0,976.0,1
9, 4, 785.0,976.0,1
4, 10, 206.0,281.0,1
10, 4, 206.0,281.0,1
4, 11, 792.0,944.0,1
11, 4, 792.0,944.0,1
4, 12, 712.0,730.0,1
12, 4, 712.0,730.0,1
4, 13, 756.0,798.0,-1
13, 4, 756.0,798.0,-1
4, 14, 175.0,228.0,-1
14, 4, 175.0,228.0,-1
4, 15, 622.0,774.0,1
15, 4, 622.0,774.0,1
4, 16, 782.0,1105.0,-1
16, 4, 782.0,1105.0,-1
4, 4, 0.0,0.0,1
5, 6, 378.0,535.0,-1
6, 5, 378.0,535.0,-1
5, 7, 222.0,309.0,-1
7, 5, 222.0,309.0,-1
5, 8, 590.0,834.0,-1
8, 5, 590.0,834.0,-1
5, 9, 244.0,260.0,-1
9, 5, 244.0,260.0,-1
5, 10, 724.0,997.0,1
10, 5, 724.0,997.0,1
5, 11, 267.0,301.0,-1
11, 5, 267.0,301.0,-1
5, 12, 277.0,392.0,-1
12, 5, 277.0,392.0,-1
5, 13, 351.0,496.0,-1
13, 5, 351.0,496.0,-1
5, 14, 443.0,622.0,-1
14, 5, 443.0,622.0,-1
5, 15, 868.0,1133.0,1
15, 5, 868.0,1133.0,1
5, 16, 768.0,804.0,-1
16, 5, 768.0,804.0,-1
5, 5, 0.0,0.0,1
6, 7, 165.0,227.0,-1
7, 6, 165.0,227.0,-1
6, 8, 213.0,300.0,1
8, 6, 213.0,300.0,1
6, 9, 584.0,794.0,-1
9, 6, 584.0,794.0,-1
6, 10, 365.0,463.0,1
10, 6, 365.0,463.0,1
6, 11, 579.0,762.0,1
11, 6, 579.0,762.0,1
6, 12, 476.0,548.0,-1
12, 6, 476.0,548.0,-1
6, 13, 513.0,529.0,1
13, 6, 513.0,529.0,1
6, 14, 81.0,87.0,-1
14, 6, 81.0,87.0,-1
6, 15, 539.0,598.0,-1
15, 6, 539.0,598.0,-1
6, 16, 585.0,803.0,-1
16, 6, 585.0,803.0,-1
6, 6, 0.0,0.0,1
7, 8, 376.0,526.0,1
8, 7, 376.0,526.0,1
7, 9, 420.0,568.0,-1
9, 7, 420.0,568.0,-1
7, 10, 526.0,689.0,-1
10, 7, 526.0,689.0,-1
7, 11, 418.0,536.0,-1
11, 7, 418.0,536.0,-1
7, 12, 330.0,338.0,1
12, 7, 330.0,338.0,1
7, 13, 380.0,443.0,-1
13, 7, 380.0,443.0,-1
7, 14, 239.0,314.0,-1
14, 7, 239.0,314.0,-1
7, 15, 654.0,824.0,1
15, 7, 654.0,824.0,1
7, 16, 609.0,750.0,-1
16, 7, 609.0,750.0,-1
7, 7, 0.0,0.0,1
8, 9, 793.0,1094.0,-1
9, 8, 793.0,1094.0,-1
8, 10, 187.0,208.0,-1
10, 8, 187.0,208.0,-1
8, 11, 784.0,1062.0,-1
11, 8, 784.0,1062.0,-1
8, 12, 666.0,847.0,-1
12, 8, 666.0,847.0,-1
8, 13, 691.0,829.0,-1
13, 8, 691.0,829.0,-1
8, 14, 156.0,213.0,-1
14, 8, 156.0,213.0,-1
8, 15, 407.0,493.0,-1
15, 8, 407.0,493.0,-1
8, 16, 587.0,824.0,-1
16, 8, 587.0,824.0,-1
8, 8, 0.0,0.0,1
9, 10, 945.0,1257.0,1
10, 9, 945.0,1257.0,1
9, 11, 57.0,74.0,1
11, 9, 57.0,74.0,1
9, 12, 210.0,247.0,-1
12, 9, 210.0,247.0,-1
9, 13, 267.0,269.0,-1
13, 9, 267.0,269.0,-1
9, 14, 659.0,881.0,-1
14, 9, 659.0,881.0,-1
9, 15, 999.0,1392.0,-1
15, 9, 999.0,1392.0,-1
9, 16, 810.0,990.0,1
16, 9, 810.0,990.0,1
9, 9, 0.0,0.0,1
10, 11, 943.0,1225.0,1
11, 10, 943.0,1225.0,1
10, 12, 838.0,1010.0,-1
12, 10, 838.0,1010.0,-1
10, 13, 868.0,992.0,-1
13, 10, 868.0,992.0,-1
10, 14, 287.0,376.0,-1
14, 10, 287.0,376.0,-1
10, 15, 504.0,700.0,-1
15, 10, 504.0,700.0,-1
10, 16, 753.0,1031.0,-1
16, 10, 753.0,1031.0,-1
10, 10, 0.0,0.0,1
11, 12, 165.0,215.0,1
12, 11, 165.0,215.0,1
11, 13, 215.0,233.0,-1
13, 11, 215.0,233.0,-1
11, 14, 656.0,849.0,-1
14, 11, 656.0,849.0,-1
11, 15, 969.0,1360.0,-1
15, 11, 969.0,1360.0,-1
11, 16, 765.0,958.0,-1
16, 11, 765.0,958.0,-1
11, 11, 0.0,0.0,1
12, 13, 76.0,105.0,-1
13, 12, 76.0,105.0,-1
12, 14, 557.0,635.0,-1
14, 12, 557.0,635.0,-1
12, 15, 812.0,1146.0,-1
15, 12, 812.0,1146.0,-1
12, 16, 601.0,744.0,-1
16, 12, 601.0,744.0,-1
12, 12, 0.0,0.0,1
13, 14, 594.0,616.0,1
14, 13, 594.0,616.0,1
13, 15, 797.0,1127.0,1
15, 13, 797.0,1127.0,1
13, 16, 557.0,725.0,-1
16, 13, 557.0,725.0,-1
13, 13, 0.0,0.0,1
14, 15, 529.0,547.0,1
15, 14, 529.0,547.0,1
14, 16, 626.0,878.0,-1
16, 14, 626.0,878.0,-1
14, 14, 0.0,0.0,1
15, 16, 369.0,402.0,-1
16, 15, 369.0,402.0,-1
15, 15, 0.0,0.0,1
16, 16, 0.0,0.0,1


<end>