<number of nodes>
16

<ratio of available edges>
0.3

<max length of the drone flight>
100000 

<D 2/3>
1, 2, 4, 7, 8, 10, 11, 13, 14, 15, 16

<V>
2, 4, 8, 11, 14

<coordinates X,Y>
395.71849520460296, 74.74563811915033
589.5311599180257, 294.4232419019865
380.28473515004833, 290.0545845601483
687.1178397892966, 981.6976921510035
765.2309575069836, 431.6245509801193
741.5383077151788, 891.260524234978
798.8517277297076, 118.46651019696813
976.8866132094203, 124.59030580274275
628.702184986125, 699.1188314689654
838.5331576648496, 746.4492011448745
677.4188343333432, 675.8574065567735
28.308250024110194, 131.00240847410313
864.2667606975549, 425.64906181228713
750.0407668918738, 736.1727907387933
514.0957699549227, 426.8044586973766
569.5068127112295, 335.8903349184361

<adjacency matrix with truck distances>
1, 2, 293.0,414.0,-1
2, 1, 293.0,414.0,-1
1, 3, 216.0,231.0,-1
3, 1, 216.0,231.0,-1
1, 4, 953.0,1199.0,1
4, 1, 953.0,1199.0,1
1, 5, 514.0,727.0,-1
5, 1, 514.0,727.0,-1
1, 6, 887.0,1163.0,1
6, 1, 887.0,1163.0,1
1, 7, 406.0,447.0,-1
7, 1, 406.0,447.0,-1
1, 8, 584.0,632.0,-1
8, 1, 584.0,632.0,-1
1, 9, 667.0,858.0,1
9, 1, 667.0,858.0,1
1, 10, 805.0,1115.0,-1
10, 1, 805.0,1115.0,-1
1, 11, 664.0,883.0,-1
11, 1, 664.0,883.0,-1
1, 12, 372.0,424.0,-1
12, 1, 372.0,424.0,-1
1, 13, 586.0,820.0,-1
13, 1, 586.0,820.0,-1
1, 14, 751.0,1016.0,-1
14, 1, 751.0,1016.0,-1
1, 15, 372.0,471.0,-1
15, 1, 372.0,471.0,-1
1, 16, 314.0,435.0,-1
16, 1, 314.0,435.0,-1
1, 1, 0.0,0.0,1
2, 3, 210.0,214.0,-1
3, 2, 210.0,214.0,-1
2, 4, 695.0,785.0,-1
4, 2, 695.0,785.0,-1
2, 5, 223.0,313.0,-1
5, 2, 223.0,313.0,-1
2, 6, 616.0,749.0,-1
6, 2, 616.0,749.0,-1
2, 7, 274.0,386.0,-1
7, 2, 274.0,386.0,-1
2, 8, 423.0,558.0,-1
8, 2, 423.0,558.0,-1
2, 9, 407.0,444.0,1
9, 2, 407.0,444.0,1
2, 10, 517.0,702.0,-1
10, 2, 517.0,702.0,-1
2, 11, 392.0,470.0,1
11, 2, 392.0,470.0,1
2, 12, 585.0,725.0,1
12, 2, 585.0,725.0,1
2, 13, 305.0,406.0,-1
13, 2, 305.0,406.0,-1
2, 14, 471.0,603.0,-1
14, 2, 471.0,603.0,-1
2, 15, 153.0,208.0,-1
15, 2, 153.0,208.0,-1
2, 16, 47.0,62.0,1
16, 2, 47.0,62.0,1
2, 2, 0.0,0.0,1
3, 4, 757.0,999.0,-1
4, 3, 757.0,999.0,-1
3, 5, 411.0,527.0,-1
5, 3, 411.0,527.0,-1
3, 6, 702.0,963.0,-1
6, 3, 702.0,963.0,-1
3, 7, 453.0,591.0,1
7, 3, 453.0,591.0,1
3, 8, 620.0,763.0,1
8, 3, 620.0,763.0,1
3, 9, 479.0,658.0,-1
9, 3, 479.0,658.0,-1
3, 10, 647.0,915.0,-1
10, 3, 647.0,915.0,-1
3, 11, 487.0,683.0,-1
11, 3, 487.0,683.0,-1
3, 12, 387.0,512.0,-1
12, 3, 387.0,512.0,-1
3, 13, 503.0,620.0,-1
13, 3, 503.0,620.0,-1
3, 14, 580.0,816.0,1
14, 3, 580.0,816.0,1
3, 15, 192.0,271.0,1
15, 3, 192.0,271.0,1
3, 16, 195.0,236.0,-1
16, 3, 195.0,236.0,-1
3, 3, 0.0,0.0,1
4, 5, 556.0,629.0,1
5, 4, 556.0,629.0,1
4, 6, 106.0,145.0,-1
6, 4, 106.0,145.0,-1
4, 7, 871.0,975.0,-1
7, 4, 871.0,975.0,-1
4, 8, 905.0,1147.0,1
8, 4, 905.0,1147.0,1
4, 9, 289.0,341.0,1
9, 4, 289.0,341.0,1
4, 10, 280.0,387.0,1
10, 4, 280.0,387.0,1
4, 11, 306.0,316.0,-1
11, 4, 306.0,316.0,-1
4, 12, 1076.0,1510.0,1
12, 4, 1076.0,1510.0,1
4, 13, 584.0,734.0,-1
13, 4, 584.0,734.0,-1
4, 14, 254.0,309.0,-1
14, 4, 254.0,309.0,-1
4, 15, 582.0,728.0,1
15, 4, 582.0,728.0,1
4, 16, 657.0,764.0,1
16, 4, 657.0,764.0,1
4, 4, 0.0,0.0,1
5, 6, 461.0,484.0,-1
6, 5, 461.0,484.0,-1
5, 7, 315.0,347.0,-1
7, 5, 315.0,347.0,-1
5, 8, 373.0,519.0,-1
8, 5, 373.0,519.0,-1
5, 9, 301.0,405.0,-1
9, 5, 301.0,405.0,-1
5, 10, 324.0,389.0,-1
10, 5, 324.0,389.0,-1
5, 11, 260.0,333.0,1
11, 5, 260.0,333.0,1
5, 12, 796.0,1038.0,1
12, 5, 796.0,1038.0,1
5, 13, 100.0,106.0,-1
13, 5, 100.0,106.0,-1
5, 14, 305.0,320.0,-1
14, 5, 305.0,320.0,-1
5, 15, 252.0,256.0,-1
15, 5, 252.0,256.0,-1
5, 16, 218.0,292.0,-1
16, 5, 218.0,292.0,-1
5, 5, 0.0,0.0,1
6, 7, 775.0,831.0,-1
7, 6, 775.0,831.0,-1
6, 8, 802.0,1003.0,-1
8, 6, 802.0,1003.0,-1
6, 9, 223.0,305.0,1
9, 6, 223.0,305.0,1
6, 10, 175.0,242.0,1
10, 6, 175.0,242.0,1
6, 11, 225.0,280.0,1
11, 6, 225.0,280.0,1
6, 12, 1043.0,1474.0,-1
12, 6, 1043.0,1474.0,-1
6, 13, 482.0,589.0,-1
13, 6, 482.0,589.0,-1
6, 14, 156.0,164.0,-1
14, 6, 156.0,164.0,-1
6, 15, 518.0,692.0,-1
15, 6, 518.0,692.0,-1
6, 16, 582.0,728.0,1
16, 6, 582.0,728.0,1
6, 6, 0.0,0.0,1
7, 8, 179.0,185.0,-1
8, 7, 179.0,185.0,-1
7, 9, 606.0,751.0,-1
9, 7, 606.0,751.0,-1
7, 10, 630.0,668.0,-1
10, 7, 630.0,668.0,-1
7, 11, 571.0,679.0,-1
11, 7, 571.0,679.0,-1
7, 12, 771.0,784.0,-1
12, 7, 771.0,784.0,-1
7, 13, 315.0,373.0,1
13, 7, 315.0,373.0,1
7, 14, 620.0,667.0,-1
14, 7, 620.0,667.0,-1
7, 15, 420.0,594.0,1
15, 7, 420.0,594.0,1
7, 16, 317.0,447.0,-1
16, 7, 317.0,447.0,-1
7, 7, 0.0,0.0,1
8, 9, 672.0,923.0,-1
9, 8, 672.0,923.0,-1
8, 10, 638.0,761.0,-1
10, 8, 638.0,761.0,-1
8, 11, 628.0,851.0,1
11, 8, 628.0,851.0,1
8, 12, 949.0,955.0,-1
12, 8, 949.0,955.0,-1
8, 13, 322.0,414.0,1
13, 8, 322.0,414.0,1
8, 14, 653.0,839.0,-1
14, 8, 653.0,839.0,-1
8, 15, 553.0,766.0,-1
15, 8, 553.0,766.0,-1
8, 16, 459.0,619.0,-1
16, 8, 459.0,619.0,-1
8, 8, 0.0,0.0,1
9, 10, 216.0,258.0,-1
10, 9, 216.0,258.0,-1
9, 11, 54.0,72.0,-1
11, 9, 54.0,72.0,-1
9, 12, 827.0,1169.0,-1
12, 9, 827.0,1169.0,-1
9, 13, 361.0,510.0,-1
13, 9, 361.0,510.0,-1
9, 14, 127.0,159.0,1
14, 9, 127.0,159.0,1
9, 15, 296.0,387.0,-1
15, 9, 296.0,387.0,-1
9, 16, 369.0,423.0,-1
16, 9, 369.0,423.0,-1
9, 9, 0.0,0.0,1
10, 11, 176.0,232.0,1
11, 10, 176.0,232.0,1
10, 12, 1018.0,1426.0,-1
12, 10, 1018.0,1426.0,-1
10, 13, 322.0,347.0,1
13, 10, 322.0,347.0,1
10, 14, 90.0,99.0,-1
14, 10, 90.0,99.0,-1
10, 15, 456.0,645.0,-1
15, 10, 456.0,645.0,-1
10, 16, 491.0,680.0,-1
16, 10, 491.0,680.0,-1
10, 10, 0.0,0.0,1
11, 12, 848.0,1194.0,1
12, 11, 848.0,1194.0,1
11, 13, 313.0,438.0,-1
13, 11, 313.0,438.0,-1
11, 14, 95.0,133.0,1
14, 11, 95.0,133.0,1
11, 15, 298.0,413.0,-1
15, 11, 298.0,413.0,-1
11, 16, 357.0,448.0,-1
16, 11, 357.0,448.0,-1
11, 11, 0.0,0.0,1
12, 13, 887.0,1131.0,-1
13, 12, 887.0,1131.0,-1
12, 14, 942.0,1327.0,1
14, 12, 942.0,1327.0,1
12, 15, 569.0,782.0,-1
15, 12, 569.0,782.0,-1
12, 16, 579.0,747.0,1
16, 12, 579.0,747.0,1
12, 12, 0.0,0.0,1
13, 14, 331.0,425.0,-1
14, 13, 331.0,425.0,-1
13, 15, 351.0,352.0,-1
15, 13, 351.0,352.0,-1
13, 16, 309.0,385.0,1
16, 13, 309.0,385.0,1
13, 13, 0.0,0.0,1
14, 15, 390.0,546.0,-1
15, 14, 390.0,546.0,-1
14, 16, 440.0,581.0,-1
16, 14, 440.0,581.0,-1
14, 14, 0.0,0.0,1
15, 16, 107.0,147.0,-1
16, 15, 107.0,147.0,-1
15, 15, 0.0,0.0,1
16, 16, 0.0,0.0,1


<end>