<number of nodes>
16

<ratio of available edges>
0.3

<max length of the drone flight>
100000 

<D 2/3>
1, 2, 5, 6, 7, 9, 10, 11, 13, 15, 16

<V>
5, 6, 9, 15, 16

<coordinates X,Y>
39.9449801572977, 202.69813307751613
527.1465735702586, 218.20209584519094
364.28638446811925, 543.1377703093459
265.7017990577514, 651.2817129975645
886.2697051801232, 322.00790975070606
203.21947686135655, 398.5708759523149
61.118408591331274, 688.0021795621511
227.27209571385382, 64.37506018616467
633.8004863115297, 475.6380325137546
219.91219732856146, 814.9996468333622
479.35604544204614, 445.9079372789665
136.02546660666638, 701.1795330696577
441.4747515700529, 156.70319954582143
840.1547425545771, 739.5630821025117
435.71779773819634, 10.23895283061718
590.5783456605639, 144.38195052885223

<adjacency matrix with truck distances>
1, 2, 488.0,503.0,-1
2, 1, 488.0,503.0,-1
1, 3, 471.0,665.0,-1
3, 1, 471.0,665.0,-1
1, 4, 503.0,675.0,1
4, 1, 503.0,675.0,1
1, 5, 855.0,966.0,-1
5, 1, 855.0,966.0,-1
1, 6, 255.0,360.0,-1
6, 1, 255.0,360.0,-1
1, 7, 486.0,507.0,-1
7, 1, 486.0,507.0,-1
1, 8, 233.0,326.0,1
8, 1, 233.0,326.0,1
1, 9, 654.0,867.0,-1
9, 1, 654.0,867.0,-1
1, 10, 639.0,793.0,1
10, 1, 639.0,793.0,1
1, 11, 503.0,683.0,-1
11, 1, 503.0,683.0,-1
1, 12, 508.0,595.0,1
12, 1, 508.0,595.0,1
1, 13, 405.0,448.0,-1
13, 1, 405.0,448.0,-1
1, 14, 964.0,1338.0,1
14, 1, 964.0,1338.0,1
1, 15, 441.0,589.0,-1
15, 1, 441.0,589.0,-1
1, 16, 554.0,609.0,-1
16, 1, 554.0,609.0,-1
1, 1, 0.0,0.0,1
2, 3, 364.0,488.0,-1
3, 2, 364.0,488.0,-1
2, 4, 506.0,695.0,-1
4, 2, 506.0,695.0,-1
2, 5, 374.0,463.0,-1
5, 2, 374.0,463.0,-1
2, 6, 371.0,505.0,1
6, 2, 371.0,505.0,1
2, 7, 662.0,936.0,1
7, 2, 662.0,936.0,1
2, 8, 338.0,454.0,-1
8, 2, 338.0,454.0,-1
2, 9, 279.0,365.0,-1
9, 2, 279.0,365.0,-1
2, 10, 672.0,905.0,1
10, 2, 672.0,905.0,1
2, 11, 233.0,276.0,-1
11, 2, 233.0,276.0,-1
2, 12, 622.0,875.0,-1
12, 2, 622.0,875.0,-1
2, 13, 106.0,148.0,-1
13, 2, 106.0,148.0,-1
2, 14, 609.0,835.0,-1
14, 2, 609.0,835.0,-1
2, 15, 228.0,300.0,1
15, 2, 228.0,300.0,1
2, 16, 98.0,138.0,-1
16, 2, 98.0,138.0,-1
2, 2, 0.0,0.0,1
3, 4, 147.0,207.0,1
4, 3, 147.0,207.0,1
3, 5, 567.0,744.0,-1
5, 3, 567.0,744.0,-1
3, 6, 217.0,306.0,-1
6, 3, 217.0,306.0,-1
3, 7, 337.0,449.0,-1
7, 3, 337.0,449.0,-1
3, 8, 498.0,616.0,-1
8, 3, 498.0,616.0,-1
3, 9, 278.0,338.0,-1
9, 3, 278.0,338.0,-1
3, 10, 308.0,417.0,-1
10, 3, 308.0,417.0,-1
3, 11, 151.0,213.0,-1
11, 3, 151.0,213.0,-1
3, 12, 278.0,387.0,-1
12, 3, 278.0,387.0,-1
3, 13, 395.0,464.0,1
13, 3, 395.0,464.0,1
3, 14, 515.0,673.0,-1
14, 3, 515.0,673.0,-1
3, 15, 538.0,605.0,-1
15, 3, 538.0,605.0,-1
3, 16, 459.0,626.0,-1
16, 3, 459.0,626.0,-1
3, 3, 0.0,0.0,1
4, 5, 703.0,950.0,1
5, 4, 703.0,950.0,1
4, 6, 261.0,316.0,-1
6, 4, 261.0,316.0,-1
4, 7, 208.0,242.0,1
7, 4, 208.0,242.0,1
4, 8, 589.0,626.0,-1
8, 4, 589.0,626.0,-1
4, 9, 408.0,544.0,-1
9, 4, 408.0,544.0,-1
4, 10, 171.0,210.0,-1
10, 4, 171.0,210.0,-1
4, 11, 297.0,420.0,-1
11, 4, 297.0,420.0,-1
4, 12, 139.0,180.0,1
12, 4, 139.0,180.0,1
4, 13, 525.0,671.0,-1
13, 4, 525.0,671.0,-1
4, 14, 582.0,663.0,-1
14, 4, 582.0,663.0,-1
4, 15, 664.0,812.0,-1
15, 4, 664.0,812.0,-1
4, 16, 603.0,832.0,1
16, 4, 603.0,832.0,1
4, 4, 0.0,0.0,1
5, 6, 688.0,760.0,-1
6, 5, 688.0,760.0,-1
5, 7, 903.0,1192.0,-1
7, 5, 903.0,1192.0,-1
5, 8, 708.0,917.0,-1
8, 5, 708.0,917.0,-1
5, 9, 296.0,407.0,1
9, 5, 296.0,407.0,1
5, 10, 829.0,1160.0,-1
10, 5, 829.0,1160.0,-1
5, 11, 426.0,531.0,-1
11, 5, 426.0,531.0,-1
5, 12, 841.0,1130.0,-1
12, 5, 841.0,1130.0,-1
5, 13, 475.0,611.0,1
13, 5, 475.0,611.0,1
5, 14, 421.0,464.0,1
14, 5, 421.0,464.0,1
5, 15, 548.0,763.0,1
15, 5, 548.0,763.0,1
5, 16, 345.0,474.0,-1
16, 5, 345.0,474.0,-1
5, 5, 0.0,0.0,1
6, 7, 323.0,432.0,1
7, 6, 323.0,432.0,1
6, 8, 336.0,359.0,-1
8, 6, 336.0,359.0,-1
6, 9, 438.0,508.0,-1
9, 6, 438.0,508.0,-1
6, 10, 417.0,434.0,-1
10, 6, 417.0,434.0,-1
6, 11, 281.0,324.0,-1
11, 6, 281.0,324.0,-1
6, 12, 310.0,370.0,-1
12, 6, 310.0,370.0,-1
6, 13, 340.0,481.0,1
13, 6, 340.0,481.0,1
6, 14, 723.0,978.0,-1
14, 6, 723.0,978.0,-1
6, 15, 453.0,621.0,-1
15, 6, 453.0,621.0,-1
6, 16, 464.0,642.0,1
16, 6, 464.0,642.0,1
6, 6, 0.0,0.0,1
7, 8, 646.0,790.0,-1
8, 7, 646.0,790.0,-1
7, 9, 611.0,786.0,-1
9, 7, 611.0,786.0,-1
7, 10, 204.0,286.0,-1
10, 7, 204.0,286.0,-1
7, 11, 484.0,661.0,1
11, 7, 484.0,661.0,1
7, 12, 77.0,89.0,-1
12, 7, 77.0,89.0,-1
7, 13, 654.0,912.0,1
13, 7, 654.0,912.0,1
7, 14, 781.0,831.0,-1
14, 7, 781.0,831.0,-1
7, 15, 775.0,1053.0,1
15, 7, 775.0,1053.0,1
7, 16, 759.0,1074.0,1
16, 7, 759.0,1074.0,1
7, 7, 0.0,0.0,1
8, 9, 579.0,818.0,-1
9, 8, 579.0,818.0,-1
8, 10, 751.0,758.0,-1
10, 8, 751.0,758.0,-1
8, 11, 458.0,634.0,-1
11, 8, 458.0,634.0,-1
8, 12, 644.0,729.0,-1
12, 8, 644.0,729.0,-1
8, 13, 234.0,307.0,-1
13, 8, 234.0,307.0,-1
8, 14, 912.0,1289.0,-1
14, 8, 912.0,1289.0,-1
8, 15, 216.0,263.0,-1
15, 8, 216.0,263.0,-1
8, 16, 373.0,444.0,-1
16, 8, 373.0,444.0,-1
8, 8, 0.0,0.0,1
9, 10, 536.0,754.0,-1
10, 9, 536.0,754.0,-1
9, 11, 158.0,185.0,1
11, 9, 158.0,185.0,1
9, 12, 547.0,724.0,-1
12, 9, 547.0,724.0,-1
9, 13, 373.0,512.0,-1
13, 9, 373.0,512.0,-1
9, 14, 336.0,471.0,-1
14, 9, 336.0,471.0,-1
9, 15, 506.0,664.0,-1
15, 9, 506.0,664.0,-1
9, 16, 335.0,375.0,-1
16, 9, 335.0,375.0,-1
9, 9, 0.0,0.0,1
10, 11, 452.0,629.0,-1
11, 10, 452.0,629.0,-1
10, 12, 142.0,198.0,-1
12, 10, 142.0,198.0,-1
10, 13, 695.0,880.0,1
13, 10, 695.0,880.0,1
10, 14, 625.0,696.0,1
14, 10, 625.0,696.0,1
10, 15, 834.0,1021.0,-1
15, 10, 834.0,1021.0,-1
10, 16, 767.0,1042.0,1
16, 10, 767.0,1042.0,1
10, 10, 0.0,0.0,1
11, 12, 428.0,599.0,-1
12, 11, 428.0,599.0,-1
11, 13, 292.0,328.0,-1
13, 11, 292.0,328.0,-1
11, 14, 466.0,655.0,-1
14, 11, 466.0,655.0,-1
11, 15, 438.0,480.0,-1
15, 11, 438.0,480.0,-1
11, 16, 322.0,413.0,1
16, 11, 322.0,413.0,1
11, 11, 0.0,0.0,1
12, 13, 625.0,850.0,1
13, 12, 625.0,850.0,1
12, 14, 706.0,743.0,1
14, 12, 706.0,743.0,1
12, 15, 754.0,991.0,1
15, 12, 754.0,991.0,1
12, 16, 719.0,1012.0,1
16, 12, 719.0,1012.0,1
12, 12, 0.0,0.0,1
13, 14, 707.0,982.0,1
14, 13, 707.0,982.0,1
13, 15, 147.0,153.0,-1
15, 13, 147.0,153.0,-1
13, 16, 150.0,162.0,-1
16, 13, 150.0,162.0,-1
13, 13, 0.0,0.0,1
14, 15, 834.0,1134.0,-1
15, 14, 834.0,1134.0,-1
14, 16, 646.0,845.0,-1
16, 14, 646.0,845.0,-1
14, 14, 0.0,0.0,1
15, 16, 205.0,290.0,-1
16, 15, 205.0,290.0,-1
15, 15, 0.0,0.0,1
16, 16, 0.0,0.0,1


<end>