<number of nodes>
16

<ratio of available edges>
0.3

<max length of the drone flight>
100000 

<D 2/3>
1, 2, 3, 5, 7, 8, 9, 10, 14, 15, 16

<V>
2, 3, 7, 8, 9

<coordinates X,Y>
516.760994621676, 702.2418771023862
339.4739625634341, 802.6534365254392
977.2496719171692, 162.92692248190934
873.5335764659895, 821.599129846785
995.4369833294592, 527.5572131405091
219.92591778634426, 594.32461847774
269.430748323566, 566.9520447983248
215.72044658244278, 780.9594408933773
313.1579002251093, 552.5620648654462
930.0235365942746, 995.0940606073407
368.5057036251488, 117.95851498835707
224.64809118614048, 451.9098534835996
68.71656580785, 498.6974958446165
66.22947013670195, 17.235273317163227
585.9728795516531, 298.30493726222034
152.90789682281127, 815.2919459828805

<adjacency matrix with truck distances>
1, 2, 204.0,278.0,-1
2, 1, 204.0,278.0,-1
1, 3, 710.0,1000.0,-1
3, 1, 710.0,1000.0,-1
1, 4, 377.0,477.0,-1
4, 1, 377.0,477.0,-1
1, 5, 510.0,654.0,1
5, 1, 510.0,654.0,1
1, 6, 316.0,405.0,1
6, 1, 316.0,405.0,1
1, 7, 282.0,383.0,-1
7, 1, 282.0,383.0,-1
1, 8, 312.0,380.0,-1
8, 1, 312.0,380.0,-1
1, 9, 253.0,354.0,-1
9, 1, 253.0,354.0,-1
1, 10, 507.0,707.0,1
10, 1, 507.0,707.0,1
1, 11, 603.0,733.0,1
11, 1, 603.0,733.0,1
1, 12, 385.0,543.0,1
12, 1, 385.0,543.0,1
1, 13, 493.0,652.0,-1
13, 1, 493.0,652.0,-1
1, 14, 820.0,1136.0,-1
14, 1, 820.0,1136.0,-1
1, 15, 410.0,474.0,-1
15, 1, 410.0,474.0,-1
1, 16, 382.0,477.0,1
16, 1, 382.0,477.0,1
1, 1, 0.0,0.0,1
2, 3, 904.0,1278.0,-1
3, 2, 904.0,1278.0,-1
2, 4, 535.0,554.0,1
4, 2, 535.0,554.0,1
2, 5, 712.0,932.0,-1
5, 2, 712.0,932.0,-1
2, 6, 241.0,328.0,-1
6, 2, 241.0,328.0,-1
2, 7, 246.0,306.0,-1
7, 2, 246.0,306.0,-1
2, 8, 126.0,146.0,-1
8, 2, 126.0,146.0,-1
2, 9, 252.0,277.0,-1
9, 2, 252.0,277.0,-1
2, 10, 622.0,783.0,1
10, 2, 622.0,783.0,1
2, 11, 686.0,714.0,1
11, 2, 686.0,714.0,1
2, 12, 370.0,466.0,1
12, 2, 370.0,466.0,1
2, 13, 408.0,575.0,1
13, 2, 408.0,575.0,1
2, 14, 832.0,1059.0,1
14, 2, 832.0,1059.0,1
2, 15, 562.0,751.0,-1
15, 2, 562.0,751.0,-1
2, 16, 187.0,200.0,-1
16, 2, 187.0,200.0,-1
2, 2, 0.0,0.0,1
3, 4, 667.0,763.0,-1
4, 3, 667.0,763.0,-1
3, 5, 366.0,383.0,1
5, 3, 366.0,383.0,1
3, 6, 872.0,1189.0,1
6, 3, 872.0,1189.0,1
3, 7, 816.0,1112.0,-1
7, 3, 816.0,1112.0,-1
3, 8, 981.0,1380.0,1
8, 3, 981.0,1380.0,1
3, 9, 770.0,1054.0,-1
9, 3, 770.0,1054.0,-1
3, 10, 834.0,880.0,1
10, 3, 834.0,880.0,1
3, 11, 611.0,654.0,-1
11, 3, 611.0,654.0,-1
3, 12, 807.0,1042.0,1
12, 3, 807.0,1042.0,1
3, 13, 969.0,1245.0,-1
13, 3, 969.0,1245.0,-1
3, 14, 923.0,1057.0,-1
14, 3, 923.0,1057.0,-1
3, 15, 415.0,527.0,-1
15, 3, 415.0,527.0,-1
3, 16, 1052.0,1477.0,-1
16, 3, 1052.0,1477.0,-1
3, 3, 0.0,0.0,1
4, 5, 319.0,416.0,-1
5, 4, 319.0,416.0,-1
4, 6, 692.0,881.0,-1
6, 4, 692.0,881.0,-1
4, 7, 656.0,859.0,-1
7, 4, 656.0,859.0,-1
4, 8, 660.0,699.0,-1
8, 4, 660.0,699.0,-1
4, 9, 622.0,830.0,-1
9, 4, 622.0,830.0,-1
4, 10, 183.0,230.0,-1
10, 4, 183.0,230.0,-1
4, 11, 867.0,1209.0,-1
11, 4, 867.0,1209.0,-1
4, 12, 747.0,1019.0,-1
12, 4, 747.0,1019.0,-1
4, 13, 868.0,1128.0,-1
13, 4, 868.0,1128.0,-1
4, 14, 1140.0,1612.0,1
14, 4, 1140.0,1612.0,1
4, 15, 598.0,811.0,-1
15, 4, 598.0,811.0,-1
4, 16, 721.0,727.0,-1
16, 4, 721.0,727.0,-1
4, 4, 0.0,0.0,1
5, 6, 779.0,843.0,-1
6, 5, 779.0,843.0,-1
5, 7, 728.0,766.0,-1
7, 5, 728.0,766.0,-1
5, 8, 820.0,1034.0,-1
8, 5, 820.0,1034.0,-1
5, 9, 683.0,708.0,1
9, 5, 683.0,708.0,1
5, 10, 473.0,533.0,-1
10, 5, 473.0,533.0,-1
5, 11, 749.0,1037.0,-1
11, 5, 749.0,1037.0,-1
5, 12, 775.0,847.0,-1
12, 5, 775.0,847.0,-1
5, 13, 928.0,956.0,1
13, 5, 928.0,956.0,1
5, 14, 1061.0,1440.0,-1
14, 5, 1061.0,1440.0,-1
5, 15, 470.0,639.0,-1
15, 5, 470.0,639.0,-1
5, 16, 891.0,1131.0,-1
16, 5, 891.0,1131.0,-1
5, 5, 0.0,0.0,1
6, 7, 57.0,77.0,-1
7, 6, 57.0,77.0,-1
6, 8, 187.0,191.0,1
8, 6, 187.0,191.0,1
6, 9, 103.0,135.0,-1
9, 6, 103.0,135.0,-1
6, 10, 816.0,1111.0,-1
10, 6, 816.0,1111.0,-1
6, 11, 499.0,625.0,1
11, 6, 499.0,625.0,1
6, 12, 143.0,148.0,-1
12, 6, 143.0,148.0,-1
6, 13, 179.0,247.0,-1
13, 6, 179.0,247.0,-1
6, 14, 598.0,731.0,-1
14, 6, 598.0,731.0,-1
6, 15, 471.0,663.0,1
15, 6, 471.0,663.0,1
6, 16, 231.0,288.0,1
16, 6, 231.0,288.0,1
6, 6, 0.0,0.0,1
7, 8, 221.0,268.0,-1
8, 7, 221.0,268.0,-1
7, 9, 47.0,59.0,-1
9, 7, 47.0,59.0,-1
7, 10, 788.0,1089.0,-1
10, 7, 788.0,1089.0,-1
7, 11, 460.0,549.0,1
11, 7, 460.0,549.0,1
7, 12, 124.0,160.0,1
12, 7, 124.0,160.0,1
7, 13, 213.0,269.0,-1
13, 7, 213.0,269.0,-1
7, 14, 587.0,753.0,-1
14, 7, 587.0,753.0,-1
7, 15, 416.0,586.0,-1
15, 7, 416.0,586.0,-1
7, 16, 275.0,365.0,-1
16, 7, 275.0,365.0,-1
7, 7, 0.0,0.0,1
8, 9, 249.0,326.0,-1
9, 8, 249.0,326.0,-1
8, 10, 746.0,929.0,1
10, 8, 746.0,929.0,1
8, 11, 681.0,816.0,-1
11, 8, 681.0,816.0,-1
8, 12, 330.0,338.0,-1
12, 8, 330.0,338.0,-1
8, 13, 319.0,430.0,1
13, 8, 319.0,430.0,1
8, 14, 779.0,914.0,-1
14, 8, 779.0,914.0,-1
8, 15, 609.0,853.0,-1
15, 8, 609.0,853.0,-1
8, 16, 72.0,98.0,-1
16, 8, 72.0,98.0,-1
8, 8, 0.0,0.0,1
9, 10, 760.0,1060.0,1
10, 9, 760.0,1060.0,1
9, 11, 439.0,490.0,-1
11, 9, 439.0,490.0,-1
9, 12, 135.0,190.0,1
12, 9, 135.0,190.0,1
9, 13, 251.0,299.0,-1
13, 9, 251.0,299.0,-1
9, 14, 590.0,783.0,1
14, 9, 590.0,783.0,1
9, 15, 373.0,528.0,-1
15, 9, 373.0,528.0,-1
9, 16, 308.0,423.0,1
16, 9, 308.0,423.0,1
9, 9, 0.0,0.0,1
10, 11, 1042.0,1439.0,-1
11, 10, 1042.0,1439.0,-1
10, 12, 891.0,1249.0,-1
12, 10, 891.0,1249.0,-1
10, 13, 995.0,1358.0,-1
13, 10, 995.0,1358.0,-1
10, 14, 1305.0,1842.0,-1
14, 10, 1305.0,1842.0,-1
10, 15, 778.0,1041.0,1
15, 10, 778.0,1041.0,1
10, 16, 798.0,957.0,-1
16, 10, 798.0,957.0,-1
10, 10, 0.0,0.0,1
11, 12, 364.0,478.0,-1
12, 11, 364.0,478.0,-1
11, 13, 485.0,681.0,-1
13, 11, 485.0,681.0,-1
11, 14, 319.0,403.0,-1
14, 11, 319.0,403.0,-1
11, 15, 283.0,398.0,-1
15, 11, 283.0,398.0,-1
11, 16, 730.0,913.0,-1
16, 11, 730.0,913.0,-1
11, 11, 0.0,0.0,1
12, 13, 163.0,203.0,1
13, 12, 163.0,203.0,1
12, 14, 463.0,594.0,-1
14, 12, 463.0,594.0,-1
12, 15, 393.0,515.0,1
15, 12, 393.0,515.0,1
12, 16, 371.0,436.0,-1
16, 12, 371.0,436.0,-1
12, 12, 0.0,0.0,1
13, 14, 482.0,484.0,-1
14, 13, 482.0,484.0,-1
13, 15, 555.0,718.0,-1
15, 13, 555.0,718.0,-1
13, 16, 328.0,401.0,1
16, 13, 328.0,401.0,1
13, 13, 0.0,0.0,1
14, 15, 591.0,801.0,-1
15, 14, 591.0,801.0,-1
14, 16, 803.0,885.0,-1
16, 14, 803.0,885.0,-1
14, 14, 0.0,0.0,1
15, 16, 675.0,951.0,-1
16, 15, 675.0,951.0,-1
15, 15, 0.0,0.0,1
16, 16, 0.0,0.0,1


<end>