<number of nodes>
16

<ratio of available edges>
0.3

<max length of the drone flight>
100000 

<D 2/3>
1, 3, 6, 7, 8, 10, 12, 13, 14, 15, 16

<V>
8, 12, 14, 15, 16

<coordinates X,Y>
473.38588692897645, 80.02919605090689
876.6780449162032, 483.7877475564446
738.5435252122343, 534.5901563652482
846.2030194535043, 826.2612659076589
347.9320106636094, 98.30461272678235
438.0692708646693, 542.1126642661267
299.7244934008426, 392.9782452476039
236.4999771627259, 431.95364669097506
36.38398051214141, 179.29497147611494
59.44425563263913, 934.1624396028656
265.07108366832136, 361.20396623621264
134.67353785212288, 994.0674753852438
606.9948773286112, 653.1215823623486
512.2644990969573, 517.4991433468232
917.634486483053, 30.943518932737813
763.536521564575, 585.3197018108633

<adjacency matrix with truck distances>
1, 2, 571.0,808.0,1
2, 1, 571.0,808.0,1
1, 3, 527.0,720.0,-1
3, 1, 527.0,720.0,-1
1, 4, 835.0,1120.0,-1
4, 1, 835.0,1120.0,-1
1, 5, 127.0,144.0,-1
5, 1, 127.0,144.0,-1
1, 6, 464.0,498.0,-1
6, 1, 464.0,498.0,-1
1, 7, 358.0,487.0,-1
7, 1, 358.0,487.0,-1
1, 8, 425.0,589.0,-1
8, 1, 425.0,589.0,-1
1, 9, 449.0,537.0,-1
9, 1, 449.0,537.0,-1
1, 10, 950.0,1269.0,1
10, 1, 950.0,1269.0,1
1, 11, 350.0,490.0,-1
11, 1, 350.0,490.0,-1
1, 12, 975.0,1253.0,-1
12, 1, 975.0,1253.0,-1
1, 13, 589.0,707.0,-1
13, 1, 589.0,707.0,-1
1, 14, 440.0,477.0,-1
14, 1, 440.0,477.0,-1
1, 15, 447.0,494.0,1
15, 1, 447.0,494.0,1
1, 16, 583.0,796.0,-1
16, 1, 583.0,796.0,-1
1, 1, 0.0,0.0,1
2, 3, 148.0,189.0,-1
3, 2, 148.0,189.0,-1
2, 4, 344.0,373.0,1
4, 2, 344.0,373.0,1
2, 5, 655.0,915.0,1
5, 2, 655.0,915.0,1
2, 6, 443.0,497.0,-1
6, 2, 443.0,497.0,-1
2, 7, 585.0,668.0,-1
7, 2, 585.0,668.0,-1
2, 8, 643.0,693.0,-1
8, 2, 643.0,693.0,-1
2, 9, 894.0,1145.0,-1
9, 2, 894.0,1145.0,-1
2, 10, 934.0,1268.0,-1
10, 2, 934.0,1268.0,-1
2, 11, 624.0,735.0,1
11, 2, 624.0,735.0,1
2, 12, 901.0,1253.0,1
12, 2, 901.0,1253.0,1
2, 13, 319.0,440.0,1
13, 2, 319.0,440.0,1
2, 14, 366.0,399.0,-1
14, 2, 366.0,399.0,-1
2, 15, 455.0,494.0,-1
15, 2, 455.0,494.0,-1
2, 16, 153.0,215.0,1
16, 2, 153.0,215.0,1
2, 2, 0.0,0.0,1
3, 4, 311.0,400.0,-1
4, 3, 311.0,400.0,-1
3, 5, 586.0,827.0,1
5, 3, 586.0,827.0,1
3, 6, 301.0,308.0,-1
6, 3, 301.0,308.0,-1
3, 7, 462.0,581.0,-1
7, 3, 462.0,581.0,-1
3, 8, 513.0,605.0,1
8, 3, 513.0,605.0,1
3, 9, 787.0,1058.0,-1
9, 3, 787.0,1058.0,-1
3, 10, 788.0,1079.0,-1
10, 3, 788.0,1079.0,-1
3, 11, 505.0,647.0,-1
11, 3, 505.0,647.0,-1
3, 12, 759.0,1064.0,-1
12, 3, 759.0,1064.0,-1
3, 13, 178.0,251.0,1
13, 3, 178.0,251.0,1
3, 14, 227.0,244.0,1
14, 3, 227.0,244.0,1
3, 15, 535.0,683.0,1
15, 3, 535.0,683.0,1
3, 16, 57.0,76.0,-1
16, 3, 57.0,76.0,-1
3, 3, 0.0,0.0,1
4, 5, 883.0,1227.0,1
5, 4, 883.0,1227.0,1
4, 6, 498.0,693.0,-1
6, 4, 498.0,693.0,-1
4, 7, 698.0,980.0,-1
7, 4, 698.0,980.0,-1
4, 8, 727.0,1005.0,1
8, 4, 727.0,1005.0,1
4, 9, 1037.0,1457.0,-1
9, 4, 1037.0,1457.0,-1
4, 10, 795.0,895.0,-1
10, 4, 795.0,895.0,-1
4, 11, 745.0,1047.0,-1
11, 4, 745.0,1047.0,-1
4, 12, 732.0,880.0,1
12, 4, 732.0,880.0,1
4, 13, 296.0,413.0,-1
13, 4, 296.0,413.0,-1
4, 14, 455.0,643.0,-1
14, 4, 455.0,643.0,-1
4, 15, 799.0,867.0,-1
15, 4, 799.0,867.0,-1
4, 16, 255.0,324.0,-1
16, 4, 255.0,324.0,-1
4, 4, 0.0,0.0,1
5, 6, 453.0,534.0,-1
6, 5, 453.0,534.0,-1
5, 7, 299.0,343.0,-1
7, 5, 299.0,343.0,-1
5, 8, 352.0,446.0,-1
8, 5, 352.0,446.0,-1
5, 9, 322.0,393.0,-1
9, 5, 322.0,393.0,-1
5, 10, 885.0,1125.0,1
10, 5, 885.0,1125.0,1
5, 11, 276.0,346.0,-1
11, 5, 276.0,346.0,-1
5, 12, 921.0,1110.0,-1
12, 5, 921.0,1110.0,-1
5, 13, 613.0,814.0,-1
13, 5, 613.0,814.0,-1
5, 14, 451.0,584.0,-1
14, 5, 451.0,584.0,-1
5, 15, 574.0,638.0,-1
15, 5, 574.0,638.0,-1
5, 16, 641.0,903.0,1
16, 5, 641.0,903.0,1
5, 5, 0.0,0.0,1
6, 7, 204.0,288.0,-1
7, 6, 204.0,288.0,-1
6, 8, 230.0,312.0,-1
8, 6, 230.0,312.0,-1
6, 9, 542.0,765.0,-1
9, 6, 542.0,765.0,-1
6, 10, 546.0,771.0,-1
10, 6, 546.0,771.0,-1
6, 11, 251.0,354.0,1
11, 6, 251.0,354.0,1
6, 12, 545.0,756.0,-1
12, 6, 545.0,756.0,-1
6, 13, 203.0,280.0,-1
13, 6, 203.0,280.0,-1
6, 14, 79.0,99.0,-1
14, 6, 79.0,99.0,-1
6, 15, 701.0,991.0,-1
15, 6, 701.0,991.0,-1
6, 16, 329.0,369.0,-1
16, 6, 329.0,369.0,-1
6, 6, 0.0,0.0,1
7, 8, 75.0,103.0,-1
8, 7, 75.0,103.0,-1
7, 9, 340.0,478.0,1
9, 7, 340.0,478.0,1
7, 10, 593.0,782.0,1
10, 7, 593.0,782.0,1
7, 11, 48.0,67.0,-1
11, 7, 48.0,67.0,-1
7, 12, 624.0,767.0,-1
12, 7, 624.0,767.0,-1
7, 13, 403.0,568.0,-1
13, 7, 403.0,568.0,-1
7, 14, 247.0,338.0,-1
14, 7, 247.0,338.0,-1
7, 15, 717.0,980.0,-1
15, 7, 717.0,980.0,-1
7, 16, 503.0,657.0,-1
16, 7, 503.0,657.0,-1
7, 7, 0.0,0.0,1
8, 9, 323.0,453.0,-1
9, 8, 323.0,453.0,-1
8, 10, 533.0,680.0,-1
10, 8, 533.0,680.0,-1
8, 11, 77.0,100.0,-1
11, 8, 77.0,100.0,-1
8, 12, 572.0,664.0,-1
12, 8, 572.0,664.0,-1
8, 13, 432.0,592.0,1
13, 8, 432.0,592.0,1
8, 14, 289.0,362.0,1
14, 8, 289.0,362.0,1
8, 15, 791.0,1083.0,-1
15, 8, 791.0,1083.0,-1
8, 16, 549.0,681.0,-1
16, 8, 549.0,681.0,-1
8, 8, 0.0,0.0,1
9, 10, 756.0,778.0,-1
10, 9, 756.0,778.0,-1
9, 11, 293.0,411.0,-1
11, 9, 293.0,411.0,-1
9, 12, 821.0,914.0,-1
12, 9, 821.0,914.0,-1
9, 13, 742.0,1045.0,-1
13, 9, 742.0,1045.0,-1
9, 14, 584.0,815.0,-1
14, 9, 584.0,815.0,-1
9, 15, 894.0,1030.0,1
15, 9, 894.0,1030.0,1
9, 16, 833.0,1134.0,1
16, 9, 833.0,1134.0,1
9, 9, 0.0,0.0,1
10, 11, 609.0,779.0,1
11, 10, 609.0,779.0,1
10, 12, 97.0,136.0,-1
12, 10, 97.0,136.0,-1
10, 13, 616.0,829.0,1
13, 10, 616.0,829.0,1
10, 14, 616.0,870.0,-1
14, 10, 616.0,870.0,-1
10, 15, 1246.0,1762.0,1
15, 10, 1246.0,1762.0,1
10, 16, 786.0,1053.0,-1
16, 10, 786.0,1053.0,-1
10, 10, 0.0,0.0,1
11, 12, 647.0,764.0,-1
12, 11, 647.0,764.0,-1
11, 13, 450.0,634.0,-1
13, 11, 450.0,634.0,-1
11, 14, 293.0,404.0,1
14, 11, 293.0,404.0,1
11, 15, 732.0,983.0,1
15, 11, 732.0,983.0,1
11, 16, 547.0,723.0,-1
16, 11, 547.0,723.0,-1
11, 11, 0.0,0.0,1
12, 13, 583.0,814.0,1
13, 12, 583.0,814.0,1
12, 14, 609.0,855.0,1
14, 12, 609.0,855.0,1
12, 15, 1242.0,1747.0,-1
15, 12, 1242.0,1747.0,-1
12, 16, 751.0,1038.0,1
16, 12, 751.0,1038.0,1
12, 12, 0.0,0.0,1
13, 14, 166.0,231.0,1
14, 13, 166.0,231.0,1
13, 15, 696.0,933.0,1
15, 13, 696.0,933.0,1
13, 16, 171.0,225.0,-1
16, 13, 171.0,225.0,-1
13, 13, 0.0,0.0,1
14, 15, 634.0,892.0,-1
15, 14, 634.0,892.0,-1
14, 16, 261.0,320.0,-1
16, 14, 261.0,320.0,-1
14, 14, 0.0,0.0,1
15, 16, 576.0,709.0,-1
16, 15, 576.0,709.0,-1
15, 15, 0.0,0.0,1
16, 16, 0.0,0.0,1


<end>