<number of nodes>
16

<ratio of available edges>
0.3

<max length of the drone flight>
100000 

<D 2/3>
1, 2, 3, 4, 5, 6, 9, 10, 12, 13, 14

<V>
2, 6, 9, 13, 14

<coordinates X,Y>
373.2963929826636, 631.505159061936
633.2853569889519, 209.07271333527206
882.0375795468758, 689.8838436147881
427.4240190740381, 540.8605193715532
573.7443956899798, 965.0889810047887
510.2390469418253, 724.4950440575446
720.3772038761301, 104.19740008180645
831.9005549795352, 104.42206431667265
928.6884503143818, 204.60637774179395
653.0619345723247, 395.4563740867722
252.79719938030672, 73.5035138933442
91.18823165454779, 224.96213156067716
279.0878754995152, 463.45050774205055
686.9768158632222, 13.11652684422457
660.6141868533181, 898.6295619189825
701.5600437605927, 842.7278385393591

<adjacency matrix with truck distances>
1, 2, 497.0,683.0,-1
2, 1, 497.0,683.0,-1
1, 3, 513.0,568.0,-1
3, 1, 513.0,568.0,-1
1, 4, 106.0,145.0,-1
4, 1, 106.0,145.0,-1
1, 5, 390.0,535.0,-1
5, 1, 390.0,535.0,-1
1, 6, 166.0,230.0,-1
6, 1, 166.0,230.0,-1
1, 7, 632.0,875.0,-1
7, 1, 632.0,875.0,-1
1, 8, 699.0,986.0,-1
8, 1, 699.0,986.0,-1
1, 9, 701.0,983.0,-1
9, 1, 701.0,983.0,-1
1, 10, 367.0,516.0,-1
10, 1, 367.0,516.0,-1
1, 11, 571.0,679.0,-1
11, 1, 571.0,679.0,-1
1, 12, 495.0,689.0,-1
12, 1, 495.0,689.0,-1
1, 13, 193.0,263.0,-1
13, 1, 193.0,263.0,-1
1, 14, 694.0,933.0,1
14, 1, 694.0,933.0,1
1, 15, 393.0,555.0,1
15, 1, 393.0,555.0,1
1, 16, 391.0,540.0,-1
16, 1, 391.0,540.0,-1
1, 1, 0.0,0.0,1
2, 3, 542.0,730.0,1
3, 2, 542.0,730.0,1
2, 4, 391.0,538.0,-1
4, 2, 391.0,538.0,-1
2, 5, 759.0,816.0,-1
5, 2, 759.0,816.0,-1
2, 6, 530.0,639.0,-1
6, 2, 530.0,639.0,-1
2, 7, 137.0,192.0,1
7, 2, 137.0,192.0,1
2, 8, 225.0,304.0,-1
8, 2, 225.0,304.0,-1
2, 9, 296.0,300.0,-1
9, 2, 296.0,300.0,-1
2, 10, 188.0,207.0,-1
10, 2, 188.0,207.0,-1
2, 11, 404.0,517.0,-1
11, 2, 404.0,517.0,-1
2, 12, 543.0,558.0,-1
12, 2, 543.0,558.0,-1
2, 13, 437.0,609.0,-1
13, 2, 437.0,609.0,-1
2, 14, 204.0,250.0,-1
14, 2, 204.0,250.0,-1
2, 15, 691.0,717.0,1
15, 2, 691.0,717.0,1
2, 16, 638.0,702.0,-1
16, 2, 638.0,702.0,-1
2, 2, 0.0,0.0,1
3, 4, 479.0,604.0,-1
4, 3, 479.0,604.0,-1
3, 5, 414.0,584.0,-1
5, 3, 414.0,584.0,-1
3, 6, 374.0,407.0,-1
6, 3, 374.0,407.0,-1
3, 7, 608.0,748.0,-1
7, 3, 608.0,748.0,-1
3, 8, 588.0,636.0,-1
8, 3, 588.0,636.0,-1
3, 9, 488.0,532.0,1
9, 3, 488.0,532.0,1
3, 10, 373.0,524.0,-1
10, 3, 373.0,524.0,-1
3, 11, 881.0,1246.0,-1
11, 3, 881.0,1246.0,-1
3, 12, 918.0,1256.0,1
12, 3, 918.0,1256.0,1
3, 13, 645.0,830.0,-1
13, 3, 645.0,830.0,-1
3, 14, 705.0,872.0,-1
14, 3, 705.0,872.0,-1
3, 15, 305.0,431.0,-1
15, 3, 305.0,431.0,-1
3, 16, 237.0,334.0,1
16, 3, 237.0,334.0,1
3, 3, 0.0,0.0,1
4, 5, 449.0,571.0,-1
5, 4, 449.0,571.0,-1
4, 6, 202.0,267.0,-1
6, 4, 202.0,267.0,-1
4, 7, 526.0,730.0,-1
7, 4, 526.0,730.0,-1
4, 8, 596.0,841.0,-1
8, 4, 596.0,841.0,-1
4, 9, 604.0,838.0,-1
9, 4, 604.0,838.0,-1
4, 10, 269.0,372.0,1
10, 4, 269.0,372.0,1
4, 11, 499.0,642.0,-1
11, 4, 499.0,642.0,-1
4, 12, 462.0,653.0,-1
12, 4, 462.0,653.0,-1
4, 13, 168.0,226.0,-1
13, 4, 168.0,226.0,-1
4, 14, 589.0,788.0,1
14, 4, 589.0,788.0,1
4, 15, 428.0,591.0,-1
15, 4, 428.0,591.0,-1
4, 16, 408.0,577.0,-1
16, 4, 408.0,577.0,-1
4, 4, 0.0,0.0,1
5, 6, 249.0,305.0,-1
6, 5, 249.0,305.0,-1
5, 7, 874.0,1008.0,-1
7, 5, 874.0,1008.0,-1
5, 8, 899.0,1119.0,-1
8, 5, 899.0,1119.0,-1
5, 9, 840.0,1116.0,-1
9, 5, 840.0,1116.0,-1
5, 10, 576.0,649.0,1
10, 5, 576.0,649.0,1
5, 11, 948.0,1213.0,-1
11, 5, 948.0,1213.0,-1
5, 12, 884.0,1223.0,-1
12, 5, 884.0,1223.0,-1
5, 13, 582.0,797.0,1
13, 5, 582.0,797.0,1
5, 14, 959.0,1066.0,-1
14, 5, 959.0,1066.0,-1
5, 15, 110.0,154.0,-1
15, 5, 110.0,154.0,-1
5, 16, 177.0,251.0,-1
16, 5, 177.0,251.0,-1
5, 5, 0.0,0.0,1
6, 7, 655.0,831.0,1
7, 6, 655.0,831.0,1
6, 8, 699.0,942.0,-1
8, 6, 699.0,942.0,-1
6, 9, 668.0,939.0,-1
9, 6, 668.0,939.0,-1
6, 10, 359.0,472.0,1
10, 6, 359.0,472.0,1
6, 11, 701.0,909.0,-1
11, 6, 701.0,909.0,-1
6, 12, 653.0,919.0,-1
12, 6, 653.0,919.0,-1
6, 13, 349.0,493.0,-1
13, 6, 349.0,493.0,-1
6, 14, 734.0,889.0,1
14, 6, 734.0,889.0,1
6, 15, 231.0,325.0,-1
15, 6, 231.0,325.0,-1
6, 16, 225.0,310.0,1
16, 6, 225.0,310.0,1
6, 6, 0.0,0.0,1
7, 8, 112.0,112.0,1
8, 7, 112.0,112.0,1
7, 9, 232.0,309.0,1
9, 7, 232.0,309.0,1
7, 10, 299.0,359.0,1
10, 7, 299.0,359.0,1
7, 11, 469.0,499.0,-1
11, 7, 469.0,499.0,-1
7, 12, 641.0,750.0,-1
12, 7, 641.0,750.0,-1
7, 13, 570.0,801.0,1
13, 7, 570.0,801.0,1
7, 14, 98.0,125.0,-1
14, 7, 98.0,125.0,-1
7, 15, 797.0,855.0,1
15, 7, 797.0,855.0,1
7, 16, 739.0,758.0,-1
16, 7, 739.0,758.0,-1
7, 7, 0.0,0.0,1
8, 9, 140.0,197.0,1
9, 8, 140.0,197.0,1
8, 10, 342.0,470.0,1
10, 8, 342.0,470.0,1
8, 11, 580.0,611.0,1
11, 8, 580.0,611.0,1
8, 12, 751.0,862.0,-1
12, 8, 751.0,862.0,-1
8, 13, 660.0,912.0,-1
13, 8, 660.0,912.0,-1
8, 14, 172.0,237.0,-1
14, 8, 172.0,237.0,-1
8, 15, 813.0,966.0,1
15, 8, 813.0,966.0,1
8, 16, 750.0,869.0,-1
16, 8, 750.0,869.0,-1
8, 8, 0.0,0.0,1
9, 10, 336.0,467.0,-1
10, 9, 336.0,467.0,-1
9, 11, 689.0,807.0,-1
11, 9, 689.0,807.0,-1
9, 12, 838.0,858.0,-1
12, 9, 838.0,858.0,-1
9, 13, 700.0,909.0,-1
13, 9, 700.0,909.0,-1
9, 14, 309.0,434.0,1
14, 9, 309.0,434.0,1
9, 15, 744.0,963.0,-1
15, 9, 744.0,963.0,-1
9, 16, 678.0,866.0,1
16, 9, 678.0,866.0,1
9, 9, 0.0,0.0,1
10, 11, 514.0,723.0,1
11, 10, 514.0,723.0,1
10, 12, 588.0,733.0,-1
12, 10, 588.0,733.0,-1
10, 13, 381.0,442.0,1
13, 10, 381.0,442.0,1
10, 14, 384.0,417.0,-1
14, 10, 384.0,417.0,-1
10, 15, 504.0,511.0,1
15, 10, 504.0,511.0,1
10, 16, 450.0,496.0,-1
16, 10, 450.0,496.0,-1
10, 10, 0.0,0.0,1
11, 12, 222.0,314.0,1
12, 11, 222.0,314.0,1
11, 13, 391.0,417.0,1
13, 11, 391.0,417.0,1
11, 14, 439.0,495.0,1
14, 11, 439.0,495.0,1
11, 15, 921.0,1233.0,-1
15, 11, 921.0,1233.0,-1
11, 16, 891.0,1218.0,1
16, 11, 891.0,1218.0,1
11, 11, 0.0,0.0,1
12, 13, 304.0,427.0,-1
13, 12, 304.0,427.0,-1
12, 14, 633.0,808.0,-1
14, 12, 633.0,808.0,-1
12, 15, 883.0,1244.0,1
15, 12, 883.0,1244.0,1
12, 16, 869.0,1229.0,-1
16, 12, 869.0,1229.0,-1
12, 12, 0.0,0.0,1
13, 14, 608.0,859.0,1
14, 13, 608.0,859.0,1
13, 15, 579.0,817.0,-1
15, 13, 579.0,817.0,-1
13, 16, 568.0,802.0,-1
16, 13, 568.0,802.0,-1
13, 13, 0.0,0.0,1
14, 15, 886.0,912.0,-1
15, 14, 886.0,912.0,-1
14, 16, 830.0,845.0,-1
16, 14, 830.0,845.0,-1
14, 14, 0.0,0.0,1
15, 16, 70.0,97.0,-1
16, 15, 70.0,97.0,-1
15, 15, 0.0,0.0,1
16, 16, 0.0,0.0,1


<end>