<number of nodes>
16

<ratio of available edges>
0.3

<max length of the drone flight>
100000 

<D 2/3>
1, 3, 5, 6, 7, 10, 11, 12, 13, 14, 16

<V>
5, 7, 11, 12, 14

<coordinates X,Y>
211.8586752076019, 142.62961960353374
702.0782768378531, 544.6810547709658
865.3288296403306, 99.1768401426899
733.3939405661423, 89.83048271284603
856.0653066999932, 117.39024647139375
369.09806796383475, 676.6248809077119
794.4736546739337, 355.1009627298447
824.2358439577341, 551.0679364712088
948.3127292663867, 835.2793409719732
547.225632463867, 531.0135122563236
178.89405064724642, 559.1701873166238
638.9532262439378, 877.4426280937352
553.508687851392, 186.97999676255117
201.16025306484315, 982.9425607289495
822.366552539053, 379.70935908652626
195.88499877630358, 619.6132953663102

<adjacency matrix with truck distances>
1, 2, 635.0,893.0,-1
2, 1, 635.0,893.0,-1
1, 3, 655.0,697.0,-1
3, 1, 655.0,697.0,-1
1, 4, 525.0,575.0,-1
4, 1, 525.0,575.0,-1
1, 5, 645.0,670.0,-1
5, 1, 645.0,670.0,-1
1, 6, 557.0,692.0,-1
6, 1, 557.0,692.0,-1
1, 7, 621.0,796.0,-1
7, 1, 621.0,796.0,-1
1, 8, 737.0,1021.0,-1
8, 1, 737.0,1021.0,-1
1, 9, 1012.0,1430.0,-1
9, 1, 1012.0,1430.0,-1
1, 10, 514.0,724.0,-1
10, 1, 514.0,724.0,-1
1, 11, 418.0,450.0,1
11, 1, 418.0,450.0,1
1, 12, 850.0,1162.0,1
12, 1, 850.0,1162.0,1
1, 13, 345.0,387.0,-1
13, 1, 345.0,387.0,-1
1, 14, 841.0,852.0,1
14, 1, 841.0,852.0,1
1, 15, 655.0,848.0,-1
15, 1, 655.0,848.0,-1
1, 16, 478.0,493.0,1
16, 1, 478.0,493.0,1
1, 1, 0.0,0.0,1
2, 3, 475.0,609.0,1
3, 2, 475.0,609.0,1
2, 4, 456.0,487.0,-1
4, 2, 456.0,487.0,-1
2, 5, 455.0,582.0,-1
5, 2, 455.0,582.0,-1
2, 6, 359.0,465.0,-1
6, 2, 359.0,465.0,-1
2, 7, 211.0,282.0,1
7, 2, 211.0,282.0,1
2, 8, 123.0,129.0,1
8, 2, 123.0,129.0,1
2, 9, 381.0,537.0,1
9, 2, 381.0,537.0,1
2, 10, 156.0,169.0,-1
10, 2, 156.0,169.0,-1
2, 11, 524.0,538.0,-1
11, 2, 524.0,538.0,-1
2, 12, 339.0,396.0,-1
12, 2, 339.0,396.0,-1
2, 13, 388.0,507.0,-1
13, 2, 388.0,507.0,-1
2, 14, 666.0,940.0,-1
14, 2, 666.0,940.0,-1
2, 15, 205.0,286.0,-1
15, 2, 205.0,286.0,-1
2, 16, 512.0,582.0,1
16, 2, 512.0,582.0,1
2, 2, 0.0,0.0,1
3, 4, 133.0,142.0,-1
4, 3, 133.0,142.0,-1
3, 5, 21.0,28.0,-1
5, 3, 21.0,28.0,-1
3, 6, 762.0,1074.0,-1
6, 3, 762.0,1074.0,-1
3, 7, 266.0,327.0,-1
7, 3, 266.0,327.0,-1
3, 8, 454.0,493.0,-1
8, 3, 454.0,493.0,-1
3, 9, 741.0,820.0,-1
9, 3, 741.0,820.0,-1
3, 10, 537.0,750.0,-1
10, 3, 537.0,750.0,-1
3, 11, 827.0,1147.0,-1
11, 3, 827.0,1147.0,-1
3, 12, 811.0,1005.0,-1
12, 3, 811.0,1005.0,-1
3, 13, 324.0,400.0,-1
13, 3, 324.0,400.0,-1
3, 14, 1106.0,1548.0,-1
14, 3, 1106.0,1548.0,-1
3, 15, 284.0,324.0,1
15, 3, 284.0,324.0,1
3, 16, 848.0,1190.0,-1
16, 3, 848.0,1190.0,-1
3, 3, 0.0,0.0,1
4, 5, 126.0,151.0,1
5, 4, 126.0,151.0,1
4, 6, 691.0,952.0,-1
6, 4, 691.0,952.0,-1
4, 7, 273.0,327.0,1
7, 4, 273.0,327.0,1
4, 8, 471.0,553.0,-1
8, 4, 471.0,553.0,-1
4, 9, 776.0,961.0,-1
9, 4, 776.0,961.0,-1
4, 10, 479.0,628.0,1
10, 4, 479.0,628.0,1
4, 11, 727.0,1024.0,-1
11, 4, 727.0,1024.0,-1
4, 12, 794.0,883.0,-1
12, 4, 794.0,883.0,-1
4, 13, 205.0,278.0,-1
13, 4, 205.0,278.0,-1
4, 14, 1040.0,1426.0,-1
14, 4, 1040.0,1426.0,-1
4, 15, 304.0,379.0,-1
15, 4, 304.0,379.0,-1
4, 16, 755.0,1068.0,1
16, 4, 755.0,1068.0,1
4, 4, 0.0,0.0,1
5, 6, 742.0,1047.0,-1
6, 5, 742.0,1047.0,-1
5, 7, 246.0,300.0,-1
7, 5, 246.0,300.0,-1
5, 8, 435.0,466.0,1
8, 5, 435.0,466.0,1
5, 9, 724.0,811.0,-1
9, 5, 724.0,811.0,-1
5, 10, 517.0,723.0,-1
10, 5, 517.0,723.0,-1
5, 11, 809.0,1119.0,1
11, 5, 809.0,1119.0,1
5, 12, 791.0,978.0,1
12, 5, 791.0,978.0,1
5, 13, 311.0,373.0,-1
13, 5, 311.0,373.0,-1
5, 14, 1086.0,1521.0,-1
14, 5, 1086.0,1521.0,-1
5, 15, 265.0,297.0,1
15, 5, 265.0,297.0,1
5, 16, 830.0,1163.0,-1
16, 5, 830.0,1163.0,-1
5, 5, 0.0,0.0,1
6, 7, 534.0,747.0,-1
7, 6, 534.0,747.0,-1
6, 8, 473.0,581.0,1
8, 6, 473.0,581.0,1
6, 9, 601.0,738.0,-1
9, 6, 601.0,738.0,-1
6, 10, 231.0,324.0,-1
10, 6, 231.0,324.0,-1
6, 11, 224.0,308.0,1
11, 6, 224.0,308.0,1
6, 12, 337.0,471.0,1
12, 6, 337.0,471.0,1
6, 13, 524.0,675.0,-1
13, 6, 524.0,675.0,-1
6, 14, 350.0,475.0,-1
14, 6, 350.0,475.0,-1
6, 15, 542.0,751.0,-1
15, 6, 542.0,751.0,-1
6, 16, 183.0,231.0,1
16, 6, 183.0,231.0,1
6, 6, 0.0,0.0,1
7, 8, 199.0,226.0,-1
8, 7, 199.0,226.0,-1
7, 9, 505.0,635.0,-1
9, 7, 505.0,635.0,-1
7, 10, 304.0,424.0,-1
10, 7, 304.0,424.0,-1
7, 11, 649.0,820.0,-1
11, 7, 649.0,820.0,-1
7, 12, 546.0,678.0,-1
12, 7, 546.0,678.0,-1
7, 13, 294.0,410.0,-1
13, 7, 294.0,410.0,-1
7, 14, 864.0,1222.0,-1
14, 7, 864.0,1222.0,-1
7, 15, 38.0,53.0,-1
15, 7, 38.0,53.0,-1
7, 16, 655.0,864.0,1
16, 7, 655.0,864.0,1
7, 7, 0.0,0.0,1
8, 9, 311.0,409.0,-1
9, 8, 311.0,409.0,-1
8, 10, 278.0,298.0,-1
10, 8, 278.0,298.0,-1
8, 11, 646.0,654.0,1
11, 8, 646.0,654.0,1
8, 12, 376.0,512.0,-1
12, 8, 376.0,512.0,-1
8, 13, 454.0,635.0,-1
13, 8, 454.0,635.0,-1
8, 14, 759.0,1055.0,1
14, 8, 759.0,1055.0,1
8, 15, 172.0,174.0,-1
15, 8, 172.0,174.0,-1
8, 16, 633.0,697.0,-1
16, 8, 633.0,697.0,-1
8, 8, 0.0,0.0,1
9, 10, 504.0,706.0,1
10, 9, 504.0,706.0,1
9, 11, 818.0,1046.0,-1
11, 9, 818.0,1046.0,-1
9, 12, 313.0,352.0,1
12, 9, 313.0,352.0,1
9, 13, 760.0,1044.0,-1
13, 9, 760.0,1044.0,-1
9, 14, 762.0,895.0,1
14, 9, 762.0,895.0,1
9, 15, 473.0,582.0,1
15, 9, 473.0,582.0,1
9, 16, 783.0,969.0,-1
16, 9, 783.0,969.0,-1
9, 9, 0.0,0.0,1
10, 11, 370.0,397.0,-1
11, 10, 370.0,397.0,-1
10, 12, 359.0,439.0,1
12, 10, 359.0,439.0,1
10, 13, 345.0,351.0,1
13, 10, 345.0,351.0,1
10, 14, 570.0,798.0,1
14, 10, 570.0,798.0,1
10, 15, 314.0,427.0,1
15, 10, 314.0,427.0,1
10, 16, 363.0,440.0,-1
16, 10, 363.0,440.0,-1
10, 10, 0.0,0.0,1
11, 12, 560.0,779.0,-1
12, 11, 560.0,779.0,-1
11, 13, 529.0,747.0,1
13, 11, 529.0,747.0,1
11, 14, 425.0,447.0,-1
14, 11, 425.0,447.0,-1
11, 15, 669.0,823.0,-1
15, 11, 669.0,823.0,-1
11, 16, 63.0,78.0,-1
16, 11, 63.0,78.0,-1
11, 11, 0.0,0.0,1
12, 13, 696.0,776.0,-1
13, 12, 696.0,776.0,-1
12, 14, 451.0,544.0,-1
14, 12, 451.0,544.0,-1
12, 15, 531.0,682.0,-1
15, 12, 531.0,682.0,-1
12, 16, 513.0,701.0,1
16, 12, 513.0,701.0,1
12, 12, 0.0,0.0,1
13, 14, 871.0,1149.0,-1
14, 13, 871.0,1149.0,-1
13, 15, 331.0,462.0,-1
15, 13, 331.0,462.0,-1
13, 16, 562.0,791.0,-1
16, 13, 562.0,791.0,-1
13, 13, 0.0,0.0,1
14, 15, 866.0,1225.0,-1
15, 14, 866.0,1225.0,-1
14, 16, 364.0,369.0,-1
16, 14, 364.0,369.0,-1
14, 14, 0.0,0.0,1
15, 16, 671.0,867.0,1
16, 15, 671.0,867.0,1
15, 15, 0.0,0.0,1
16, 16, 0.0,0.0,1


<end>