<number of nodes>
16

<ratio of available edges>
0.3

<max length of the drone flight>
100000 

<D 2/3>
1, 3, 5, 6, 7, 8, 9, 10, 12, 13, 15

<V>
5, 6, 10, 13, 15

<coordinates X,Y>
852.3369169394272, 888.5613525270705
244.7549011038335, 376.6394235372732
552.2374152480138, 981.5739703256796
252.63578846414885, 518.3889824416892
273.4170493554078, 92.75028371750406
34.298397378476324, 399.02574645679806
64.57140698971841, 691.6417027362933
38.66519434043909, 781.1793231543877
501.5991440475944, 7.059012026910159
121.75524221905265, 450.7500294508519
670.1744700854101, 90.03444648380352
839.0602206553906, 515.4939962524968
893.360232215628, 234.02914928181886
160.46581281127146, 40.01321767031834
840.9101302553331, 969.0336094620467
10.265376158549364, 211.70915388210014

<adjacency matrix with truck distances>
1, 2, 795.0,1120.0,-1
2, 1, 795.0,1120.0,-1
1, 3, 315.0,394.0,-1
3, 1, 315.0,394.0,-1
1, 4, 705.0,970.0,-1
4, 1, 705.0,970.0,-1
1, 5, 985.0,1375.0,-1
5, 1, 985.0,1375.0,-1
1, 6, 954.0,1308.0,-1
6, 1, 954.0,1308.0,-1
1, 7, 813.0,985.0,-1
7, 1, 813.0,985.0,-1
1, 8, 821.0,922.0,-1
8, 1, 821.0,922.0,-1
1, 9, 949.0,1233.0,1
9, 1, 949.0,1233.0,1
1, 10, 852.0,1169.0,-1
10, 1, 852.0,1169.0,-1
1, 11, 820.0,981.0,1
11, 1, 820.0,981.0,1
1, 12, 374.0,387.0,1
12, 1, 374.0,387.0,1
1, 13, 656.0,696.0,1
13, 1, 656.0,696.0,1
1, 14, 1095.0,1541.0,-1
14, 1, 1095.0,1541.0,-1
1, 15, 82.0,92.0,1
15, 1, 82.0,92.0,1
1, 16, 1081.0,1519.0,1
16, 1, 1081.0,1519.0,1
1, 1, 0.0,0.0,1
2, 3, 679.0,913.0,-1
3, 2, 679.0,913.0,-1
2, 4, 142.0,150.0,-1
4, 2, 142.0,150.0,-1
2, 5, 286.0,313.0,-1
5, 2, 286.0,313.0,-1
2, 6, 212.0,233.0,-1
6, 2, 212.0,233.0,-1
2, 7, 363.0,496.0,-1
7, 2, 363.0,496.0,-1
2, 8, 455.0,611.0,-1
8, 2, 455.0,611.0,-1
2, 9, 451.0,627.0,-1
9, 2, 451.0,627.0,-1
2, 10, 144.0,198.0,-1
10, 2, 144.0,198.0,-1
2, 11, 513.0,713.0,-1
11, 2, 513.0,713.0,-1
2, 12, 611.0,734.0,-1
12, 2, 611.0,734.0,-1
2, 13, 665.0,792.0,-1
13, 2, 665.0,792.0,-1
2, 14, 348.0,421.0,-1
14, 2, 348.0,421.0,-1
2, 15, 841.0,1189.0,1
15, 2, 841.0,1189.0,1
2, 16, 287.0,400.0,-1
16, 2, 287.0,400.0,-1
2, 2, 0.0,0.0,1
3, 4, 552.0,763.0,1
4, 3, 552.0,763.0,1
3, 5, 932.0,1168.0,-1
5, 3, 932.0,1168.0,-1
3, 6, 780.0,1101.0,-1
6, 3, 780.0,1101.0,-1
3, 7, 568.0,778.0,1
7, 3, 568.0,778.0,1
3, 8, 552.0,714.0,-1
8, 3, 552.0,714.0,-1
3, 9, 976.0,1026.0,-1
9, 3, 976.0,1026.0,-1
3, 10, 684.0,962.0,-1
10, 3, 684.0,962.0,-1
3, 11, 900.0,1010.0,-1
11, 3, 900.0,1010.0,-1
3, 12, 548.0,753.0,-1
12, 3, 548.0,753.0,-1
3, 13, 822.0,1089.0,-1
13, 3, 822.0,1089.0,-1
3, 14, 1020.0,1334.0,-1
14, 3, 1020.0,1334.0,-1
3, 15, 289.0,302.0,1
15, 3, 289.0,302.0,1
3, 16, 942.0,1312.0,-1
16, 3, 942.0,1312.0,-1
3, 3, 0.0,0.0,1
4, 5, 427.0,447.0,1
5, 4, 427.0,447.0,1
4, 6, 249.0,338.0,-1
6, 4, 249.0,338.0,-1
4, 7, 256.0,362.0,1
7, 4, 256.0,362.0,1
4, 8, 339.0,477.0,-1
8, 4, 339.0,477.0,-1
4, 9, 569.0,761.0,-1
9, 4, 569.0,761.0,-1
4, 10, 148.0,199.0,1
10, 4, 148.0,199.0,1
4, 11, 599.0,846.0,-1
11, 4, 599.0,846.0,-1
4, 12, 587.0,590.0,-1
12, 4, 587.0,590.0,-1
4, 13, 701.0,926.0,1
13, 4, 701.0,926.0,1
4, 14, 488.0,571.0,1
14, 4, 488.0,571.0,1
4, 15, 742.0,1039.0,1
15, 4, 742.0,1039.0,1
4, 16, 391.0,550.0,-1
16, 4, 391.0,550.0,-1
4, 4, 0.0,0.0,1
5, 6, 389.0,546.0,-1
6, 5, 389.0,546.0,-1
5, 7, 635.0,808.0,-1
7, 5, 635.0,808.0,-1
5, 8, 728.0,924.0,-1
8, 5, 728.0,924.0,-1
5, 9, 244.0,314.0,-1
9, 5, 244.0,314.0,-1
5, 10, 389.0,510.0,-1
10, 5, 389.0,510.0,-1
5, 11, 397.0,400.0,-1
11, 5, 397.0,400.0,-1
5, 12, 707.0,989.0,-1
12, 5, 707.0,989.0,-1
5, 13, 636.0,762.0,1
13, 5, 636.0,762.0,1
5, 14, 125.0,166.0,-1
14, 5, 125.0,166.0,-1
5, 15, 1044.0,1444.0,1
15, 5, 1044.0,1444.0,1
5, 16, 289.0,383.0,-1
16, 5, 289.0,383.0,-1
5, 5, 0.0,0.0,1
6, 7, 295.0,323.0,1
7, 6, 295.0,323.0,1
6, 8, 383.0,387.0,-1
8, 6, 383.0,387.0,-1
6, 9, 610.0,860.0,1
9, 6, 610.0,860.0,1
6, 10, 102.0,140.0,-1
10, 6, 102.0,140.0,-1
6, 11, 707.0,945.0,1
11, 6, 707.0,945.0,1
6, 12, 814.0,922.0,1
12, 6, 814.0,922.0,1
6, 13, 875.0,1025.0,-1
13, 6, 875.0,1025.0,-1
6, 14, 381.0,486.0,-1
14, 6, 381.0,486.0,-1
6, 15, 988.0,1377.0,1
15, 6, 988.0,1377.0,1
6, 16, 189.0,212.0,-1
16, 6, 189.0,212.0,-1
6, 6, 0.0,0.0,1
7, 8, 94.0,116.0,-1
8, 7, 94.0,116.0,-1
7, 9, 813.0,1122.0,-1
9, 7, 813.0,1122.0,-1
7, 10, 248.0,299.0,1
10, 7, 248.0,299.0,1
7, 11, 854.0,1208.0,-1
11, 7, 854.0,1208.0,-1
7, 12, 795.0,951.0,-1
12, 7, 795.0,951.0,-1
7, 13, 947.0,1287.0,1
13, 7, 947.0,1287.0,1
7, 14, 659.0,748.0,-1
14, 7, 659.0,748.0,-1
7, 15, 825.0,1054.0,-1
15, 7, 825.0,1054.0,-1
7, 16, 483.0,535.0,-1
16, 7, 483.0,535.0,-1
7, 7, 0.0,0.0,1
8, 9, 902.0,1238.0,-1
9, 8, 902.0,1238.0,-1
8, 10, 341.0,414.0,1
10, 8, 341.0,414.0,1
8, 11, 937.0,1323.0,-1
11, 8, 937.0,1323.0,-1
8, 12, 844.0,1067.0,-1
12, 8, 844.0,1067.0,-1
8, 13, 1015.0,1402.0,-1
13, 8, 1015.0,1402.0,-1
8, 14, 752.0,863.0,-1
14, 8, 752.0,863.0,-1
8, 15, 824.0,991.0,1
15, 8, 824.0,991.0,1
8, 16, 571.0,598.0,1
16, 8, 571.0,598.0,1
8, 8, 0.0,0.0,1
9, 10, 585.0,824.0,-1
10, 9, 585.0,824.0,-1
9, 11, 188.0,252.0,-1
11, 9, 188.0,252.0,-1
9, 12, 611.0,846.0,-1
12, 9, 611.0,846.0,-1
9, 13, 453.0,619.0,-1
13, 9, 453.0,619.0,-1
9, 14, 343.0,375.0,-1
14, 9, 343.0,375.0,-1
9, 15, 1021.0,1302.0,-1
15, 9, 1021.0,1302.0,-1
9, 16, 533.0,696.0,-1
16, 9, 533.0,696.0,-1
9, 9, 0.0,0.0,1
10, 11, 657.0,910.0,-1
11, 10, 657.0,910.0,-1
10, 12, 721.0,783.0,-1
12, 10, 721.0,783.0,-1
10, 13, 802.0,989.0,-1
13, 10, 802.0,989.0,-1
10, 14, 413.0,450.0,1
14, 10, 413.0,450.0,1
10, 15, 887.0,1238.0,-1
15, 10, 887.0,1238.0,-1
10, 16, 264.0,351.0,-1
16, 10, 264.0,351.0,-1
10, 10, 0.0,0.0,1
11, 12, 458.0,595.0,-1
12, 11, 458.0,595.0,-1
11, 13, 266.0,368.0,-1
13, 11, 266.0,368.0,-1
11, 14, 513.0,560.0,1
14, 11, 513.0,560.0,1
11, 15, 896.0,1050.0,1
15, 11, 896.0,1050.0,1
11, 16, 672.0,782.0,1
16, 11, 672.0,782.0,1
11, 11, 0.0,0.0,1
12, 13, 287.0,336.0,1
13, 12, 287.0,336.0,1
12, 14, 829.0,1155.0,-1
14, 12, 829.0,1155.0,-1
12, 15, 454.0,456.0,1
15, 12, 454.0,456.0,1
12, 16, 883.0,1133.0,-1
16, 12, 883.0,1133.0,-1
12, 12, 0.0,0.0,1
13, 14, 759.0,927.0,-1
14, 13, 759.0,927.0,-1
13, 15, 737.0,788.0,1
15, 13, 737.0,788.0,1
13, 16, 884.0,906.0,1
16, 13, 884.0,906.0,1
13, 13, 0.0,0.0,1
14, 15, 1152.0,1610.0,-1
15, 14, 1152.0,1610.0,-1
14, 16, 229.0,322.0,-1
16, 14, 229.0,322.0,-1
14, 14, 0.0,0.0,1
15, 16, 1125.0,1588.0,-1
16, 15, 1125.0,1588.0,-1
15, 15, 0.0,0.0,1
16, 16, 0.0,0.0,1


<end>