<number of nodes>
16

<ratio of available edges>
0.3

<max length of the drone flight>
100000 

<D 2/3>
1, 4, 5, 6, 8, 9, 11, 12, 14, 15, 16

<V>
8, 9, 11, 15, 16

<coordinates X,Y>
640.2987079527811, 937.3920671293473
823.0247164137115, 790.6109054085707
206.0401235129459, 879.5329300435834
582.2147872700581, 93.97269502942811
846.8211429183418, 914.3328513055385
648.8111156409299, 873.7478384600599
798.6142731282126, 692.5139109666043
628.6489465919815, 260.2256424328798
352.85906974672463, 126.07399638964701
634.6749646101645, 409.18950573889265
681.0398735549203, 755.6282663651256
521.1968564499456, 394.0807718363491
604.1953664839116, 153.4236970890125
164.29063539901446, 36.412421483301074
560.9789399544994, 123.38086078488837
497.43838569057596, 527.7698658772366

<adjacency matrix with truck distances>
1, 2, 235.0,330.0,-1
2, 1, 235.0,330.0,-1
1, 3, 439.0,493.0,-1
3, 1, 439.0,493.0,-1
1, 4, 846.0,902.0,1
4, 1, 846.0,902.0,1
1, 5, 208.0,230.0,-1
5, 1, 208.0,230.0,-1
1, 6, 65.0,73.0,1
6, 1, 65.0,73.0,1
1, 7, 292.0,404.0,-1
7, 1, 292.0,404.0,-1
1, 8, 678.0,689.0,-1
8, 1, 678.0,689.0,-1
1, 9, 861.0,1099.0,1
9, 1, 861.0,1099.0,1
1, 10, 529.0,534.0,-1
10, 1, 529.0,534.0,-1
1, 11, 187.0,223.0,-1
11, 1, 187.0,223.0,-1
1, 12, 557.0,663.0,1
12, 1, 557.0,663.0,1
1, 13, 785.0,821.0,-1
13, 1, 785.0,821.0,-1
1, 14, 1019.0,1377.0,1
14, 1, 1019.0,1377.0,1
1, 15, 818.0,894.0,-1
15, 1, 818.0,894.0,-1
1, 16, 434.0,553.0,1
16, 1, 434.0,553.0,1
1, 1, 0.0,0.0,1
2, 3, 624.0,706.0,1
3, 2, 624.0,706.0,1
2, 4, 738.0,938.0,-1
4, 2, 738.0,938.0,-1
2, 5, 126.0,148.0,-1
5, 2, 126.0,148.0,-1
2, 6, 194.0,258.0,-1
6, 2, 194.0,258.0,-1
2, 7, 102.0,123.0,1
7, 2, 102.0,123.0,1
2, 8, 565.0,725.0,-1
8, 2, 565.0,725.0,-1
2, 9, 815.0,1135.0,-1
9, 2, 815.0,1135.0,-1
2, 10, 426.0,570.0,1
10, 2, 426.0,570.0,1
2, 11, 147.0,177.0,1
11, 2, 147.0,177.0,1
2, 12, 499.0,699.0,-1
12, 2, 499.0,699.0,-1
2, 13, 674.0,857.0,-1
13, 2, 674.0,857.0,-1
2, 14, 1002.0,1413.0,-1
14, 2, 1002.0,1413.0,-1
2, 15, 717.0,930.0,-1
15, 2, 717.0,930.0,-1
2, 16, 419.0,589.0,1
16, 2, 419.0,589.0,1
2, 2, 0.0,0.0,1
3, 4, 871.0,1162.0,1
4, 3, 871.0,1162.0,1
3, 5, 642.0,676.0,-1
5, 3, 642.0,676.0,-1
3, 6, 443.0,449.0,-1
6, 3, 443.0,449.0,-1
3, 7, 622.0,780.0,-1
7, 3, 622.0,780.0,-1
3, 8, 750.0,1042.0,-1
8, 3, 750.0,1042.0,-1
3, 9, 768.0,901.0,1
9, 3, 768.0,901.0,1
3, 10, 637.0,899.0,-1
10, 3, 637.0,899.0,-1
3, 11, 491.0,599.0,-1
11, 3, 491.0,599.0,-1
3, 12, 579.0,801.0,-1
12, 3, 579.0,801.0,-1
3, 13, 829.0,1125.0,1
13, 3, 829.0,1125.0,1
3, 14, 845.0,885.0,1
14, 3, 845.0,885.0,1
3, 15, 836.0,1112.0,1
15, 3, 836.0,1112.0,1
3, 16, 457.0,644.0,1
16, 3, 457.0,644.0,1
3, 3, 0.0,0.0,1
4, 5, 862.0,1085.0,-1
5, 4, 862.0,1085.0,-1
4, 6, 783.0,847.0,-1
6, 4, 783.0,847.0,-1
4, 7, 637.0,815.0,-1
7, 4, 637.0,815.0,-1
4, 8, 173.0,213.0,1
8, 4, 173.0,213.0,1
4, 9, 232.0,262.0,-1
9, 4, 232.0,262.0,-1
4, 10, 320.0,368.0,1
10, 4, 320.0,368.0,1
4, 11, 669.0,761.0,-1
11, 4, 669.0,761.0,-1
4, 12, 307.0,362.0,-1
12, 4, 307.0,362.0,-1
4, 13, 64.0,82.0,-1
13, 4, 64.0,82.0,-1
4, 14, 422.0,476.0,-1
14, 4, 422.0,476.0,-1
4, 15, 37.0,51.0,-1
15, 4, 37.0,51.0,-1
4, 16, 443.0,519.0,1
16, 4, 443.0,519.0,1
4, 4, 0.0,0.0,1
5, 6, 203.0,239.0,-1
6, 5, 203.0,239.0,-1
5, 7, 227.0,271.0,-1
7, 5, 227.0,271.0,-1
5, 8, 690.0,873.0,-1
8, 5, 690.0,873.0,-1
5, 9, 931.0,1283.0,1
9, 5, 931.0,1283.0,1
5, 10, 548.0,718.0,-1
10, 5, 548.0,718.0,-1
5, 11, 230.0,325.0,-1
11, 5, 230.0,325.0,-1
5, 12, 614.0,846.0,1
12, 5, 614.0,846.0,1
5, 13, 799.0,1004.0,-1
13, 5, 799.0,1004.0,-1
5, 14, 1113.0,1561.0,-1
14, 5, 1113.0,1561.0,-1
5, 15, 842.0,1077.0,1
15, 5, 842.0,1077.0,1
5, 16, 522.0,736.0,-1
16, 5, 522.0,736.0,-1
5, 5, 0.0,0.0,1
6, 7, 236.0,332.0,-1
7, 6, 236.0,332.0,-1
6, 8, 614.0,634.0,-1
8, 6, 614.0,634.0,-1
6, 9, 805.0,1044.0,1
9, 6, 805.0,1044.0,1
6, 10, 465.0,479.0,1
10, 6, 465.0,479.0,1
6, 11, 123.0,151.0,-1
11, 6, 123.0,151.0,-1
6, 12, 497.0,608.0,1
12, 6, 497.0,608.0,1
6, 13, 722.0,765.0,-1
13, 6, 722.0,765.0,-1
6, 14, 968.0,1322.0,-1
14, 6, 968.0,1322.0,-1
6, 15, 756.0,839.0,-1
15, 6, 756.0,839.0,-1
6, 16, 378.0,498.0,-1
16, 6, 378.0,498.0,-1
6, 6, 0.0,0.0,1
7, 8, 465.0,603.0,-1
8, 7, 465.0,603.0,-1
7, 9, 721.0,1013.0,-1
9, 7, 721.0,1013.0,-1
7, 10, 328.0,448.0,-1
10, 7, 328.0,448.0,-1
7, 11, 134.0,181.0,1
11, 7, 134.0,181.0,1
7, 12, 408.0,576.0,1
12, 7, 408.0,576.0,1
7, 13, 574.0,734.0,-1
13, 7, 574.0,734.0,-1
7, 14, 913.0,1291.0,-1
14, 7, 913.0,1291.0,-1
7, 15, 617.0,807.0,-1
15, 7, 617.0,807.0,-1
7, 16, 344.0,466.0,-1
16, 7, 344.0,466.0,-1
7, 7, 0.0,0.0,1
8, 9, 307.0,410.0,-1
9, 8, 307.0,410.0,-1
8, 10, 150.0,155.0,-1
10, 8, 150.0,155.0,-1
8, 11, 499.0,548.0,-1
11, 8, 499.0,548.0,-1
8, 12, 172.0,242.0,-1
12, 8, 172.0,242.0,-1
8, 13, 110.0,132.0,-1
13, 8, 110.0,132.0,-1
8, 14, 516.0,689.0,1
14, 8, 516.0,689.0,1
8, 15, 153.0,205.0,-1
15, 8, 153.0,205.0,-1
8, 16, 298.0,399.0,1
16, 8, 298.0,399.0,1
8, 8, 0.0,0.0,1
9, 10, 400.0,565.0,-1
10, 9, 400.0,565.0,-1
9, 11, 710.0,958.0,-1
11, 9, 710.0,958.0,-1
9, 12, 317.0,437.0,1
12, 9, 317.0,437.0,1
9, 13, 253.0,279.0,-1
13, 9, 253.0,279.0,-1
9, 14, 209.0,279.0,-1
14, 9, 209.0,279.0,-1
9, 15, 209.0,211.0,1
15, 9, 209.0,211.0,1
9, 16, 427.0,547.0,-1
16, 9, 427.0,547.0,-1
9, 9, 0.0,0.0,1
10, 11, 350.0,393.0,-1
11, 10, 350.0,393.0,-1
10, 12, 115.0,129.0,-1
12, 10, 115.0,129.0,-1
10, 13, 258.0,287.0,-1
13, 10, 258.0,287.0,-1
10, 14, 601.0,844.0,-1
14, 10, 601.0,844.0,-1
10, 15, 296.0,360.0,-1
15, 10, 296.0,360.0,-1
10, 16, 182.0,256.0,-1
16, 10, 182.0,256.0,-1
10, 10, 0.0,0.0,1
11, 12, 396.0,522.0,-1
12, 11, 396.0,522.0,-1
11, 13, 608.0,680.0,-1
13, 11, 608.0,680.0,-1
11, 14, 886.0,1236.0,-1
14, 11, 886.0,1236.0,-1
11, 15, 644.0,753.0,-1
15, 11, 644.0,753.0,-1
11, 16, 293.0,412.0,-1
16, 11, 293.0,412.0,-1
11, 11, 0.0,0.0,1
12, 13, 255.0,324.0,1
13, 12, 255.0,324.0,1
12, 14, 506.0,715.0,1
14, 12, 506.0,715.0,1
12, 15, 274.0,311.0,-1
15, 12, 274.0,311.0,-1
12, 16, 136.0,158.0,-1
16, 12, 136.0,158.0,-1
12, 12, 0.0,0.0,1
13, 14, 456.0,557.0,1
14, 13, 456.0,557.0,1
13, 15, 53.0,74.0,-1
15, 13, 53.0,74.0,-1
13, 16, 390.0,482.0,-1
16, 13, 390.0,482.0,-1
13, 13, 0.0,0.0,1
14, 15, 407.0,484.0,-1
15, 14, 407.0,484.0,-1
14, 16, 594.0,825.0,-1
16, 14, 594.0,825.0,-1
14, 14, 0.0,0.0,1
15, 16, 410.0,468.0,1
16, 15, 410.0,468.0,1
15, 15, 0.0,0.0,1
16, 16, 0.0,0.0,1


<end>