<number of nodes>
16

<ratio of available edges>
0.3

<max length of the drone flight>
100000 

<D 2/3>
1, 2, 4, 5, 6, 7, 8, 10, 11, 12, 16

<V>
2, 4, 7, 8, 11

<coordinates X,Y>
401.4373249006482, 381.51873707651254
422.6578658453398, 429.9732522575644
554.487835873274, 585.7657173088706
950.441283370338, 940.6238119120131
592.4998203917455, 890.5665166404101
656.8215642050247, 968.2258276324959
396.1006004835017, 840.1939957067995
330.08242446738143, 481.41175341324004
712.8470625575038, 174.9368461656111
208.00514544288404, 226.42844281586972
725.5260104629148, 683.0227936702619
928.8280957590824, 230.7440476828278
66.51337205261397, 779.1372734145041
710.6415860977555, 613.4109901706428
189.15690481182278, 334.9799647734405
311.8980786715996, 65.26144671539643

<adjacency matrix with truck distances>
1, 2, 53.0,70.0,-1
2, 1, 53.0,70.0,-1
1, 3, 256.0,358.0,1
3, 1, 256.0,358.0,1
1, 4, 784.0,1109.0,-1
4, 1, 784.0,1109.0,-1
1, 5, 544.0,701.0,1
5, 1, 544.0,701.0,1
1, 6, 640.0,843.0,-1
6, 1, 640.0,843.0,-1
1, 7, 459.0,465.0,-1
7, 1, 459.0,465.0,-1
1, 8, 123.0,172.0,-1
8, 1, 123.0,172.0,-1
1, 9, 374.0,518.0,1
9, 1, 374.0,518.0,1
1, 10, 248.0,349.0,-1
10, 1, 248.0,349.0,-1
1, 11, 443.0,626.0,1
11, 1, 443.0,626.0,1
1, 12, 549.0,679.0,-1
12, 1, 549.0,679.0,-1
1, 13, 520.0,733.0,-1
13, 1, 520.0,733.0,-1
1, 14, 387.0,542.0,-1
14, 1, 387.0,542.0,-1
1, 15, 218.0,259.0,-1
15, 1, 218.0,259.0,-1
1, 16, 329.0,406.0,-1
16, 1, 329.0,406.0,-1
1, 1, 0.0,0.0,1
2, 3, 205.0,288.0,-1
3, 2, 205.0,288.0,-1
2, 4, 735.0,1039.0,-1
4, 2, 735.0,1039.0,-1
2, 5, 491.0,631.0,1
5, 2, 491.0,631.0,1
2, 6, 587.0,773.0,-1
6, 2, 587.0,773.0,-1
2, 7, 412.0,437.0,-1
7, 2, 412.0,437.0,-1
2, 8, 106.0,145.0,-1
8, 2, 106.0,145.0,-1
2, 9, 387.0,546.0,1
9, 2, 387.0,546.0,1
2, 10, 296.0,419.0,-1
10, 2, 296.0,419.0,-1
2, 11, 395.0,556.0,1
11, 2, 395.0,556.0,1
2, 12, 544.0,706.0,1
12, 2, 544.0,706.0,1
2, 13, 499.0,706.0,-1
13, 2, 499.0,706.0,-1
2, 14, 342.0,472.0,-1
14, 2, 342.0,472.0,-1
2, 15, 253.0,329.0,-1
15, 2, 253.0,329.0,-1
2, 16, 382.0,476.0,-1
16, 2, 382.0,476.0,-1
2, 2, 0.0,0.0,1
3, 4, 532.0,751.0,1
4, 3, 532.0,751.0,1
3, 5, 308.0,343.0,-1
5, 3, 308.0,343.0,-1
3, 6, 396.0,485.0,1
6, 3, 396.0,485.0,1
3, 7, 300.0,413.0,1
7, 3, 300.0,413.0,1
3, 8, 248.0,329.0,1
8, 3, 248.0,329.0,1
3, 9, 441.0,570.0,-1
9, 3, 441.0,570.0,-1
3, 10, 500.0,706.0,-1
10, 3, 500.0,706.0,-1
3, 11, 197.0,269.0,-1
11, 3, 197.0,269.0,-1
3, 12, 516.0,730.0,-1
12, 3, 516.0,730.0,-1
3, 13, 525.0,682.0,-1
13, 3, 525.0,682.0,-1
3, 14, 159.0,184.0,1
14, 3, 159.0,184.0,1
3, 15, 444.0,617.0,1
15, 3, 444.0,617.0,1
3, 16, 575.0,764.0,-1
16, 3, 575.0,764.0,-1
3, 3, 0.0,0.0,1
4, 5, 362.0,408.0,1
5, 4, 362.0,408.0,1
4, 6, 295.0,322.0,-1
6, 4, 295.0,322.0,-1
4, 7, 564.0,655.0,-1
7, 4, 564.0,655.0,-1
4, 8, 772.0,1080.0,1
8, 4, 772.0,1080.0,1
4, 9, 802.0,1004.0,-1
9, 4, 802.0,1004.0,-1
4, 10, 1031.0,1457.0,-1
10, 4, 1031.0,1457.0,-1
4, 11, 342.0,483.0,1
11, 4, 342.0,483.0,1
4, 12, 711.0,732.0,1
12, 4, 711.0,732.0,1
4, 13, 899.0,1046.0,-1
13, 4, 899.0,1046.0,-1
4, 14, 406.0,568.0,-1
14, 4, 406.0,568.0,-1
4, 15, 973.0,1367.0,-1
15, 4, 973.0,1367.0,-1
4, 16, 1084.0,1514.0,-1
16, 4, 1084.0,1514.0,-1
4, 4, 0.0,0.0,1
5, 6, 101.0,142.0,1
6, 5, 101.0,142.0,1
5, 7, 203.0,247.0,-1
7, 5, 203.0,247.0,-1
5, 8, 487.0,672.0,-1
8, 5, 487.0,672.0,-1
5, 9, 726.0,836.0,-1
9, 5, 726.0,836.0,-1
5, 10, 768.0,1049.0,-1
10, 5, 768.0,1049.0,-1
5, 11, 247.0,341.0,1
11, 5, 247.0,341.0,1
5, 12, 741.0,997.0,1
12, 5, 741.0,997.0,1
5, 13, 538.0,638.0,-1
13, 5, 538.0,638.0,-1
5, 14, 302.0,396.0,-1
14, 5, 302.0,396.0,-1
5, 15, 687.0,959.0,-1
15, 5, 687.0,959.0,-1
5, 16, 872.0,1106.0,-1
16, 5, 872.0,1106.0,-1
5, 5, 0.0,0.0,1
6, 7, 291.0,389.0,-1
7, 6, 291.0,389.0,-1
6, 8, 587.0,814.0,-1
8, 6, 587.0,814.0,-1
6, 9, 796.0,850.0,-1
9, 6, 796.0,850.0,-1
6, 10, 868.0,1191.0,-1
10, 6, 868.0,1191.0,-1
6, 11, 294.0,354.0,-1
11, 6, 294.0,354.0,-1
6, 12, 787.0,1010.0,-1
12, 6, 787.0,1010.0,-1
6, 13, 620.0,780.0,1
13, 6, 620.0,780.0,1
6, 14, 359.0,409.0,-1
14, 6, 359.0,409.0,-1
6, 15, 788.0,1101.0,-1
15, 6, 788.0,1101.0,-1
6, 16, 967.0,1248.0,1
16, 6, 967.0,1248.0,1
6, 6, 0.0,0.0,1
7, 8, 365.0,425.0,-1
8, 7, 365.0,425.0,-1
7, 9, 737.0,983.0,1
9, 7, 737.0,983.0,1
7, 10, 642.0,802.0,-1
10, 7, 642.0,802.0,-1
7, 11, 365.0,487.0,-1
11, 7, 365.0,487.0,-1
7, 12, 810.0,1143.0,1
12, 7, 810.0,1143.0,1
7, 13, 336.0,391.0,-1
13, 7, 336.0,391.0,-1
7, 14, 388.0,542.0,-1
14, 7, 388.0,542.0,-1
7, 15, 546.0,713.0,-1
15, 7, 546.0,713.0,-1
7, 16, 780.0,860.0,1
16, 7, 780.0,860.0,1
7, 7, 0.0,0.0,1
8, 9, 491.0,690.0,-1
9, 8, 491.0,690.0,-1
8, 10, 283.0,378.0,1
10, 8, 283.0,378.0,1
8, 11, 444.0,598.0,-1
11, 8, 444.0,598.0,-1
8, 12, 650.0,850.0,1
12, 8, 650.0,850.0,1
8, 13, 398.0,562.0,1
13, 8, 398.0,562.0,1
8, 14, 403.0,513.0,1
14, 8, 403.0,513.0,1
8, 15, 204.0,288.0,-1
15, 8, 204.0,288.0,-1
8, 16, 417.0,435.0,-1
16, 8, 417.0,435.0,-1
8, 8, 0.0,0.0,1
9, 10, 508.0,557.0,-1
10, 9, 508.0,557.0,-1
9, 11, 509.0,521.0,-1
11, 9, 509.0,521.0,-1
9, 12, 224.0,272.0,-1
12, 9, 224.0,272.0,-1
9, 13, 885.0,1251.0,-1
13, 9, 885.0,1251.0,-1
9, 14, 439.0,441.0,-1
14, 9, 439.0,441.0,-1
9, 15, 548.0,684.0,-1
15, 9, 548.0,684.0,-1
9, 16, 416.0,511.0,-1
16, 9, 416.0,511.0,-1
9, 9, 0.0,0.0,1
10, 11, 691.0,975.0,-1
11, 10, 691.0,975.0,-1
10, 12, 721.0,726.0,-1
12, 10, 721.0,726.0,-1
10, 13, 571.0,695.0,-1
13, 10, 571.0,695.0,-1
10, 14, 635.0,890.0,1
14, 10, 635.0,890.0,1
10, 15, 111.0,128.0,-1
15, 10, 111.0,128.0,-1
10, 16, 192.0,266.0,-1
16, 10, 192.0,266.0,-1
10, 10, 0.0,0.0,1
11, 12, 496.0,656.0,-1
12, 11, 496.0,656.0,-1
11, 13, 666.0,756.0,1
13, 11, 666.0,756.0,1
11, 14, 72.0,85.0,-1
14, 11, 72.0,85.0,-1
11, 15, 640.0,885.0,-1
15, 11, 640.0,885.0,-1
11, 16, 744.0,1032.0,1
16, 11, 744.0,1032.0,1
11, 11, 0.0,0.0,1
12, 13, 1022.0,1411.0,-1
13, 12, 1022.0,1411.0,-1
12, 14, 441.0,601.0,-1
14, 12, 441.0,601.0,-1
12, 15, 747.0,844.0,-1
15, 12, 747.0,844.0,-1
12, 16, 639.0,783.0,-1
16, 12, 639.0,783.0,-1
12, 12, 0.0,0.0,1
13, 14, 666.0,810.0,1
14, 13, 666.0,810.0,1
13, 15, 461.0,567.0,1
15, 13, 461.0,567.0,1
13, 16, 755.0,960.0,-1
16, 13, 755.0,960.0,-1
13, 13, 0.0,0.0,1
14, 15, 592.0,800.0,1
15, 14, 592.0,800.0,1
14, 16, 678.0,947.0,-1
16, 14, 678.0,947.0,-1
14, 14, 0.0,0.0,1
15, 16, 297.0,393.0,-1
16, 15, 297.0,393.0,-1
15, 15, 0.0,0.0,1
16, 16, 0.0,0.0,1


<end>