<number of nodes>
16

<ratio of available edges>
0.3

<max length of the drone flight>
100000 

<D 2/3>
1, 2, 4, 6, 9, 10, 12, 13, 14, 15, 16

<V>
2, 4, 10, 12, 15

<coordinates X,Y>
636.2276038566162, 888.3443744399567
955.3065335579449, 607.8920795030365
432.4806328589293, 154.8589113350203
429.43695918539436, 387.271098241401
735.9269805324795, 425.2783466059778
725.5348678604119, 986.2070875795553
678.9407945059332, 553.4396735391773
182.1924108263114, 811.0752678425306
589.1653830242636, 706.9937471875113
134.96754996142607, 986.4271385901558
657.6014683692403, 136.44924494258353
579.5385812086663, 441.33206457155836
759.7868794317262, 990.4211931060046
728.2392708447754, 811.6323619420015
52.293522025108075, 948.6171447847032
252.09282142024296, 936.4036415028083

<adjacency matrix with truck distances>
1, 2, 425.0,600.0,-1
2, 1, 425.0,600.0,-1
1, 3, 762.0,938.0,-1
3, 1, 762.0,938.0,-1
1, 4, 543.0,708.0,1
4, 1, 543.0,708.0,1
1, 5, 474.0,563.0,-1
5, 1, 474.0,563.0,-1
1, 6, 133.0,188.0,-1
6, 1, 133.0,188.0,-1
1, 7, 338.0,378.0,1
7, 1, 338.0,378.0,1
1, 8, 461.0,532.0,-1
8, 1, 461.0,532.0,-1
1, 9, 188.0,229.0,-1
9, 1, 188.0,229.0,-1
1, 10, 511.0,600.0,-1
10, 1, 511.0,600.0,-1
1, 11, 753.0,774.0,-1
11, 1, 753.0,774.0,-1
1, 12, 451.0,504.0,1
12, 1, 451.0,504.0,1
1, 13, 161.0,226.0,-1
13, 1, 161.0,226.0,-1
1, 14, 120.0,169.0,-1
14, 1, 120.0,169.0,-1
1, 15, 588.0,645.0,-1
15, 1, 588.0,645.0,-1
1, 16, 388.0,433.0,1
16, 1, 388.0,433.0,1
1, 1, 0.0,0.0,1
2, 3, 692.0,976.0,1
3, 2, 692.0,976.0,1
2, 4, 571.0,747.0,-1
4, 2, 571.0,747.0,-1
2, 5, 286.0,402.0,-1
5, 2, 286.0,402.0,-1
2, 6, 443.0,609.0,-1
6, 2, 443.0,609.0,-1
2, 7, 282.0,331.0,-1
7, 2, 282.0,331.0,-1
2, 8, 800.0,977.0,1
8, 2, 800.0,977.0,1
2, 9, 380.0,466.0,1
9, 2, 380.0,466.0,1
2, 10, 904.0,1199.0,1
10, 2, 904.0,1199.0,1
2, 11, 558.0,770.0,1
11, 2, 558.0,770.0,1
2, 12, 412.0,543.0,-1
12, 2, 412.0,543.0,-1
2, 13, 430.0,579.0,-1
13, 2, 430.0,579.0,-1
2, 14, 306.0,431.0,1
14, 2, 306.0,431.0,1
2, 15, 966.0,1244.0,-1
15, 2, 966.0,1244.0,-1
2, 16, 777.0,1032.0,-1
16, 2, 777.0,1032.0,-1
2, 2, 0.0,0.0,1
3, 4, 233.0,236.0,-1
4, 3, 233.0,236.0,-1
3, 5, 407.0,574.0,-1
5, 3, 407.0,574.0,-1
3, 6, 882.0,1125.0,-1
6, 3, 882.0,1125.0,-1
3, 7, 469.0,646.0,-1
7, 3, 469.0,646.0,-1
3, 8, 703.0,907.0,-1
8, 3, 703.0,907.0,-1
3, 9, 574.0,709.0,-1
9, 3, 574.0,709.0,-1
3, 10, 884.0,1130.0,-1
10, 3, 884.0,1130.0,-1
3, 11, 226.0,244.0,-1
11, 3, 226.0,244.0,-1
3, 12, 323.0,434.0,-1
12, 3, 323.0,434.0,-1
3, 13, 898.0,1163.0,-1
13, 3, 898.0,1163.0,-1
3, 14, 721.0,953.0,-1
14, 3, 721.0,953.0,-1
3, 15, 881.0,1174.0,-1
15, 3, 881.0,1174.0,-1
3, 16, 803.0,962.0,-1
16, 3, 803.0,962.0,-1
3, 3, 0.0,0.0,1
4, 5, 309.0,345.0,-1
5, 4, 309.0,345.0,-1
4, 6, 669.0,896.0,-1
6, 4, 669.0,896.0,-1
4, 7, 300.0,416.0,1
7, 4, 300.0,416.0,1
4, 8, 491.0,672.0,-1
8, 4, 491.0,672.0,-1
4, 9, 358.0,480.0,1
9, 4, 358.0,480.0,1
4, 10, 668.0,894.0,-1
10, 4, 668.0,894.0,-1
4, 11, 340.0,479.0,1
11, 4, 340.0,479.0,1
4, 12, 160.0,205.0,-1
12, 4, 160.0,205.0,-1
4, 13, 688.0,934.0,1
13, 4, 688.0,934.0,1
4, 14, 520.0,724.0,1
14, 4, 520.0,724.0,1
4, 15, 677.0,939.0,-1
15, 4, 677.0,939.0,-1
4, 16, 578.0,727.0,-1
16, 4, 578.0,727.0,-1
4, 4, 0.0,0.0,1
5, 6, 562.0,572.0,-1
6, 5, 562.0,572.0,-1
5, 7, 141.0,186.0,-1
7, 5, 141.0,186.0,-1
5, 8, 675.0,940.0,-1
8, 5, 675.0,940.0,-1
5, 9, 318.0,429.0,-1
9, 5, 318.0,429.0,-1
5, 10, 823.0,1163.0,1
10, 5, 823.0,1163.0,1
5, 11, 300.0,368.0,1
11, 5, 300.0,368.0,1
5, 12, 158.0,173.0,-1
12, 5, 158.0,173.0,-1
5, 13, 566.0,590.0,-1
13, 5, 566.0,590.0,-1
5, 14, 387.0,395.0,-1
14, 5, 387.0,395.0,-1
5, 15, 861.0,1207.0,-1
15, 5, 861.0,1207.0,-1
5, 16, 704.0,995.0,-1
16, 5, 704.0,995.0,-1
5, 5, 0.0,0.0,1
6, 7, 436.0,480.0,1
7, 6, 436.0,480.0,1
6, 8, 571.0,719.0,1
8, 6, 571.0,719.0,1
6, 9, 311.0,416.0,1
9, 6, 311.0,416.0,1
6, 10, 591.0,591.0,-1
10, 6, 591.0,591.0,-1
6, 11, 853.0,918.0,-1
11, 6, 853.0,918.0,-1
6, 12, 565.0,691.0,-1
12, 6, 565.0,691.0,-1
6, 13, 35.0,39.0,-1
13, 6, 35.0,39.0,-1
6, 14, 175.0,178.0,-1
14, 6, 175.0,178.0,-1
6, 15, 675.0,711.0,1
15, 6, 675.0,711.0,1
6, 16, 477.0,524.0,-1
16, 6, 477.0,524.0,-1
6, 6, 0.0,0.0,1
7, 8, 560.0,755.0,-1
8, 7, 560.0,755.0,-1
7, 9, 178.0,244.0,1
9, 7, 178.0,244.0,1
7, 10, 696.0,977.0,-1
10, 7, 696.0,977.0,-1
7, 11, 418.0,439.0,-1
11, 7, 418.0,439.0,-1
7, 12, 150.0,212.0,-1
12, 7, 150.0,212.0,-1
7, 13, 445.0,518.0,1
13, 7, 445.0,518.0,1
7, 14, 263.0,308.0,1
14, 7, 263.0,308.0,1
7, 15, 741.0,1022.0,-1
15, 7, 741.0,1022.0,-1
7, 16, 574.0,810.0,-1
16, 7, 574.0,810.0,-1
7, 7, 0.0,0.0,1
8, 9, 421.0,512.0,-1
9, 8, 421.0,512.0,-1
8, 10, 182.0,223.0,1
10, 8, 182.0,223.0,1
8, 11, 826.0,1151.0,-1
11, 8, 826.0,1151.0,-1
8, 12, 543.0,768.0,1
12, 8, 543.0,768.0,1
8, 13, 605.0,757.0,-1
13, 8, 605.0,757.0,-1
8, 14, 547.0,547.0,-1
14, 8, 547.0,547.0,-1
8, 15, 190.0,268.0,-1
15, 8, 190.0,268.0,-1
8, 16, 144.0,196.0,1
16, 8, 144.0,196.0,1
8, 8, 0.0,0.0,1
9, 10, 534.0,734.0,-1
10, 9, 534.0,734.0,-1
9, 11, 575.0,639.0,1
11, 9, 575.0,639.0,1
9, 12, 266.0,276.0,-1
12, 9, 266.0,276.0,-1
9, 13, 331.0,455.0,1
13, 9, 331.0,455.0,1
9, 14, 175.0,244.0,1
14, 9, 175.0,244.0,1
9, 15, 589.0,779.0,-1
15, 9, 589.0,779.0,-1
9, 16, 408.0,567.0,-1
16, 9, 408.0,567.0,-1
9, 9, 0.0,0.0,1
10, 11, 998.0,1373.0,-1
11, 10, 998.0,1373.0,-1
10, 12, 704.0,990.0,-1
12, 10, 704.0,990.0,-1
10, 13, 625.0,629.0,-1
13, 10, 625.0,629.0,-1
10, 14, 619.0,769.0,-1
14, 10, 619.0,769.0,-1
10, 15, 91.0,121.0,1
15, 10, 91.0,121.0,1
10, 16, 128.0,168.0,1
16, 10, 128.0,168.0,1
10, 10, 0.0,0.0,1
11, 12, 315.0,383.0,-1
12, 11, 315.0,383.0,-1
11, 13, 861.0,957.0,-1
13, 11, 861.0,957.0,-1
11, 14, 679.0,746.0,-1
14, 11, 679.0,746.0,-1
11, 15, 1013.0,1418.0,1
15, 11, 1013.0,1418.0,1
11, 16, 897.0,1206.0,-1
16, 11, 897.0,1206.0,-1
11, 11, 0.0,0.0,1
12, 13, 578.0,730.0,1
13, 12, 578.0,730.0,1
12, 14, 400.0,520.0,-1
14, 12, 400.0,520.0,-1
12, 15, 732.0,1035.0,1
15, 12, 732.0,1035.0,1
12, 16, 594.0,823.0,1
16, 12, 594.0,823.0,1
12, 12, 0.0,0.0,1
13, 14, 182.0,211.0,-1
14, 13, 182.0,211.0,-1
13, 15, 709.0,750.0,-1
15, 13, 709.0,750.0,-1
13, 16, 511.0,562.0,-1
16, 13, 511.0,562.0,-1
13, 13, 0.0,0.0,1
14, 15, 690.0,813.0,-1
15, 14, 690.0,813.0,-1
14, 16, 493.0,601.0,-1
16, 14, 493.0,601.0,-1
14, 14, 0.0,0.0,1
15, 16, 201.0,213.0,-1
16, 15, 201.0,213.0,-1
15, 15, 0.0,0.0,1
16, 16, 0.0,0.0,1


<end>